,ssdn_lo,ssdn_hi,ssdn_detection_lo,ssdn_detection_hi,ssdn_notification_lo,ssdn_notification_hi,ssdn_computation_lo,ssdn_computation_hi,ssdn_transference_lo,ssdn_transference_hi,ssdn_installation_lo,ssdn_installation_hi,ssdn_update_lo,ssdn_update_hi,pcsdn_lo,pcsdn_hi,pcsdn_detection_lo,pcsdn_detection_hi,pcsdn_notification_lo,pcsdn_notification_hi,pcsdn_computation_lo,pcsdn_computation_hi,pcsdn_transference_lo,pcsdn_transference_hi,pcsdn_installation_lo,pcsdn_installation_hi,pcsdn_update_lo,pcsdn_update_hi,felix_lo,felix_hi,felix_detection_lo,felix_detection_hi,felix_coordination_lo,felix_coordination_hi
1,711506000,715506000,1000000,1000000,17000000,19000000,634506000,634506000,17000000,57000000,42000000,4000000,59000000,61000000,77000000,81000000,1000000,1000000,17000000,19000000,0,0,17000000,57000000,42000000,4000000,59000000,61000000,1000010,48000020,1000000,1000000,10,47000020
31,678506000,694506000,1000000,1000000,19000000,19000000,634506000,634506000,19000000,39000000,5000000,1000000,24000000,40000000,44000000,60000000,1000000,1000000,19000000,19000000,0,0,19000000,39000000,5000000,1000000,24000000,40000000,1000010,23000010,1000000,1000000,10,22000010
61,892506000,893506000,1000000,1000000,10000000,11000000,634506000,634506000,11000000,11000000,236000000,236000000,247000000,247000000,258000000,259000000,1000000,1000000,10000000,11000000,0,0,11000000,11000000,236000000,236000000,247000000,247000000,1000010,87000040,1000000,1000000,10,86000040
91,922506000,923506000,1000000,1000000,19000000,20000000,634506000,634506000,20000000,20000000,248000000,248000000,268000000,268000000,288000000,289000000,1000000,1000000,19000000,20000000,0,0,20000000,20000000,248000000,248000000,268000000,268000000,1000010,23000010,1000000,1000000,10,22000010
121,918506000,919506000,1000000,1000000,1000000,2000000,634506000,634506000,2000000,2000000,280000000,280000000,282000000,282000000,284000000,285000000,1000000,1000000,1000000,2000000,0,0,2000000,2000000,280000000,280000000,282000000,282000000,1000010,83000030,1000000,1000000,10,82000030
151,728506000,729506000,1000000,1000000,7000000,8000000,634506000,634506000,8000000,8000000,78000000,78000000,86000000,86000000,94000000,95000000,1000000,1000000,7000000,8000000,0,0,8000000,8000000,78000000,78000000,86000000,86000000,1000010,9000020,1000000,1000000,10,8000020
181,836506000,836506000,1000000,1000000,20000000,20000000,634506000,634506000,20000000,20000000,161000000,161000000,181000000,181000000,202000000,202000000,1000000,1000000,20000000,20000000,0,0,20000000,20000000,161000000,161000000,181000000,181000000,1000010,28000040,1000000,1000000,10,27000040
211,718506000,718506000,1000000,1000000,20000000,20000000,634506000,634506000,20000000,20000000,43000000,43000000,63000000,63000000,84000000,84000000,1000000,1000000,20000000,20000000,0,0,20000000,20000000,43000000,43000000,63000000,63000000,1000010,2000010,1000000,1000000,10,1000010
241,654506000,655506000,1000000,1000000,8000000,9000000,634506000,634506000,8000000,8000000,3000000,3000000,11000000,11000000,20000000,21000000,1000000,1000000,8000000,9000000,0,0,8000000,8000000,3000000,3000000,11000000,11000000,1000010,2000010,1000000,1000000,10,1000010
271,819506000,820506000,1000000,1000000,8000000,9000000,634506000,634506000,9000000,9000000,167000000,167000000,176000000,176000000,185000000,186000000,1000000,1000000,8000000,9000000,0,0,9000000,9000000,167000000,167000000,176000000,176000000,1000010,17000040,1000000,1000000,10,16000040
301,848506000,849506000,1000000,1000000,9000000,10000000,634506000,634506000,10000000,10000000,194000000,194000000,204000000,204000000,214000000,215000000,1000000,1000000,9000000,10000000,0,0,10000000,10000000,194000000,194000000,204000000,204000000,1000010,17000040,1000000,1000000,10,16000040
331,892506000,893506000,1000000,1000000,8000000,9000000,634506000,634506000,9000000,9000000,240000000,240000000,249000000,249000000,258000000,259000000,1000000,1000000,8000000,9000000,0,0,9000000,9000000,240000000,240000000,249000000,249000000,1000010,34000020,1000000,1000000,10,33000020
361,654506000,655506000,1000000,1000000,8000000,9000000,634506000,634506000,8000000,8000000,3000000,3000000,11000000,11000000,20000000,21000000,1000000,1000000,8000000,9000000,0,0,8000000,8000000,3000000,3000000,11000000,11000000,1000010,2000010,1000000,1000000,10,1000010
391,783506000,783506000,1000000,1000000,9000000,9000000,634506000,634506000,9000000,9000000,130000000,130000000,139000000,139000000,149000000,149000000,1000000,1000000,9000000,9000000,0,0,9000000,9000000,130000000,130000000,139000000,139000000,1000010,17000030,1000000,1000000,10,16000030
421,835506000,835506000,1000000,1000000,13000000,13000000,634506000,634506000,13000000,13000000,174000000,174000000,187000000,187000000,201000000,201000000,1000000,1000000,13000000,13000000,0,0,13000000,13000000,174000000,174000000,187000000,187000000,1000010,3000010,1000000,1000000,10,2000010
451,835506000,835506000,1000000,1000000,13000000,13000000,634506000,634506000,13000000,13000000,174000000,174000000,187000000,187000000,201000000,201000000,1000000,1000000,13000000,13000000,0,0,13000000,13000000,174000000,174000000,187000000,187000000,1000010,3000010,1000000,1000000,10,2000010
481,838506000,841506000,1000000,1000000,0,3000000,634506000,634506000,3000000,3000000,200000000,200000000,203000000,203000000,204000000,207000000,1000000,1000000,0,3000000,0,0,3000000,3000000,200000000,200000000,203000000,203000000,1000010,45000050,1000000,1000000,10,44000050
511,1031506000,1032506000,1000000,1000000,46000000,47000000,634506000,634506000,47000000,47000000,303000000,303000000,350000000,350000000,397000000,398000000,1000000,1000000,46000000,47000000,0,0,47000000,47000000,303000000,303000000,350000000,350000000,1000010,14000050,1000000,1000000,10,13000050
541,778506000,779506000,1000000,1000000,18000000,19000000,634506000,634506000,18000000,18000000,107000000,107000000,125000000,125000000,144000000,145000000,1000000,1000000,18000000,19000000,0,0,18000000,18000000,107000000,107000000,125000000,125000000,1000010,73000020,1000000,1000000,10,72000020
571,878506000,878506000,1000000,1000000,10000000,10000000,634506000,634506000,10000000,10000000,223000000,223000000,233000000,233000000,244000000,244000000,1000000,1000000,10000000,10000000,0,0,10000000,10000000,223000000,223000000,233000000,233000000,1000010,50000020,1000000,1000000,10,49000020
601,925506000,926506000,1000000,1000000,7000000,8000000,634506000,634506000,8000000,8000000,275000000,275000000,283000000,283000000,291000000,292000000,1000000,1000000,7000000,8000000,0,0,8000000,8000000,275000000,275000000,283000000,283000000,1000010,27000040,1000000,1000000,10,26000040
631,886506000,887506000,1000000,1000000,9000000,10000000,634506000,634506000,10000000,10000000,232000000,232000000,242000000,242000000,252000000,253000000,1000000,1000000,9000000,10000000,0,0,10000000,10000000,232000000,232000000,242000000,242000000,1000010,84000020,1000000,1000000,10,83000020
661,840506000,840506000,1000000,1000000,10000000,10000000,634506000,634506000,10000000,10000000,185000000,185000000,195000000,195000000,206000000,206000000,1000000,1000000,10000000,10000000,0,0,10000000,10000000,185000000,185000000,195000000,195000000,1000010,43000020,1000000,1000000,10,42000020
691,774506000,790506000,1000000,1000000,1000000,17000000,634506000,634506000,17000000,17000000,121000000,121000000,138000000,138000000,140000000,156000000,1000000,1000000,1000000,17000000,0,0,17000000,17000000,121000000,121000000,138000000,138000000,1000010,10000020,1000000,1000000,10,9000020
721,719506000,719506000,1000000,1000000,1000000,1000000,634506000,634506000,1000000,1000000,82000000,82000000,83000000,83000000,85000000,85000000,1000000,1000000,1000000,1000000,0,0,1000000,1000000,82000000,82000000,83000000,83000000,1000010,19000020,1000000,1000000,10,18000020
751,746506000,746506000,1000000,1000000,1000000,1000000,634506000,634506000,1000000,1000000,109000000,109000000,110000000,110000000,112000000,112000000,1000000,1000000,1000000,1000000,0,0,1000000,1000000,109000000,109000000,110000000,110000000,1000010,82000040,1000000,1000000,10,81000040
781,788506000,789506000,1000000,1000000,0,1000000,634506000,634506000,1000000,1000000,152000000,152000000,153000000,153000000,154000000,155000000,1000000,1000000,0,1000000,0,0,1000000,1000000,152000000,152000000,153000000,153000000,1000010,45000050,1000000,1000000,10,44000050
811,769506000,769506000,1000000,1000000,1000000,1000000,634506000,634506000,1000000,1000000,132000000,132000000,133000000,133000000,135000000,135000000,1000000,1000000,1000000,1000000,0,0,1000000,1000000,132000000,132000000,133000000,133000000,1000010,19000020,1000000,1000000,10,18000020
841,720506000,724506000,1000000,1000000,8000000,12000000,634506000,634506000,12000000,12000000,65000000,65000000,77000000,77000000,86000000,90000000,1000000,1000000,8000000,12000000,0,0,12000000,12000000,65000000,65000000,77000000,77000000,1000010,11000030,1000000,1000000,10,10000030
871,874506000,875506000,1000000,1000000,7000000,8000000,634506000,634506000,8000000,8000000,224000000,224000000,232000000,232000000,240000000,241000000,1000000,1000000,7000000,8000000,0,0,8000000,8000000,224000000,224000000,232000000,232000000,1000010,86000030,1000000,1000000,10,85000030
901,884506000,885506000,1000000,1000000,7000000,8000000,634506000,634506000,8000000,8000000,234000000,234000000,242000000,242000000,250000000,251000000,1000000,1000000,7000000,8000000,0,0,8000000,8000000,234000000,234000000,242000000,242000000,1000010,8000010,1000000,1000000,10,7000010
931,645506000,646506000,1000000,1000000,10000000,11000000,634506000,634506000,0,0,0,0,0,0,11000000,12000000,1000000,1000000,10000000,11000000,0,0,0,0,0,0,0,0,1000010,1000000,1000000,1000000,10,0
961,784506000,785506000,1000000,1000000,8000000,9000000,634506000,634506000,9000000,9000000,132000000,132000000,141000000,141000000,150000000,151000000,1000000,1000000,8000000,9000000,0,0,9000000,9000000,132000000,132000000,141000000,141000000,1000010,38000040,1000000,1000000,10,37000040
991,893506000,14866638000,1000000,1000000,8000000,22000000,634506000,14593638000,20000000,20000000,230000000,230000000,250000000,250000000,259000000,273000000,1000000,1000000,8000000,22000000,0,0,20000000,20000000,230000000,230000000,250000000,250000000,1000010,23000010,1000000,1000000,10,22000010
1021,1025506000,1666012000,1000000,1000000,41000000,47000000,634506000,1269012000,47000000,47000000,302000000,302000000,349000000,349000000,391000000,397000000,1000000,1000000,41000000,47000000,0,0,47000000,47000000,302000000,302000000,349000000,349000000,1000010,8000030,1000000,1000000,10,7000030
1051,960506000,9214084000,1000000,1000000,5000000,10000000,634506000,8883084000,8000000,8000000,312000000,312000000,320000000,320000000,326000000,331000000,1000000,1000000,5000000,10000000,0,0,8000000,8000000,312000000,312000000,320000000,320000000,1000010,18000030,1000000,1000000,10,17000030
1081,914506000,9801590000,1000000,1000000,5000000,9000000,634506000,9517590000,7000000,7000000,267000000,267000000,274000000,274000000,280000000,284000000,1000000,1000000,5000000,9000000,0,0,7000000,7000000,267000000,267000000,274000000,274000000,1000010,78000030,1000000,1000000,10,77000030
1111,967506000,5415048000,1000000,1000000,7000000,13000000,634506000,5076048000,13000000,13000000,312000000,312000000,325000000,325000000,333000000,339000000,1000000,1000000,7000000,13000000,0,0,13000000,13000000,312000000,312000000,325000000,325000000,1000010,1000000,1000000,1000000,10,0
1141,959506000,4142036000,1000000,1000000,1000000,11000000,634506000,3807036000,11000000,11000000,312000000,312000000,323000000,323000000,325000000,335000000,1000000,1000000,1000000,11000000,0,0,11000000,11000000,312000000,312000000,323000000,323000000,1000010,59000030,1000000,1000000,10,58000030
1171,653506000,3192530000,1000000,1000000,8000000,9000000,634506000,3172530000,9000000,9000000,1000000,1000000,10000000,10000000,19000000,20000000,1000000,1000000,8000000,9000000,0,0,9000000,9000000,1000000,1000000,10000000,10000000,1000010,1000000,1000000,1000000,10,0
1201,838506000,4647542000,1000000,1000000,11000000,13000000,634506000,4441542000,13000000,13000000,179000000,179000000,192000000,192000000,204000000,206000000,1000000,1000000,11000000,13000000,0,0,13000000,13000000,179000000,179000000,192000000,192000000,1000010,34000020,1000000,1000000,10,33000020
1231,687506000,1957518000,1000000,1000000,10000000,11000000,634506000,1903518000,11000000,11000000,31000000,31000000,42000000,42000000,53000000,54000000,1000000,1000000,10000000,11000000,0,0,11000000,11000000,31000000,31000000,42000000,42000000,1000010,1000000,1000000,1000000,10,0
1261,650506000,1286012000,1000000,1000000,15000000,16000000,634506000,1269012000,0,0,0,0,0,0,16000000,17000000,1000000,1000000,15000000,16000000,0,0,0,0,0,0,0,0,1000010,1000000,1000000,1000000,10,0
2,831506000,832506000,1000000,1000000,17000000,18000000,634506000,634506000,18000000,18000000,161000000,161000000,179000000,179000000,197000000,198000000,1000000,1000000,17000000,18000000,0,0,18000000,18000000,161000000,161000000,179000000,179000000,1000010,75000030,1000000,1000000,10,74000030
32,923506000,924506000,1000000,1000000,19000000,20000000,634506000,634506000,20000000,20000000,249000000,249000000,269000000,269000000,289000000,290000000,1000000,1000000,19000000,20000000,0,0,20000000,20000000,249000000,249000000,269000000,269000000,1000010,23000010,1000000,1000000,10,22000010
62,888506000,890506000,1000000,1000000,10000000,12000000,634506000,634506000,12000000,12000000,231000000,231000000,243000000,243000000,254000000,256000000,1000000,1000000,10000000,12000000,0,0,12000000,12000000,231000000,231000000,243000000,243000000,1000010,69000040,1000000,1000000,10,68000040
92,922506000,923506000,1000000,1000000,19000000,20000000,634506000,634506000,20000000,20000000,248000000,248000000,268000000,268000000,288000000,289000000,1000000,1000000,19000000,20000000,0,0,20000000,20000000,248000000,248000000,268000000,268000000,1000010,23000010,1000000,1000000,10,22000010
122,740506000,740506000,1000000,1000000,1000000,1000000,634506000,634506000,1000000,1000000,103000000,103000000,104000000,104000000,106000000,106000000,1000000,1000000,1000000,1000000,0,0,1000000,1000000,103000000,103000000,104000000,104000000,1000010,82000040,1000000,1000000,10,81000040
152,749506000,749506000,1000000,1000000,8000000,8000000,634506000,634506000,8000000,8000000,98000000,98000000,106000000,106000000,115000000,115000000,1000000,1000000,8000000,8000000,0,0,8000000,8000000,98000000,98000000,106000000,106000000,1000010,26000030,1000000,1000000,10,25000030
182,745506000,746506000,1000000,1000000,19000000,20000000,634506000,634506000,20000000,20000000,71000000,71000000,91000000,91000000,111000000,112000000,1000000,1000000,19000000,20000000,0,0,20000000,20000000,71000000,71000000,91000000,91000000,1000010,24000020,1000000,1000000,10,23000020
212,840506000,841506000,1000000,1000000,19000000,20000000,634506000,634506000,20000000,20000000,166000000,166000000,186000000,186000000,206000000,207000000,1000000,1000000,19000000,20000000,0,0,20000000,20000000,166000000,166000000,186000000,186000000,1000010,12000010,1000000,1000000,10,11000010
242,783506000,783506000,1000000,1000000,9000000,9000000,634506000,634506000,9000000,9000000,130000000,130000000,139000000,139000000,149000000,149000000,1000000,1000000,9000000,9000000,0,0,9000000,9000000,130000000,130000000,139000000,139000000,1000010,17000030,1000000,1000000,10,16000030
272,819506000,820506000,1000000,1000000,8000000,9000000,634506000,634506000,9000000,9000000,167000000,167000000,176000000,176000000,185000000,186000000,1000000,1000000,8000000,9000000,0,0,9000000,9000000,167000000,167000000,176000000,176000000,1000010,17000040,1000000,1000000,10,16000040
302,825506000,825506000,1000000,1000000,9000000,9000000,634506000,634506000,9000000,9000000,172000000,172000000,181000000,181000000,191000000,191000000,1000000,1000000,9000000,9000000,0,0,9000000,9000000,172000000,172000000,181000000,181000000,1000010,17000040,1000000,1000000,10,16000040
332,892506000,893506000,1000000,1000000,8000000,9000000,634506000,634506000,9000000,9000000,240000000,240000000,249000000,249000000,258000000,259000000,1000000,1000000,8000000,9000000,0,0,9000000,9000000,240000000,240000000,249000000,249000000,1000010,34000020,1000000,1000000,10,33000020
362,720506000,725506000,1000000,1000000,8000000,13000000,634506000,634506000,13000000,13000000,64000000,64000000,77000000,77000000,86000000,91000000,1000000,1000000,8000000,13000000,0,0,13000000,13000000,64000000,64000000,77000000,77000000,1000010,8000040,1000000,1000000,10,7000040
392,783506000,783506000,1000000,1000000,9000000,9000000,634506000,634506000,9000000,9000000,130000000,130000000,139000000,139000000,149000000,149000000,1000000,1000000,9000000,9000000,0,0,9000000,9000000,130000000,130000000,139000000,139000000,1000010,17000030,1000000,1000000,10,16000030
422,967506000,968506000,1000000,1000000,12000000,13000000,634506000,634506000,13000000,13000000,307000000,307000000,320000000,320000000,333000000,334000000,1000000,1000000,12000000,13000000,0,0,13000000,13000000,307000000,307000000,320000000,320000000,1000010,3000010,1000000,1000000,10,2000010
452,646506000,650506000,1000000,1000000,11000000,15000000,634506000,634506000,0,0,0,0,0,0,12000000,16000000,1000000,1000000,11000000,15000000,0,0,0,0,0,0,0,0,1000010,1000000,1000000,1000000,10,0
482,898506000,899506000,1000000,1000000,3000000,4000000,634506000,634506000,4000000,4000000,256000000,256000000,260000000,260000000,264000000,265000000,1000000,1000000,3000000,4000000,0,0,4000000,4000000,256000000,256000000,260000000,260000000,1000010,83000040,1000000,1000000,10,82000040
512,1025506000,1030506000,1000000,1000000,41000000,46000000,634506000,634506000,46000000,47000000,303000000,302000000,349000000,349000000,391000000,396000000,1000000,1000000,41000000,46000000,0,0,46000000,47000000,303000000,302000000,349000000,349000000,1000010,10000040,1000000,1000000,10,9000040
542,753506000,754506000,1000000,1000000,17000000,18000000,634506000,634506000,18000000,18000000,83000000,83000000,101000000,101000000,119000000,120000000,1000000,1000000,17000000,18000000,0,0,18000000,18000000,83000000,83000000,101000000,101000000,1000010,22000010,1000000,1000000,10,21000010
572,878506000,878506000,1000000,1000000,10000000,10000000,634506000,634506000,10000000,10000000,223000000,223000000,233000000,233000000,244000000,244000000,1000000,1000000,10000000,10000000,0,0,10000000,10000000,223000000,223000000,233000000,233000000,1000010,50000020,1000000,1000000,10,49000020
602,925506000,926506000,1000000,1000000,7000000,8000000,634506000,634506000,8000000,8000000,275000000,275000000,283000000,283000000,291000000,292000000,1000000,1000000,7000000,8000000,0,0,8000000,8000000,275000000,275000000,283000000,283000000,1000010,27000040,1000000,1000000,10,26000040
632,807506000,808506000,1000000,1000000,9000000,10000000,634506000,634506000,10000000,10000000,153000000,153000000,163000000,163000000,173000000,174000000,1000000,1000000,9000000,10000000,0,0,10000000,10000000,153000000,153000000,163000000,163000000,1000010,84000020,1000000,1000000,10,83000020
662,962506000,964506000,1000000,1000000,6000000,8000000,634506000,634506000,8000000,8000000,313000000,313000000,321000000,321000000,328000000,330000000,1000000,1000000,6000000,8000000,0,0,8000000,8000000,313000000,313000000,321000000,321000000,1000010,23000030,1000000,1000000,10,22000030
692,927506000,928506000,1000000,1000000,17000000,18000000,634506000,634506000,18000000,18000000,257000000,257000000,275000000,275000000,293000000,294000000,1000000,1000000,17000000,18000000,0,0,18000000,18000000,257000000,257000000,275000000,275000000,1000010,22000010,1000000,1000000,10,21000010
722,797506000,798506000,1000000,1000000,0,1000000,634506000,634506000,1000000,1000000,161000000,161000000,162000000,162000000,163000000,164000000,1000000,1000000,0,1000000,0,0,1000000,1000000,161000000,161000000,162000000,162000000,1000010,82000030,1000000,1000000,10,81000030
752,769506000,769506000,1000000,1000000,1000000,1000000,634506000,634506000,1000000,1000000,132000000,132000000,133000000,133000000,135000000,135000000,1000000,1000000,1000000,1000000,0,0,1000000,1000000,132000000,132000000,133000000,133000000,1000010,19000020,1000000,1000000,10,18000020
782,749506000,749506000,1000000,1000000,1000000,1000000,634506000,634506000,1000000,1000000,112000000,112000000,113000000,113000000,115000000,115000000,1000000,1000000,1000000,1000000,0,0,1000000,1000000,112000000,112000000,113000000,113000000,1000010,82000040,1000000,1000000,10,81000040
812,772506000,772506000,1000000,1000000,1000000,1000000,634506000,634506000,1000000,1000000,135000000,135000000,136000000,136000000,138000000,138000000,1000000,1000000,1000000,1000000,0,0,1000000,1000000,135000000,135000000,136000000,136000000,1000010,19000020,1000000,1000000,10,18000020
842,679506000,679506000,1000000,1000000,8000000,8000000,634506000,634506000,8000000,8000000,28000000,28000000,36000000,36000000,45000000,45000000,1000000,1000000,8000000,8000000,0,0,8000000,8000000,28000000,28000000,36000000,36000000,1000010,11000030,1000000,1000000,10,10000030
872,780506000,781506000,1000000,1000000,7000000,8000000,634506000,634506000,8000000,8000000,130000000,130000000,138000000,138000000,146000000,147000000,1000000,1000000,7000000,8000000,0,0,8000000,8000000,130000000,130000000,138000000,138000000,1000010,34000030,1000000,1000000,10,33000030
902,920506000,921506000,1000000,1000000,7000000,8000000,634506000,634506000,8000000,8000000,270000000,270000000,278000000,278000000,286000000,287000000,1000000,1000000,7000000,8000000,0,0,8000000,8000000,270000000,270000000,278000000,278000000,1000010,46000040,1000000,1000000,10,45000040
932,811506000,811506000,1000000,1000000,10000000,10000000,634506000,634506000,10000000,10000000,156000000,156000000,166000000,166000000,177000000,177000000,1000000,1000000,10000000,10000000,0,0,10000000,10000000,156000000,156000000,166000000,166000000,1000010,25000030,1000000,1000000,10,24000030
962,799506000,799506000,1000000,1000000,13000000,13000000,634506000,634506000,13000000,13000000,138000000,138000000,151000000,151000000,165000000,165000000,1000000,1000000,13000000,13000000,0,0,13000000,13000000,138000000,138000000,151000000,151000000,1000010,48000050,1000000,1000000,10,47000050
992,869506000,12937120000,1000000,1000000,9000000,21000000,634506000,12690120000,20000000,20000000,205000000,205000000,225000000,225000000,235000000,247000000,1000000,1000000,9000000,21000000,0,0,20000000,20000000,205000000,205000000,225000000,225000000,1000010,48000020,1000000,1000000,10,47000020
1022,738506000,1374012000,1000000,1000000,46000000,47000000,634506000,1269012000,46000000,46000000,11000000,11000000,57000000,57000000,104000000,105000000,1000000,1000000,46000000,47000000,0,0,46000000,46000000,11000000,11000000,57000000,57000000,1000010,10000040,1000000,1000000,10,9000040
1052,947506000,7932072000,1000000,1000000,5000000,10000000,634506000,7614072000,8000000,8000000,299000000,299000000,307000000,307000000,313000000,318000000,1000000,1000000,5000000,10000000,0,0,8000000,8000000,299000000,299000000,307000000,307000000,1000010,1000000,1000000,1000000,10,0
1082,867506000,9766590000,1000000,1000000,0,16000000,634506000,9517590000,6000000,6000000,226000000,226000000,232000000,232000000,233000000,249000000,1000000,1000000,0,16000000,0,0,6000000,6000000,226000000,226000000,232000000,232000000,1000010,69000040,1000000,1000000,10,68000040
1112,729506000,3274530000,1000000,1000000,2000000,9000000,634506000,3172530000,9000000,9000000,83000000,83000000,92000000,92000000,95000000,102000000,1000000,1000000,2000000,9000000,0,0,9000000,9000000,83000000,83000000,92000000,92000000,1000010,8000020,1000000,1000000,10,7000020
1142,664506000,3838036000,1000000,1000000,0,1000000,634506000,3807036000,1000000,1000000,28000000,28000000,29000000,29000000,30000000,31000000,1000000,1000000,0,1000000,0,0,1000000,1000000,28000000,28000000,29000000,29000000,1000010,1000000,1000000,1000000,10,0
1172,653506000,3192530000,1000000,1000000,8000000,9000000,634506000,3172530000,9000000,9000000,1000000,1000000,10000000,10000000,19000000,20000000,1000000,1000000,8000000,9000000,0,0,9000000,9000000,1000000,1000000,10000000,10000000,1000010,1000000,1000000,1000000,10,0
1202,651506000,652506000,1000000,1000000,16000000,17000000,634506000,634506000,0,0,0,0,0,0,17000000,18000000,1000000,1000000,16000000,17000000,0,0,0,0,0,0,0,0,1000010,1000000,1000000,1000000,10,0
1232,675506000,3214530000,1000000,1000000,7000000,8000000,634506000,3172530000,7000000,7000000,26000000,26000000,33000000,33000000,41000000,42000000,1000000,1000000,7000000,8000000,0,0,7000000,7000000,26000000,26000000,33000000,33000000,1000010,1000000,1000000,1000000,10,0
1262,712506000,2618024000,1000000,1000000,17000000,19000000,634506000,2538024000,19000000,19000000,41000000,41000000,60000000,60000000,78000000,80000000,1000000,1000000,17000000,19000000,0,0,19000000,19000000,41000000,41000000,60000000,60000000,1000010,1000000,1000000,1000000,10,0
3,729506000,739506000,1000000,1000000,17000000,17000000,634506000,634506000,17000000,85000000,60000000,2000000,77000000,87000000,95000000,105000000,1000000,1000000,17000000,17000000,0,0,17000000,85000000,60000000,2000000,77000000,87000000,1000010,69000020,1000000,1000000,10,68000020
33,882506000,883506000,1000000,1000000,19000000,20000000,634506000,634506000,20000000,20000000,208000000,208000000,228000000,228000000,248000000,249000000,1000000,1000000,19000000,20000000,0,0,20000000,20000000,208000000,208000000,228000000,228000000,1000010,28000050,1000000,1000000,10,27000050
63,897506000,898506000,1000000,1000000,10000000,11000000,634506000,634506000,11000000,11000000,241000000,241000000,252000000,252000000,263000000,264000000,1000000,1000000,10000000,11000000,0,0,11000000,11000000,241000000,241000000,252000000,252000000,1000010,69000040,1000000,1000000,10,68000040
93,922506000,923506000,1000000,1000000,19000000,20000000,634506000,634506000,20000000,20000000,248000000,248000000,268000000,268000000,288000000,289000000,1000000,1000000,19000000,20000000,0,0,20000000,20000000,248000000,248000000,268000000,268000000,1000010,23000010,1000000,1000000,10,22000010
123,789506000,796506000,1000000,1000000,1000000,8000000,634506000,634506000,8000000,8000000,145000000,145000000,153000000,153000000,155000000,162000000,1000000,1000000,1000000,8000000,0,0,8000000,8000000,145000000,145000000,153000000,153000000,1000010,21000030,1000000,1000000,10,20000030
153,754506000,754506000,1000000,1000000,8000000,8000000,634506000,634506000,8000000,8000000,103000000,103000000,111000000,111000000,120000000,120000000,1000000,1000000,8000000,8000000,0,0,8000000,8000000,103000000,103000000,111000000,111000000,1000010,26000030,1000000,1000000,10,25000030
183,805506000,805506000,1000000,1000000,20000000,20000000,634506000,634506000,20000000,20000000,130000000,130000000,150000000,150000000,171000000,171000000,1000000,1000000,20000000,20000000,0,0,20000000,20000000,130000000,130000000,150000000,150000000,1000010,68000030,1000000,1000000,10,67000030
213,718506000,718506000,1000000,1000000,20000000,20000000,634506000,634506000,20000000,20000000,43000000,43000000,63000000,63000000,84000000,84000000,1000000,1000000,20000000,20000000,0,0,20000000,20000000,43000000,43000000,63000000,63000000,1000010,2000010,1000000,1000000,10,1000010
243,819506000,820506000,1000000,1000000,8000000,9000000,634506000,634506000,9000000,9000000,167000000,167000000,176000000,176000000,185000000,186000000,1000000,1000000,8000000,9000000,0,0,9000000,9000000,167000000,167000000,176000000,176000000,1000010,17000040,1000000,1000000,10,16000040
273,819506000,820506000,1000000,1000000,8000000,9000000,634506000,634506000,9000000,9000000,167000000,167000000,176000000,176000000,185000000,186000000,1000000,1000000,8000000,9000000,0,0,9000000,9000000,167000000,167000000,176000000,176000000,1000010,17000040,1000000,1000000,10,16000040
303,825506000,825506000,1000000,1000000,9000000,9000000,634506000,634506000,9000000,9000000,172000000,172000000,181000000,181000000,191000000,191000000,1000000,1000000,9000000,9000000,0,0,9000000,9000000,172000000,172000000,181000000,181000000,1000010,17000040,1000000,1000000,10,16000040
333,892506000,893506000,1000000,1000000,8000000,9000000,634506000,634506000,9000000,9000000,240000000,240000000,249000000,249000000,258000000,259000000,1000000,1000000,8000000,9000000,0,0,9000000,9000000,240000000,240000000,249000000,249000000,1000010,34000020,1000000,1000000,10,33000020
363,754506000,761506000,1000000,1000000,1000000,8000000,634506000,634506000,8000000,8000000,110000000,110000000,118000000,118000000,120000000,127000000,1000000,1000000,1000000,8000000,0,0,8000000,8000000,110000000,110000000,118000000,118000000,1000010,75000050,1000000,1000000,10,74000050
393,783506000,783506000,1000000,1000000,9000000,9000000,634506000,634506000,9000000,9000000,130000000,130000000,139000000,139000000,149000000,149000000,1000000,1000000,9000000,9000000,0,0,9000000,9000000,130000000,130000000,139000000,139000000,1000010,17000030,1000000,1000000,10,16000030
423,838506000,838506000,1000000,1000000,11000000,11000000,634506000,634506000,11000000,11000000,181000000,181000000,192000000,192000000,204000000,204000000,1000000,1000000,11000000,11000000,0,0,11000000,11000000,181000000,181000000,192000000,192000000,1000010,27000040,1000000,1000000,10,26000040
453,751506000,751506000,1000000,1000000,11000000,11000000,634506000,634506000,11000000,11000000,94000000,94000000,105000000,105000000,117000000,117000000,1000000,1000000,11000000,11000000,0,0,11000000,11000000,94000000,94000000,105000000,105000000,1000010,34000020,1000000,1000000,10,33000020
483,913506000,914506000,1000000,1000000,3000000,4000000,634506000,634506000,4000000,4000000,271000000,271000000,275000000,275000000,279000000,280000000,1000000,1000000,3000000,4000000,0,0,4000000,4000000,271000000,271000000,275000000,275000000,1000010,84000050,1000000,1000000,10,83000050
513,740506000,740506000,1000000,1000000,47000000,47000000,634506000,634506000,47000000,47000000,11000000,11000000,58000000,58000000,106000000,106000000,1000000,1000000,47000000,47000000,0,0,47000000,47000000,11000000,11000000,58000000,58000000,1000010,10000040,1000000,1000000,10,9000040
543,808506000,808506000,1000000,1000000,18000000,18000000,634506000,634506000,18000000,18000000,137000000,137000000,155000000,155000000,174000000,174000000,1000000,1000000,18000000,18000000,0,0,18000000,18000000,137000000,137000000,155000000,155000000,1000010,63000010,1000000,1000000,10,62000010
573,878506000,878506000,1000000,1000000,10000000,10000000,634506000,634506000,10000000,10000000,223000000,223000000,233000000,233000000,244000000,244000000,1000000,1000000,10000000,10000000,0,0,10000000,10000000,223000000,223000000,233000000,233000000,1000010,50000020,1000000,1000000,10,49000020
603,923506000,924506000,1000000,1000000,7000000,8000000,634506000,634506000,8000000,8000000,273000000,273000000,281000000,281000000,289000000,290000000,1000000,1000000,7000000,8000000,0,0,8000000,8000000,273000000,273000000,281000000,281000000,1000010,27000040,1000000,1000000,10,26000040
633,807506000,808506000,1000000,1000000,9000000,10000000,634506000,634506000,10000000,10000000,153000000,153000000,163000000,163000000,173000000,174000000,1000000,1000000,9000000,10000000,0,0,10000000,10000000,153000000,153000000,163000000,163000000,1000010,84000020,1000000,1000000,10,83000020
663,949506000,951506000,1000000,1000000,6000000,8000000,634506000,634506000,8000000,8000000,300000000,300000000,308000000,308000000,315000000,317000000,1000000,1000000,6000000,8000000,0,0,8000000,8000000,300000000,300000000,308000000,308000000,1000010,11000010,1000000,1000000,10,10000010
693,839506000,840506000,1000000,1000000,17000000,18000000,634506000,634506000,18000000,18000000,169000000,169000000,187000000,187000000,205000000,206000000,1000000,1000000,17000000,18000000,0,0,18000000,18000000,169000000,169000000,187000000,187000000,1000010,22000010,1000000,1000000,10,21000010
723,696506000,718506000,1000000,1000000,1000000,1000000,634506000,634506000,1000000,81000000,59000000,1000000,60000000,82000000,62000000,84000000,1000000,1000000,1000000,1000000,0,0,1000000,81000000,59000000,1000000,60000000,82000000,1000010,82000040,1000000,1000000,10,81000040
753,847506000,848506000,1000000,1000000,0,1000000,634506000,634506000,1000000,1000000,211000000,211000000,212000000,212000000,213000000,214000000,1000000,1000000,0,1000000,0,0,1000000,1000000,211000000,211000000,212000000,212000000,1000010,82000030,1000000,1000000,10,81000030
783,749506000,749506000,1000000,1000000,1000000,1000000,634506000,634506000,1000000,1000000,112000000,112000000,113000000,113000000,115000000,115000000,1000000,1000000,1000000,1000000,0,0,1000000,1000000,112000000,112000000,113000000,113000000,1000010,82000040,1000000,1000000,10,81000040
813,769506000,769506000,1000000,1000000,1000000,1000000,634506000,634506000,1000000,1000000,132000000,132000000,133000000,133000000,135000000,135000000,1000000,1000000,1000000,1000000,0,0,1000000,1000000,132000000,132000000,133000000,133000000,1000010,19000020,1000000,1000000,10,18000020
843,727506000,730506000,1000000,1000000,8000000,11000000,634506000,634506000,11000000,11000000,73000000,73000000,84000000,84000000,93000000,96000000,1000000,1000000,8000000,11000000,0,0,11000000,11000000,73000000,73000000,84000000,84000000,1000010,9000020,1000000,1000000,10,8000020
873,959506000,960506000,1000000,1000000,7000000,8000000,634506000,634506000,8000000,8000000,309000000,309000000,317000000,317000000,325000000,326000000,1000000,1000000,7000000,8000000,0,0,8000000,8000000,309000000,309000000,317000000,317000000,1000010,82000040,1000000,1000000,10,81000040
903,885506000,886506000,1000000,1000000,7000000,8000000,634506000,634506000,8000000,8000000,235000000,235000000,243000000,243000000,251000000,252000000,1000000,1000000,7000000,8000000,0,0,8000000,8000000,235000000,235000000,243000000,243000000,1000010,8000010,1000000,1000000,10,7000010
933,823506000,823506000,1000000,1000000,13000000,13000000,634506000,634506000,13000000,13000000,162000000,162000000,175000000,175000000,189000000,189000000,1000000,1000000,13000000,13000000,0,0,13000000,13000000,162000000,162000000,175000000,175000000,1000010,27000040,1000000,1000000,10,26000040
963,652506000,652506000,1000000,1000000,8000000,8000000,634506000,634506000,8000000,8000000,1000000,1000000,9000000,9000000,18000000,18000000,1000000,1000000,8000000,8000000,0,0,8000000,8000000,1000000,1000000,9000000,9000000,1000010,1000000,1000000,1000000,10,0
993,716506000,10869602000,1000000,1000000,19000000,20000000,634506000,10786602000,20000000,20000000,42000000,42000000,62000000,62000000,82000000,83000000,1000000,1000000,19000000,20000000,0,0,20000000,20000000,42000000,42000000,62000000,62000000,1000010,1000000,1000000,1000000,10,0
1023,1023506000,2300518000,1000000,1000000,38000000,46000000,634506000,1903518000,42000000,42000000,308000000,308000000,350000000,350000000,389000000,397000000,1000000,1000000,38000000,46000000,0,0,42000000,42000000,308000000,308000000,350000000,350000000,1000010,113000070,1000000,1000000,10,112000070
1053,641506000,647506000,1000000,1000000,6000000,12000000,634506000,634506000,0,0,0,0,0,0,7000000,13000000,1000000,1000000,6000000,12000000,0,0,0,0,0,0,0,0,1000010,1000000,1000000,1000000,10,0
1083,653506000,3192530000,1000000,1000000,8000000,9000000,634506000,3172530000,9000000,9000000,1000000,1000000,10000000,10000000,19000000,20000000,1000000,1000000,8000000,9000000,0,0,9000000,9000000,1000000,1000000,10000000,10000000,1000010,1000000,1000000,1000000,10,0
1113,642506000,1912518000,1000000,1000000,7000000,8000000,634506000,1903518000,0,0,0,0,0,0,8000000,9000000,1000000,1000000,7000000,8000000,0,0,0,0,0,0,0,0,1000010,1000000,1000000,1000000,10,0
1143,667506000,3848036000,1000000,1000000,0,8000000,634506000,3807036000,1000000,1000000,31000000,31000000,32000000,32000000,33000000,41000000,1000000,1000000,0,8000000,0,0,1000000,1000000,31000000,31000000,32000000,32000000,1000010,1000000,1000000,1000000,10,0
1173,818506000,4630542000,1000000,1000000,8000000,13000000,634506000,4441542000,13000000,13000000,162000000,162000000,175000000,175000000,184000000,189000000,1000000,1000000,8000000,13000000,0,0,13000000,13000000,162000000,162000000,175000000,175000000,1000010,18000030,1000000,1000000,10,17000030
1203,645506000,646506000,1000000,1000000,10000000,11000000,634506000,634506000,0,0,0,0,0,0,11000000,12000000,1000000,1000000,10000000,11000000,0,0,0,0,0,0,0,0,1000010,1000000,1000000,1000000,10,0
1233,1049506000,1685012000,1000000,1000000,80000000,81000000,634506000,1269012000,81000000,81000000,253000000,253000000,334000000,334000000,415000000,416000000,1000000,1000000,80000000,81000000,0,0,81000000,81000000,253000000,253000000,334000000,334000000,1000010,133000030,1000000,1000000,10,132000030
1263,641506000,643506000,1000000,1000000,6000000,8000000,634506000,634506000,0,0,0,0,0,0,7000000,9000000,1000000,1000000,6000000,8000000,0,0,0,0,0,0,0,0,1000010,1000000,1000000,1000000,10,0
4,757506000,764506000,1000000,1000000,10000000,17000000,634506000,634506000,17000000,17000000,95000000,95000000,112000000,112000000,123000000,130000000,1000000,1000000,10000000,17000000,0,0,17000000,17000000,95000000,95000000,112000000,112000000,1000010,66000030,1000000,1000000,10,65000030
34,923506000,924506000,1000000,1000000,19000000,20000000,634506000,634506000,20000000,20000000,249000000,249000000,269000000,269000000,289000000,290000000,1000000,1000000,19000000,20000000,0,0,20000000,20000000,249000000,249000000,269000000,269000000,1000010,23000010,1000000,1000000,10,22000010
64,897506000,898506000,1000000,1000000,10000000,11000000,634506000,634506000,11000000,11000000,241000000,241000000,252000000,252000000,263000000,264000000,1000000,1000000,10000000,11000000,0,0,11000000,11000000,241000000,241000000,252000000,252000000,1000010,69000040,1000000,1000000,10,68000040
94,757506000,757506000,1000000,1000000,19000000,19000000,634506000,634506000,19000000,19000000,84000000,84000000,103000000,103000000,123000000,123000000,1000000,1000000,19000000,19000000,0,0,19000000,19000000,84000000,84000000,103000000,103000000,1000010,23000010,1000000,1000000,10,22000010
124,798506000,798506000,1000000,1000000,1000000,1000000,634506000,634506000,1000000,1000000,161000000,161000000,162000000,162000000,164000000,164000000,1000000,1000000,1000000,1000000,0,0,1000000,1000000,161000000,161000000,162000000,162000000,1000010,13000030,1000000,1000000,10,12000030
154,752506000,752506000,1000000,1000000,8000000,8000000,634506000,634506000,8000000,8000000,101000000,101000000,109000000,109000000,118000000,118000000,1000000,1000000,8000000,8000000,0,0,8000000,8000000,101000000,101000000,109000000,109000000,1000010,26000030,1000000,1000000,10,25000030
184,835506000,835506000,1000000,1000000,20000000,20000000,634506000,634506000,20000000,20000000,160000000,160000000,180000000,180000000,201000000,201000000,1000000,1000000,20000000,20000000,0,0,20000000,20000000,160000000,160000000,180000000,180000000,1000010,28000040,1000000,1000000,10,27000040
214,707506000,707506000,1000000,1000000,20000000,20000000,634506000,634506000,20000000,20000000,32000000,32000000,52000000,52000000,73000000,73000000,1000000,1000000,20000000,20000000,0,0,20000000,20000000,32000000,32000000,52000000,52000000,1000010,2000010,1000000,1000000,10,1000010
244,817506000,818506000,1000000,1000000,8000000,9000000,634506000,634506000,9000000,9000000,165000000,165000000,174000000,174000000,183000000,184000000,1000000,1000000,8000000,9000000,0,0,9000000,9000000,165000000,165000000,174000000,174000000,1000010,12000010,1000000,1000000,10,11000010
274,819506000,820506000,1000000,1000000,8000000,9000000,634506000,634506000,9000000,9000000,167000000,167000000,176000000,176000000,185000000,186000000,1000000,1000000,8000000,9000000,0,0,9000000,9000000,167000000,167000000,176000000,176000000,1000010,17000040,1000000,1000000,10,16000040
304,825506000,825506000,1000000,1000000,9000000,9000000,634506000,634506000,9000000,9000000,172000000,172000000,181000000,181000000,191000000,191000000,1000000,1000000,9000000,9000000,0,0,9000000,9000000,172000000,172000000,181000000,181000000,1000010,17000040,1000000,1000000,10,16000040
334,892506000,893506000,1000000,1000000,8000000,9000000,634506000,634506000,9000000,9000000,240000000,240000000,249000000,249000000,258000000,259000000,1000000,1000000,8000000,9000000,0,0,9000000,9000000,240000000,240000000,249000000,249000000,1000010,34000020,1000000,1000000,10,33000020
364,654506000,655506000,1000000,1000000,8000000,9000000,634506000,634506000,8000000,8000000,3000000,3000000,11000000,11000000,20000000,21000000,1000000,1000000,8000000,9000000,0,0,8000000,8000000,3000000,3000000,11000000,11000000,1000010,2000010,1000000,1000000,10,1000010
394,783506000,783506000,1000000,1000000,9000000,9000000,634506000,634506000,9000000,9000000,130000000,130000000,139000000,139000000,149000000,149000000,1000000,1000000,9000000,9000000,0,0,9000000,9000000,130000000,130000000,139000000,139000000,1000010,17000030,1000000,1000000,10,16000030
424,828506000,829506000,1000000,1000000,11000000,12000000,634506000,634506000,12000000,12000000,170000000,170000000,182000000,182000000,194000000,195000000,1000000,1000000,11000000,12000000,0,0,12000000,12000000,170000000,170000000,182000000,182000000,1000010,27000040,1000000,1000000,10,26000040
454,742506000,743506000,1000000,1000000,11000000,12000000,634506000,634506000,12000000,12000000,84000000,84000000,96000000,96000000,108000000,109000000,1000000,1000000,11000000,12000000,0,0,12000000,12000000,84000000,84000000,96000000,96000000,1000010,34000020,1000000,1000000,10,33000020
484,913506000,914506000,1000000,1000000,3000000,4000000,634506000,634506000,4000000,4000000,271000000,271000000,275000000,275000000,279000000,280000000,1000000,1000000,3000000,4000000,0,0,4000000,4000000,271000000,271000000,275000000,275000000,1000010,84000050,1000000,1000000,10,83000050
514,1027506000,1028506000,1000000,1000000,41000000,42000000,634506000,634506000,42000000,42000000,309000000,309000000,351000000,351000000,393000000,394000000,1000000,1000000,41000000,42000000,0,0,42000000,42000000,309000000,309000000,351000000,351000000,1000010,116000080,1000000,1000000,10,115000080
544,808506000,808506000,1000000,1000000,18000000,18000000,634506000,634506000,18000000,18000000,137000000,137000000,155000000,155000000,174000000,174000000,1000000,1000000,18000000,18000000,0,0,18000000,18000000,137000000,137000000,155000000,155000000,1000010,63000010,1000000,1000000,10,62000010
574,878506000,878506000,1000000,1000000,10000000,10000000,634506000,634506000,10000000,10000000,223000000,223000000,233000000,233000000,244000000,244000000,1000000,1000000,10000000,10000000,0,0,10000000,10000000,223000000,223000000,233000000,233000000,1000010,50000020,1000000,1000000,10,49000020
604,803506000,808506000,1000000,1000000,7000000,12000000,634506000,634506000,12000000,12000000,149000000,149000000,161000000,161000000,169000000,174000000,1000000,1000000,7000000,12000000,0,0,12000000,12000000,149000000,149000000,161000000,161000000,1000010,12000030,1000000,1000000,10,11000030
634,801506000,802506000,1000000,1000000,9000000,10000000,634506000,634506000,10000000,10000000,147000000,147000000,157000000,157000000,167000000,168000000,1000000,1000000,9000000,10000000,0,0,10000000,10000000,147000000,147000000,157000000,157000000,1000010,84000020,1000000,1000000,10,83000020
664,768506000,768506000,1000000,1000000,6000000,6000000,634506000,634506000,6000000,6000000,121000000,121000000,127000000,127000000,134000000,134000000,1000000,1000000,6000000,6000000,0,0,6000000,6000000,121000000,121000000,127000000,127000000,1000010,21000030,1000000,1000000,10,20000030
694,927506000,928506000,1000000,1000000,17000000,18000000,634506000,634506000,18000000,18000000,257000000,257000000,275000000,275000000,293000000,294000000,1000000,1000000,17000000,18000000,0,0,18000000,18000000,257000000,257000000,275000000,275000000,1000010,22000010,1000000,1000000,10,21000010
724,715506000,723506000,1000000,1000000,1000000,9000000,634506000,634506000,9000000,9000000,70000000,70000000,79000000,79000000,81000000,89000000,1000000,1000000,1000000,9000000,0,0,9000000,9000000,70000000,70000000,79000000,79000000,1000010,2000010,1000000,1000000,10,1000010
754,707506000,707506000,1000000,1000000,1000000,1000000,634506000,634506000,1000000,1000000,70000000,70000000,71000000,71000000,73000000,73000000,1000000,1000000,1000000,1000000,0,0,1000000,1000000,70000000,70000000,71000000,71000000,1000010,21000030,1000000,1000000,10,20000030
784,749506000,749506000,1000000,1000000,1000000,1000000,634506000,634506000,1000000,1000000,112000000,112000000,113000000,113000000,115000000,115000000,1000000,1000000,1000000,1000000,0,0,1000000,1000000,112000000,112000000,113000000,113000000,1000010,82000040,1000000,1000000,10,81000040
814,847506000,848506000,1000000,1000000,0,1000000,634506000,634506000,1000000,1000000,211000000,211000000,212000000,212000000,213000000,214000000,1000000,1000000,0,1000000,0,0,1000000,1000000,211000000,211000000,212000000,212000000,1000010,82000030,1000000,1000000,10,81000030
844,643506000,644506000,1000000,1000000,8000000,9000000,634506000,634506000,0,0,0,0,0,0,9000000,10000000,1000000,1000000,8000000,9000000,0,0,0,0,0,0,0,0,1000010,1000000,1000000,1000000,10,0
874,959506000,960506000,1000000,1000000,7000000,8000000,634506000,634506000,8000000,8000000,309000000,309000000,317000000,317000000,325000000,326000000,1000000,1000000,7000000,8000000,0,0,8000000,8000000,309000000,309000000,317000000,317000000,1000010,82000040,1000000,1000000,10,81000040
904,920506000,921506000,1000000,1000000,7000000,8000000,634506000,634506000,8000000,8000000,270000000,270000000,278000000,278000000,286000000,287000000,1000000,1000000,7000000,8000000,0,0,8000000,8000000,270000000,270000000,278000000,278000000,1000010,46000040,1000000,1000000,10,45000040
934,824506000,824506000,1000000,1000000,13000000,13000000,634506000,634506000,13000000,13000000,163000000,163000000,176000000,176000000,190000000,190000000,1000000,1000000,13000000,13000000,0,0,13000000,13000000,163000000,163000000,176000000,176000000,1000010,27000040,1000000,1000000,10,26000040
964,1025506000,1029506000,1000000,1000000,42000000,46000000,634506000,634506000,46000000,47000000,302000000,301000000,348000000,348000000,391000000,395000000,1000000,1000000,42000000,46000000,0,0,46000000,47000000,302000000,301000000,348000000,348000000,1000010,117000090,1000000,1000000,10,116000090
994,957506000,18120168000,1000000,1000000,8000000,39000000,634506000,17766168000,20000000,20000000,294000000,294000000,314000000,314000000,323000000,354000000,1000000,1000000,8000000,39000000,0,0,20000000,20000000,294000000,294000000,314000000,314000000,1000010,18000030,1000000,1000000,10,17000030
1024,901506000,4095036000,1000000,1000000,18000000,39000000,634506000,3807036000,39000000,39000000,209000000,209000000,248000000,248000000,267000000,288000000,1000000,1000000,18000000,39000000,0,0,39000000,39000000,209000000,209000000,248000000,248000000,1000010,12000010,1000000,1000000,10,11000010
1054,648506000,3193530000,1000000,1000000,5000000,12000000,634506000,3172530000,6000000,6000000,2000000,2000000,8000000,8000000,14000000,21000000,1000000,1000000,5000000,12000000,0,0,6000000,6000000,2000000,2000000,8000000,8000000,1000010,1000000,1000000,1000000,10,0
1084,655506000,657506000,1000000,1000000,20000000,22000000,634506000,634506000,0,0,0,0,0,0,21000000,23000000,1000000,1000000,20000000,22000000,0,0,0,0,0,0,0,0,1000010,1000000,1000000,1000000,10,0
1114,642506000,1912518000,1000000,1000000,7000000,8000000,634506000,1903518000,0,0,0,0,0,0,8000000,9000000,1000000,1000000,7000000,8000000,0,0,0,0,0,0,0,0,1000010,1000000,1000000,1000000,10,0
1144,664506000,3203530000,1000000,1000000,0,1000000,634506000,3172530000,1000000,1000000,28000000,28000000,29000000,29000000,30000000,31000000,1000000,1000000,0,1000000,0,0,1000000,1000000,28000000,28000000,29000000,29000000,1000010,1000000,1000000,1000000,10,0
1174,653506000,2558024000,1000000,1000000,8000000,9000000,634506000,2538024000,9000000,9000000,1000000,1000000,10000000,10000000,19000000,20000000,1000000,1000000,8000000,9000000,0,0,9000000,9000000,1000000,1000000,10000000,10000000,1000010,1000000,1000000,1000000,10,0
1204,653506000,1289012000,1000000,1000000,18000000,19000000,634506000,1269012000,0,0,0,0,0,0,19000000,20000000,1000000,1000000,18000000,19000000,0,0,0,0,0,0,0,0,1000010,1000000,1000000,1000000,10,0
1234,998506000,2330518000,1000000,1000000,18000000,81000000,634506000,1903518000,81000000,81000000,264000000,264000000,345000000,345000000,364000000,427000000,1000000,1000000,18000000,81000000,0,0,81000000,81000000,264000000,264000000,345000000,345000000,1000010,59000020,1000000,1000000,10,58000020
1264,641506000,643506000,1000000,1000000,6000000,8000000,634506000,634506000,0,0,0,0,0,0,7000000,9000000,1000000,1000000,6000000,8000000,0,0,0,0,0,0,0,0,1000010,1000000,1000000,1000000,10,0
5,709506000,713506000,1000000,1000000,17000000,19000000,634506000,634506000,17000000,57000000,40000000,2000000,57000000,59000000,75000000,79000000,1000000,1000000,17000000,19000000,0,0,17000000,57000000,40000000,2000000,57000000,59000000,1000010,48000020,1000000,1000000,10,47000020
35,923506000,924506000,1000000,1000000,19000000,20000000,634506000,634506000,20000000,20000000,249000000,249000000,269000000,269000000,289000000,290000000,1000000,1000000,19000000,20000000,0,0,20000000,20000000,249000000,249000000,269000000,269000000,1000010,23000010,1000000,1000000,10,22000010
65,896506000,897506000,1000000,1000000,10000000,11000000,634506000,634506000,11000000,11000000,240000000,240000000,251000000,251000000,262000000,263000000,1000000,1000000,10000000,11000000,0,0,11000000,11000000,240000000,240000000,251000000,251000000,1000010,69000040,1000000,1000000,10,68000040
95,892506000,893506000,1000000,1000000,19000000,20000000,634506000,634506000,20000000,20000000,218000000,218000000,238000000,238000000,258000000,259000000,1000000,1000000,19000000,20000000,0,0,20000000,20000000,218000000,218000000,238000000,238000000,1000010,51000040,1000000,1000000,10,50000040
125,918506000,919506000,1000000,1000000,1000000,2000000,634506000,634506000,2000000,2000000,280000000,280000000,282000000,282000000,284000000,285000000,1000000,1000000,1000000,2000000,0,0,2000000,2000000,280000000,280000000,282000000,282000000,1000010,83000030,1000000,1000000,10,82000030
155,782506000,782506000,1000000,1000000,8000000,8000000,634506000,634506000,8000000,8000000,131000000,131000000,139000000,139000000,148000000,148000000,1000000,1000000,8000000,8000000,0,0,8000000,8000000,131000000,131000000,139000000,139000000,1000010,26000030,1000000,1000000,10,25000030
185,835506000,835506000,1000000,1000000,20000000,20000000,634506000,634506000,20000000,20000000,160000000,160000000,180000000,180000000,201000000,201000000,1000000,1000000,20000000,20000000,0,0,20000000,20000000,160000000,160000000,180000000,180000000,1000010,28000040,1000000,1000000,10,27000040
215,718506000,718506000,1000000,1000000,20000000,20000000,634506000,634506000,20000000,20000000,43000000,43000000,63000000,63000000,84000000,84000000,1000000,1000000,20000000,20000000,0,0,20000000,20000000,43000000,43000000,63000000,63000000,1000010,2000010,1000000,1000000,10,1000010
245,819506000,820506000,1000000,1000000,8000000,9000000,634506000,634506000,9000000,9000000,167000000,167000000,176000000,176000000,185000000,186000000,1000000,1000000,8000000,9000000,0,0,9000000,9000000,167000000,167000000,176000000,176000000,1000010,17000040,1000000,1000000,10,16000040
275,825506000,825506000,1000000,1000000,9000000,9000000,634506000,634506000,9000000,9000000,172000000,172000000,181000000,181000000,191000000,191000000,1000000,1000000,9000000,9000000,0,0,9000000,9000000,172000000,172000000,181000000,181000000,1000010,17000040,1000000,1000000,10,16000040
305,825506000,825506000,1000000,1000000,9000000,9000000,634506000,634506000,9000000,9000000,172000000,172000000,181000000,181000000,191000000,191000000,1000000,1000000,9000000,9000000,0,0,9000000,9000000,172000000,172000000,181000000,181000000,1000010,17000040,1000000,1000000,10,16000040
335,661506000,662506000,1000000,1000000,8000000,8000000,634506000,634506000,8000000,18000000,10000000,1000000,18000000,19000000,27000000,28000000,1000000,1000000,8000000,8000000,0,0,8000000,18000000,10000000,1000000,18000000,19000000,1000010,14000010,1000000,1000000,10,13000010
365,654506000,655506000,1000000,1000000,8000000,9000000,634506000,634506000,8000000,8000000,3000000,3000000,11000000,11000000,20000000,21000000,1000000,1000000,8000000,9000000,0,0,8000000,8000000,3000000,3000000,11000000,11000000,1000010,2000010,1000000,1000000,10,1000010
395,783506000,783506000,1000000,1000000,9000000,9000000,634506000,634506000,9000000,9000000,130000000,130000000,139000000,139000000,149000000,149000000,1000000,1000000,9000000,9000000,0,0,9000000,9000000,130000000,130000000,139000000,139000000,1000010,17000030,1000000,1000000,10,16000030
425,744506000,748506000,1000000,1000000,7000000,11000000,634506000,634506000,11000000,11000000,91000000,91000000,102000000,102000000,110000000,114000000,1000000,1000000,7000000,11000000,0,0,11000000,11000000,91000000,91000000,102000000,102000000,1000010,20000030,1000000,1000000,10,19000030
455,798506000,798506000,1000000,1000000,11000000,11000000,634506000,634506000,11000000,11000000,141000000,141000000,152000000,152000000,164000000,164000000,1000000,1000000,11000000,11000000,0,0,11000000,11000000,141000000,141000000,152000000,152000000,1000010,34000020,1000000,1000000,10,33000020
485,913506000,914506000,1000000,1000000,3000000,4000000,634506000,634506000,4000000,4000000,271000000,271000000,275000000,275000000,279000000,280000000,1000000,1000000,3000000,4000000,0,0,4000000,4000000,271000000,271000000,275000000,275000000,1000010,84000050,1000000,1000000,10,83000050
515,923506000,923506000,1000000,1000000,39000000,39000000,634506000,634506000,39000000,39000000,210000000,210000000,249000000,249000000,289000000,289000000,1000000,1000000,39000000,39000000,0,0,39000000,39000000,210000000,210000000,249000000,249000000,1000010,34000020,1000000,1000000,10,33000020
545,914506000,976506000,1000000,1000000,18000000,80000000,634506000,634506000,80000000,80000000,181000000,181000000,261000000,261000000,280000000,342000000,1000000,1000000,18000000,80000000,0,0,80000000,80000000,181000000,181000000,261000000,261000000,1000010,59000020,1000000,1000000,10,58000020
575,877506000,877506000,1000000,1000000,10000000,10000000,634506000,634506000,10000000,10000000,222000000,222000000,232000000,232000000,243000000,243000000,1000000,1000000,10000000,10000000,0,0,10000000,10000000,222000000,222000000,232000000,232000000,1000010,50000020,1000000,1000000,10,49000020
605,644506000,646506000,1000000,1000000,9000000,11000000,634506000,634506000,0,0,0,0,0,0,10000000,12000000,1000000,1000000,9000000,11000000,0,0,0,0,0,0,0,0,1000010,1000000,1000000,1000000,10,0
635,644506000,645506000,1000000,1000000,9000000,10000000,634506000,634506000,0,0,0,0,0,0,10000000,11000000,1000000,1000000,9000000,10000000,0,0,0,0,0,0,0,0,1000010,1000000,1000000,1000000,10,0
665,751506000,751506000,1000000,1000000,6000000,6000000,634506000,634506000,6000000,6000000,104000000,104000000,110000000,110000000,117000000,117000000,1000000,1000000,6000000,6000000,0,0,6000000,6000000,104000000,104000000,110000000,110000000,1000010,13000020,1000000,1000000,10,12000020
695,839506000,840506000,1000000,1000000,17000000,18000000,634506000,634506000,18000000,18000000,169000000,169000000,187000000,187000000,205000000,206000000,1000000,1000000,17000000,18000000,0,0,18000000,18000000,169000000,169000000,187000000,187000000,1000010,22000010,1000000,1000000,10,21000010
725,671506000,671506000,1000000,1000000,1000000,1000000,634506000,634506000,1000000,1000000,34000000,34000000,35000000,35000000,37000000,37000000,1000000,1000000,1000000,1000000,0,0,1000000,1000000,34000000,34000000,35000000,35000000,1000010,12000030,1000000,1000000,10,11000030
755,732506000,732506000,1000000,1000000,1000000,1000000,634506000,634506000,1000000,1000000,95000000,95000000,96000000,96000000,98000000,98000000,1000000,1000000,1000000,1000000,0,0,1000000,1000000,95000000,95000000,96000000,96000000,1000010,19000020,1000000,1000000,10,18000020
785,749506000,749506000,1000000,1000000,1000000,1000000,634506000,634506000,1000000,1000000,112000000,112000000,113000000,113000000,115000000,115000000,1000000,1000000,1000000,1000000,0,0,1000000,1000000,112000000,112000000,113000000,113000000,1000010,82000040,1000000,1000000,10,81000040
815,753506000,760506000,1000000,1000000,0,7000000,634506000,634506000,7000000,7000000,111000000,111000000,118000000,118000000,119000000,126000000,1000000,1000000,0,7000000,0,0,7000000,7000000,111000000,111000000,118000000,118000000,1000010,74000040,1000000,1000000,10,73000040
845,681506000,681506000,1000000,1000000,8000000,8000000,634506000,634506000,8000000,8000000,30000000,30000000,38000000,38000000,47000000,47000000,1000000,1000000,8000000,8000000,0,0,8000000,8000000,30000000,30000000,38000000,38000000,1000010,11000030,1000000,1000000,10,10000030
875,849506000,850506000,1000000,1000000,7000000,8000000,634506000,634506000,8000000,8000000,199000000,199000000,207000000,207000000,215000000,216000000,1000000,1000000,7000000,8000000,0,0,8000000,8000000,199000000,199000000,207000000,207000000,1000010,86000030,1000000,1000000,10,85000030
905,876506000,877506000,1000000,1000000,7000000,8000000,634506000,634506000,8000000,8000000,226000000,226000000,234000000,234000000,242000000,243000000,1000000,1000000,7000000,8000000,0,0,8000000,8000000,226000000,226000000,234000000,234000000,1000010,8000010,1000000,1000000,10,7000010
935,766506000,769506000,1000000,1000000,6000000,9000000,634506000,634506000,6000000,6000000,119000000,119000000,125000000,125000000,132000000,135000000,1000000,1000000,6000000,9000000,0,0,6000000,6000000,119000000,119000000,125000000,125000000,1000010,9000020,1000000,1000000,10,8000020
965,1026506000,1027506000,1000000,1000000,47000000,48000000,634506000,634506000,48000000,48000000,296000000,296000000,344000000,344000000,392000000,393000000,1000000,1000000,47000000,48000000,0,0,48000000,48000000,296000000,296000000,344000000,344000000,1000010,5000010,1000000,1000000,10,4000010
995,653506000,3192530000,1000000,1000000,8000000,9000000,634506000,3172530000,9000000,9000000,1000000,1000000,10000000,10000000,19000000,20000000,1000000,1000000,8000000,9000000,0,0,9000000,9000000,1000000,1000000,10000000,10000000,1000010,1000000,1000000,1000000,10,0
1025,673506000,1309012000,1000000,1000000,38000000,39000000,634506000,1269012000,0,0,0,0,0,0,39000000,40000000,1000000,1000000,38000000,39000000,0,0,0,0,0,0,0,0,1000010,1000000,1000000,1000000,10,0
1055,755506000,2027518000,1000000,1000000,17000000,20000000,634506000,1903518000,20000000,20000000,83000000,83000000,103000000,103000000,121000000,124000000,1000000,1000000,17000000,20000000,0,0,20000000,20000000,83000000,83000000,103000000,103000000,1000010,1000000,1000000,1000000,10,0
1085,655506000,656506000,1000000,1000000,20000000,21000000,634506000,634506000,0,0,0,0,0,0,21000000,22000000,1000000,1000000,20000000,21000000,0,0,0,0,0,0,0,0,1000010,1000000,1000000,1000000,10,0
1115,642506000,1912518000,1000000,1000000,7000000,8000000,634506000,1903518000,0,0,0,0,0,0,8000000,9000000,1000000,1000000,7000000,8000000,0,0,0,0,0,0,0,0,1000010,1000000,1000000,1000000,10,0
1145,664506000,3838036000,1000000,1000000,0,1000000,634506000,3807036000,1000000,1000000,28000000,28000000,29000000,29000000,30000000,31000000,1000000,1000000,0,1000000,0,0,1000000,1000000,28000000,28000000,29000000,29000000,1000010,1000000,1000000,1000000,10,0
1175,644506000,652506000,1000000,1000000,9000000,17000000,634506000,634506000,0,0,0,0,0,0,10000000,18000000,1000000,1000000,9000000,17000000,0,0,0,0,0,0,0,0,1000010,1000000,1000000,1000000,10,0
1205,644506000,1914518000,1000000,1000000,9000000,10000000,634506000,1903518000,0,0,0,0,0,0,10000000,11000000,1000000,1000000,9000000,10000000,0,0,0,0,0,0,0,0,1000010,1000000,1000000,1000000,10,0
1235,645506000,656506000,1000000,1000000,10000000,21000000,634506000,634506000,0,0,0,0,0,0,11000000,22000000,1000000,1000000,10000000,21000000,0,0,0,0,0,0,0,0,1000010,1000000,1000000,1000000,10,0
1265,712506000,2618024000,1000000,1000000,17000000,19000000,634506000,2538024000,19000000,19000000,41000000,41000000,60000000,60000000,78000000,80000000,1000000,1000000,17000000,19000000,0,0,19000000,19000000,41000000,41000000,60000000,60000000,1000010,1000000,1000000,1000000,10,0
6,861506000,862506000,1000000,1000000,17000000,18000000,634506000,634506000,18000000,18000000,191000000,191000000,209000000,209000000,227000000,228000000,1000000,1000000,17000000,18000000,0,0,18000000,18000000,191000000,191000000,209000000,209000000,1000010,48000020,1000000,1000000,10,47000020
36,712506000,713506000,1000000,1000000,18000000,19000000,634506000,634506000,19000000,19000000,40000000,40000000,59000000,59000000,78000000,79000000,1000000,1000000,18000000,19000000,0,0,19000000,19000000,40000000,40000000,59000000,59000000,1000010,23000020,1000000,1000000,10,22000020
66,751506000,754506000,1000000,1000000,7000000,10000000,634506000,634506000,7000000,7000000,102000000,102000000,109000000,109000000,117000000,120000000,1000000,1000000,7000000,10000000,0,0,7000000,7000000,102000000,102000000,109000000,109000000,1000010,9000020,1000000,1000000,10,8000020
96,922506000,923506000,1000000,1000000,19000000,20000000,634506000,634506000,20000000,20000000,248000000,248000000,268000000,268000000,288000000,289000000,1000000,1000000,19000000,20000000,0,0,20000000,20000000,248000000,248000000,268000000,268000000,1000010,23000010,1000000,1000000,10,22000010
126,798506000,798506000,1000000,1000000,1000000,1000000,634506000,634506000,1000000,1000000,161000000,161000000,162000000,162000000,164000000,164000000,1000000,1000000,1000000,1000000,0,0,1000000,1000000,161000000,161000000,162000000,162000000,1000010,13000030,1000000,1000000,10,12000030
156,819506000,820506000,1000000,1000000,7000000,8000000,634506000,634506000,8000000,8000000,169000000,169000000,177000000,177000000,185000000,186000000,1000000,1000000,7000000,8000000,0,0,8000000,8000000,169000000,169000000,177000000,177000000,1000010,9000010,1000000,1000000,10,8000010
186,835506000,835506000,1000000,1000000,20000000,20000000,634506000,634506000,20000000,20000000,160000000,160000000,180000000,180000000,201000000,201000000,1000000,1000000,20000000,20000000,0,0,20000000,20000000,160000000,160000000,180000000,180000000,1000010,28000040,1000000,1000000,10,27000040
216,718506000,718506000,1000000,1000000,20000000,20000000,634506000,634506000,20000000,20000000,43000000,43000000,63000000,63000000,84000000,84000000,1000000,1000000,20000000,20000000,0,0,20000000,20000000,43000000,43000000,63000000,63000000,1000010,2000010,1000000,1000000,10,1000010
246,751506000,752506000,1000000,1000000,8000000,9000000,634506000,634506000,9000000,9000000,99000000,99000000,108000000,108000000,117000000,118000000,1000000,1000000,8000000,9000000,0,0,9000000,9000000,99000000,99000000,108000000,108000000,1000010,17000040,1000000,1000000,10,16000040
276,824506000,824506000,1000000,1000000,9000000,9000000,634506000,634506000,9000000,9000000,171000000,171000000,180000000,180000000,190000000,190000000,1000000,1000000,9000000,9000000,0,0,9000000,9000000,171000000,171000000,180000000,180000000,1000010,17000040,1000000,1000000,10,16000040
306,825506000,825506000,1000000,1000000,9000000,9000000,634506000,634506000,9000000,9000000,172000000,172000000,181000000,181000000,191000000,191000000,1000000,1000000,9000000,9000000,0,0,9000000,9000000,172000000,172000000,181000000,181000000,1000010,17000040,1000000,1000000,10,16000040
336,867506000,868506000,1000000,1000000,8000000,9000000,634506000,634506000,9000000,9000000,215000000,215000000,224000000,224000000,233000000,234000000,1000000,1000000,8000000,9000000,0,0,9000000,9000000,215000000,215000000,224000000,224000000,1000010,18000030,1000000,1000000,10,17000030
366,654506000,655506000,1000000,1000000,8000000,9000000,634506000,634506000,8000000,8000000,3000000,3000000,11000000,11000000,20000000,21000000,1000000,1000000,8000000,9000000,0,0,8000000,8000000,3000000,3000000,11000000,11000000,1000010,2000010,1000000,1000000,10,1000010
396,783506000,783506000,1000000,1000000,9000000,9000000,634506000,634506000,9000000,9000000,130000000,130000000,139000000,139000000,149000000,149000000,1000000,1000000,9000000,9000000,0,0,9000000,9000000,130000000,130000000,139000000,139000000,1000010,17000030,1000000,1000000,10,16000030
426,963506000,964506000,1000000,1000000,11000000,12000000,634506000,634506000,12000000,12000000,305000000,305000000,317000000,317000000,329000000,330000000,1000000,1000000,11000000,12000000,0,0,12000000,12000000,305000000,305000000,317000000,317000000,1000010,36000050,1000000,1000000,10,35000050
456,760506000,760506000,1000000,1000000,11000000,11000000,634506000,634506000,11000000,11000000,103000000,103000000,114000000,114000000,126000000,126000000,1000000,1000000,11000000,11000000,0,0,11000000,11000000,103000000,103000000,114000000,114000000,1000010,87000040,1000000,1000000,10,86000040
486,780506000,782506000,1000000,1000000,1000000,3000000,634506000,634506000,3000000,3000000,141000000,141000000,144000000,144000000,146000000,148000000,1000000,1000000,1000000,3000000,0,0,3000000,3000000,141000000,141000000,144000000,144000000,1000010,81000040,1000000,1000000,10,80000040
516,816506000,817506000,1000000,1000000,38000000,39000000,634506000,634506000,39000000,39000000,104000000,104000000,143000000,143000000,182000000,183000000,1000000,1000000,38000000,39000000,0,0,39000000,39000000,104000000,104000000,143000000,143000000,1000010,23000010,1000000,1000000,10,22000010
546,642506000,646506000,1000000,1000000,7000000,11000000,634506000,634506000,0,0,0,0,0,0,8000000,12000000,1000000,1000000,7000000,11000000,0,0,0,0,0,0,0,0,1000010,1000000,1000000,1000000,10,0
576,765506000,766506000,1000000,1000000,9000000,10000000,634506000,634506000,9000000,9000000,112000000,112000000,121000000,121000000,131000000,132000000,1000000,1000000,9000000,10000000,0,0,9000000,9000000,112000000,112000000,121000000,121000000,1000010,20000030,1000000,1000000,10,19000030
606,715506000,723506000,1000000,1000000,1000000,9000000,634506000,634506000,9000000,9000000,70000000,70000000,79000000,79000000,81000000,89000000,1000000,1000000,1000000,9000000,0,0,9000000,9000000,70000000,70000000,79000000,79000000,1000010,12000030,1000000,1000000,10,11000030
636,749506000,750506000,1000000,1000000,9000000,10000000,634506000,634506000,9000000,9000000,96000000,96000000,105000000,105000000,115000000,116000000,1000000,1000000,9000000,10000000,0,0,9000000,9000000,96000000,96000000,105000000,105000000,1000010,94000030,1000000,1000000,10,93000030
666,731506000,735506000,1000000,1000000,6000000,10000000,634506000,634506000,6000000,6000000,84000000,84000000,90000000,90000000,97000000,101000000,1000000,1000000,6000000,10000000,0,0,6000000,6000000,84000000,84000000,90000000,90000000,1000010,6000030,1000000,1000000,10,5000030
696,839506000,840506000,1000000,1000000,17000000,18000000,634506000,634506000,18000000,18000000,169000000,169000000,187000000,187000000,205000000,206000000,1000000,1000000,17000000,18000000,0,0,18000000,18000000,169000000,169000000,187000000,187000000,1000010,22000010,1000000,1000000,10,21000010
726,772506000,774506000,1000000,1000000,18000000,20000000,634506000,634506000,18000000,18000000,101000000,101000000,119000000,119000000,138000000,140000000,1000000,1000000,18000000,20000000,0,0,18000000,18000000,101000000,101000000,119000000,119000000,1000010,64000020,1000000,1000000,10,63000020
756,804506000,805506000,1000000,1000000,0,1000000,634506000,634506000,1000000,1000000,168000000,168000000,169000000,169000000,170000000,171000000,1000000,1000000,0,1000000,0,0,1000000,1000000,168000000,168000000,169000000,169000000,1000010,82000030,1000000,1000000,10,81000030
786,749506000,749506000,1000000,1000000,1000000,1000000,634506000,634506000,1000000,1000000,112000000,112000000,113000000,113000000,115000000,115000000,1000000,1000000,1000000,1000000,0,0,1000000,1000000,112000000,112000000,113000000,113000000,1000010,82000040,1000000,1000000,10,81000040
816,857506000,872506000,1000000,1000000,0,15000000,634506000,634506000,15000000,15000000,207000000,207000000,222000000,222000000,223000000,238000000,1000000,1000000,0,15000000,0,0,15000000,15000000,207000000,207000000,222000000,222000000,1000010,67000020,1000000,1000000,10,66000020
846,681506000,681506000,1000000,1000000,8000000,8000000,634506000,634506000,8000000,8000000,30000000,30000000,38000000,38000000,47000000,47000000,1000000,1000000,8000000,8000000,0,0,8000000,8000000,30000000,30000000,38000000,38000000,1000010,11000030,1000000,1000000,10,10000030
876,871506000,872506000,1000000,1000000,7000000,8000000,634506000,634506000,8000000,8000000,221000000,221000000,229000000,229000000,237000000,238000000,1000000,1000000,7000000,8000000,0,0,8000000,8000000,221000000,221000000,229000000,229000000,1000010,86000030,1000000,1000000,10,85000030
906,885506000,886506000,1000000,1000000,7000000,8000000,634506000,634506000,8000000,8000000,235000000,235000000,243000000,243000000,251000000,252000000,1000000,1000000,7000000,8000000,0,0,8000000,8000000,235000000,235000000,243000000,243000000,1000010,8000010,1000000,1000000,10,7000010
936,699506000,699506000,1000000,1000000,6000000,6000000,634506000,634506000,6000000,6000000,52000000,52000000,58000000,58000000,65000000,65000000,1000000,1000000,6000000,6000000,0,0,6000000,6000000,52000000,52000000,58000000,58000000,1000010,6000010,1000000,1000000,10,5000010
966,972506000,1001506000,1000000,1000000,8000000,37000000,634506000,634506000,37000000,37000000,292000000,292000000,329000000,329000000,338000000,367000000,1000000,1000000,8000000,37000000,0,0,37000000,37000000,292000000,292000000,329000000,329000000,1000010,13000040,1000000,1000000,10,12000040
996,918506000,22510710000,1000000,1000000,0,19000000,634506000,22207710000,9000000,9000000,274000000,274000000,283000000,283000000,284000000,303000000,1000000,1000000,0,19000000,0,0,9000000,9000000,274000000,274000000,283000000,283000000,1000010,79000040,1000000,1000000,10,78000040
1026,1002506000,5466048000,1000000,1000000,17000000,39000000,634506000,5076048000,39000000,39000000,311000000,311000000,350000000,350000000,368000000,390000000,1000000,1000000,17000000,39000000,0,0,39000000,39000000,311000000,311000000,350000000,350000000,1000010,63000010,1000000,1000000,10,62000010
1056,724506000,1361012000,1000000,1000000,18000000,20000000,634506000,1269012000,19000000,19000000,52000000,52000000,71000000,71000000,90000000,92000000,1000000,1000000,18000000,20000000,0,0,19000000,19000000,52000000,52000000,71000000,71000000,1000010,1000000,1000000,1000000,10,0
1086,739506000,4549542000,1000000,1000000,8000000,11000000,634506000,4441542000,11000000,11000000,85000000,85000000,96000000,96000000,105000000,108000000,1000000,1000000,8000000,11000000,0,0,11000000,11000000,85000000,85000000,96000000,96000000,1000010,57000030,1000000,1000000,10,56000030
1116,642506000,1912518000,1000000,1000000,7000000,8000000,634506000,1903518000,0,0,0,0,0,0,8000000,9000000,1000000,1000000,7000000,8000000,0,0,0,0,0,0,0,0,1000010,1000000,1000000,1000000,10,0
1146,664506000,3203530000,1000000,1000000,0,1000000,634506000,3172530000,1000000,1000000,28000000,28000000,29000000,29000000,30000000,31000000,1000000,1000000,0,1000000,0,0,1000000,1000000,28000000,28000000,29000000,29000000,1000010,1000000,1000000,1000000,10,0
1176,773506000,5223048000,1000000,1000000,1000000,9000000,634506000,5076048000,8000000,8000000,129000000,129000000,137000000,137000000,139000000,147000000,1000000,1000000,1000000,9000000,0,0,8000000,8000000,129000000,129000000,137000000,137000000,1000010,34000020,1000000,1000000,10,33000020
1206,644506000,1914518000,1000000,1000000,9000000,10000000,634506000,1903518000,0,0,0,0,0,0,10000000,11000000,1000000,1000000,9000000,10000000,0,0,0,0,0,0,0,0,1000010,1000000,1000000,1000000,10,0
1236,647506000,1924518000,1000000,1000000,1000000,9000000,634506000,1903518000,9000000,9000000,2000000,2000000,11000000,11000000,13000000,21000000,1000000,1000000,1000000,9000000,0,0,9000000,9000000,2000000,2000000,11000000,11000000,1000010,1000000,1000000,1000000,10,0
1266,1021506000,1661012000,1000000,1000000,43000000,48000000,634506000,1269012000,48000000,48000000,295000000,295000000,343000000,343000000,387000000,392000000,1000000,1000000,43000000,48000000,0,0,48000000,48000000,295000000,295000000,343000000,343000000,1000010,1000000,1000000,1000000,10,0
7,946506000,947506000,1000000,1000000,17000000,18000000,634506000,634506000,18000000,18000000,276000000,276000000,294000000,294000000,312000000,313000000,1000000,1000000,17000000,18000000,0,0,18000000,18000000,276000000,276000000,294000000,294000000,1000010,76000030,1000000,1000000,10,75000030
37,764506000,764506000,1000000,1000000,18000000,18000000,634506000,634506000,18000000,18000000,93000000,93000000,111000000,111000000,130000000,130000000,1000000,1000000,18000000,18000000,0,0,18000000,18000000,93000000,93000000,111000000,111000000,1000010,75000030,1000000,1000000,10,74000030
67,866506000,867506000,1000000,1000000,10000000,11000000,634506000,634506000,11000000,11000000,210000000,210000000,221000000,221000000,232000000,233000000,1000000,1000000,10000000,11000000,0,0,11000000,11000000,210000000,210000000,221000000,221000000,1000010,25000030,1000000,1000000,10,24000030
97,922506000,923506000,1000000,1000000,19000000,20000000,634506000,634506000,20000000,20000000,248000000,248000000,268000000,268000000,288000000,289000000,1000000,1000000,19000000,20000000,0,0,20000000,20000000,248000000,248000000,268000000,268000000,1000010,23000010,1000000,1000000,10,22000010
127,720506000,724506000,1000000,1000000,1000000,5000000,634506000,634506000,5000000,5000000,79000000,79000000,84000000,84000000,86000000,90000000,1000000,1000000,1000000,5000000,0,0,5000000,5000000,79000000,79000000,84000000,84000000,1000010,10000030,1000000,1000000,10,9000030
157,796506000,797506000,1000000,1000000,7000000,8000000,634506000,634506000,8000000,8000000,146000000,146000000,154000000,154000000,162000000,163000000,1000000,1000000,7000000,8000000,0,0,8000000,8000000,146000000,146000000,154000000,154000000,1000010,86000030,1000000,1000000,10,85000030
187,794506000,794506000,1000000,1000000,20000000,20000000,634506000,634506000,20000000,20000000,119000000,119000000,139000000,139000000,160000000,160000000,1000000,1000000,20000000,20000000,0,0,20000000,20000000,119000000,119000000,139000000,139000000,1000010,28000040,1000000,1000000,10,27000040
217,718506000,718506000,1000000,1000000,20000000,20000000,634506000,634506000,20000000,20000000,43000000,43000000,63000000,63000000,84000000,84000000,1000000,1000000,20000000,20000000,0,0,20000000,20000000,43000000,43000000,63000000,63000000,1000010,2000010,1000000,1000000,10,1000010
247,780506000,781506000,1000000,1000000,7000000,8000000,634506000,634506000,7000000,7000000,131000000,131000000,138000000,138000000,146000000,147000000,1000000,1000000,7000000,8000000,0,0,7000000,7000000,131000000,131000000,138000000,138000000,1000010,58000040,1000000,1000000,10,57000040
277,825506000,825506000,1000000,1000000,9000000,9000000,634506000,634506000,9000000,9000000,172000000,172000000,181000000,181000000,191000000,191000000,1000000,1000000,9000000,9000000,0,0,9000000,9000000,172000000,172000000,181000000,181000000,1000010,17000040,1000000,1000000,10,16000040
307,800506000,800506000,1000000,1000000,9000000,9000000,634506000,634506000,9000000,9000000,147000000,147000000,156000000,156000000,166000000,166000000,1000000,1000000,9000000,9000000,0,0,9000000,9000000,147000000,147000000,156000000,156000000,1000010,17000040,1000000,1000000,10,16000040
337,793506000,795506000,1000000,1000000,6000000,8000000,634506000,634506000,6000000,6000000,146000000,146000000,152000000,152000000,159000000,161000000,1000000,1000000,6000000,8000000,0,0,6000000,6000000,146000000,146000000,152000000,152000000,1000010,78000030,1000000,1000000,10,77000030
367,654506000,655506000,1000000,1000000,8000000,9000000,634506000,634506000,8000000,8000000,3000000,3000000,11000000,11000000,20000000,21000000,1000000,1000000,8000000,9000000,0,0,8000000,8000000,3000000,3000000,11000000,11000000,1000010,2000010,1000000,1000000,10,1000010
397,783506000,783506000,1000000,1000000,9000000,9000000,634506000,634506000,9000000,9000000,130000000,130000000,139000000,139000000,149000000,149000000,1000000,1000000,9000000,9000000,0,0,9000000,9000000,130000000,130000000,139000000,139000000,1000010,17000030,1000000,1000000,10,16000030
427,763506000,763506000,1000000,1000000,11000000,11000000,634506000,634506000,11000000,11000000,106000000,106000000,117000000,117000000,129000000,129000000,1000000,1000000,11000000,11000000,0,0,11000000,11000000,106000000,106000000,117000000,117000000,1000010,24000020,1000000,1000000,10,23000020
457,742506000,743506000,1000000,1000000,11000000,12000000,634506000,634506000,12000000,12000000,84000000,84000000,96000000,96000000,108000000,109000000,1000000,1000000,11000000,12000000,0,0,12000000,12000000,84000000,84000000,96000000,96000000,1000010,34000020,1000000,1000000,10,33000020
487,913506000,913506000,1000000,1000000,4000000,4000000,634506000,634506000,4000000,4000000,270000000,270000000,274000000,274000000,279000000,279000000,1000000,1000000,4000000,4000000,0,0,4000000,4000000,270000000,270000000,274000000,274000000,1000010,16000040,1000000,1000000,10,15000040
517,900506000,921506000,1000000,1000000,18000000,39000000,634506000,634506000,39000000,39000000,208000000,208000000,247000000,247000000,266000000,287000000,1000000,1000000,18000000,39000000,0,0,39000000,39000000,208000000,208000000,247000000,247000000,1000010,26000040,1000000,1000000,10,25000040
547,847506000,848506000,1000000,1000000,7000000,8000000,634506000,634506000,8000000,8000000,197000000,197000000,205000000,205000000,213000000,214000000,1000000,1000000,7000000,8000000,0,0,8000000,8000000,197000000,197000000,205000000,205000000,1000010,23000030,1000000,1000000,10,22000030
577,878506000,878506000,1000000,1000000,10000000,10000000,634506000,634506000,10000000,10000000,223000000,223000000,233000000,233000000,244000000,244000000,1000000,1000000,10000000,10000000,0,0,10000000,10000000,223000000,223000000,233000000,233000000,1000010,50000020,1000000,1000000,10,49000020
607,767506000,776506000,1000000,1000000,0,9000000,634506000,634506000,9000000,9000000,123000000,123000000,132000000,132000000,133000000,142000000,1000000,1000000,0,9000000,0,0,9000000,9000000,123000000,123000000,132000000,132000000,1000010,13000040,1000000,1000000,10,12000040
637,770506000,772506000,1000000,1000000,7000000,9000000,634506000,634506000,7000000,7000000,121000000,121000000,128000000,128000000,136000000,138000000,1000000,1000000,7000000,9000000,0,0,7000000,7000000,121000000,121000000,128000000,128000000,1000010,84000020,1000000,1000000,10,83000020
667,767506000,767506000,1000000,1000000,6000000,6000000,634506000,634506000,6000000,6000000,120000000,120000000,126000000,126000000,133000000,133000000,1000000,1000000,6000000,6000000,0,0,6000000,6000000,120000000,120000000,126000000,126000000,1000010,21000030,1000000,1000000,10,20000030
697,839506000,840506000,1000000,1000000,17000000,18000000,634506000,634506000,18000000,18000000,169000000,169000000,187000000,187000000,205000000,206000000,1000000,1000000,17000000,18000000,0,0,18000000,18000000,169000000,169000000,187000000,187000000,1000010,22000010,1000000,1000000,10,21000010
727,828506000,828506000,1000000,1000000,6000000,6000000,634506000,634506000,6000000,6000000,181000000,181000000,187000000,187000000,194000000,194000000,1000000,1000000,6000000,6000000,0,0,6000000,6000000,181000000,181000000,187000000,187000000,1000010,83000030,1000000,1000000,10,82000030
757,709506000,718506000,1000000,1000000,1000000,1000000,634506000,634506000,1000000,81000000,72000000,1000000,73000000,82000000,75000000,84000000,1000000,1000000,1000000,1000000,0,0,1000000,81000000,72000000,1000000,73000000,82000000,1000010,82000040,1000000,1000000,10,81000040
787,749506000,749506000,1000000,1000000,1000000,1000000,634506000,634506000,1000000,1000000,112000000,112000000,113000000,113000000,115000000,115000000,1000000,1000000,1000000,1000000,0,0,1000000,1000000,112000000,112000000,113000000,113000000,1000010,82000040,1000000,1000000,10,81000040
817,850506000,851506000,1000000,1000000,0,1000000,634506000,634506000,1000000,1000000,214000000,214000000,215000000,215000000,216000000,217000000,1000000,1000000,0,1000000,0,0,1000000,1000000,214000000,214000000,215000000,215000000,1000010,82000030,1000000,1000000,10,81000030
847,681506000,681506000,1000000,1000000,8000000,8000000,634506000,634506000,8000000,8000000,30000000,30000000,38000000,38000000,47000000,47000000,1000000,1000000,8000000,8000000,0,0,8000000,8000000,30000000,30000000,38000000,38000000,1000010,11000030,1000000,1000000,10,10000030
877,817506000,818506000,1000000,1000000,12000000,13000000,634506000,634506000,12000000,12000000,158000000,158000000,170000000,170000000,183000000,184000000,1000000,1000000,12000000,13000000,0,0,12000000,12000000,158000000,158000000,170000000,170000000,1000010,27000040,1000000,1000000,10,26000040
907,883506000,884506000,1000000,1000000,7000000,8000000,634506000,634506000,8000000,8000000,233000000,233000000,241000000,241000000,249000000,250000000,1000000,1000000,7000000,8000000,0,0,8000000,8000000,233000000,233000000,241000000,241000000,1000010,8000010,1000000,1000000,10,7000010
937,681506000,683506000,1000000,1000000,9000000,11000000,634506000,634506000,9000000,9000000,28000000,28000000,37000000,37000000,47000000,49000000,1000000,1000000,9000000,11000000,0,0,9000000,9000000,28000000,28000000,37000000,37000000,1000010,9000010,1000000,1000000,10,8000010
967,750506000,750506000,1000000,1000000,8000000,8000000,634506000,634506000,8000000,8000000,99000000,99000000,107000000,107000000,116000000,116000000,1000000,1000000,8000000,8000000,0,0,8000000,8000000,99000000,99000000,107000000,107000000,1000010,37000030,1000000,1000000,10,36000030
997,907506000,23764722000,1000000,1000000,5000000,20000000,634506000,23476722000,20000000,20000000,247000000,247000000,267000000,267000000,273000000,288000000,1000000,1000000,5000000,20000000,0,0,20000000,20000000,247000000,247000000,267000000,267000000,1000010,64000040,1000000,1000000,10,63000040
1027,976506000,16910156000,1000000,1000000,9000000,80000000,634506000,16497156000,20000000,20000000,312000000,312000000,332000000,332000000,342000000,413000000,1000000,1000000,9000000,80000000,0,0,20000000,20000000,312000000,312000000,332000000,332000000,1000010,46000030,1000000,1000000,10,45000030
1057,963506000,12402614000,1000000,1000000,1000000,19000000,634506000,12055614000,19000000,19000000,308000000,308000000,327000000,327000000,329000000,347000000,1000000,1000000,1000000,19000000,0,0,19000000,19000000,308000000,308000000,327000000,327000000,1000010,1000000,1000000,1000000,10,0
1087,643506000,1913518000,1000000,1000000,8000000,9000000,634506000,1903518000,0,0,0,0,0,0,9000000,10000000,1000000,1000000,8000000,9000000,0,0,0,0,0,0,0,0,1000010,1000000,1000000,1000000,10,0
1117,642506000,1912518000,1000000,1000000,7000000,8000000,634506000,1903518000,0,0,0,0,0,0,8000000,9000000,1000000,1000000,7000000,8000000,0,0,0,0,0,0,0,0,1000010,1000000,1000000,1000000,10,0
1147,664506000,3838036000,1000000,1000000,0,1000000,634506000,3807036000,1000000,1000000,28000000,28000000,29000000,29000000,30000000,31000000,1000000,1000000,0,1000000,0,0,1000000,1000000,28000000,28000000,29000000,29000000,1000010,1000000,1000000,1000000,10,0
1177,653506000,3192530000,1000000,1000000,8000000,9000000,634506000,3172530000,9000000,9000000,1000000,1000000,10000000,10000000,19000000,20000000,1000000,1000000,8000000,9000000,0,0,9000000,9000000,1000000,1000000,10000000,10000000,1000010,1000000,1000000,1000000,10,0
1207,644506000,1914518000,1000000,1000000,9000000,10000000,634506000,1903518000,0,0,0,0,0,0,10000000,11000000,1000000,1000000,9000000,10000000,0,0,0,0,0,0,0,0,1000010,1000000,1000000,1000000,10,0
1237,670506000,1940518000,1000000,1000000,17000000,18000000,634506000,1903518000,17000000,17000000,1000000,1000000,18000000,18000000,36000000,37000000,1000000,1000000,17000000,18000000,0,0,17000000,17000000,1000000,1000000,18000000,18000000,1000010,1000000,1000000,1000000,10,0
1267,970506000,2269518000,1000000,1000000,7000000,37000000,634506000,1903518000,37000000,37000000,291000000,291000000,328000000,328000000,336000000,366000000,1000000,1000000,7000000,37000000,0,0,37000000,37000000,291000000,291000000,328000000,328000000,1000010,9000020,1000000,1000000,10,8000020
8,813506000,814506000,1000000,1000000,17000000,18000000,634506000,634506000,18000000,18000000,143000000,143000000,161000000,161000000,179000000,180000000,1000000,1000000,17000000,18000000,0,0,18000000,18000000,143000000,143000000,161000000,161000000,1000010,26000030,1000000,1000000,10,25000030
38,737506000,764506000,1000000,1000000,8000000,18000000,634506000,634506000,18000000,81000000,76000000,30000000,94000000,111000000,103000000,130000000,1000000,1000000,8000000,18000000,0,0,18000000,81000000,76000000,30000000,94000000,111000000,1000010,67000030,1000000,1000000,10,66000030
68,729506000,732506000,1000000,1000000,7000000,10000000,634506000,634506000,10000000,10000000,77000000,77000000,87000000,87000000,95000000,98000000,1000000,1000000,7000000,10000000,0,0,10000000,10000000,77000000,77000000,87000000,87000000,1000010,23000020,1000000,1000000,10,22000020
98,922506000,923506000,1000000,1000000,19000000,20000000,634506000,634506000,20000000,20000000,248000000,248000000,268000000,268000000,288000000,289000000,1000000,1000000,19000000,20000000,0,0,20000000,20000000,248000000,248000000,268000000,268000000,1000010,23000010,1000000,1000000,10,22000010
128,791506000,791506000,1000000,1000000,1000000,1000000,634506000,634506000,1000000,1000000,154000000,154000000,155000000,155000000,157000000,157000000,1000000,1000000,1000000,1000000,0,0,1000000,1000000,154000000,154000000,155000000,155000000,1000010,13000030,1000000,1000000,10,12000030
158,739506000,739506000,1000000,1000000,8000000,8000000,634506000,634506000,8000000,8000000,88000000,88000000,96000000,96000000,105000000,105000000,1000000,1000000,8000000,8000000,0,0,8000000,8000000,88000000,88000000,96000000,96000000,1000010,45000030,1000000,1000000,10,44000030
188,835506000,835506000,1000000,1000000,20000000,20000000,634506000,634506000,20000000,20000000,160000000,160000000,180000000,180000000,201000000,201000000,1000000,1000000,20000000,20000000,0,0,20000000,20000000,160000000,160000000,180000000,180000000,1000010,28000040,1000000,1000000,10,27000040
218,788506000,808506000,1000000,1000000,19000000,39000000,634506000,634506000,39000000,39000000,95000000,95000000,134000000,134000000,154000000,174000000,1000000,1000000,19000000,39000000,0,0,39000000,39000000,95000000,95000000,134000000,134000000,1000010,13000020,1000000,1000000,10,12000020
248,819506000,820506000,1000000,1000000,8000000,9000000,634506000,634506000,9000000,9000000,167000000,167000000,176000000,176000000,185000000,186000000,1000000,1000000,8000000,9000000,0,0,9000000,9000000,167000000,167000000,176000000,176000000,1000010,17000040,1000000,1000000,10,16000040
278,759506000,759506000,1000000,1000000,9000000,9000000,634506000,634506000,9000000,9000000,106000000,106000000,115000000,115000000,125000000,125000000,1000000,1000000,9000000,9000000,0,0,9000000,9000000,106000000,106000000,115000000,115000000,1000010,17000040,1000000,1000000,10,16000040
308,825506000,825506000,1000000,1000000,9000000,9000000,634506000,634506000,9000000,9000000,172000000,172000000,181000000,181000000,191000000,191000000,1000000,1000000,9000000,9000000,0,0,9000000,9000000,172000000,172000000,181000000,181000000,1000010,17000040,1000000,1000000,10,16000040
338,894506000,905506000,1000000,1000000,8000000,19000000,634506000,634506000,19000000,19000000,232000000,232000000,251000000,251000000,260000000,271000000,1000000,1000000,8000000,19000000,0,0,19000000,19000000,232000000,232000000,251000000,251000000,1000010,17000030,1000000,1000000,10,16000030
368,654506000,655506000,1000000,1000000,8000000,9000000,634506000,634506000,8000000,8000000,3000000,3000000,11000000,11000000,20000000,21000000,1000000,1000000,8000000,9000000,0,0,8000000,8000000,3000000,3000000,11000000,11000000,1000010,2000010,1000000,1000000,10,1000010
398,783506000,783506000,1000000,1000000,9000000,9000000,634506000,634506000,9000000,9000000,130000000,130000000,139000000,139000000,149000000,149000000,1000000,1000000,9000000,9000000,0,0,9000000,9000000,130000000,130000000,139000000,139000000,1000010,17000030,1000000,1000000,10,16000030
428,878506000,879506000,1000000,1000000,11000000,12000000,634506000,634506000,12000000,12000000,220000000,220000000,232000000,232000000,244000000,245000000,1000000,1000000,11000000,12000000,0,0,12000000,12000000,220000000,220000000,232000000,232000000,1000010,46000040,1000000,1000000,10,45000040
458,788506000,788506000,1000000,1000000,11000000,11000000,634506000,634506000,11000000,11000000,131000000,131000000,142000000,142000000,154000000,154000000,1000000,1000000,11000000,11000000,0,0,11000000,11000000,131000000,131000000,142000000,142000000,1000010,34000020,1000000,1000000,10,33000020
488,723506000,730506000,1000000,1000000,4000000,11000000,634506000,634506000,11000000,11000000,73000000,73000000,84000000,84000000,89000000,96000000,1000000,1000000,4000000,11000000,0,0,11000000,11000000,73000000,73000000,84000000,84000000,1000010,75000050,1000000,1000000,10,74000050
518,923506000,923506000,1000000,1000000,39000000,39000000,634506000,634506000,39000000,39000000,210000000,210000000,249000000,249000000,289000000,289000000,1000000,1000000,39000000,39000000,0,0,39000000,39000000,210000000,210000000,249000000,249000000,1000010,34000020,1000000,1000000,10,33000020
548,738506000,738506000,1000000,1000000,7000000,7000000,634506000,634506000,7000000,7000000,89000000,89000000,96000000,96000000,104000000,104000000,1000000,1000000,7000000,7000000,0,0,7000000,7000000,89000000,89000000,96000000,96000000,1000010,9000010,1000000,1000000,10,8000010
578,963506000,979506000,1000000,1000000,57000000,73000000,634506000,634506000,73000000,73000000,198000000,198000000,271000000,271000000,329000000,345000000,1000000,1000000,57000000,73000000,0,0,73000000,73000000,198000000,198000000,271000000,271000000,1000010,106000030,1000000,1000000,10,105000030
608,855506000,856506000,1000000,1000000,9000000,10000000,634506000,634506000,10000000,10000000,201000000,201000000,211000000,211000000,221000000,222000000,1000000,1000000,9000000,10000000,0,0,10000000,10000000,201000000,201000000,211000000,211000000,1000010,22000040,1000000,1000000,10,21000040
638,754506000,757506000,1000000,1000000,6000000,9000000,634506000,634506000,6000000,6000000,107000000,107000000,113000000,113000000,120000000,123000000,1000000,1000000,6000000,9000000,0,0,6000000,6000000,107000000,107000000,113000000,113000000,1000010,16000020,1000000,1000000,10,15000020
668,767506000,767506000,1000000,1000000,6000000,6000000,634506000,634506000,6000000,6000000,120000000,120000000,126000000,126000000,133000000,133000000,1000000,1000000,6000000,6000000,0,0,6000000,6000000,120000000,120000000,126000000,126000000,1000010,21000030,1000000,1000000,10,20000030
698,839506000,840506000,1000000,1000000,17000000,18000000,634506000,634506000,18000000,18000000,169000000,169000000,187000000,187000000,205000000,206000000,1000000,1000000,17000000,18000000,0,0,18000000,18000000,169000000,169000000,187000000,187000000,1000010,22000010,1000000,1000000,10,21000010
728,833506000,834506000,1000000,1000000,5000000,6000000,634506000,634506000,6000000,6000000,187000000,187000000,193000000,193000000,199000000,200000000,1000000,1000000,5000000,6000000,0,0,6000000,6000000,187000000,187000000,193000000,193000000,1000010,83000040,1000000,1000000,10,82000040
758,710506000,710506000,1000000,1000000,1000000,1000000,634506000,634506000,1000000,1000000,73000000,73000000,74000000,74000000,76000000,76000000,1000000,1000000,1000000,1000000,0,0,1000000,1000000,73000000,73000000,74000000,74000000,1000010,21000030,1000000,1000000,10,20000030
788,803506000,811506000,1000000,1000000,1000000,9000000,634506000,634506000,9000000,9000000,158000000,158000000,167000000,167000000,169000000,177000000,1000000,1000000,1000000,9000000,0,0,9000000,9000000,158000000,158000000,167000000,167000000,1000010,80000030,1000000,1000000,10,79000030
818,635506000,636506000,1000000,1000000,0,1000000,634506000,634506000,0,0,0,0,0,0,1000000,2000000,1000000,1000000,0,1000000,0,0,0,0,0,0,0,0,1000010,1000000,1000000,1000000,10,0
848,973506000,974506000,1000000,1000000,12000000,13000000,634506000,634506000,13000000,13000000,313000000,313000000,326000000,326000000,339000000,340000000,1000000,1000000,12000000,13000000,0,0,13000000,13000000,313000000,313000000,326000000,326000000,1000010,10000010,1000000,1000000,10,9000010
878,778506000,779506000,1000000,1000000,12000000,13000000,634506000,634506000,13000000,13000000,118000000,118000000,131000000,131000000,144000000,145000000,1000000,1000000,12000000,13000000,0,0,13000000,13000000,118000000,118000000,131000000,131000000,1000010,16000040,1000000,1000000,10,15000040
908,764506000,765506000,1000000,1000000,7000000,8000000,634506000,634506000,8000000,8000000,114000000,114000000,122000000,122000000,130000000,131000000,1000000,1000000,7000000,8000000,0,0,8000000,8000000,114000000,114000000,122000000,122000000,1000010,16000030,1000000,1000000,10,15000030
938,785506000,786506000,1000000,1000000,9000000,10000000,634506000,634506000,9000000,9000000,132000000,132000000,141000000,141000000,151000000,152000000,1000000,1000000,9000000,10000000,0,0,9000000,9000000,132000000,132000000,141000000,141000000,1000010,85000030,1000000,1000000,10,84000030
968,674506000,674506000,1000000,1000000,8000000,8000000,634506000,634506000,8000000,8000000,23000000,23000000,31000000,31000000,40000000,40000000,1000000,1000000,8000000,8000000,0,0,8000000,8000000,23000000,23000000,31000000,31000000,1000010,2000010,1000000,1000000,10,1000010
998,935506000,28883770000,1000000,1000000,0,19000000,634506000,28552770000,9000000,20000000,291000000,291000000,300000000,311000000,301000000,331000000,1000000,1000000,0,19000000,0,0,9000000,20000000,291000000,291000000,300000000,311000000,1000010,75000030,1000000,1000000,10,74000030
1028,673506000,1309012000,1000000,1000000,38000000,39000000,634506000,1269012000,0,0,0,0,0,0,39000000,40000000,1000000,1000000,38000000,39000000,0,0,0,0,0,0,0,0,1000010,1000000,1000000,1000000,10,0
1058,966506000,13059120000,1000000,1000000,1000000,38000000,634506000,12690120000,19000000,19000000,311000000,311000000,330000000,330000000,332000000,369000000,1000000,1000000,1000000,38000000,0,0,19000000,19000000,311000000,311000000,330000000,330000000,1000010,11000020,1000000,1000000,10,10000020
1088,776506000,2047518000,1000000,1000000,9000000,11000000,634506000,1903518000,9000000,9000000,123000000,123000000,132000000,132000000,142000000,144000000,1000000,1000000,9000000,11000000,0,0,9000000,9000000,123000000,123000000,132000000,132000000,1000010,35000030,1000000,1000000,10,34000030
1118,967506000,5415048000,1000000,1000000,7000000,13000000,634506000,5076048000,13000000,13000000,312000000,312000000,325000000,325000000,333000000,339000000,1000000,1000000,7000000,13000000,0,0,13000000,13000000,312000000,312000000,325000000,325000000,1000010,1000000,1000000,1000000,10,0
1148,660506000,1296012000,1000000,1000000,12000000,13000000,634506000,1269012000,12000000,12000000,1000000,1000000,13000000,13000000,26000000,27000000,1000000,1000000,12000000,13000000,0,0,12000000,12000000,1000000,1000000,13000000,13000000,1000010,1000000,1000000,1000000,10,0
1178,653506000,3192530000,1000000,1000000,8000000,9000000,634506000,3172530000,9000000,9000000,1000000,1000000,10000000,10000000,19000000,20000000,1000000,1000000,8000000,9000000,0,0,9000000,9000000,1000000,1000000,10000000,10000000,1000010,1000000,1000000,1000000,10,0
1208,644506000,1280012000,1000000,1000000,9000000,10000000,634506000,1269012000,0,0,0,0,0,0,10000000,11000000,1000000,1000000,9000000,10000000,0,0,0,0,0,0,0,0,1000010,1000000,1000000,1000000,10,0
1238,712506000,2618024000,1000000,1000000,17000000,19000000,634506000,2538024000,19000000,19000000,41000000,41000000,60000000,60000000,78000000,80000000,1000000,1000000,17000000,19000000,0,0,19000000,19000000,41000000,41000000,60000000,60000000,1000010,1000000,1000000,1000000,10,0
1268,966506000,1631012000,1000000,1000000,8000000,38000000,634506000,1269012000,38000000,38000000,285000000,285000000,323000000,323000000,332000000,362000000,1000000,1000000,8000000,38000000,0,0,38000000,38000000,285000000,285000000,323000000,323000000,1000010,12000030,1000000,1000000,10,11000030
9,947506000,948506000,1000000,1000000,17000000,18000000,634506000,634506000,18000000,18000000,277000000,277000000,295000000,295000000,313000000,314000000,1000000,1000000,17000000,18000000,0,0,18000000,18000000,277000000,277000000,295000000,295000000,1000010,48000020,1000000,1000000,10,47000020
39,873506000,874506000,1000000,1000000,18000000,19000000,634506000,634506000,19000000,19000000,201000000,201000000,220000000,220000000,239000000,240000000,1000000,1000000,18000000,19000000,0,0,19000000,19000000,201000000,201000000,220000000,220000000,1000010,73000020,1000000,1000000,10,72000020
69,888506000,890506000,1000000,1000000,10000000,12000000,634506000,634506000,12000000,12000000,231000000,231000000,243000000,243000000,254000000,256000000,1000000,1000000,10000000,12000000,0,0,12000000,12000000,231000000,231000000,243000000,243000000,1000010,69000040,1000000,1000000,10,68000040
99,922506000,923506000,1000000,1000000,19000000,20000000,634506000,634506000,20000000,20000000,248000000,248000000,268000000,268000000,288000000,289000000,1000000,1000000,19000000,20000000,0,0,20000000,20000000,248000000,248000000,268000000,268000000,1000010,23000010,1000000,1000000,10,22000010
129,798506000,798506000,1000000,1000000,1000000,1000000,634506000,634506000,1000000,1000000,161000000,161000000,162000000,162000000,164000000,164000000,1000000,1000000,1000000,1000000,0,0,1000000,1000000,161000000,161000000,162000000,162000000,1000010,13000030,1000000,1000000,10,12000030
159,1159506000,1162506000,1000000,1000000,43000000,46000000,634506000,634506000,46000000,46000000,435000000,435000000,481000000,481000000,525000000,528000000,1000000,1000000,43000000,46000000,0,0,46000000,46000000,435000000,435000000,481000000,481000000,1000010,122000060,1000000,1000000,10,121000060
189,750506000,751506000,1000000,1000000,19000000,20000000,634506000,634506000,20000000,20000000,76000000,76000000,96000000,96000000,116000000,117000000,1000000,1000000,19000000,20000000,0,0,20000000,20000000,76000000,76000000,96000000,96000000,1000010,23000010,1000000,1000000,10,22000010
219,895506000,896506000,1000000,1000000,19000000,20000000,634506000,634506000,20000000,20000000,221000000,221000000,241000000,241000000,261000000,262000000,1000000,1000000,19000000,20000000,0,0,20000000,20000000,221000000,221000000,241000000,241000000,1000010,24000020,1000000,1000000,10,23000020
249,819506000,820506000,1000000,1000000,8000000,9000000,634506000,634506000,9000000,9000000,167000000,167000000,176000000,176000000,185000000,186000000,1000000,1000000,8000000,9000000,0,0,9000000,9000000,167000000,167000000,176000000,176000000,1000010,17000040,1000000,1000000,10,16000040
279,825506000,825506000,1000000,1000000,9000000,9000000,634506000,634506000,9000000,9000000,172000000,172000000,181000000,181000000,191000000,191000000,1000000,1000000,9000000,9000000,0,0,9000000,9000000,172000000,172000000,181000000,181000000,1000010,17000040,1000000,1000000,10,16000040
309,892506000,893506000,1000000,1000000,8000000,9000000,634506000,634506000,9000000,9000000,240000000,240000000,249000000,249000000,258000000,259000000,1000000,1000000,8000000,9000000,0,0,9000000,9000000,240000000,240000000,249000000,249000000,1000010,34000020,1000000,1000000,10,33000020
339,892506000,893506000,1000000,1000000,8000000,9000000,634506000,634506000,9000000,9000000,240000000,240000000,249000000,249000000,258000000,259000000,1000000,1000000,8000000,9000000,0,0,9000000,9000000,240000000,240000000,249000000,249000000,1000010,34000020,1000000,1000000,10,33000020
369,654506000,655506000,1000000,1000000,8000000,9000000,634506000,634506000,8000000,8000000,3000000,3000000,11000000,11000000,20000000,21000000,1000000,1000000,8000000,9000000,0,0,8000000,8000000,3000000,3000000,11000000,11000000,1000010,2000010,1000000,1000000,10,1000010
399,968506000,969506000,1000000,1000000,12000000,13000000,634506000,634506000,13000000,13000000,308000000,308000000,321000000,321000000,334000000,335000000,1000000,1000000,12000000,13000000,0,0,13000000,13000000,308000000,308000000,321000000,321000000,1000010,3000010,1000000,1000000,10,2000010
429,818506000,818506000,1000000,1000000,11000000,11000000,634506000,634506000,11000000,11000000,161000000,161000000,172000000,172000000,184000000,184000000,1000000,1000000,11000000,11000000,0,0,11000000,11000000,161000000,161000000,172000000,172000000,1000010,27000040,1000000,1000000,10,26000040
459,950506000,952506000,1000000,1000000,11000000,13000000,634506000,634506000,13000000,13000000,291000000,291000000,304000000,304000000,316000000,318000000,1000000,1000000,11000000,13000000,0,0,13000000,13000000,291000000,291000000,304000000,304000000,1000010,70000050,1000000,1000000,10,69000050
489,751506000,757506000,1000000,1000000,4000000,10000000,634506000,634506000,4000000,4000000,108000000,108000000,112000000,112000000,117000000,123000000,1000000,1000000,4000000,10000000,0,0,4000000,4000000,108000000,108000000,112000000,112000000,1000010,75000050,1000000,1000000,10,74000050
519,1024506000,1025506000,1000000,1000000,38000000,39000000,634506000,634506000,39000000,39000000,312000000,312000000,351000000,351000000,390000000,391000000,1000000,1000000,38000000,39000000,0,0,39000000,39000000,312000000,312000000,351000000,351000000,1000010,84000020,1000000,1000000,10,83000020
549,734506000,740506000,1000000,1000000,1000000,7000000,634506000,634506000,7000000,7000000,91000000,91000000,98000000,98000000,100000000,106000000,1000000,1000000,1000000,7000000,0,0,7000000,7000000,91000000,91000000,98000000,98000000,1000010,19000020,1000000,1000000,10,18000020
579,982506000,983506000,1000000,1000000,57000000,58000000,634506000,634506000,58000000,58000000,232000000,232000000,290000000,290000000,348000000,349000000,1000000,1000000,57000000,58000000,0,0,58000000,58000000,232000000,232000000,290000000,290000000,1000010,106000030,1000000,1000000,10,105000030
609,856506000,857506000,1000000,1000000,9000000,10000000,634506000,634506000,10000000,10000000,202000000,202000000,212000000,212000000,222000000,223000000,1000000,1000000,9000000,10000000,0,0,10000000,10000000,202000000,202000000,212000000,212000000,1000010,22000040,1000000,1000000,10,21000040
639,807506000,808506000,1000000,1000000,9000000,10000000,634506000,634506000,10000000,10000000,153000000,153000000,163000000,163000000,173000000,174000000,1000000,1000000,9000000,10000000,0,0,10000000,10000000,153000000,153000000,163000000,163000000,1000010,84000020,1000000,1000000,10,83000020
669,767506000,767506000,1000000,1000000,6000000,6000000,634506000,634506000,6000000,6000000,120000000,120000000,126000000,126000000,133000000,133000000,1000000,1000000,6000000,6000000,0,0,6000000,6000000,120000000,120000000,126000000,126000000,1000010,11000010,1000000,1000000,10,10000010
699,839506000,840506000,1000000,1000000,17000000,18000000,634506000,634506000,18000000,18000000,169000000,169000000,187000000,187000000,205000000,206000000,1000000,1000000,17000000,18000000,0,0,18000000,18000000,169000000,169000000,187000000,187000000,1000010,22000010,1000000,1000000,10,21000010
729,738506000,739506000,1000000,1000000,5000000,6000000,634506000,634506000,6000000,6000000,92000000,92000000,98000000,98000000,104000000,105000000,1000000,1000000,5000000,6000000,0,0,6000000,6000000,92000000,92000000,98000000,98000000,1000010,15000030,1000000,1000000,10,14000030
759,710506000,710506000,1000000,1000000,1000000,1000000,634506000,634506000,1000000,1000000,73000000,73000000,74000000,74000000,76000000,76000000,1000000,1000000,1000000,1000000,0,0,1000000,1000000,73000000,73000000,74000000,74000000,1000010,21000030,1000000,1000000,10,20000030
789,746506000,746506000,1000000,1000000,1000000,1000000,634506000,634506000,1000000,1000000,109000000,109000000,110000000,110000000,112000000,112000000,1000000,1000000,1000000,1000000,0,0,1000000,1000000,109000000,109000000,110000000,110000000,1000010,82000040,1000000,1000000,10,81000040
819,806506000,813506000,1000000,1000000,0,7000000,634506000,634506000,7000000,7000000,164000000,164000000,171000000,171000000,172000000,179000000,1000000,1000000,0,7000000,0,0,7000000,7000000,164000000,164000000,171000000,171000000,1000010,75000040,1000000,1000000,10,74000040
849,818506000,818506000,1000000,1000000,12000000,12000000,634506000,634506000,12000000,12000000,159000000,159000000,171000000,171000000,184000000,184000000,1000000,1000000,12000000,12000000,0,0,12000000,12000000,159000000,159000000,171000000,171000000,1000010,10000010,1000000,1000000,10,9000010
879,777506000,778506000,1000000,1000000,12000000,13000000,634506000,634506000,13000000,13000000,117000000,117000000,130000000,130000000,143000000,144000000,1000000,1000000,12000000,13000000,0,0,13000000,13000000,117000000,117000000,130000000,130000000,1000010,6000010,1000000,1000000,10,5000010
909,880506000,881506000,1000000,1000000,7000000,8000000,634506000,634506000,8000000,8000000,230000000,230000000,238000000,238000000,246000000,247000000,1000000,1000000,7000000,8000000,0,0,8000000,8000000,230000000,230000000,238000000,238000000,1000010,86000030,1000000,1000000,10,85000030
939,968506000,970506000,1000000,1000000,9000000,11000000,634506000,634506000,11000000,11000000,313000000,313000000,324000000,324000000,334000000,336000000,1000000,1000000,9000000,11000000,0,0,11000000,11000000,313000000,313000000,324000000,324000000,1000010,29000040,1000000,1000000,10,28000040
969,766506000,766506000,1000000,1000000,8000000,8000000,634506000,634506000,8000000,8000000,115000000,115000000,123000000,123000000,132000000,132000000,1000000,1000000,8000000,8000000,0,0,8000000,8000000,115000000,115000000,123000000,123000000,1000010,9000020,1000000,1000000,10,8000020
999,747506000,19801686000,1000000,1000000,1000000,20000000,634506000,19669686000,20000000,20000000,91000000,91000000,111000000,111000000,113000000,132000000,1000000,1000000,1000000,20000000,0,0,20000000,20000000,91000000,91000000,111000000,111000000,1000010,9000020,1000000,1000000,10,8000020
1029,642506000,646506000,1000000,1000000,7000000,11000000,634506000,634506000,0,0,0,0,0,0,8000000,12000000,1000000,1000000,7000000,11000000,0,0,0,0,0,0,0,0,1000010,1000000,1000000,1000000,10,0
1059,645506000,646506000,1000000,1000000,10000000,11000000,634506000,634506000,0,0,0,0,0,0,11000000,12000000,1000000,1000000,10000000,11000000,0,0,0,0,0,0,0,0,1000010,1000000,1000000,1000000,10,0
1089,966506000,4776542000,1000000,1000000,10000000,13000000,634506000,4441542000,13000000,13000000,308000000,308000000,321000000,321000000,332000000,335000000,1000000,1000000,10000000,13000000,0,0,13000000,13000000,308000000,308000000,321000000,321000000,1000010,1000000,1000000,1000000,10,0
1119,799506000,2709024000,1000000,1000000,7000000,13000000,634506000,2538024000,13000000,13000000,144000000,144000000,157000000,157000000,165000000,171000000,1000000,1000000,7000000,13000000,0,0,13000000,13000000,144000000,144000000,157000000,157000000,1000010,1000000,1000000,1000000,10,0
1149,675506000,3214530000,1000000,1000000,7000000,8000000,634506000,3172530000,7000000,7000000,26000000,26000000,33000000,33000000,41000000,42000000,1000000,1000000,7000000,8000000,0,0,7000000,7000000,26000000,26000000,33000000,33000000,1000010,1000000,1000000,1000000,10,0
1179,653506000,3192530000,1000000,1000000,8000000,9000000,634506000,3172530000,9000000,9000000,1000000,1000000,10000000,10000000,19000000,20000000,1000000,1000000,8000000,9000000,0,0,9000000,9000000,1000000,1000000,10000000,10000000,1000010,1000000,1000000,1000000,10,0
1209,644506000,1914518000,1000000,1000000,9000000,10000000,634506000,1903518000,0,0,0,0,0,0,10000000,11000000,1000000,1000000,9000000,10000000,0,0,0,0,0,0,0,0,1000010,1000000,1000000,1000000,10,0
1239,739506000,2009518000,1000000,1000000,46000000,47000000,634506000,1903518000,46000000,46000000,12000000,12000000,58000000,58000000,105000000,106000000,1000000,1000000,46000000,47000000,0,0,46000000,46000000,12000000,12000000,58000000,58000000,1000010,8000040,1000000,1000000,10,7000040
1269,797506000,5875554000,1000000,1000000,7000000,9000000,634506000,5710554000,9000000,9000000,146000000,146000000,155000000,155000000,163000000,165000000,1000000,1000000,7000000,9000000,0,0,9000000,9000000,146000000,146000000,155000000,155000000,1000010,37000030,1000000,1000000,10,36000030
10,843506000,844506000,1000000,1000000,17000000,18000000,634506000,634506000,18000000,18000000,173000000,173000000,191000000,191000000,209000000,210000000,1000000,1000000,17000000,18000000,0,0,18000000,18000000,173000000,173000000,191000000,191000000,1000010,48000020,1000000,1000000,10,47000020
40,653506000,655506000,1000000,1000000,18000000,20000000,634506000,634506000,0,0,0,0,0,0,19000000,21000000,1000000,1000000,18000000,20000000,0,0,0,0,0,0,0,0,1000010,1000000,1000000,1000000,10,0
70,897506000,898506000,1000000,1000000,10000000,11000000,634506000,634506000,11000000,11000000,241000000,241000000,252000000,252000000,263000000,264000000,1000000,1000000,10000000,11000000,0,0,11000000,11000000,241000000,241000000,252000000,252000000,1000010,69000040,1000000,1000000,10,68000040
100,761506000,762506000,1000000,1000000,18000000,19000000,634506000,634506000,18000000,18000000,90000000,90000000,108000000,108000000,127000000,128000000,1000000,1000000,18000000,19000000,0,0,18000000,18000000,90000000,90000000,108000000,108000000,1000010,22000010,1000000,1000000,10,21000010
130,745506000,745506000,1000000,1000000,1000000,1000000,634506000,634506000,1000000,1000000,108000000,108000000,109000000,109000000,111000000,111000000,1000000,1000000,1000000,1000000,0,0,1000000,1000000,108000000,108000000,109000000,109000000,1000010,13000030,1000000,1000000,10,12000030
160,1018506000,1019506000,1000000,1000000,43000000,44000000,634506000,634506000,44000000,44000000,296000000,296000000,340000000,340000000,384000000,385000000,1000000,1000000,43000000,44000000,0,0,44000000,44000000,296000000,296000000,340000000,340000000,1000010,122000060,1000000,1000000,10,121000060
190,840506000,840506000,1000000,1000000,20000000,20000000,634506000,634506000,20000000,20000000,165000000,165000000,185000000,185000000,206000000,206000000,1000000,1000000,20000000,20000000,0,0,20000000,20000000,165000000,165000000,185000000,185000000,1000010,28000050,1000000,1000000,10,27000050
220,969506000,970506000,1000000,1000000,19000000,20000000,634506000,634506000,20000000,20000000,295000000,295000000,315000000,315000000,335000000,336000000,1000000,1000000,19000000,20000000,0,0,20000000,20000000,295000000,295000000,315000000,315000000,1000010,29000040,1000000,1000000,10,28000040
250,716506000,717506000,1000000,1000000,8000000,9000000,634506000,634506000,9000000,9000000,64000000,64000000,73000000,73000000,82000000,83000000,1000000,1000000,8000000,9000000,0,0,9000000,9000000,64000000,64000000,73000000,73000000,1000010,17000030,1000000,1000000,10,16000030
280,825506000,825506000,1000000,1000000,9000000,9000000,634506000,634506000,9000000,9000000,172000000,172000000,181000000,181000000,191000000,191000000,1000000,1000000,9000000,9000000,0,0,9000000,9000000,172000000,172000000,181000000,181000000,1000010,17000040,1000000,1000000,10,16000040
310,890506000,891506000,1000000,1000000,8000000,9000000,634506000,634506000,9000000,9000000,238000000,238000000,247000000,247000000,256000000,257000000,1000000,1000000,8000000,9000000,0,0,9000000,9000000,238000000,238000000,247000000,247000000,1000010,34000020,1000000,1000000,10,33000020
340,892506000,893506000,1000000,1000000,8000000,9000000,634506000,634506000,9000000,9000000,240000000,240000000,249000000,249000000,258000000,259000000,1000000,1000000,8000000,9000000,0,0,9000000,9000000,240000000,240000000,249000000,249000000,1000010,34000020,1000000,1000000,10,33000020
370,654506000,655506000,1000000,1000000,8000000,9000000,634506000,634506000,8000000,8000000,3000000,3000000,11000000,11000000,20000000,21000000,1000000,1000000,8000000,9000000,0,0,8000000,8000000,3000000,3000000,11000000,11000000,1000010,2000010,1000000,1000000,10,1000010
400,969506000,970506000,1000000,1000000,12000000,13000000,634506000,634506000,13000000,13000000,309000000,309000000,322000000,322000000,335000000,336000000,1000000,1000000,12000000,13000000,0,0,13000000,13000000,309000000,309000000,322000000,322000000,1000010,3000010,1000000,1000000,10,2000010
430,838506000,838506000,1000000,1000000,11000000,11000000,634506000,634506000,11000000,11000000,181000000,181000000,192000000,192000000,204000000,204000000,1000000,1000000,11000000,11000000,0,0,11000000,11000000,181000000,181000000,192000000,192000000,1000010,27000040,1000000,1000000,10,26000040
460,726506000,729506000,1000000,1000000,8000000,11000000,634506000,634506000,11000000,11000000,72000000,72000000,83000000,83000000,92000000,95000000,1000000,1000000,8000000,11000000,0,0,11000000,11000000,72000000,72000000,83000000,83000000,1000010,67000040,1000000,1000000,10,66000040
490,639506000,640506000,1000000,1000000,4000000,5000000,634506000,634506000,0,0,0,0,0,0,5000000,6000000,1000000,1000000,4000000,5000000,0,0,0,0,0,0,0,0,1000010,1000000,1000000,1000000,10,0
520,1024506000,1025506000,1000000,1000000,38000000,39000000,634506000,634506000,39000000,39000000,312000000,312000000,351000000,351000000,390000000,391000000,1000000,1000000,38000000,39000000,0,0,39000000,39000000,312000000,312000000,351000000,351000000,1000010,84000020,1000000,1000000,10,83000020
550,809506000,810506000,1000000,1000000,7000000,8000000,634506000,634506000,8000000,8000000,159000000,159000000,167000000,167000000,175000000,176000000,1000000,1000000,7000000,8000000,0,0,8000000,8000000,159000000,159000000,167000000,167000000,1000010,11000030,1000000,1000000,10,10000030
580,983506000,984506000,1000000,1000000,57000000,58000000,634506000,634506000,58000000,58000000,233000000,233000000,291000000,291000000,349000000,350000000,1000000,1000000,57000000,58000000,0,0,58000000,58000000,233000000,233000000,291000000,291000000,1000010,106000030,1000000,1000000,10,105000030
610,856506000,857506000,1000000,1000000,9000000,10000000,634506000,634506000,10000000,10000000,202000000,202000000,212000000,212000000,222000000,223000000,1000000,1000000,9000000,10000000,0,0,10000000,10000000,202000000,202000000,212000000,212000000,1000010,22000040,1000000,1000000,10,21000040
640,742506000,801506000,1000000,1000000,9000000,19000000,634506000,634506000,19000000,80000000,79000000,67000000,98000000,147000000,108000000,167000000,1000000,1000000,9000000,19000000,0,0,19000000,80000000,79000000,67000000,98000000,147000000,1000010,73000020,1000000,1000000,10,72000020
670,768506000,768506000,1000000,1000000,6000000,6000000,634506000,634506000,6000000,6000000,121000000,121000000,127000000,127000000,134000000,134000000,1000000,1000000,6000000,6000000,0,0,6000000,6000000,121000000,121000000,127000000,127000000,1000010,21000030,1000000,1000000,10,20000030
700,839506000,840506000,1000000,1000000,17000000,18000000,634506000,634506000,18000000,18000000,169000000,169000000,187000000,187000000,205000000,206000000,1000000,1000000,17000000,18000000,0,0,18000000,18000000,169000000,169000000,187000000,187000000,1000010,22000010,1000000,1000000,10,21000010
730,869506000,869506000,1000000,1000000,6000000,6000000,634506000,634506000,6000000,6000000,222000000,222000000,228000000,228000000,235000000,235000000,1000000,1000000,6000000,6000000,0,0,6000000,6000000,222000000,222000000,228000000,228000000,1000010,83000030,1000000,1000000,10,82000030
760,703506000,703506000,1000000,1000000,1000000,1000000,634506000,634506000,1000000,1000000,66000000,66000000,67000000,67000000,69000000,69000000,1000000,1000000,1000000,1000000,0,0,1000000,1000000,66000000,66000000,67000000,67000000,1000010,21000030,1000000,1000000,10,20000030
790,746506000,746506000,1000000,1000000,1000000,1000000,634506000,634506000,1000000,1000000,109000000,109000000,110000000,110000000,112000000,112000000,1000000,1000000,1000000,1000000,0,0,1000000,1000000,109000000,109000000,110000000,110000000,1000010,82000040,1000000,1000000,10,81000040
820,850506000,851506000,1000000,1000000,0,1000000,634506000,634506000,1000000,1000000,214000000,214000000,215000000,215000000,216000000,217000000,1000000,1000000,0,1000000,0,0,1000000,1000000,214000000,214000000,215000000,215000000,1000010,82000030,1000000,1000000,10,81000030
850,895506000,896506000,1000000,1000000,12000000,13000000,634506000,634506000,13000000,13000000,235000000,235000000,248000000,248000000,261000000,262000000,1000000,1000000,12000000,13000000,0,0,13000000,13000000,235000000,235000000,248000000,248000000,1000010,10000010,1000000,1000000,10,9000010
880,960506000,961506000,1000000,1000000,15000000,16000000,634506000,634506000,16000000,16000000,294000000,294000000,310000000,310000000,326000000,327000000,1000000,1000000,15000000,16000000,0,0,16000000,16000000,294000000,294000000,310000000,310000000,1000010,29000040,1000000,1000000,10,28000040
910,653506000,653506000,1000000,1000000,8000000,8000000,634506000,634506000,8000000,8000000,2000000,2000000,10000000,10000000,19000000,19000000,1000000,1000000,8000000,8000000,0,0,8000000,8000000,2000000,2000000,10000000,10000000,1000010,2000010,1000000,1000000,10,1000010
940,882506000,882506000,1000000,1000000,9000000,9000000,634506000,634506000,9000000,9000000,229000000,229000000,238000000,238000000,248000000,248000000,1000000,1000000,9000000,9000000,0,0,9000000,9000000,229000000,229000000,238000000,238000000,1000010,17000040,1000000,1000000,10,16000040
970,766506000,766506000,1000000,1000000,8000000,8000000,634506000,634506000,8000000,8000000,115000000,115000000,123000000,123000000,132000000,132000000,1000000,1000000,8000000,8000000,0,0,8000000,8000000,115000000,115000000,123000000,123000000,1000010,9000020,1000000,1000000,10,8000020
1000,891506000,20580192000,1000000,1000000,1000000,20000000,634506000,20304192000,20000000,20000000,235000000,235000000,255000000,255000000,257000000,276000000,1000000,1000000,1000000,20000000,0,0,20000000,20000000,235000000,235000000,255000000,255000000,1000010,16000050,1000000,1000000,10,15000050
1030,861506000,12928120000,1000000,1000000,1000000,12000000,634506000,12690120000,8000000,8000000,217000000,217000000,225000000,225000000,227000000,238000000,1000000,1000000,1000000,12000000,0,0,8000000,8000000,217000000,217000000,225000000,225000000,1000010,18000030,1000000,1000000,10,17000030
1060,644506000,1914518000,1000000,1000000,9000000,10000000,634506000,1903518000,0,0,0,0,0,0,10000000,11000000,1000000,1000000,9000000,10000000,0,0,0,0,0,0,0,0,1000010,1000000,1000000,1000000,10,0
1090,964506000,4140036000,1000000,1000000,10000000,13000000,634506000,3807036000,13000000,13000000,306000000,306000000,319000000,319000000,330000000,333000000,1000000,1000000,10000000,13000000,0,0,13000000,13000000,306000000,306000000,319000000,319000000,1000010,1000000,1000000,1000000,10,0
1120,753506000,5200048000,1000000,1000000,8000000,13000000,634506000,5076048000,12000000,12000000,98000000,98000000,110000000,110000000,119000000,124000000,1000000,1000000,8000000,13000000,0,0,12000000,12000000,98000000,98000000,110000000,110000000,1000010,23000020,1000000,1000000,10,22000020
1150,815506000,7799072000,1000000,1000000,7000000,11000000,634506000,7614072000,8000000,8000000,165000000,165000000,173000000,173000000,181000000,185000000,1000000,1000000,7000000,11000000,0,0,8000000,8000000,165000000,165000000,173000000,173000000,1000010,84000020,1000000,1000000,10,83000020
1180,653506000,3192530000,1000000,1000000,8000000,9000000,634506000,3172530000,9000000,9000000,1000000,1000000,10000000,10000000,19000000,20000000,1000000,1000000,8000000,9000000,0,0,9000000,9000000,1000000,1000000,10000000,10000000,1000010,1000000,1000000,1000000,10,0
1210,644506000,1914518000,1000000,1000000,9000000,10000000,634506000,1903518000,0,0,0,0,0,0,10000000,11000000,1000000,1000000,9000000,10000000,0,0,0,0,0,0,0,0,1000010,1000000,1000000,1000000,10,0
1240,1033506000,2947024000,1000000,1000000,38000000,48000000,634506000,2538024000,48000000,48000000,312000000,312000000,360000000,360000000,399000000,409000000,1000000,1000000,38000000,48000000,0,0,48000000,48000000,312000000,312000000,360000000,360000000,1000010,33000040,1000000,1000000,10,32000040
1270,675506000,2580024000,1000000,1000000,7000000,8000000,634506000,2538024000,7000000,7000000,26000000,26000000,33000000,33000000,41000000,42000000,1000000,1000000,7000000,8000000,0,0,7000000,7000000,26000000,26000000,33000000,33000000,1000010,1000000,1000000,1000000,10,0
11,787506000,803506000,1000000,1000000,1000000,17000000,634506000,634506000,17000000,17000000,134000000,134000000,151000000,151000000,153000000,169000000,1000000,1000000,1000000,17000000,0,0,17000000,17000000,134000000,134000000,151000000,151000000,1000010,10000030,1000000,1000000,10,9000030
41,779506000,779506000,1000000,1000000,18000000,18000000,634506000,634506000,18000000,18000000,108000000,108000000,126000000,126000000,145000000,145000000,1000000,1000000,18000000,18000000,0,0,18000000,18000000,108000000,108000000,126000000,126000000,1000010,16000020,1000000,1000000,10,15000020
71,888506000,890506000,1000000,1000000,10000000,12000000,634506000,634506000,12000000,12000000,231000000,231000000,243000000,243000000,254000000,256000000,1000000,1000000,10000000,12000000,0,0,12000000,12000000,231000000,231000000,243000000,243000000,1000010,69000040,1000000,1000000,10,68000040
101,756506000,758506000,1000000,1000000,18000000,20000000,634506000,634506000,18000000,18000000,85000000,85000000,103000000,103000000,122000000,124000000,1000000,1000000,18000000,20000000,0,0,18000000,18000000,85000000,85000000,103000000,103000000,1000010,22000030,1000000,1000000,10,21000030
131,697506000,704506000,1000000,1000000,1000000,8000000,634506000,634506000,1000000,1000000,60000000,60000000,61000000,61000000,63000000,70000000,1000000,1000000,1000000,8000000,0,0,1000000,1000000,60000000,60000000,61000000,61000000,1000010,13000020,1000000,1000000,10,12000020
161,1038506000,1042506000,1000000,1000000,43000000,47000000,634506000,634506000,47000000,47000000,313000000,313000000,360000000,360000000,404000000,408000000,1000000,1000000,43000000,47000000,0,0,47000000,47000000,313000000,313000000,360000000,360000000,1000010,38000040,1000000,1000000,10,37000040
191,881506000,881506000,1000000,1000000,20000000,20000000,634506000,634506000,20000000,20000000,206000000,206000000,226000000,226000000,247000000,247000000,1000000,1000000,20000000,20000000,0,0,20000000,20000000,206000000,206000000,226000000,226000000,1000010,52000030,1000000,1000000,10,51000030
221,894506000,895506000,1000000,1000000,19000000,20000000,634506000,634506000,20000000,20000000,220000000,220000000,240000000,240000000,260000000,261000000,1000000,1000000,19000000,20000000,0,0,20000000,20000000,220000000,220000000,240000000,240000000,1000010,23000010,1000000,1000000,10,22000010
251,766506000,768506000,1000000,1000000,6000000,8000000,634506000,634506000,6000000,6000000,119000000,119000000,125000000,125000000,132000000,134000000,1000000,1000000,6000000,8000000,0,0,6000000,6000000,119000000,119000000,125000000,125000000,1000010,16000020,1000000,1000000,10,15000020
281,728506000,728506000,1000000,1000000,9000000,9000000,634506000,634506000,9000000,9000000,75000000,75000000,84000000,84000000,94000000,94000000,1000000,1000000,9000000,9000000,0,0,9000000,9000000,75000000,75000000,84000000,84000000,1000010,16000020,1000000,1000000,10,15000020
311,892506000,893506000,1000000,1000000,8000000,9000000,634506000,634506000,9000000,9000000,240000000,240000000,249000000,249000000,258000000,259000000,1000000,1000000,8000000,9000000,0,0,9000000,9000000,240000000,240000000,249000000,249000000,1000010,34000020,1000000,1000000,10,33000020
341,892506000,893506000,1000000,1000000,8000000,9000000,634506000,634506000,9000000,9000000,240000000,240000000,249000000,249000000,258000000,259000000,1000000,1000000,8000000,9000000,0,0,9000000,9000000,240000000,240000000,249000000,249000000,1000010,34000020,1000000,1000000,10,33000020
371,654506000,655506000,1000000,1000000,8000000,9000000,634506000,634506000,8000000,8000000,3000000,3000000,11000000,11000000,20000000,21000000,1000000,1000000,8000000,9000000,0,0,8000000,8000000,3000000,3000000,11000000,11000000,1000010,2000010,1000000,1000000,10,1000010
401,967506000,968506000,1000000,1000000,12000000,13000000,634506000,634506000,13000000,13000000,307000000,307000000,320000000,320000000,333000000,334000000,1000000,1000000,12000000,13000000,0,0,13000000,13000000,307000000,307000000,320000000,320000000,1000010,3000010,1000000,1000000,10,2000010
431,756506000,757506000,1000000,1000000,10000000,11000000,634506000,634506000,11000000,11000000,100000000,100000000,111000000,111000000,122000000,123000000,1000000,1000000,10000000,11000000,0,0,11000000,11000000,100000000,100000000,111000000,111000000,1000010,27000040,1000000,1000000,10,26000040
461,750506000,750506000,1000000,1000000,11000000,11000000,634506000,634506000,11000000,11000000,93000000,93000000,104000000,104000000,116000000,116000000,1000000,1000000,11000000,11000000,0,0,11000000,11000000,93000000,93000000,104000000,104000000,1000010,34000020,1000000,1000000,10,33000020
491,913506000,913506000,1000000,1000000,4000000,4000000,634506000,634506000,4000000,4000000,270000000,270000000,274000000,274000000,279000000,279000000,1000000,1000000,4000000,4000000,0,0,4000000,4000000,270000000,270000000,274000000,274000000,1000010,16000040,1000000,1000000,10,15000040
521,784506000,803506000,1000000,1000000,19000000,38000000,634506000,634506000,38000000,38000000,92000000,92000000,130000000,130000000,150000000,169000000,1000000,1000000,19000000,38000000,0,0,38000000,38000000,92000000,92000000,130000000,130000000,1000010,63000010,1000000,1000000,10,62000010
551,869506000,870506000,1000000,1000000,7000000,8000000,634506000,634506000,8000000,8000000,219000000,219000000,227000000,227000000,235000000,236000000,1000000,1000000,7000000,8000000,0,0,8000000,8000000,219000000,219000000,227000000,227000000,1000010,23000030,1000000,1000000,10,22000030
581,1024506000,1052506000,1000000,1000000,57000000,85000000,634506000,634506000,85000000,85000000,247000000,247000000,332000000,332000000,390000000,418000000,1000000,1000000,57000000,85000000,0,0,85000000,85000000,247000000,247000000,332000000,332000000,1000010,107000030,1000000,1000000,10,106000030
611,856506000,857506000,1000000,1000000,9000000,10000000,634506000,634506000,10000000,10000000,202000000,202000000,212000000,212000000,222000000,223000000,1000000,1000000,9000000,10000000,0,0,10000000,10000000,202000000,202000000,212000000,212000000,1000010,22000040,1000000,1000000,10,21000040
641,839506000,840506000,1000000,1000000,9000000,10000000,634506000,634506000,10000000,10000000,185000000,185000000,195000000,195000000,205000000,206000000,1000000,1000000,9000000,10000000,0,0,10000000,10000000,185000000,185000000,195000000,195000000,1000010,84000020,1000000,1000000,10,83000020
671,858506000,859506000,1000000,1000000,6000000,7000000,634506000,634506000,7000000,7000000,210000000,210000000,217000000,217000000,224000000,225000000,1000000,1000000,6000000,7000000,0,0,7000000,7000000,210000000,210000000,217000000,217000000,1000010,21000030,1000000,1000000,10,20000030
701,839506000,840506000,1000000,1000000,17000000,18000000,634506000,634506000,18000000,18000000,169000000,169000000,187000000,187000000,205000000,206000000,1000000,1000000,17000000,18000000,0,0,18000000,18000000,169000000,169000000,187000000,187000000,1000010,22000010,1000000,1000000,10,21000010
731,787506000,787506000,1000000,1000000,6000000,6000000,634506000,634506000,6000000,6000000,140000000,140000000,146000000,146000000,153000000,153000000,1000000,1000000,6000000,6000000,0,0,6000000,6000000,140000000,140000000,146000000,146000000,1000010,13000020,1000000,1000000,10,12000020
761,710506000,710506000,1000000,1000000,1000000,1000000,634506000,634506000,1000000,1000000,73000000,73000000,74000000,74000000,76000000,76000000,1000000,1000000,1000000,1000000,0,0,1000000,1000000,73000000,73000000,74000000,74000000,1000010,21000030,1000000,1000000,10,20000030
791,696506000,718506000,1000000,1000000,1000000,1000000,634506000,634506000,1000000,81000000,59000000,1000000,60000000,82000000,62000000,84000000,1000000,1000000,1000000,1000000,0,0,1000000,81000000,59000000,1000000,60000000,82000000,1000010,82000040,1000000,1000000,10,81000040
821,850506000,851506000,1000000,1000000,0,1000000,634506000,634506000,1000000,1000000,214000000,214000000,215000000,215000000,216000000,217000000,1000000,1000000,0,1000000,0,0,1000000,1000000,214000000,214000000,215000000,215000000,1000010,82000030,1000000,1000000,10,81000030
851,768506000,769506000,1000000,1000000,12000000,13000000,634506000,634506000,13000000,13000000,108000000,108000000,121000000,121000000,134000000,135000000,1000000,1000000,12000000,13000000,0,0,13000000,13000000,108000000,108000000,121000000,121000000,1000010,10000010,1000000,1000000,10,9000010
881,962506000,963506000,1000000,1000000,15000000,16000000,634506000,634506000,16000000,16000000,296000000,296000000,312000000,312000000,328000000,329000000,1000000,1000000,15000000,16000000,0,0,16000000,16000000,296000000,296000000,312000000,312000000,1000010,29000040,1000000,1000000,10,28000040
911,651506000,652506000,1000000,1000000,16000000,17000000,634506000,634506000,0,0,0,0,0,0,17000000,18000000,1000000,1000000,16000000,17000000,0,0,0,0,0,0,0,0,1000010,1000000,1000000,1000000,10,0
941,932506000,933506000,1000000,1000000,9000000,10000000,634506000,634506000,10000000,10000000,278000000,278000000,288000000,288000000,298000000,299000000,1000000,1000000,9000000,10000000,0,0,10000000,10000000,278000000,278000000,288000000,288000000,1000010,28000040,1000000,1000000,10,27000040
971,732506000,732506000,1000000,1000000,11000000,11000000,634506000,634506000,11000000,11000000,75000000,75000000,86000000,86000000,98000000,98000000,1000000,1000000,11000000,11000000,0,0,11000000,11000000,75000000,75000000,86000000,86000000,1000010,3000010,1000000,1000000,10,2000010
1001,966506000,4776542000,1000000,1000000,10000000,13000000,634506000,4441542000,13000000,13000000,308000000,308000000,321000000,321000000,332000000,335000000,1000000,1000000,10000000,13000000,0,0,13000000,13000000,308000000,308000000,321000000,321000000,1000010,1000000,1000000,1000000,10,0
1031,809506000,4029036000,1000000,1000000,10000000,57000000,634506000,3807036000,57000000,57000000,107000000,107000000,164000000,164000000,175000000,222000000,1000000,1000000,10000000,57000000,0,0,57000000,57000000,107000000,107000000,164000000,164000000,1000010,29000010,1000000,1000000,10,28000010
1061,772506000,4587542000,1000000,1000000,1000000,9000000,634506000,4441542000,8000000,8000000,128000000,128000000,136000000,136000000,138000000,146000000,1000000,1000000,1000000,9000000,0,0,8000000,8000000,128000000,128000000,136000000,136000000,1000010,34000020,1000000,1000000,10,33000020
1091,962506000,3503530000,1000000,1000000,10000000,13000000,634506000,3172530000,13000000,13000000,304000000,304000000,317000000,317000000,328000000,331000000,1000000,1000000,10000000,13000000,0,0,13000000,13000000,304000000,304000000,317000000,317000000,1000010,1000000,1000000,1000000,10,0
1121,643506000,644506000,1000000,1000000,8000000,9000000,634506000,634506000,0,0,0,0,0,0,9000000,10000000,1000000,1000000,8000000,9000000,0,0,0,0,0,0,0,0,1000010,1000000,1000000,1000000,10,0
1151,912506000,9805590000,1000000,1000000,0,10000000,634506000,9517590000,8000000,8000000,269000000,269000000,277000000,277000000,278000000,288000000,1000000,1000000,0,10000000,0,0,8000000,8000000,269000000,269000000,277000000,277000000,1000010,81000040,1000000,1000000,10,80000040
1181,653506000,3192530000,1000000,1000000,8000000,9000000,634506000,3172530000,9000000,9000000,1000000,1000000,10000000,10000000,19000000,20000000,1000000,1000000,8000000,9000000,0,0,9000000,9000000,1000000,1000000,10000000,10000000,1000010,1000000,1000000,1000000,10,0
1211,644506000,1914518000,1000000,1000000,9000000,10000000,634506000,1903518000,0,0,0,0,0,0,10000000,11000000,1000000,1000000,9000000,10000000,0,0,0,0,0,0,0,0,1000010,1000000,1000000,1000000,10,0
1241,691506000,1327012000,1000000,1000000,8000000,9000000,634506000,1269012000,9000000,9000000,39000000,39000000,48000000,48000000,57000000,58000000,1000000,1000000,8000000,9000000,0,0,9000000,9000000,39000000,39000000,48000000,48000000,1000010,1000000,1000000,1000000,10,0
1271,712506000,2618024000,1000000,1000000,17000000,19000000,634506000,2538024000,19000000,19000000,41000000,41000000,60000000,60000000,78000000,80000000,1000000,1000000,17000000,19000000,0,0,19000000,19000000,41000000,41000000,60000000,60000000,1000010,1000000,1000000,1000000,10,0
12,985506000,986506000,1000000,1000000,19000000,20000000,634506000,634506000,20000000,20000000,311000000,311000000,331000000,331000000,351000000,352000000,1000000,1000000,19000000,20000000,0,0,20000000,20000000,311000000,311000000,331000000,331000000,1000010,24000020,1000000,1000000,10,23000020
42,652506000,653506000,1000000,1000000,17000000,18000000,634506000,634506000,0,0,0,0,0,0,18000000,19000000,1000000,1000000,17000000,18000000,0,0,0,0,0,0,0,0,1000010,1000000,1000000,1000000,10,0
72,897506000,898506000,1000000,1000000,10000000,11000000,634506000,634506000,11000000,11000000,241000000,241000000,252000000,252000000,263000000,264000000,1000000,1000000,10000000,11000000,0,0,11000000,11000000,241000000,241000000,252000000,252000000,1000010,69000040,1000000,1000000,10,68000040
102,762506000,762506000,1000000,1000000,18000000,18000000,634506000,634506000,18000000,18000000,91000000,91000000,109000000,109000000,128000000,128000000,1000000,1000000,18000000,18000000,0,0,18000000,18000000,91000000,91000000,109000000,109000000,1000010,48000020,1000000,1000000,10,47000020
132,798506000,798506000,1000000,1000000,1000000,1000000,634506000,634506000,1000000,1000000,161000000,161000000,162000000,162000000,164000000,164000000,1000000,1000000,1000000,1000000,0,0,1000000,1000000,161000000,161000000,162000000,162000000,1000010,13000030,1000000,1000000,10,12000030
162,715506000,743506000,1000000,1000000,9000000,37000000,634506000,634506000,37000000,37000000,34000000,34000000,71000000,71000000,81000000,109000000,1000000,1000000,9000000,37000000,0,0,37000000,37000000,34000000,34000000,71000000,71000000,1000010,11000040,1000000,1000000,10,10000040
192,882506000,882506000,1000000,1000000,20000000,20000000,634506000,634506000,20000000,20000000,207000000,207000000,227000000,227000000,248000000,248000000,1000000,1000000,20000000,20000000,0,0,20000000,20000000,207000000,207000000,227000000,227000000,1000010,52000030,1000000,1000000,10,51000030
222,894506000,895506000,1000000,1000000,19000000,20000000,634506000,634506000,20000000,20000000,220000000,220000000,240000000,240000000,260000000,261000000,1000000,1000000,19000000,20000000,0,0,20000000,20000000,220000000,220000000,240000000,240000000,1000010,23000010,1000000,1000000,10,22000010
252,778506000,780506000,1000000,1000000,6000000,8000000,634506000,634506000,6000000,6000000,131000000,131000000,137000000,137000000,144000000,146000000,1000000,1000000,6000000,8000000,0,0,6000000,6000000,131000000,131000000,137000000,137000000,1000010,18000030,1000000,1000000,10,17000030
282,847506000,847506000,1000000,1000000,9000000,9000000,634506000,634506000,9000000,9000000,194000000,194000000,203000000,203000000,213000000,213000000,1000000,1000000,9000000,9000000,0,0,9000000,9000000,194000000,194000000,203000000,203000000,1000010,17000040,1000000,1000000,10,16000040
312,826506000,827506000,1000000,1000000,8000000,9000000,634506000,634506000,9000000,9000000,174000000,174000000,183000000,183000000,192000000,193000000,1000000,1000000,8000000,9000000,0,0,9000000,9000000,174000000,174000000,183000000,183000000,1000010,57000030,1000000,1000000,10,56000030
342,892506000,893506000,1000000,1000000,8000000,9000000,634506000,634506000,9000000,9000000,240000000,240000000,249000000,249000000,258000000,259000000,1000000,1000000,8000000,9000000,0,0,9000000,9000000,240000000,240000000,249000000,249000000,1000010,34000020,1000000,1000000,10,33000020
372,783506000,783506000,1000000,1000000,9000000,9000000,634506000,634506000,9000000,9000000,130000000,130000000,139000000,139000000,149000000,149000000,1000000,1000000,9000000,9000000,0,0,9000000,9000000,130000000,130000000,139000000,139000000,1000010,17000030,1000000,1000000,10,16000030
402,828506000,829506000,1000000,1000000,11000000,12000000,634506000,634506000,12000000,12000000,170000000,170000000,182000000,182000000,194000000,195000000,1000000,1000000,11000000,12000000,0,0,12000000,12000000,170000000,170000000,182000000,182000000,1000010,27000040,1000000,1000000,10,26000040
432,837506000,837506000,1000000,1000000,11000000,11000000,634506000,634506000,11000000,11000000,180000000,180000000,191000000,191000000,203000000,203000000,1000000,1000000,11000000,11000000,0,0,11000000,11000000,180000000,180000000,191000000,191000000,1000010,27000040,1000000,1000000,10,26000040
462,751506000,751506000,1000000,1000000,11000000,11000000,634506000,634506000,11000000,11000000,94000000,94000000,105000000,105000000,117000000,117000000,1000000,1000000,11000000,11000000,0,0,11000000,11000000,94000000,94000000,105000000,105000000,1000010,34000020,1000000,1000000,10,33000020
492,899506000,899506000,1000000,1000000,4000000,4000000,634506000,634506000,4000000,4000000,256000000,256000000,260000000,260000000,265000000,265000000,1000000,1000000,4000000,4000000,0,0,4000000,4000000,256000000,256000000,260000000,260000000,1000010,74000040,1000000,1000000,10,73000040
522,818506000,839506000,1000000,1000000,17000000,38000000,634506000,634506000,38000000,38000000,128000000,128000000,166000000,166000000,184000000,205000000,1000000,1000000,17000000,38000000,0,0,38000000,38000000,128000000,128000000,166000000,166000000,1000010,27000040,1000000,1000000,10,26000040
552,869506000,870506000,1000000,1000000,7000000,8000000,634506000,634506000,8000000,8000000,219000000,219000000,227000000,227000000,235000000,236000000,1000000,1000000,7000000,8000000,0,0,8000000,8000000,219000000,219000000,227000000,227000000,1000010,23000030,1000000,1000000,10,22000030
582,739506000,741506000,1000000,1000000,44000000,46000000,634506000,634506000,46000000,46000000,14000000,14000000,60000000,60000000,105000000,107000000,1000000,1000000,44000000,46000000,0,0,46000000,46000000,14000000,14000000,60000000,60000000,1000010,38000060,1000000,1000000,10,37000060
612,856506000,857506000,1000000,1000000,9000000,10000000,634506000,634506000,10000000,10000000,202000000,202000000,212000000,212000000,222000000,223000000,1000000,1000000,9000000,10000000,0,0,10000000,10000000,202000000,202000000,212000000,212000000,1000010,22000040,1000000,1000000,10,21000040
642,807506000,808506000,1000000,1000000,9000000,10000000,634506000,634506000,10000000,10000000,153000000,153000000,163000000,163000000,173000000,174000000,1000000,1000000,9000000,10000000,0,0,10000000,10000000,153000000,153000000,163000000,163000000,1000010,84000020,1000000,1000000,10,83000020
672,782506000,783506000,1000000,1000000,5000000,6000000,634506000,634506000,6000000,6000000,136000000,136000000,142000000,142000000,148000000,149000000,1000000,1000000,5000000,6000000,0,0,6000000,6000000,136000000,136000000,142000000,142000000,1000010,83000040,1000000,1000000,10,82000040
702,799506000,800506000,1000000,1000000,17000000,18000000,634506000,634506000,18000000,18000000,129000000,129000000,147000000,147000000,165000000,166000000,1000000,1000000,17000000,18000000,0,0,18000000,18000000,129000000,129000000,147000000,147000000,1000010,22000010,1000000,1000000,10,21000010
732,827506000,827506000,1000000,1000000,6000000,6000000,634506000,634506000,6000000,6000000,180000000,180000000,186000000,186000000,193000000,193000000,1000000,1000000,6000000,6000000,0,0,6000000,6000000,180000000,180000000,186000000,186000000,1000010,83000030,1000000,1000000,10,82000030
762,710506000,710506000,1000000,1000000,1000000,1000000,634506000,634506000,1000000,1000000,73000000,73000000,74000000,74000000,76000000,76000000,1000000,1000000,1000000,1000000,0,0,1000000,1000000,73000000,73000000,74000000,74000000,1000010,21000030,1000000,1000000,10,20000030
792,749506000,749506000,1000000,1000000,1000000,1000000,634506000,634506000,1000000,1000000,112000000,112000000,113000000,113000000,115000000,115000000,1000000,1000000,1000000,1000000,0,0,1000000,1000000,112000000,112000000,113000000,113000000,1000010,82000040,1000000,1000000,10,81000040
822,850506000,851506000,1000000,1000000,0,1000000,634506000,634506000,1000000,1000000,214000000,214000000,215000000,215000000,216000000,217000000,1000000,1000000,0,1000000,0,0,1000000,1000000,214000000,214000000,215000000,215000000,1000010,82000030,1000000,1000000,10,81000030
852,894506000,895506000,1000000,1000000,12000000,13000000,634506000,634506000,13000000,13000000,234000000,234000000,247000000,247000000,260000000,261000000,1000000,1000000,12000000,13000000,0,0,13000000,13000000,234000000,234000000,247000000,247000000,1000010,10000010,1000000,1000000,10,9000010
882,835506000,836506000,1000000,1000000,15000000,16000000,634506000,634506000,16000000,16000000,169000000,169000000,185000000,185000000,201000000,202000000,1000000,1000000,15000000,16000000,0,0,16000000,16000000,169000000,169000000,185000000,185000000,1000010,29000050,1000000,1000000,10,28000050
912,651506000,652506000,1000000,1000000,16000000,17000000,634506000,634506000,0,0,0,0,0,0,17000000,18000000,1000000,1000000,16000000,17000000,0,0,0,0,0,0,0,0,1000010,1000000,1000000,1000000,10,0
942,753506000,754506000,1000000,1000000,8000000,9000000,634506000,634506000,9000000,9000000,101000000,101000000,110000000,110000000,119000000,120000000,1000000,1000000,8000000,9000000,0,0,9000000,9000000,101000000,101000000,110000000,110000000,1000010,39000050,1000000,1000000,10,38000050
972,859506000,886506000,1000000,1000000,58000000,85000000,634506000,634506000,85000000,85000000,81000000,81000000,166000000,166000000,225000000,252000000,1000000,1000000,58000000,85000000,0,0,85000000,85000000,81000000,81000000,166000000,166000000,1000010,107000020,1000000,1000000,10,106000020
1002,672506000,4480542000,1000000,1000000,12000000,13000000,634506000,4441542000,13000000,13000000,12000000,12000000,25000000,25000000,38000000,39000000,1000000,1000000,12000000,13000000,0,0,13000000,13000000,12000000,12000000,25000000,25000000,1000010,1000000,1000000,1000000,10,0
1032,652506000,1922518000,1000000,1000000,17000000,18000000,634506000,1903518000,0,0,0,0,0,0,18000000,19000000,1000000,1000000,17000000,18000000,0,0,0,0,0,0,0,0,1000010,1000000,1000000,1000000,10,0
1062,713506000,5164048000,1000000,1000000,0,9000000,634506000,5076048000,9000000,9000000,69000000,69000000,78000000,78000000,79000000,88000000,1000000,1000000,0,9000000,0,0,9000000,9000000,69000000,69000000,78000000,78000000,1000010,1000000,1000000,1000000,10,0
1092,966506000,4776542000,1000000,1000000,10000000,13000000,634506000,4441542000,13000000,13000000,308000000,308000000,321000000,321000000,332000000,335000000,1000000,1000000,10000000,13000000,0,0,13000000,13000000,308000000,308000000,321000000,321000000,1000010,1000000,1000000,1000000,10,0
1122,642506000,1912518000,1000000,1000000,7000000,8000000,634506000,1903518000,0,0,0,0,0,0,8000000,9000000,1000000,1000000,7000000,8000000,0,0,0,0,0,0,0,0,1000010,1000000,1000000,1000000,10,0
1152,675506000,3849036000,1000000,1000000,7000000,8000000,634506000,3807036000,7000000,7000000,26000000,26000000,33000000,33000000,41000000,42000000,1000000,1000000,7000000,8000000,0,0,7000000,7000000,26000000,26000000,33000000,33000000,1000010,1000000,1000000,1000000,10,0
1182,653506000,3192530000,1000000,1000000,8000000,9000000,634506000,3172530000,9000000,9000000,1000000,1000000,10000000,10000000,19000000,20000000,1000000,1000000,8000000,9000000,0,0,9000000,9000000,1000000,1000000,10000000,10000000,1000010,1000000,1000000,1000000,10,0
1212,643506000,1279012000,1000000,1000000,8000000,9000000,634506000,1269012000,0,0,0,0,0,0,9000000,10000000,1000000,1000000,8000000,9000000,0,0,0,0,0,0,0,0,1000010,1000000,1000000,1000000,10,0
1242,792506000,3333530000,1000000,1000000,8000000,11000000,634506000,3172530000,9000000,9000000,140000000,140000000,149000000,149000000,158000000,161000000,1000000,1000000,8000000,11000000,0,0,9000000,9000000,140000000,140000000,149000000,149000000,1000010,17000020,1000000,1000000,10,16000020
1272,712506000,2618024000,1000000,1000000,17000000,19000000,634506000,2538024000,19000000,19000000,41000000,41000000,60000000,60000000,78000000,80000000,1000000,1000000,17000000,19000000,0,0,19000000,19000000,41000000,41000000,60000000,60000000,1000010,1000000,1000000,1000000,10,0
13,923506000,924506000,1000000,1000000,19000000,20000000,634506000,634506000,20000000,20000000,249000000,249000000,269000000,269000000,289000000,290000000,1000000,1000000,19000000,20000000,0,0,20000000,20000000,249000000,249000000,269000000,269000000,1000010,23000010,1000000,1000000,10,22000010
43,837506000,838506000,1000000,1000000,17000000,18000000,634506000,634506000,18000000,18000000,167000000,167000000,185000000,185000000,203000000,204000000,1000000,1000000,17000000,18000000,0,0,18000000,18000000,167000000,167000000,185000000,185000000,1000010,30000040,1000000,1000000,10,29000040
73,897506000,898506000,1000000,1000000,10000000,11000000,634506000,634506000,11000000,11000000,241000000,241000000,252000000,252000000,263000000,264000000,1000000,1000000,10000000,11000000,0,0,11000000,11000000,241000000,241000000,252000000,252000000,1000010,69000040,1000000,1000000,10,68000040
103,748506000,755506000,1000000,1000000,11000000,18000000,634506000,634506000,18000000,18000000,84000000,84000000,102000000,102000000,114000000,121000000,1000000,1000000,11000000,18000000,0,0,18000000,18000000,84000000,84000000,102000000,102000000,1000010,76000040,1000000,1000000,10,75000040
133,798506000,798506000,1000000,1000000,1000000,1000000,634506000,634506000,1000000,1000000,161000000,161000000,162000000,162000000,164000000,164000000,1000000,1000000,1000000,1000000,0,0,1000000,1000000,161000000,161000000,162000000,162000000,1000010,13000030,1000000,1000000,10,12000030
163,715506000,743506000,1000000,1000000,9000000,37000000,634506000,634506000,37000000,37000000,34000000,34000000,71000000,71000000,81000000,109000000,1000000,1000000,9000000,37000000,0,0,37000000,37000000,34000000,34000000,71000000,71000000,1000010,7000030,1000000,1000000,10,6000030
193,882506000,882506000,1000000,1000000,20000000,20000000,634506000,634506000,20000000,20000000,207000000,207000000,227000000,227000000,248000000,248000000,1000000,1000000,20000000,20000000,0,0,20000000,20000000,207000000,207000000,227000000,227000000,1000010,52000030,1000000,1000000,10,51000030
223,777506000,796506000,1000000,1000000,19000000,38000000,634506000,634506000,38000000,38000000,85000000,85000000,123000000,123000000,143000000,162000000,1000000,1000000,19000000,38000000,0,0,38000000,38000000,85000000,85000000,123000000,123000000,1000010,13000020,1000000,1000000,10,12000020
253,725506000,733506000,1000000,1000000,0,8000000,634506000,634506000,8000000,8000000,82000000,82000000,90000000,90000000,91000000,99000000,1000000,1000000,0,8000000,0,0,8000000,8000000,82000000,82000000,90000000,90000000,1000010,12000010,1000000,1000000,10,11000010
283,811506000,811506000,1000000,1000000,9000000,9000000,634506000,634506000,9000000,9000000,158000000,158000000,167000000,167000000,177000000,177000000,1000000,1000000,9000000,9000000,0,0,9000000,9000000,158000000,158000000,167000000,167000000,1000010,17000040,1000000,1000000,10,16000040
313,697506000,704506000,1000000,1000000,1000000,8000000,634506000,634506000,1000000,1000000,60000000,60000000,61000000,61000000,63000000,70000000,1000000,1000000,1000000,8000000,0,0,1000000,1000000,60000000,60000000,61000000,61000000,1000010,13000020,1000000,1000000,10,12000020
343,697506000,704506000,1000000,1000000,1000000,8000000,634506000,634506000,1000000,1000000,60000000,60000000,61000000,61000000,63000000,70000000,1000000,1000000,1000000,8000000,0,0,1000000,1000000,60000000,60000000,61000000,61000000,1000010,13000020,1000000,1000000,10,12000020
373,782506000,782506000,1000000,1000000,9000000,9000000,634506000,634506000,9000000,9000000,129000000,129000000,138000000,138000000,148000000,148000000,1000000,1000000,9000000,9000000,0,0,9000000,9000000,129000000,129000000,138000000,138000000,1000010,17000030,1000000,1000000,10,16000030
403,967506000,968506000,1000000,1000000,12000000,13000000,634506000,634506000,13000000,13000000,307000000,307000000,320000000,320000000,333000000,334000000,1000000,1000000,12000000,13000000,0,0,13000000,13000000,307000000,307000000,320000000,320000000,1000010,3000010,1000000,1000000,10,2000010
433,828506000,829506000,1000000,1000000,11000000,12000000,634506000,634506000,12000000,12000000,170000000,170000000,182000000,182000000,194000000,195000000,1000000,1000000,11000000,12000000,0,0,12000000,12000000,170000000,170000000,182000000,182000000,1000010,27000040,1000000,1000000,10,26000040
463,711506000,713506000,1000000,1000000,9000000,11000000,634506000,634506000,9000000,9000000,58000000,58000000,67000000,67000000,77000000,79000000,1000000,1000000,9000000,11000000,0,0,9000000,9000000,58000000,58000000,67000000,67000000,1000010,18000030,1000000,1000000,10,17000030
493,913506000,913506000,1000000,1000000,4000000,4000000,634506000,634506000,4000000,4000000,270000000,270000000,274000000,274000000,279000000,279000000,1000000,1000000,4000000,4000000,0,0,4000000,4000000,270000000,270000000,274000000,274000000,1000010,16000040,1000000,1000000,10,15000040
523,797506000,817506000,1000000,1000000,18000000,38000000,634506000,634506000,38000000,38000000,106000000,106000000,144000000,144000000,163000000,183000000,1000000,1000000,18000000,38000000,0,0,38000000,38000000,106000000,106000000,144000000,144000000,1000010,63000010,1000000,1000000,10,62000010
553,791506000,796506000,1000000,1000000,7000000,12000000,634506000,634506000,12000000,12000000,137000000,137000000,149000000,149000000,157000000,162000000,1000000,1000000,7000000,12000000,0,0,12000000,12000000,137000000,137000000,149000000,149000000,1000010,24000030,1000000,1000000,10,23000030
583,1026506000,1027506000,1000000,1000000,46000000,47000000,634506000,634506000,47000000,47000000,298000000,298000000,345000000,345000000,392000000,393000000,1000000,1000000,46000000,47000000,0,0,47000000,47000000,298000000,298000000,345000000,345000000,1000010,40000050,1000000,1000000,10,39000050
613,856506000,857506000,1000000,1000000,9000000,10000000,634506000,634506000,10000000,10000000,202000000,202000000,212000000,212000000,222000000,223000000,1000000,1000000,9000000,10000000,0,0,10000000,10000000,202000000,202000000,212000000,212000000,1000010,22000040,1000000,1000000,10,21000040
643,807506000,808506000,1000000,1000000,9000000,10000000,634506000,634506000,10000000,10000000,153000000,153000000,163000000,163000000,173000000,174000000,1000000,1000000,9000000,10000000,0,0,10000000,10000000,153000000,153000000,163000000,163000000,1000010,84000020,1000000,1000000,10,83000020
673,727506000,727506000,1000000,1000000,6000000,6000000,634506000,634506000,6000000,6000000,80000000,80000000,86000000,86000000,93000000,93000000,1000000,1000000,6000000,6000000,0,0,6000000,6000000,80000000,80000000,86000000,86000000,1000010,11000010,1000000,1000000,10,10000010
703,839506000,840506000,1000000,1000000,17000000,18000000,634506000,634506000,18000000,18000000,169000000,169000000,187000000,187000000,205000000,206000000,1000000,1000000,17000000,18000000,0,0,18000000,18000000,169000000,169000000,187000000,187000000,1000010,22000010,1000000,1000000,10,21000010
733,827506000,827506000,1000000,1000000,6000000,6000000,634506000,634506000,6000000,6000000,180000000,180000000,186000000,186000000,193000000,193000000,1000000,1000000,6000000,6000000,0,0,6000000,6000000,180000000,180000000,186000000,186000000,1000010,13000020,1000000,1000000,10,12000020
763,710506000,710506000,1000000,1000000,1000000,1000000,634506000,634506000,1000000,1000000,73000000,73000000,74000000,74000000,76000000,76000000,1000000,1000000,1000000,1000000,0,0,1000000,1000000,73000000,73000000,74000000,74000000,1000010,21000030,1000000,1000000,10,20000030
793,749506000,749506000,1000000,1000000,1000000,1000000,634506000,634506000,1000000,1000000,112000000,112000000,113000000,113000000,115000000,115000000,1000000,1000000,1000000,1000000,0,0,1000000,1000000,112000000,112000000,113000000,113000000,1000010,82000040,1000000,1000000,10,81000040
823,850506000,851506000,1000000,1000000,0,1000000,634506000,634506000,1000000,1000000,214000000,214000000,215000000,215000000,216000000,217000000,1000000,1000000,0,1000000,0,0,1000000,1000000,214000000,214000000,215000000,215000000,1000010,82000030,1000000,1000000,10,81000030
853,682506000,688506000,1000000,1000000,2000000,8000000,634506000,634506000,8000000,8000000,37000000,37000000,45000000,45000000,48000000,54000000,1000000,1000000,2000000,8000000,0,0,8000000,8000000,37000000,37000000,45000000,45000000,1000010,8000030,1000000,1000000,10,7000030
883,1051506000,1051506000,1000000,1000000,81000000,81000000,634506000,634506000,81000000,81000000,254000000,254000000,335000000,335000000,417000000,417000000,1000000,1000000,81000000,81000000,0,0,81000000,81000000,254000000,254000000,335000000,335000000,1000010,133000030,1000000,1000000,10,132000030
913,645506000,656506000,1000000,1000000,10000000,21000000,634506000,634506000,0,0,0,0,0,0,11000000,22000000,1000000,1000000,10000000,21000000,0,0,0,0,0,0,0,0,1000010,1000000,1000000,1000000,10,0
943,850506000,850506000,1000000,1000000,8000000,8000000,634506000,634506000,8000000,8000000,199000000,199000000,207000000,207000000,216000000,216000000,1000000,1000000,8000000,8000000,0,0,8000000,8000000,199000000,199000000,207000000,207000000,1000010,45000030,1000000,1000000,10,44000030
973,930506000,7293566000,1000000,1000000,1000000,19000000,634506000,6979566000,18000000,18000000,276000000,276000000,294000000,294000000,296000000,314000000,1000000,1000000,1000000,19000000,0,0,18000000,18000000,276000000,276000000,294000000,294000000,1000010,69000020,1000000,1000000,10,68000020
1003,671506000,3845036000,1000000,1000000,12000000,13000000,634506000,3807036000,13000000,13000000,11000000,11000000,24000000,24000000,37000000,38000000,1000000,1000000,12000000,13000000,0,0,13000000,13000000,11000000,11000000,24000000,24000000,1000010,1000000,1000000,1000000,10,0
1033,867506000,8498578000,1000000,1000000,1000000,18000000,634506000,8248578000,10000000,10000000,221000000,221000000,231000000,231000000,233000000,250000000,1000000,1000000,1000000,18000000,0,0,10000000,10000000,221000000,221000000,231000000,231000000,1000010,69000020,1000000,1000000,10,68000020
1063,678506000,3217530000,1000000,1000000,19000000,20000000,634506000,3172530000,20000000,20000000,4000000,4000000,24000000,24000000,44000000,45000000,1000000,1000000,19000000,20000000,0,0,20000000,20000000,4000000,4000000,24000000,24000000,1000010,1000000,1000000,1000000,10,0
1093,966506000,4776542000,1000000,1000000,10000000,13000000,634506000,4441542000,13000000,13000000,308000000,308000000,321000000,321000000,332000000,335000000,1000000,1000000,10000000,13000000,0,0,13000000,13000000,308000000,308000000,321000000,321000000,1000010,1000000,1000000,1000000,10,0
1123,642506000,1912518000,1000000,1000000,7000000,8000000,634506000,1903518000,0,0,0,0,0,0,8000000,9000000,1000000,1000000,7000000,8000000,0,0,0,0,0,0,0,0,1000010,1000000,1000000,1000000,10,0
1153,651506000,652506000,1000000,1000000,16000000,17000000,634506000,634506000,0,0,0,0,0,0,17000000,18000000,1000000,1000000,16000000,17000000,0,0,0,0,0,0,0,0,1000010,1000000,1000000,1000000,10,0
1183,653506000,3192530000,1000000,1000000,8000000,9000000,634506000,3172530000,9000000,9000000,1000000,1000000,10000000,10000000,19000000,20000000,1000000,1000000,8000000,9000000,0,0,9000000,9000000,1000000,1000000,10000000,10000000,1000010,1000000,1000000,1000000,10,0
1213,636506000,637506000,1000000,1000000,1000000,2000000,634506000,634506000,0,0,0,0,0,0,2000000,3000000,1000000,1000000,1000000,2000000,0,0,0,0,0,0,0,0,1000010,1000000,1000000,1000000,10,0
1243,700506000,1337012000,1000000,1000000,11000000,13000000,634506000,1269012000,13000000,13000000,41000000,41000000,54000000,54000000,66000000,68000000,1000000,1000000,11000000,13000000,0,0,13000000,13000000,41000000,41000000,54000000,54000000,1000010,34000020,1000000,1000000,10,33000020
1273,739506000,3280530000,1000000,1000000,17000000,20000000,634506000,3172530000,19000000,19000000,68000000,68000000,87000000,87000000,105000000,108000000,1000000,1000000,17000000,20000000,0,0,19000000,19000000,68000000,68000000,87000000,87000000,1000010,63000010,1000000,1000000,10,62000010
14,710506000,710506000,1000000,1000000,19000000,19000000,634506000,634506000,19000000,19000000,37000000,37000000,56000000,56000000,76000000,76000000,1000000,1000000,19000000,19000000,0,0,19000000,19000000,37000000,37000000,56000000,56000000,1000010,23000010,1000000,1000000,10,22000010
44,958506000,959506000,1000000,1000000,17000000,18000000,634506000,634506000,18000000,18000000,288000000,288000000,306000000,306000000,324000000,325000000,1000000,1000000,17000000,18000000,0,0,18000000,18000000,288000000,288000000,306000000,306000000,1000010,62000050,1000000,1000000,10,61000050
74,862506000,863506000,1000000,1000000,10000000,11000000,634506000,634506000,11000000,11000000,206000000,206000000,217000000,217000000,228000000,229000000,1000000,1000000,10000000,11000000,0,0,11000000,11000000,206000000,206000000,217000000,217000000,1000010,35000040,1000000,1000000,10,34000040
104,766506000,766506000,1000000,1000000,18000000,18000000,634506000,634506000,18000000,18000000,95000000,95000000,113000000,113000000,132000000,132000000,1000000,1000000,18000000,18000000,0,0,18000000,18000000,95000000,95000000,113000000,113000000,1000010,74000030,1000000,1000000,10,73000030
134,798506000,798506000,1000000,1000000,1000000,1000000,634506000,634506000,1000000,1000000,161000000,161000000,162000000,162000000,164000000,164000000,1000000,1000000,1000000,1000000,0,0,1000000,1000000,161000000,161000000,162000000,162000000,1000010,13000030,1000000,1000000,10,12000030
164,768506000,770506000,1000000,1000000,9000000,11000000,634506000,634506000,9000000,9000000,115000000,115000000,124000000,124000000,134000000,136000000,1000000,1000000,9000000,11000000,0,0,9000000,9000000,115000000,115000000,124000000,124000000,1000010,31000010,1000000,1000000,10,30000010
194,923506000,934506000,1000000,1000000,9000000,20000000,634506000,634506000,20000000,20000000,259000000,259000000,279000000,279000000,289000000,300000000,1000000,1000000,9000000,20000000,0,0,20000000,20000000,259000000,259000000,279000000,279000000,1000010,20000040,1000000,1000000,10,19000040
224,894506000,895506000,1000000,1000000,19000000,20000000,634506000,634506000,20000000,20000000,220000000,220000000,240000000,240000000,260000000,261000000,1000000,1000000,19000000,20000000,0,0,20000000,20000000,220000000,220000000,240000000,240000000,1000010,23000010,1000000,1000000,10,22000010
254,799506000,800506000,1000000,1000000,8000000,9000000,634506000,634506000,9000000,9000000,147000000,147000000,156000000,156000000,165000000,166000000,1000000,1000000,8000000,9000000,0,0,9000000,9000000,147000000,147000000,156000000,156000000,1000010,17000040,1000000,1000000,10,16000040
284,728506000,728506000,1000000,1000000,9000000,9000000,634506000,634506000,9000000,9000000,75000000,75000000,84000000,84000000,94000000,94000000,1000000,1000000,9000000,9000000,0,0,9000000,9000000,75000000,75000000,84000000,84000000,1000010,14000030,1000000,1000000,10,13000030
314,787506000,797506000,1000000,1000000,8000000,10000000,634506000,634506000,10000000,73000000,134000000,79000000,144000000,152000000,153000000,163000000,1000000,1000000,8000000,10000000,0,0,10000000,73000000,134000000,79000000,144000000,152000000,1000010,78000030,1000000,1000000,10,77000030
344,892506000,893506000,1000000,1000000,8000000,9000000,634506000,634506000,9000000,9000000,240000000,240000000,249000000,249000000,258000000,259000000,1000000,1000000,8000000,9000000,0,0,9000000,9000000,240000000,240000000,249000000,249000000,1000010,34000020,1000000,1000000,10,33000020
374,783506000,783506000,1000000,1000000,9000000,9000000,634506000,634506000,9000000,9000000,130000000,130000000,139000000,139000000,149000000,149000000,1000000,1000000,9000000,9000000,0,0,9000000,9000000,130000000,130000000,139000000,139000000,1000010,17000030,1000000,1000000,10,16000030
404,742506000,743506000,1000000,1000000,11000000,12000000,634506000,634506000,12000000,12000000,84000000,84000000,96000000,96000000,108000000,109000000,1000000,1000000,11000000,12000000,0,0,12000000,12000000,84000000,84000000,96000000,96000000,1000010,34000020,1000000,1000000,10,33000020
434,838506000,838506000,1000000,1000000,11000000,11000000,634506000,634506000,11000000,11000000,181000000,181000000,192000000,192000000,204000000,204000000,1000000,1000000,11000000,11000000,0,0,11000000,11000000,181000000,181000000,192000000,192000000,1000010,27000040,1000000,1000000,10,26000040
464,742506000,743506000,1000000,1000000,11000000,12000000,634506000,634506000,12000000,12000000,84000000,84000000,96000000,96000000,108000000,109000000,1000000,1000000,11000000,12000000,0,0,12000000,12000000,84000000,84000000,96000000,96000000,1000010,34000020,1000000,1000000,10,33000020
494,913506000,913506000,1000000,1000000,4000000,4000000,634506000,634506000,4000000,4000000,270000000,270000000,274000000,274000000,279000000,279000000,1000000,1000000,4000000,4000000,0,0,4000000,4000000,270000000,270000000,274000000,274000000,1000010,16000040,1000000,1000000,10,15000040
524,986506000,988506000,1000000,1000000,18000000,20000000,634506000,634506000,20000000,20000000,313000000,313000000,333000000,333000000,352000000,354000000,1000000,1000000,18000000,20000000,0,0,20000000,20000000,313000000,313000000,333000000,333000000,1000010,27000040,1000000,1000000,10,26000040
554,869506000,870506000,1000000,1000000,7000000,8000000,634506000,634506000,8000000,8000000,219000000,219000000,227000000,227000000,235000000,236000000,1000000,1000000,7000000,8000000,0,0,8000000,8000000,219000000,219000000,227000000,227000000,1000010,23000030,1000000,1000000,10,22000030
584,681506000,686506000,1000000,1000000,46000000,51000000,634506000,634506000,0,0,0,0,0,0,47000000,52000000,1000000,1000000,46000000,51000000,0,0,0,0,0,0,0,0,1000010,1000000,1000000,1000000,10,0
614,856506000,857506000,1000000,1000000,9000000,10000000,634506000,634506000,10000000,10000000,202000000,202000000,212000000,212000000,222000000,223000000,1000000,1000000,9000000,10000000,0,0,10000000,10000000,202000000,202000000,212000000,212000000,1000010,22000040,1000000,1000000,10,21000040
644,807506000,808506000,1000000,1000000,9000000,10000000,634506000,634506000,10000000,10000000,153000000,153000000,163000000,163000000,173000000,174000000,1000000,1000000,9000000,10000000,0,0,10000000,10000000,153000000,153000000,163000000,163000000,1000010,84000020,1000000,1000000,10,83000020
674,755506000,755506000,1000000,1000000,6000000,6000000,634506000,634506000,6000000,6000000,108000000,108000000,114000000,114000000,121000000,121000000,1000000,1000000,6000000,6000000,0,0,6000000,6000000,108000000,108000000,114000000,114000000,1000010,11000010,1000000,1000000,10,10000010
704,839506000,840506000,1000000,1000000,17000000,18000000,634506000,634506000,18000000,18000000,169000000,169000000,187000000,187000000,205000000,206000000,1000000,1000000,17000000,18000000,0,0,18000000,18000000,169000000,169000000,187000000,187000000,1000010,22000010,1000000,1000000,10,21000010
734,828506000,828506000,1000000,1000000,6000000,6000000,634506000,634506000,6000000,6000000,181000000,181000000,187000000,187000000,194000000,194000000,1000000,1000000,6000000,6000000,0,0,6000000,6000000,181000000,181000000,187000000,187000000,1000010,83000030,1000000,1000000,10,82000030
764,707506000,707506000,1000000,1000000,1000000,1000000,634506000,634506000,1000000,1000000,70000000,70000000,71000000,71000000,73000000,73000000,1000000,1000000,1000000,1000000,0,0,1000000,1000000,70000000,70000000,71000000,71000000,1000010,21000030,1000000,1000000,10,20000030
794,746506000,746506000,1000000,1000000,1000000,1000000,634506000,634506000,1000000,1000000,109000000,109000000,110000000,110000000,112000000,112000000,1000000,1000000,1000000,1000000,0,0,1000000,1000000,109000000,109000000,110000000,110000000,1000010,82000040,1000000,1000000,10,81000040
824,850506000,851506000,1000000,1000000,0,1000000,634506000,634506000,1000000,1000000,214000000,214000000,215000000,215000000,216000000,217000000,1000000,1000000,0,1000000,0,0,1000000,1000000,214000000,214000000,215000000,215000000,1000010,82000030,1000000,1000000,10,81000030
854,781506000,782506000,1000000,1000000,8000000,9000000,634506000,634506000,8000000,8000000,130000000,130000000,138000000,138000000,147000000,148000000,1000000,1000000,8000000,9000000,0,0,8000000,8000000,130000000,130000000,138000000,138000000,1000010,35000030,1000000,1000000,10,34000030
884,810506000,810506000,1000000,1000000,16000000,16000000,634506000,634506000,16000000,16000000,143000000,143000000,159000000,159000000,176000000,176000000,1000000,1000000,16000000,16000000,0,0,16000000,16000000,143000000,143000000,159000000,159000000,1000010,26000030,1000000,1000000,10,25000030
914,1022506000,1024506000,1000000,1000000,41000000,43000000,634506000,634506000,43000000,44000000,303000000,302000000,346000000,346000000,388000000,390000000,1000000,1000000,41000000,43000000,0,0,43000000,44000000,303000000,302000000,346000000,346000000,1000010,116000080,1000000,1000000,10,115000080
944,850506000,850506000,1000000,1000000,8000000,8000000,634506000,634506000,8000000,8000000,199000000,199000000,207000000,207000000,216000000,216000000,1000000,1000000,8000000,8000000,0,0,8000000,8000000,199000000,199000000,207000000,207000000,1000010,45000030,1000000,1000000,10,44000030
974,973506000,16231650000,1000000,1000000,8000000,38000000,634506000,15862650000,20000000,20000000,310000000,310000000,330000000,330000000,339000000,369000000,1000000,1000000,8000000,38000000,0,0,20000000,20000000,310000000,310000000,330000000,330000000,1000010,48000020,1000000,1000000,10,47000020
1004,673506000,5116048000,1000000,1000000,12000000,13000000,634506000,5076048000,13000000,13000000,13000000,13000000,26000000,26000000,39000000,40000000,1000000,1000000,12000000,13000000,0,0,13000000,13000000,13000000,13000000,26000000,26000000,1000010,1000000,1000000,1000000,10,0
1034,652506000,1922518000,1000000,1000000,17000000,18000000,634506000,1903518000,0,0,0,0,0,0,18000000,19000000,1000000,1000000,17000000,18000000,0,0,0,0,0,0,0,0,1000010,1000000,1000000,1000000,10,0
1064,654506000,1290012000,1000000,1000000,19000000,20000000,634506000,1269012000,0,0,0,0,0,0,20000000,21000000,1000000,1000000,19000000,20000000,0,0,0,0,0,0,0,0,1000010,1000000,1000000,1000000,10,0
1094,966506000,4776542000,1000000,1000000,10000000,13000000,634506000,4441542000,13000000,13000000,308000000,308000000,321000000,321000000,332000000,335000000,1000000,1000000,10000000,13000000,0,0,13000000,13000000,308000000,308000000,321000000,321000000,1000010,1000000,1000000,1000000,10,0
1124,642506000,1912518000,1000000,1000000,7000000,8000000,634506000,1903518000,0,0,0,0,0,0,8000000,9000000,1000000,1000000,7000000,8000000,0,0,0,0,0,0,0,0,1000010,1000000,1000000,1000000,10,0
1154,650506000,2556024000,1000000,1000000,15000000,17000000,634506000,2538024000,0,0,0,0,0,0,16000000,18000000,1000000,1000000,15000000,17000000,0,0,0,0,0,0,0,0,1000010,1000000,1000000,1000000,10,0
1184,653506000,3192530000,1000000,1000000,8000000,9000000,634506000,3172530000,9000000,9000000,1000000,1000000,10000000,10000000,19000000,20000000,1000000,1000000,8000000,9000000,0,0,9000000,9000000,1000000,1000000,10000000,10000000,1000010,1000000,1000000,1000000,10,0
1214,1022506000,1660012000,1000000,1000000,41000000,44000000,634506000,1269012000,44000000,44000000,302000000,302000000,346000000,346000000,388000000,391000000,1000000,1000000,41000000,44000000,0,0,44000000,44000000,302000000,302000000,346000000,346000000,1000010,116000080,1000000,1000000,10,115000080
1244,646506000,1283012000,1000000,1000000,11000000,13000000,634506000,1269012000,0,0,0,0,0,0,12000000,14000000,1000000,1000000,11000000,13000000,0,0,0,0,0,0,0,0,1000010,1000000,1000000,1000000,10,0
1274,712506000,2618024000,1000000,1000000,17000000,19000000,634506000,2538024000,19000000,19000000,41000000,41000000,60000000,60000000,78000000,80000000,1000000,1000000,17000000,19000000,0,0,19000000,19000000,41000000,41000000,60000000,60000000,1000010,1000000,1000000,1000000,10,0
15,924506000,925506000,1000000,1000000,19000000,20000000,634506000,634506000,20000000,20000000,250000000,250000000,270000000,270000000,290000000,291000000,1000000,1000000,19000000,20000000,0,0,20000000,20000000,250000000,250000000,270000000,270000000,1000010,52000030,1000000,1000000,10,51000030
45,749506000,756506000,1000000,1000000,10000000,17000000,634506000,634506000,17000000,17000000,87000000,87000000,104000000,104000000,115000000,122000000,1000000,1000000,10000000,17000000,0,0,17000000,17000000,87000000,87000000,104000000,104000000,1000010,41000010,1000000,1000000,10,40000010
75,785506000,786506000,1000000,1000000,10000000,11000000,634506000,634506000,11000000,11000000,129000000,129000000,140000000,140000000,151000000,152000000,1000000,1000000,10000000,11000000,0,0,11000000,11000000,129000000,129000000,140000000,140000000,1000010,35000040,1000000,1000000,10,34000040
105,740506000,740506000,1000000,1000000,18000000,18000000,634506000,634506000,18000000,18000000,69000000,69000000,87000000,87000000,106000000,106000000,1000000,1000000,18000000,18000000,0,0,18000000,18000000,69000000,69000000,87000000,87000000,1000010,26000020,1000000,1000000,10,25000020
135,858506000,861506000,1000000,1000000,1000000,4000000,634506000,634506000,4000000,4000000,218000000,218000000,222000000,222000000,224000000,227000000,1000000,1000000,1000000,4000000,0,0,4000000,4000000,218000000,218000000,222000000,222000000,1000010,20000030,1000000,1000000,10,19000030
165,937506000,939506000,1000000,1000000,7000000,9000000,634506000,634506000,9000000,9000000,286000000,286000000,295000000,295000000,303000000,305000000,1000000,1000000,7000000,9000000,0,0,9000000,9000000,286000000,286000000,295000000,295000000,1000010,82000040,1000000,1000000,10,81000040
195,881506000,881506000,1000000,1000000,20000000,20000000,634506000,634506000,20000000,20000000,206000000,206000000,226000000,226000000,247000000,247000000,1000000,1000000,20000000,20000000,0,0,20000000,20000000,206000000,206000000,226000000,226000000,1000010,52000030,1000000,1000000,10,51000030
225,894506000,895506000,1000000,1000000,19000000,20000000,634506000,634506000,20000000,20000000,220000000,220000000,240000000,240000000,260000000,261000000,1000000,1000000,19000000,20000000,0,0,20000000,20000000,220000000,220000000,240000000,240000000,1000010,23000010,1000000,1000000,10,22000010
255,871506000,872506000,1000000,1000000,8000000,9000000,634506000,634506000,9000000,9000000,219000000,219000000,228000000,228000000,237000000,238000000,1000000,1000000,8000000,9000000,0,0,9000000,9000000,219000000,219000000,228000000,228000000,1000010,17000040,1000000,1000000,10,16000040
285,825506000,825506000,1000000,1000000,9000000,9000000,634506000,634506000,9000000,9000000,172000000,172000000,181000000,181000000,191000000,191000000,1000000,1000000,9000000,9000000,0,0,9000000,9000000,172000000,172000000,181000000,181000000,1000010,17000040,1000000,1000000,10,16000040
315,892506000,893506000,1000000,1000000,8000000,9000000,634506000,634506000,9000000,9000000,240000000,240000000,249000000,249000000,258000000,259000000,1000000,1000000,8000000,9000000,0,0,9000000,9000000,240000000,240000000,249000000,249000000,1000010,34000020,1000000,1000000,10,33000020
345,892506000,893506000,1000000,1000000,8000000,9000000,634506000,634506000,9000000,9000000,240000000,240000000,249000000,249000000,258000000,259000000,1000000,1000000,8000000,9000000,0,0,9000000,9000000,240000000,240000000,249000000,249000000,1000010,34000020,1000000,1000000,10,33000020
375,740506000,740506000,1000000,1000000,9000000,9000000,634506000,634506000,9000000,9000000,87000000,87000000,96000000,96000000,106000000,106000000,1000000,1000000,9000000,9000000,0,0,9000000,9000000,87000000,87000000,96000000,96000000,1000010,17000030,1000000,1000000,10,16000030
405,968506000,969506000,1000000,1000000,12000000,13000000,634506000,634506000,13000000,13000000,308000000,308000000,321000000,321000000,334000000,335000000,1000000,1000000,12000000,13000000,0,0,13000000,13000000,308000000,308000000,321000000,321000000,1000010,3000010,1000000,1000000,10,2000010
435,828506000,829506000,1000000,1000000,11000000,12000000,634506000,634506000,12000000,12000000,170000000,170000000,182000000,182000000,194000000,195000000,1000000,1000000,11000000,12000000,0,0,12000000,12000000,170000000,170000000,182000000,182000000,1000010,27000040,1000000,1000000,10,26000040
465,751506000,751506000,1000000,1000000,11000000,11000000,634506000,634506000,11000000,11000000,94000000,94000000,105000000,105000000,117000000,117000000,1000000,1000000,11000000,11000000,0,0,11000000,11000000,94000000,94000000,105000000,105000000,1000010,34000020,1000000,1000000,10,33000020
495,1001506000,1002506000,1000000,1000000,37000000,38000000,634506000,634506000,38000000,38000000,291000000,291000000,329000000,329000000,367000000,368000000,1000000,1000000,37000000,38000000,0,0,38000000,38000000,291000000,291000000,329000000,329000000,1000010,37000040,1000000,1000000,10,36000040
525,808506000,808506000,1000000,1000000,18000000,18000000,634506000,634506000,18000000,18000000,137000000,137000000,155000000,155000000,174000000,174000000,1000000,1000000,18000000,18000000,0,0,18000000,18000000,137000000,137000000,155000000,155000000,1000010,63000010,1000000,1000000,10,62000010
555,869506000,870506000,1000000,1000000,7000000,8000000,634506000,634506000,8000000,8000000,219000000,219000000,227000000,227000000,235000000,236000000,1000000,1000000,7000000,8000000,0,0,8000000,8000000,219000000,219000000,227000000,227000000,1000010,23000030,1000000,1000000,10,22000030
585,1025506000,1026506000,1000000,1000000,43000000,44000000,634506000,634506000,44000000,44000000,303000000,303000000,347000000,347000000,391000000,392000000,1000000,1000000,43000000,44000000,0,0,44000000,44000000,303000000,303000000,347000000,347000000,1000010,118000090,1000000,1000000,10,117000090
615,886506000,887506000,1000000,1000000,9000000,10000000,634506000,634506000,10000000,10000000,232000000,232000000,242000000,242000000,252000000,253000000,1000000,1000000,9000000,10000000,0,0,10000000,10000000,232000000,232000000,242000000,242000000,1000010,84000020,1000000,1000000,10,83000020
645,807506000,808506000,1000000,1000000,9000000,10000000,634506000,634506000,10000000,10000000,153000000,153000000,163000000,163000000,173000000,174000000,1000000,1000000,9000000,10000000,0,0,10000000,10000000,153000000,153000000,163000000,163000000,1000010,84000020,1000000,1000000,10,83000020
675,755506000,755506000,1000000,1000000,6000000,6000000,634506000,634506000,6000000,6000000,108000000,108000000,114000000,114000000,121000000,121000000,1000000,1000000,6000000,6000000,0,0,6000000,6000000,108000000,108000000,114000000,114000000,1000010,13000020,1000000,1000000,10,12000020
705,842506000,843506000,1000000,1000000,17000000,18000000,634506000,634506000,18000000,18000000,172000000,172000000,190000000,190000000,208000000,209000000,1000000,1000000,17000000,18000000,0,0,18000000,18000000,172000000,172000000,190000000,190000000,1000010,22000010,1000000,1000000,10,21000010
735,641506000,643506000,1000000,1000000,6000000,8000000,634506000,634506000,0,0,0,0,0,0,7000000,9000000,1000000,1000000,6000000,8000000,0,0,0,0,0,0,0,0,1000010,1000000,1000000,1000000,10,0
765,670506000,670506000,1000000,1000000,1000000,1000000,634506000,634506000,1000000,1000000,33000000,33000000,34000000,34000000,36000000,36000000,1000000,1000000,1000000,1000000,0,0,1000000,1000000,33000000,33000000,34000000,34000000,1000010,12000030,1000000,1000000,10,11000030
795,769506000,769506000,1000000,1000000,1000000,1000000,634506000,634506000,1000000,1000000,132000000,132000000,133000000,133000000,135000000,135000000,1000000,1000000,1000000,1000000,0,0,1000000,1000000,132000000,132000000,133000000,133000000,1000010,19000020,1000000,1000000,10,18000020
825,847506000,848506000,1000000,1000000,0,1000000,634506000,634506000,1000000,1000000,211000000,211000000,212000000,212000000,213000000,214000000,1000000,1000000,0,1000000,0,0,1000000,1000000,211000000,211000000,212000000,212000000,1000010,82000030,1000000,1000000,10,81000030
855,973506000,974506000,1000000,1000000,12000000,13000000,634506000,634506000,13000000,13000000,313000000,313000000,326000000,326000000,339000000,340000000,1000000,1000000,12000000,13000000,0,0,13000000,13000000,313000000,313000000,326000000,326000000,1000010,10000010,1000000,1000000,10,9000010
885,812506000,812506000,1000000,1000000,16000000,16000000,634506000,634506000,16000000,16000000,145000000,145000000,161000000,161000000,178000000,178000000,1000000,1000000,16000000,16000000,0,0,16000000,16000000,145000000,145000000,161000000,161000000,1000010,26000030,1000000,1000000,10,25000030
915,867506000,868506000,1000000,1000000,18000000,19000000,634506000,634506000,18000000,18000000,196000000,196000000,214000000,214000000,233000000,234000000,1000000,1000000,18000000,19000000,0,0,18000000,18000000,196000000,196000000,214000000,214000000,1000010,63000010,1000000,1000000,10,62000010
945,790506000,790506000,1000000,1000000,8000000,8000000,634506000,634506000,8000000,8000000,139000000,139000000,147000000,147000000,156000000,156000000,1000000,1000000,8000000,8000000,0,0,8000000,8000000,139000000,139000000,147000000,147000000,1000010,45000030,1000000,1000000,10,44000030
975,861506000,4680542000,1000000,1000000,8000000,20000000,634506000,4441542000,19000000,19000000,199000000,199000000,218000000,218000000,227000000,239000000,1000000,1000000,8000000,20000000,0,0,19000000,19000000,199000000,199000000,218000000,218000000,1000010,73000020,1000000,1000000,10,72000020
1005,973506000,16212650000,1000000,1000000,7000000,18000000,634506000,15862650000,13000000,13000000,318000000,318000000,331000000,331000000,339000000,350000000,1000000,1000000,7000000,18000000,0,0,13000000,13000000,318000000,318000000,331000000,331000000,1000010,76000040,1000000,1000000,10,75000040
1035,1084506000,4325036000,1000000,1000000,17000000,85000000,634506000,3807036000,73000000,73000000,359000000,359000000,432000000,432000000,450000000,518000000,1000000,1000000,17000000,85000000,0,0,73000000,73000000,359000000,359000000,432000000,432000000,1000010,67000030,1000000,1000000,10,66000030
1065,678506000,3852036000,1000000,1000000,19000000,20000000,634506000,3807036000,20000000,20000000,4000000,4000000,24000000,24000000,44000000,45000000,1000000,1000000,19000000,20000000,0,0,20000000,20000000,4000000,4000000,24000000,24000000,1000010,1000000,1000000,1000000,10,0
1095,834506000,3374530000,1000000,1000000,11000000,13000000,634506000,3172530000,13000000,13000000,175000000,175000000,188000000,188000000,200000000,202000000,1000000,1000000,11000000,13000000,0,0,13000000,13000000,175000000,175000000,188000000,188000000,1000010,1000000,1000000,1000000,10,0
1125,951506000,13105120000,1000000,1000000,0,10000000,634506000,12690120000,8000000,37000000,308000000,367000000,316000000,404000000,317000000,415000000,1000000,1000000,0,10000000,0,0,8000000,37000000,308000000,367000000,316000000,404000000,1000010,81000040,1000000,1000000,10,80000040
1155,669506000,1305012000,1000000,1000000,10000000,11000000,634506000,1269012000,11000000,11000000,13000000,13000000,24000000,24000000,35000000,36000000,1000000,1000000,10000000,11000000,0,0,11000000,11000000,13000000,13000000,24000000,24000000,1000010,1000000,1000000,1000000,10,0
1185,653506000,3192530000,1000000,1000000,8000000,9000000,634506000,3172530000,9000000,9000000,1000000,1000000,10000000,10000000,19000000,20000000,1000000,1000000,8000000,9000000,0,0,9000000,9000000,1000000,1000000,10000000,10000000,1000010,1000000,1000000,1000000,10,0
1215,670506000,1940518000,1000000,1000000,17000000,18000000,634506000,1903518000,17000000,17000000,1000000,1000000,18000000,18000000,36000000,37000000,1000000,1000000,17000000,18000000,0,0,17000000,17000000,1000000,1000000,18000000,18000000,1000010,1000000,1000000,1000000,10,0
1245,644506000,645506000,1000000,1000000,9000000,10000000,634506000,634506000,0,0,0,0,0,0,10000000,11000000,1000000,1000000,9000000,10000000,0,0,0,0,0,0,0,0,1000010,1000000,1000000,1000000,10,0
1275,712506000,2618024000,1000000,1000000,17000000,19000000,634506000,2538024000,19000000,19000000,41000000,41000000,60000000,60000000,78000000,80000000,1000000,1000000,17000000,19000000,0,0,19000000,19000000,41000000,41000000,60000000,60000000,1000010,1000000,1000000,1000000,10,0
16,923506000,924506000,1000000,1000000,19000000,20000000,634506000,634506000,20000000,20000000,249000000,249000000,269000000,269000000,289000000,290000000,1000000,1000000,19000000,20000000,0,0,20000000,20000000,249000000,249000000,269000000,269000000,1000010,23000010,1000000,1000000,10,22000010
46,924506000,925506000,1000000,1000000,17000000,18000000,634506000,634506000,18000000,18000000,254000000,254000000,272000000,272000000,290000000,291000000,1000000,1000000,17000000,18000000,0,0,18000000,18000000,254000000,254000000,272000000,272000000,1000010,69000020,1000000,1000000,10,68000020
76,897506000,898506000,1000000,1000000,10000000,11000000,634506000,634506000,11000000,11000000,241000000,241000000,252000000,252000000,263000000,264000000,1000000,1000000,10000000,11000000,0,0,11000000,11000000,241000000,241000000,252000000,252000000,1000010,69000040,1000000,1000000,10,68000040
106,812506000,812506000,1000000,1000000,18000000,18000000,634506000,634506000,18000000,18000000,141000000,141000000,159000000,159000000,178000000,178000000,1000000,1000000,18000000,18000000,0,0,18000000,18000000,141000000,141000000,159000000,159000000,1000010,26000040,1000000,1000000,10,25000040
136,721506000,729506000,1000000,1000000,1000000,9000000,634506000,634506000,9000000,9000000,76000000,76000000,85000000,85000000,87000000,95000000,1000000,1000000,1000000,9000000,0,0,9000000,9000000,76000000,76000000,85000000,85000000,1000010,12000030,1000000,1000000,10,11000030
166,835506000,835506000,1000000,1000000,20000000,20000000,634506000,634506000,20000000,20000000,160000000,160000000,180000000,180000000,201000000,201000000,1000000,1000000,20000000,20000000,0,0,20000000,20000000,160000000,160000000,180000000,180000000,1000010,28000040,1000000,1000000,10,27000040
196,881506000,881506000,1000000,1000000,20000000,20000000,634506000,634506000,20000000,20000000,206000000,206000000,226000000,226000000,247000000,247000000,1000000,1000000,20000000,20000000,0,0,20000000,20000000,206000000,206000000,226000000,226000000,1000010,52000030,1000000,1000000,10,51000030
226,950506000,951506000,1000000,1000000,19000000,20000000,634506000,634506000,20000000,20000000,276000000,276000000,296000000,296000000,316000000,317000000,1000000,1000000,19000000,20000000,0,0,20000000,20000000,276000000,276000000,296000000,296000000,1000010,23000010,1000000,1000000,10,22000010
256,819506000,820506000,1000000,1000000,8000000,9000000,634506000,634506000,9000000,9000000,167000000,167000000,176000000,176000000,185000000,186000000,1000000,1000000,8000000,9000000,0,0,9000000,9000000,167000000,167000000,176000000,176000000,1000010,17000040,1000000,1000000,10,16000040
286,760506000,764506000,1000000,1000000,5000000,9000000,634506000,634506000,5000000,5000000,115000000,115000000,120000000,120000000,126000000,130000000,1000000,1000000,5000000,9000000,0,0,5000000,5000000,115000000,115000000,120000000,120000000,1000010,18000030,1000000,1000000,10,17000030
316,892506000,893506000,1000000,1000000,8000000,9000000,634506000,634506000,9000000,9000000,240000000,240000000,249000000,249000000,258000000,259000000,1000000,1000000,8000000,9000000,0,0,9000000,9000000,240000000,240000000,249000000,249000000,1000010,34000020,1000000,1000000,10,33000020
346,654506000,655506000,1000000,1000000,8000000,9000000,634506000,634506000,8000000,8000000,3000000,3000000,11000000,11000000,20000000,21000000,1000000,1000000,8000000,9000000,0,0,8000000,8000000,3000000,3000000,11000000,11000000,1000010,2000010,1000000,1000000,10,1000010
376,783506000,783506000,1000000,1000000,9000000,9000000,634506000,634506000,9000000,9000000,130000000,130000000,139000000,139000000,149000000,149000000,1000000,1000000,9000000,9000000,0,0,9000000,9000000,130000000,130000000,139000000,139000000,1000010,17000030,1000000,1000000,10,16000030
406,967506000,968506000,1000000,1000000,12000000,13000000,634506000,634506000,13000000,13000000,307000000,307000000,320000000,320000000,333000000,334000000,1000000,1000000,12000000,13000000,0,0,13000000,13000000,307000000,307000000,320000000,320000000,1000010,3000010,1000000,1000000,10,2000010
436,828506000,829506000,1000000,1000000,11000000,12000000,634506000,634506000,12000000,12000000,170000000,170000000,182000000,182000000,194000000,195000000,1000000,1000000,11000000,12000000,0,0,12000000,12000000,170000000,170000000,182000000,182000000,1000010,27000040,1000000,1000000,10,26000040
466,742506000,743506000,1000000,1000000,11000000,12000000,634506000,634506000,12000000,12000000,84000000,84000000,96000000,96000000,108000000,109000000,1000000,1000000,11000000,12000000,0,0,12000000,12000000,84000000,84000000,96000000,96000000,1000010,34000020,1000000,1000000,10,33000020
496,999506000,1002506000,1000000,1000000,37000000,40000000,634506000,634506000,40000000,40000000,287000000,287000000,327000000,327000000,365000000,368000000,1000000,1000000,37000000,40000000,0,0,40000000,40000000,287000000,287000000,327000000,327000000,1000010,31000010,1000000,1000000,10,30000010
526,879506000,880506000,1000000,1000000,18000000,19000000,634506000,634506000,19000000,19000000,207000000,207000000,226000000,226000000,245000000,246000000,1000000,1000000,18000000,19000000,0,0,19000000,19000000,207000000,207000000,226000000,226000000,1000010,63000010,1000000,1000000,10,62000010
556,869506000,870506000,1000000,1000000,7000000,8000000,634506000,634506000,8000000,8000000,219000000,219000000,227000000,227000000,235000000,236000000,1000000,1000000,7000000,8000000,0,0,8000000,8000000,219000000,219000000,227000000,227000000,1000010,23000030,1000000,1000000,10,22000030
586,1030506000,1033506000,1000000,1000000,44000000,47000000,634506000,634506000,47000000,47000000,304000000,304000000,351000000,351000000,396000000,399000000,1000000,1000000,44000000,47000000,0,0,47000000,47000000,304000000,304000000,351000000,351000000,1000010,39000050,1000000,1000000,10,38000050
616,807506000,808506000,1000000,1000000,9000000,10000000,634506000,634506000,10000000,10000000,153000000,153000000,163000000,163000000,173000000,174000000,1000000,1000000,9000000,10000000,0,0,10000000,10000000,153000000,153000000,163000000,163000000,1000010,84000020,1000000,1000000,10,83000020
646,840506000,840506000,1000000,1000000,10000000,10000000,634506000,634506000,10000000,10000000,185000000,185000000,195000000,195000000,206000000,206000000,1000000,1000000,10000000,10000000,0,0,10000000,10000000,185000000,185000000,195000000,195000000,1000010,43000020,1000000,1000000,10,42000020
676,758506000,762506000,1000000,1000000,6000000,10000000,634506000,634506000,6000000,6000000,111000000,111000000,117000000,117000000,124000000,128000000,1000000,1000000,6000000,10000000,0,0,6000000,6000000,111000000,111000000,117000000,117000000,1000010,7000040,1000000,1000000,10,6000040
706,774506000,790506000,1000000,1000000,1000000,17000000,634506000,634506000,17000000,17000000,121000000,121000000,138000000,138000000,140000000,156000000,1000000,1000000,1000000,17000000,0,0,17000000,17000000,121000000,121000000,138000000,138000000,1000010,23000020,1000000,1000000,10,22000020
736,918506000,919506000,1000000,1000000,6000000,7000000,634506000,634506000,7000000,7000000,270000000,270000000,277000000,277000000,284000000,285000000,1000000,1000000,6000000,7000000,0,0,7000000,7000000,270000000,270000000,277000000,277000000,1000010,39000030,1000000,1000000,10,38000030
766,710506000,710506000,1000000,1000000,1000000,1000000,634506000,634506000,1000000,1000000,73000000,73000000,74000000,74000000,76000000,76000000,1000000,1000000,1000000,1000000,0,0,1000000,1000000,73000000,73000000,74000000,74000000,1000010,21000030,1000000,1000000,10,20000030
796,772506000,772506000,1000000,1000000,1000000,1000000,634506000,634506000,1000000,1000000,135000000,135000000,136000000,136000000,138000000,138000000,1000000,1000000,1000000,1000000,0,0,1000000,1000000,135000000,135000000,136000000,136000000,1000010,19000020,1000000,1000000,10,18000020
826,797506000,798506000,1000000,1000000,0,1000000,634506000,634506000,1000000,1000000,161000000,161000000,162000000,162000000,163000000,164000000,1000000,1000000,0,1000000,0,0,1000000,1000000,161000000,161000000,162000000,162000000,1000010,82000030,1000000,1000000,10,81000030
856,818506000,818506000,1000000,1000000,12000000,12000000,634506000,634506000,12000000,12000000,159000000,159000000,171000000,171000000,184000000,184000000,1000000,1000000,12000000,12000000,0,0,12000000,12000000,159000000,159000000,171000000,171000000,1000010,10000010,1000000,1000000,10,9000010
886,722506000,722506000,1000000,1000000,2000000,2000000,634506000,634506000,2000000,2000000,83000000,83000000,85000000,85000000,88000000,88000000,1000000,1000000,2000000,2000000,0,0,2000000,2000000,83000000,83000000,85000000,85000000,1000010,8000020,1000000,1000000,10,7000020
916,898506000,898506000,1000000,1000000,19000000,19000000,634506000,634506000,19000000,19000000,225000000,225000000,244000000,244000000,264000000,264000000,1000000,1000000,19000000,19000000,0,0,19000000,19000000,225000000,225000000,244000000,244000000,1000010,63000010,1000000,1000000,10,62000010
946,892506000,893506000,1000000,1000000,8000000,9000000,634506000,634506000,9000000,9000000,240000000,240000000,249000000,249000000,258000000,259000000,1000000,1000000,8000000,9000000,0,0,9000000,9000000,240000000,240000000,249000000,249000000,1000010,46000040,1000000,1000000,10,45000040
976,974506000,8026072000,1000000,1000000,9000000,81000000,634506000,7614072000,57000000,57000000,273000000,273000000,330000000,330000000,340000000,412000000,1000000,1000000,9000000,81000000,0,0,57000000,57000000,273000000,273000000,330000000,330000000,1000010,53000050,1000000,1000000,10,52000050
1006,673506000,5116048000,1000000,1000000,12000000,13000000,634506000,5076048000,13000000,13000000,13000000,13000000,26000000,26000000,39000000,40000000,1000000,1000000,12000000,13000000,0,0,13000000,13000000,13000000,13000000,26000000,26000000,1000010,1000000,1000000,1000000,10,0
1036,1021506000,2933024000,1000000,1000000,43000000,51000000,634506000,2538024000,47000000,47000000,296000000,296000000,343000000,343000000,387000000,395000000,1000000,1000000,43000000,51000000,0,0,47000000,47000000,296000000,296000000,343000000,343000000,1000010,37000050,1000000,1000000,10,36000050
1066,678506000,3852036000,1000000,1000000,19000000,20000000,634506000,3807036000,20000000,20000000,4000000,4000000,24000000,24000000,44000000,45000000,1000000,1000000,19000000,20000000,0,0,20000000,20000000,4000000,4000000,24000000,24000000,1000010,1000000,1000000,1000000,10,0
1096,664506000,3838036000,1000000,1000000,0,1000000,634506000,3807036000,1000000,1000000,28000000,28000000,29000000,29000000,30000000,31000000,1000000,1000000,0,1000000,0,0,1000000,1000000,28000000,28000000,29000000,29000000,1000010,1000000,1000000,1000000,10,0
1126,778506000,3957036000,1000000,1000000,7000000,13000000,634506000,3807036000,13000000,13000000,123000000,123000000,136000000,136000000,144000000,150000000,1000000,1000000,7000000,13000000,0,0,13000000,13000000,123000000,123000000,136000000,136000000,1000010,11000030,1000000,1000000,10,10000030
1156,644506000,1280012000,1000000,1000000,9000000,10000000,634506000,1269012000,0,0,0,0,0,0,10000000,11000000,1000000,1000000,9000000,10000000,0,0,0,0,0,0,0,0,1000010,1000000,1000000,1000000,10,0
1186,653506000,3192530000,1000000,1000000,8000000,9000000,634506000,3172530000,9000000,9000000,1000000,1000000,10000000,10000000,19000000,20000000,1000000,1000000,8000000,9000000,0,0,9000000,9000000,1000000,1000000,10000000,10000000,1000010,1000000,1000000,1000000,10,0
1216,712506000,2618024000,1000000,1000000,17000000,19000000,634506000,2538024000,19000000,19000000,41000000,41000000,60000000,60000000,78000000,80000000,1000000,1000000,17000000,19000000,0,0,19000000,19000000,41000000,41000000,60000000,60000000,1000010,1000000,1000000,1000000,10,0
1246,643506000,1279012000,1000000,1000000,8000000,9000000,634506000,1269012000,0,0,0,0,0,0,9000000,10000000,1000000,1000000,8000000,9000000,0,0,0,0,0,0,0,0,1000010,1000000,1000000,1000000,10,0
1276,729506000,1366012000,1000000,1000000,9000000,11000000,634506000,1269012000,11000000,11000000,74000000,74000000,85000000,85000000,95000000,97000000,1000000,1000000,9000000,11000000,0,0,11000000,11000000,74000000,74000000,85000000,85000000,1000010,1000000,1000000,1000000,10,0
17,792506000,811506000,1000000,1000000,19000000,38000000,634506000,634506000,38000000,38000000,100000000,100000000,138000000,138000000,158000000,177000000,1000000,1000000,19000000,38000000,0,0,38000000,38000000,100000000,100000000,138000000,138000000,1000010,20000030,1000000,1000000,10,19000030
47,818506000,820506000,1000000,1000000,15000000,17000000,634506000,634506000,17000000,17000000,151000000,151000000,168000000,168000000,184000000,186000000,1000000,1000000,15000000,17000000,0,0,17000000,17000000,151000000,151000000,168000000,168000000,1000010,65000010,1000000,1000000,10,64000010
77,888506000,889506000,1000000,1000000,10000000,11000000,634506000,634506000,11000000,11000000,232000000,232000000,243000000,243000000,254000000,255000000,1000000,1000000,10000000,11000000,0,0,11000000,11000000,232000000,232000000,243000000,243000000,1000010,69000040,1000000,1000000,10,68000040
107,736506000,740506000,1000000,1000000,18000000,18000000,634506000,634506000,18000000,85000000,65000000,2000000,83000000,87000000,102000000,106000000,1000000,1000000,18000000,18000000,0,0,18000000,85000000,65000000,2000000,83000000,87000000,1000010,69000020,1000000,1000000,10,68000020
137,795506000,795506000,1000000,1000000,1000000,1000000,634506000,634506000,1000000,1000000,158000000,158000000,159000000,159000000,161000000,161000000,1000000,1000000,1000000,1000000,0,0,1000000,1000000,158000000,158000000,159000000,159000000,1000010,13000030,1000000,1000000,10,12000030
167,881506000,881506000,1000000,1000000,20000000,20000000,634506000,634506000,20000000,20000000,206000000,206000000,226000000,226000000,247000000,247000000,1000000,1000000,20000000,20000000,0,0,20000000,20000000,206000000,206000000,226000000,226000000,1000010,52000030,1000000,1000000,10,51000030
197,881506000,881506000,1000000,1000000,20000000,20000000,634506000,634506000,20000000,20000000,206000000,206000000,226000000,226000000,247000000,247000000,1000000,1000000,20000000,20000000,0,0,20000000,20000000,206000000,206000000,226000000,226000000,1000010,52000030,1000000,1000000,10,51000030
227,712506000,722506000,1000000,1000000,9000000,19000000,634506000,634506000,9000000,9000000,59000000,59000000,68000000,68000000,78000000,88000000,1000000,1000000,9000000,19000000,0,0,9000000,9000000,59000000,59000000,68000000,68000000,1000010,24000020,1000000,1000000,10,23000020
257,813506000,814506000,1000000,1000000,8000000,9000000,634506000,634506000,9000000,9000000,161000000,161000000,170000000,170000000,179000000,180000000,1000000,1000000,8000000,9000000,0,0,9000000,9000000,161000000,161000000,170000000,170000000,1000010,12000010,1000000,1000000,10,11000010
287,819506000,819506000,1000000,1000000,9000000,9000000,634506000,634506000,9000000,9000000,166000000,166000000,175000000,175000000,185000000,185000000,1000000,1000000,9000000,9000000,0,0,9000000,9000000,166000000,166000000,175000000,175000000,1000010,17000040,1000000,1000000,10,16000040
317,781506000,782506000,1000000,1000000,8000000,9000000,634506000,634506000,9000000,9000000,129000000,129000000,138000000,138000000,147000000,148000000,1000000,1000000,8000000,9000000,0,0,9000000,9000000,129000000,129000000,138000000,138000000,1000010,74000040,1000000,1000000,10,73000040
347,654506000,655506000,1000000,1000000,8000000,9000000,634506000,634506000,8000000,8000000,3000000,3000000,11000000,11000000,20000000,21000000,1000000,1000000,8000000,9000000,0,0,8000000,8000000,3000000,3000000,11000000,11000000,1000010,2000010,1000000,1000000,10,1000010
377,783506000,783506000,1000000,1000000,9000000,9000000,634506000,634506000,9000000,9000000,130000000,130000000,139000000,139000000,149000000,149000000,1000000,1000000,9000000,9000000,0,0,9000000,9000000,130000000,130000000,139000000,139000000,1000010,17000030,1000000,1000000,10,16000030
407,968506000,969506000,1000000,1000000,12000000,13000000,634506000,634506000,13000000,13000000,308000000,308000000,321000000,321000000,334000000,335000000,1000000,1000000,12000000,13000000,0,0,13000000,13000000,308000000,308000000,321000000,321000000,1000010,3000010,1000000,1000000,10,2000010
437,966506000,968506000,1000000,1000000,11000000,13000000,634506000,634506000,13000000,13000000,307000000,307000000,320000000,320000000,332000000,334000000,1000000,1000000,11000000,13000000,0,0,13000000,13000000,307000000,307000000,320000000,320000000,1000010,97000050,1000000,1000000,10,96000050
467,751506000,751506000,1000000,1000000,11000000,11000000,634506000,634506000,11000000,11000000,94000000,94000000,105000000,105000000,117000000,117000000,1000000,1000000,11000000,11000000,0,0,11000000,11000000,94000000,94000000,105000000,105000000,1000010,34000020,1000000,1000000,10,33000020
497,672506000,676506000,1000000,1000000,37000000,41000000,634506000,634506000,0,0,0,0,0,0,38000000,42000000,1000000,1000000,37000000,41000000,0,0,0,0,0,0,0,0,1000010,1000000,1000000,1000000,10,0
527,735506000,763506000,1000000,1000000,9000000,18000000,634506000,634506000,18000000,80000000,73000000,30000000,91000000,110000000,101000000,129000000,1000000,1000000,9000000,18000000,0,0,18000000,80000000,73000000,30000000,91000000,110000000,1000010,63000010,1000000,1000000,10,62000010
557,869506000,870506000,1000000,1000000,7000000,8000000,634506000,634506000,8000000,8000000,219000000,219000000,227000000,227000000,235000000,236000000,1000000,1000000,7000000,8000000,0,0,8000000,8000000,219000000,219000000,227000000,227000000,1000010,23000030,1000000,1000000,10,22000030
587,742506000,742506000,1000000,1000000,47000000,47000000,634506000,634506000,47000000,47000000,13000000,13000000,60000000,60000000,108000000,108000000,1000000,1000000,47000000,47000000,0,0,47000000,47000000,13000000,13000000,60000000,60000000,1000010,38000030,1000000,1000000,10,37000030
617,840506000,840506000,1000000,1000000,10000000,10000000,634506000,634506000,10000000,10000000,185000000,185000000,195000000,195000000,206000000,206000000,1000000,1000000,10000000,10000000,0,0,10000000,10000000,185000000,185000000,195000000,195000000,1000010,43000020,1000000,1000000,10,42000020
647,840506000,840506000,1000000,1000000,10000000,10000000,634506000,634506000,10000000,10000000,185000000,185000000,195000000,195000000,206000000,206000000,1000000,1000000,10000000,10000000,0,0,10000000,10000000,185000000,185000000,195000000,195000000,1000010,43000020,1000000,1000000,10,42000020
677,754506000,754506000,1000000,1000000,6000000,6000000,634506000,634506000,6000000,6000000,107000000,107000000,113000000,113000000,120000000,120000000,1000000,1000000,6000000,6000000,0,0,6000000,6000000,107000000,107000000,113000000,113000000,1000010,11000010,1000000,1000000,10,10000010
707,930506000,931506000,1000000,1000000,17000000,18000000,634506000,634506000,18000000,18000000,260000000,260000000,278000000,278000000,296000000,297000000,1000000,1000000,17000000,18000000,0,0,18000000,18000000,260000000,260000000,278000000,278000000,1000010,22000010,1000000,1000000,10,21000010
737,641506000,643506000,1000000,1000000,6000000,8000000,634506000,634506000,0,0,0,0,0,0,7000000,9000000,1000000,1000000,6000000,8000000,0,0,0,0,0,0,0,0,1000010,1000000,1000000,1000000,10,0
767,710506000,710506000,1000000,1000000,1000000,1000000,634506000,634506000,1000000,1000000,73000000,73000000,74000000,74000000,76000000,76000000,1000000,1000000,1000000,1000000,0,0,1000000,1000000,73000000,73000000,74000000,74000000,1000010,21000030,1000000,1000000,10,20000030
797,965506000,966506000,1000000,1000000,1000000,2000000,634506000,634506000,2000000,2000000,327000000,327000000,329000000,329000000,331000000,332000000,1000000,1000000,1000000,2000000,0,0,2000000,2000000,327000000,327000000,329000000,329000000,1000010,59000030,1000000,1000000,10,58000030
827,850506000,851506000,1000000,1000000,0,1000000,634506000,634506000,1000000,1000000,214000000,214000000,215000000,215000000,216000000,217000000,1000000,1000000,0,1000000,0,0,1000000,1000000,214000000,214000000,215000000,215000000,1000010,82000030,1000000,1000000,10,81000030
857,895506000,896506000,1000000,1000000,12000000,13000000,634506000,634506000,13000000,13000000,235000000,235000000,248000000,248000000,261000000,262000000,1000000,1000000,12000000,13000000,0,0,13000000,13000000,235000000,235000000,248000000,248000000,1000010,10000010,1000000,1000000,10,9000010
887,728506000,728506000,1000000,1000000,9000000,9000000,634506000,634506000,9000000,9000000,75000000,75000000,84000000,84000000,94000000,94000000,1000000,1000000,9000000,9000000,0,0,9000000,9000000,75000000,75000000,84000000,84000000,1000010,27000030,1000000,1000000,10,26000030
917,867506000,868506000,1000000,1000000,18000000,19000000,634506000,634506000,18000000,18000000,196000000,196000000,214000000,214000000,233000000,234000000,1000000,1000000,18000000,19000000,0,0,18000000,18000000,196000000,196000000,214000000,214000000,1000010,63000010,1000000,1000000,10,62000010
947,788506000,788506000,1000000,1000000,8000000,8000000,634506000,634506000,8000000,8000000,137000000,137000000,145000000,145000000,154000000,154000000,1000000,1000000,8000000,8000000,0,0,8000000,8000000,137000000,137000000,145000000,145000000,1000010,45000030,1000000,1000000,10,44000030
977,959506000,17466662000,1000000,1000000,7000000,17000000,634506000,17131662000,11000000,11000000,306000000,306000000,317000000,317000000,325000000,335000000,1000000,1000000,7000000,17000000,0,0,11000000,11000000,306000000,306000000,317000000,317000000,1000010,66000030,1000000,1000000,10,65000030
1007,945506000,16180650000,1000000,1000000,8000000,15000000,634506000,15862650000,13000000,13000000,289000000,289000000,302000000,302000000,311000000,318000000,1000000,1000000,8000000,15000000,0,0,13000000,13000000,289000000,289000000,302000000,302000000,1000010,67000040,1000000,1000000,10,66000040
1037,737506000,1375012000,1000000,1000000,43000000,46000000,634506000,1269012000,46000000,46000000,13000000,13000000,59000000,59000000,103000000,106000000,1000000,1000000,43000000,46000000,0,0,46000000,46000000,13000000,13000000,59000000,59000000,1000010,37000050,1000000,1000000,10,36000050
1067,678506000,3852036000,1000000,1000000,19000000,20000000,634506000,3807036000,20000000,20000000,4000000,4000000,24000000,24000000,44000000,45000000,1000000,1000000,19000000,20000000,0,0,20000000,20000000,4000000,4000000,24000000,24000000,1000010,1000000,1000000,1000000,10,0
1097,751506000,13450626000,1000000,1000000,0,9000000,634506000,13324626000,8000000,8000000,108000000,108000000,116000000,116000000,117000000,126000000,1000000,1000000,0,9000000,0,0,8000000,8000000,108000000,108000000,116000000,116000000,1000010,74000040,1000000,1000000,10,73000040
1127,691506000,1380012000,1000000,1000000,4000000,18000000,634506000,1269012000,17000000,81000000,35000000,11000000,52000000,92000000,57000000,111000000,1000000,1000000,4000000,18000000,0,0,17000000,81000000,35000000,11000000,52000000,92000000,1000010,69000020,1000000,1000000,10,68000020
1157,645506000,647506000,1000000,1000000,10000000,12000000,634506000,634506000,0,0,0,0,0,0,11000000,13000000,1000000,1000000,10000000,12000000,0,0,0,0,0,0,0,0,1000010,1000000,1000000,1000000,10,0
1187,653506000,3192530000,1000000,1000000,8000000,9000000,634506000,3172530000,9000000,9000000,1000000,1000000,10000000,10000000,19000000,20000000,1000000,1000000,8000000,9000000,0,0,9000000,9000000,1000000,1000000,10000000,10000000,1000010,1000000,1000000,1000000,10,0
1217,653506000,654506000,1000000,1000000,18000000,19000000,634506000,634506000,0,0,0,0,0,0,19000000,20000000,1000000,1000000,18000000,19000000,0,0,0,0,0,0,0,0,1000010,1000000,1000000,1000000,10,0
1247,655506000,656506000,1000000,1000000,20000000,21000000,634506000,634506000,0,0,0,0,0,0,21000000,22000000,1000000,1000000,20000000,21000000,0,0,0,0,0,0,0,0,1000010,1000000,1000000,1000000,10,0
1277,644506000,1280012000,1000000,1000000,9000000,10000000,634506000,1269012000,0,0,0,0,0,0,10000000,11000000,1000000,1000000,9000000,10000000,0,0,0,0,0,0,0,0,1000010,1000000,1000000,1000000,10,0
18,784506000,785506000,1000000,1000000,19000000,20000000,634506000,634506000,20000000,20000000,110000000,110000000,130000000,130000000,150000000,151000000,1000000,1000000,19000000,20000000,0,0,20000000,20000000,110000000,110000000,130000000,130000000,1000010,24000020,1000000,1000000,10,23000020
48,818506000,882506000,1000000,1000000,17000000,81000000,634506000,634506000,81000000,81000000,85000000,85000000,166000000,166000000,184000000,248000000,1000000,1000000,17000000,81000000,0,0,81000000,81000000,85000000,85000000,166000000,166000000,1000010,69000020,1000000,1000000,10,68000020
78,888506000,890506000,1000000,1000000,10000000,12000000,634506000,634506000,12000000,12000000,231000000,231000000,243000000,243000000,254000000,256000000,1000000,1000000,10000000,12000000,0,0,12000000,12000000,231000000,231000000,243000000,243000000,1000010,69000040,1000000,1000000,10,68000040
108,842506000,842506000,1000000,1000000,18000000,18000000,634506000,634506000,18000000,18000000,171000000,171000000,189000000,189000000,208000000,208000000,1000000,1000000,18000000,18000000,0,0,18000000,18000000,171000000,171000000,189000000,189000000,1000010,48000020,1000000,1000000,10,47000020
138,798506000,798506000,1000000,1000000,1000000,1000000,634506000,634506000,1000000,1000000,161000000,161000000,162000000,162000000,164000000,164000000,1000000,1000000,1000000,1000000,0,0,1000000,1000000,161000000,161000000,162000000,162000000,1000010,13000030,1000000,1000000,10,12000030
168,718506000,718506000,1000000,1000000,20000000,20000000,634506000,634506000,20000000,20000000,43000000,43000000,63000000,63000000,84000000,84000000,1000000,1000000,20000000,20000000,0,0,20000000,20000000,43000000,43000000,63000000,63000000,1000010,2000010,1000000,1000000,10,1000010
198,773506000,774506000,1000000,1000000,19000000,20000000,634506000,634506000,19000000,19000000,100000000,100000000,119000000,119000000,139000000,140000000,1000000,1000000,19000000,20000000,0,0,19000000,19000000,100000000,100000000,119000000,119000000,1000010,52000030,1000000,1000000,10,51000030
228,950506000,951506000,1000000,1000000,19000000,20000000,634506000,634506000,20000000,20000000,276000000,276000000,296000000,296000000,316000000,317000000,1000000,1000000,19000000,20000000,0,0,20000000,20000000,276000000,276000000,296000000,296000000,1000010,23000010,1000000,1000000,10,22000010
258,924506000,925506000,1000000,1000000,8000000,9000000,634506000,634506000,9000000,9000000,272000000,272000000,281000000,281000000,290000000,291000000,1000000,1000000,8000000,9000000,0,0,9000000,9000000,272000000,272000000,281000000,281000000,1000010,86000050,1000000,1000000,10,85000050
288,834506000,834506000,1000000,1000000,9000000,9000000,634506000,634506000,9000000,9000000,181000000,181000000,190000000,190000000,200000000,200000000,1000000,1000000,9000000,9000000,0,0,9000000,9000000,181000000,181000000,190000000,190000000,1000010,17000040,1000000,1000000,10,16000040
318,704506000,712506000,1000000,1000000,0,8000000,634506000,634506000,8000000,8000000,61000000,61000000,69000000,69000000,70000000,78000000,1000000,1000000,0,8000000,0,0,8000000,8000000,61000000,61000000,69000000,69000000,1000010,13000020,1000000,1000000,10,12000020
348,654506000,655506000,1000000,1000000,8000000,9000000,634506000,634506000,8000000,8000000,3000000,3000000,11000000,11000000,20000000,21000000,1000000,1000000,8000000,9000000,0,0,8000000,8000000,3000000,3000000,11000000,11000000,1000010,2000010,1000000,1000000,10,1000010
378,723506000,724506000,1000000,1000000,9000000,10000000,634506000,634506000,9000000,9000000,70000000,70000000,79000000,79000000,89000000,90000000,1000000,1000000,9000000,10000000,0,0,9000000,9000000,70000000,70000000,79000000,79000000,1000010,13000020,1000000,1000000,10,12000020
408,968506000,969506000,1000000,1000000,12000000,13000000,634506000,634506000,13000000,13000000,308000000,308000000,321000000,321000000,334000000,335000000,1000000,1000000,12000000,13000000,0,0,13000000,13000000,308000000,308000000,321000000,321000000,1000010,3000010,1000000,1000000,10,2000010
438,828506000,829506000,1000000,1000000,11000000,12000000,634506000,634506000,12000000,12000000,170000000,170000000,182000000,182000000,194000000,195000000,1000000,1000000,11000000,12000000,0,0,12000000,12000000,170000000,170000000,182000000,182000000,1000010,27000040,1000000,1000000,10,26000040
468,751506000,751506000,1000000,1000000,11000000,11000000,634506000,634506000,11000000,11000000,94000000,94000000,105000000,105000000,117000000,117000000,1000000,1000000,11000000,11000000,0,0,11000000,11000000,94000000,94000000,105000000,105000000,1000010,34000020,1000000,1000000,10,33000020
498,966506000,995506000,1000000,1000000,8000000,37000000,634506000,634506000,37000000,37000000,286000000,286000000,323000000,323000000,332000000,361000000,1000000,1000000,8000000,37000000,0,0,37000000,37000000,286000000,286000000,323000000,323000000,1000010,29000050,1000000,1000000,10,28000050
528,901506000,901506000,1000000,1000000,18000000,18000000,634506000,634506000,18000000,18000000,230000000,230000000,248000000,248000000,267000000,267000000,1000000,1000000,18000000,18000000,0,0,18000000,18000000,230000000,230000000,248000000,248000000,1000010,27000040,1000000,1000000,10,26000040
558,816506000,817506000,1000000,1000000,7000000,8000000,634506000,634506000,8000000,8000000,166000000,166000000,174000000,174000000,182000000,183000000,1000000,1000000,7000000,8000000,0,0,8000000,8000000,166000000,166000000,174000000,174000000,1000010,16000020,1000000,1000000,10,15000020
588,744506000,744506000,1000000,1000000,8000000,8000000,634506000,634506000,8000000,8000000,93000000,93000000,101000000,101000000,110000000,110000000,1000000,1000000,8000000,8000000,0,0,8000000,8000000,93000000,93000000,101000000,101000000,1000010,9000020,1000000,1000000,10,8000020
618,886506000,887506000,1000000,1000000,9000000,10000000,634506000,634506000,10000000,10000000,232000000,232000000,242000000,242000000,252000000,253000000,1000000,1000000,9000000,10000000,0,0,10000000,10000000,232000000,232000000,242000000,242000000,1000010,84000020,1000000,1000000,10,83000020
648,792506000,793506000,1000000,1000000,10000000,11000000,634506000,634506000,11000000,11000000,136000000,136000000,147000000,147000000,158000000,159000000,1000000,1000000,10000000,11000000,0,0,11000000,11000000,136000000,136000000,147000000,147000000,1000010,95000040,1000000,1000000,10,94000040
678,754506000,754506000,1000000,1000000,6000000,6000000,634506000,634506000,6000000,6000000,107000000,107000000,113000000,113000000,120000000,120000000,1000000,1000000,6000000,6000000,0,0,6000000,6000000,107000000,107000000,113000000,113000000,1000010,11000010,1000000,1000000,10,10000010
708,842506000,843506000,1000000,1000000,17000000,18000000,634506000,634506000,18000000,18000000,172000000,172000000,190000000,190000000,208000000,209000000,1000000,1000000,17000000,18000000,0,0,18000000,18000000,172000000,172000000,190000000,190000000,1000010,22000010,1000000,1000000,10,21000010
738,736506000,741506000,1000000,1000000,0,5000000,634506000,634506000,5000000,5000000,96000000,96000000,101000000,101000000,102000000,107000000,1000000,1000000,0,5000000,0,0,5000000,5000000,96000000,96000000,101000000,101000000,1000010,45000050,1000000,1000000,10,44000050
768,710506000,710506000,1000000,1000000,1000000,1000000,634506000,634506000,1000000,1000000,73000000,73000000,74000000,74000000,76000000,76000000,1000000,1000000,1000000,1000000,0,0,1000000,1000000,73000000,73000000,74000000,74000000,1000010,21000030,1000000,1000000,10,20000030
798,866506000,867506000,1000000,1000000,1000000,2000000,634506000,634506000,2000000,2000000,228000000,228000000,230000000,230000000,232000000,233000000,1000000,1000000,1000000,2000000,0,0,2000000,2000000,228000000,228000000,230000000,230000000,1000010,59000030,1000000,1000000,10,58000030
828,847506000,848506000,1000000,1000000,0,1000000,634506000,634506000,1000000,1000000,211000000,211000000,212000000,212000000,213000000,214000000,1000000,1000000,0,1000000,0,0,1000000,1000000,211000000,211000000,212000000,212000000,1000010,82000030,1000000,1000000,10,81000030
858,768506000,769506000,1000000,1000000,12000000,13000000,634506000,634506000,13000000,13000000,108000000,108000000,121000000,121000000,134000000,135000000,1000000,1000000,12000000,13000000,0,0,13000000,13000000,108000000,108000000,121000000,121000000,1000010,10000010,1000000,1000000,10,9000010
888,968506000,970506000,1000000,1000000,9000000,11000000,634506000,634506000,11000000,11000000,313000000,313000000,324000000,324000000,334000000,336000000,1000000,1000000,9000000,11000000,0,0,11000000,11000000,313000000,313000000,324000000,324000000,1000010,67000040,1000000,1000000,10,66000040
918,867506000,868506000,1000000,1000000,18000000,19000000,634506000,634506000,18000000,18000000,196000000,196000000,214000000,214000000,233000000,234000000,1000000,1000000,18000000,19000000,0,0,18000000,18000000,196000000,196000000,214000000,214000000,1000010,63000010,1000000,1000000,10,62000010
948,753506000,753506000,1000000,1000000,12000000,12000000,634506000,634506000,12000000,12000000,94000000,94000000,106000000,106000000,119000000,119000000,1000000,1000000,12000000,12000000,0,0,12000000,12000000,94000000,94000000,106000000,106000000,1000010,35000030,1000000,1000000,10,34000030
978,971506000,14961638000,1000000,1000000,8000000,39000000,634506000,14593638000,20000000,20000000,308000000,308000000,328000000,328000000,337000000,368000000,1000000,1000000,8000000,39000000,0,0,20000000,20000000,308000000,308000000,328000000,328000000,1000010,9000020,1000000,1000000,10,8000020
1008,652506000,653506000,1000000,1000000,17000000,18000000,634506000,634506000,0,0,0,0,0,0,18000000,19000000,1000000,1000000,17000000,18000000,0,0,0,0,0,0,0,0,1000010,1000000,1000000,1000000,10,0
1038,738506000,2010518000,1000000,1000000,44000000,47000000,634506000,1903518000,47000000,47000000,12000000,12000000,59000000,59000000,104000000,107000000,1000000,1000000,44000000,47000000,0,0,47000000,47000000,12000000,12000000,59000000,59000000,1000010,35000020,1000000,1000000,10,34000020
1068,678506000,3852036000,1000000,1000000,19000000,20000000,634506000,3807036000,20000000,20000000,4000000,4000000,24000000,24000000,44000000,45000000,1000000,1000000,19000000,20000000,0,0,20000000,20000000,4000000,4000000,24000000,24000000,1000010,1000000,1000000,1000000,10,0
1098,812506000,7801072000,1000000,1000000,0,9000000,634506000,7614072000,9000000,9000000,168000000,168000000,177000000,177000000,178000000,187000000,1000000,1000000,0,9000000,0,0,9000000,9000000,168000000,168000000,177000000,177000000,1000010,82000030,1000000,1000000,10,81000030
1128,946506000,3501530000,1000000,1000000,0,17000000,634506000,3172530000,16000000,16000000,295000000,295000000,311000000,311000000,312000000,329000000,1000000,1000000,0,17000000,0,0,16000000,16000000,295000000,295000000,311000000,311000000,1000010,65000010,1000000,1000000,10,64000010
1158,644506000,1280012000,1000000,1000000,9000000,10000000,634506000,1269012000,0,0,0,0,0,0,10000000,11000000,1000000,1000000,9000000,10000000,0,0,0,0,0,0,0,0,1000010,1000000,1000000,1000000,10,0
1188,648506000,3187530000,1000000,1000000,5000000,6000000,634506000,3172530000,6000000,6000000,2000000,2000000,8000000,8000000,14000000,15000000,1000000,1000000,5000000,6000000,0,0,6000000,6000000,2000000,2000000,8000000,8000000,1000010,1000000,1000000,1000000,10,0
1218,640506000,1276012000,1000000,1000000,5000000,6000000,634506000,1269012000,0,0,0,0,0,0,6000000,7000000,1000000,1000000,5000000,6000000,0,0,0,0,0,0,0,0,1000010,1000000,1000000,1000000,10,0
1248,642506000,1912518000,1000000,1000000,7000000,8000000,634506000,1903518000,0,0,0,0,0,0,8000000,9000000,1000000,1000000,7000000,8000000,0,0,0,0,0,0,0,0,1000010,1000000,1000000,1000000,10,0
1278,767506000,3942036000,1000000,1000000,7000000,9000000,634506000,3807036000,9000000,9000000,116000000,116000000,125000000,125000000,133000000,135000000,1000000,1000000,7000000,9000000,0,0,9000000,9000000,116000000,116000000,125000000,125000000,1000010,38000040,1000000,1000000,10,37000040
19,923506000,924506000,1000000,1000000,19000000,20000000,634506000,634506000,20000000,20000000,249000000,249000000,269000000,269000000,289000000,290000000,1000000,1000000,19000000,20000000,0,0,20000000,20000000,249000000,249000000,269000000,269000000,1000010,23000010,1000000,1000000,10,22000010
49,708506000,716506000,1000000,1000000,9000000,17000000,634506000,634506000,9000000,9000000,55000000,55000000,64000000,64000000,74000000,82000000,1000000,1000000,9000000,17000000,0,0,9000000,9000000,55000000,55000000,64000000,64000000,1000010,33000040,1000000,1000000,10,32000040
79,983506000,984506000,1000000,1000000,19000000,20000000,634506000,634506000,20000000,20000000,309000000,309000000,329000000,329000000,349000000,350000000,1000000,1000000,19000000,20000000,0,0,20000000,20000000,309000000,309000000,329000000,329000000,1000010,24000020,1000000,1000000,10,23000020
109,817506000,818506000,1000000,1000000,17000000,18000000,634506000,634506000,17000000,17000000,148000000,148000000,165000000,165000000,183000000,184000000,1000000,1000000,17000000,18000000,0,0,17000000,17000000,148000000,148000000,165000000,165000000,1000010,23000040,1000000,1000000,10,22000040
139,745506000,745506000,1000000,1000000,1000000,1000000,634506000,634506000,1000000,1000000,108000000,108000000,109000000,109000000,111000000,111000000,1000000,1000000,1000000,1000000,0,0,1000000,1000000,108000000,108000000,109000000,109000000,1000010,13000030,1000000,1000000,10,12000030
169,894506000,895506000,1000000,1000000,19000000,20000000,634506000,634506000,20000000,20000000,220000000,220000000,240000000,240000000,260000000,261000000,1000000,1000000,19000000,20000000,0,0,20000000,20000000,220000000,220000000,240000000,240000000,1000010,23000010,1000000,1000000,10,22000010
199,851506000,851506000,1000000,1000000,20000000,20000000,634506000,634506000,20000000,20000000,176000000,176000000,196000000,196000000,217000000,217000000,1000000,1000000,20000000,20000000,0,0,20000000,20000000,176000000,176000000,196000000,196000000,1000010,51000040,1000000,1000000,10,50000040
229,731506000,741506000,1000000,1000000,9000000,19000000,634506000,634506000,19000000,19000000,68000000,68000000,87000000,87000000,97000000,107000000,1000000,1000000,9000000,19000000,0,0,19000000,19000000,68000000,68000000,87000000,87000000,1000010,7000030,1000000,1000000,10,6000030
259,871506000,872506000,1000000,1000000,8000000,9000000,634506000,634506000,9000000,9000000,219000000,219000000,228000000,228000000,237000000,238000000,1000000,1000000,8000000,9000000,0,0,9000000,9000000,219000000,219000000,228000000,228000000,1000010,17000040,1000000,1000000,10,16000040
289,825506000,825506000,1000000,1000000,9000000,9000000,634506000,634506000,9000000,9000000,172000000,172000000,181000000,181000000,191000000,191000000,1000000,1000000,9000000,9000000,0,0,9000000,9000000,172000000,172000000,181000000,181000000,1000010,17000040,1000000,1000000,10,16000040
319,914506000,915506000,1000000,1000000,8000000,9000000,634506000,634506000,9000000,9000000,262000000,262000000,271000000,271000000,280000000,281000000,1000000,1000000,8000000,9000000,0,0,9000000,9000000,262000000,262000000,271000000,271000000,1000010,18000030,1000000,1000000,10,17000030
349,655506000,656506000,1000000,1000000,8000000,9000000,634506000,634506000,8000000,8000000,4000000,4000000,12000000,12000000,21000000,22000000,1000000,1000000,8000000,9000000,0,0,8000000,8000000,4000000,4000000,12000000,12000000,1000010,2000010,1000000,1000000,10,1000010
379,783506000,783506000,1000000,1000000,9000000,9000000,634506000,634506000,9000000,9000000,130000000,130000000,139000000,139000000,149000000,149000000,1000000,1000000,9000000,9000000,0,0,9000000,9000000,130000000,130000000,139000000,139000000,1000010,17000030,1000000,1000000,10,16000030
409,836506000,836506000,1000000,1000000,13000000,13000000,634506000,634506000,13000000,13000000,175000000,175000000,188000000,188000000,202000000,202000000,1000000,1000000,13000000,13000000,0,0,13000000,13000000,175000000,175000000,188000000,188000000,1000010,3000010,1000000,1000000,10,2000010
439,838506000,838506000,1000000,1000000,11000000,11000000,634506000,634506000,11000000,11000000,181000000,181000000,192000000,192000000,204000000,204000000,1000000,1000000,11000000,11000000,0,0,11000000,11000000,181000000,181000000,192000000,192000000,1000010,27000040,1000000,1000000,10,26000040
469,742506000,743506000,1000000,1000000,11000000,12000000,634506000,634506000,12000000,12000000,84000000,84000000,96000000,96000000,108000000,109000000,1000000,1000000,11000000,12000000,0,0,12000000,12000000,84000000,84000000,96000000,96000000,1000010,34000020,1000000,1000000,10,33000020
499,727506000,729506000,1000000,1000000,38000000,40000000,634506000,634506000,40000000,40000000,14000000,14000000,54000000,54000000,93000000,95000000,1000000,1000000,38000000,40000000,0,0,40000000,40000000,14000000,14000000,54000000,54000000,1000010,12000030,1000000,1000000,10,11000030
529,808506000,808506000,1000000,1000000,18000000,18000000,634506000,634506000,18000000,18000000,137000000,137000000,155000000,155000000,174000000,174000000,1000000,1000000,18000000,18000000,0,0,18000000,18000000,137000000,137000000,155000000,155000000,1000010,63000010,1000000,1000000,10,62000010
559,869506000,870506000,1000000,1000000,7000000,8000000,634506000,634506000,8000000,8000000,219000000,219000000,227000000,227000000,235000000,236000000,1000000,1000000,7000000,8000000,0,0,8000000,8000000,219000000,219000000,227000000,227000000,1000010,23000030,1000000,1000000,10,22000030
589,962506000,963506000,1000000,1000000,7000000,8000000,634506000,634506000,8000000,8000000,312000000,312000000,320000000,320000000,328000000,329000000,1000000,1000000,7000000,8000000,0,0,8000000,8000000,312000000,312000000,320000000,320000000,1000010,27000040,1000000,1000000,10,26000040
619,782506000,782506000,1000000,1000000,9000000,9000000,634506000,634506000,9000000,9000000,129000000,129000000,138000000,138000000,148000000,148000000,1000000,1000000,9000000,9000000,0,0,9000000,9000000,129000000,129000000,138000000,138000000,1000010,26000040,1000000,1000000,10,25000040
649,786506000,786506000,1000000,1000000,10000000,10000000,634506000,634506000,10000000,10000000,131000000,131000000,141000000,141000000,152000000,152000000,1000000,1000000,10000000,10000000,0,0,10000000,10000000,131000000,131000000,141000000,141000000,1000010,43000020,1000000,1000000,10,42000020
679,754506000,754506000,1000000,1000000,6000000,6000000,634506000,634506000,6000000,6000000,107000000,107000000,113000000,113000000,120000000,120000000,1000000,1000000,6000000,6000000,0,0,6000000,6000000,107000000,107000000,113000000,113000000,1000010,11000010,1000000,1000000,10,10000010
709,930506000,931506000,1000000,1000000,17000000,18000000,634506000,634506000,18000000,18000000,260000000,260000000,278000000,278000000,296000000,297000000,1000000,1000000,17000000,18000000,0,0,18000000,18000000,260000000,260000000,278000000,278000000,1000010,22000010,1000000,1000000,10,21000010
739,832506000,833506000,1000000,1000000,5000000,6000000,634506000,634506000,6000000,6000000,186000000,186000000,192000000,192000000,198000000,199000000,1000000,1000000,5000000,6000000,0,0,6000000,6000000,186000000,186000000,192000000,192000000,1000010,83000040,1000000,1000000,10,82000040
769,707506000,707506000,1000000,1000000,1000000,1000000,634506000,634506000,1000000,1000000,70000000,70000000,71000000,71000000,73000000,73000000,1000000,1000000,1000000,1000000,0,0,1000000,1000000,70000000,70000000,71000000,71000000,1000010,21000030,1000000,1000000,10,20000030
799,784506000,785506000,1000000,1000000,0,1000000,634506000,634506000,1000000,1000000,148000000,148000000,149000000,149000000,150000000,151000000,1000000,1000000,0,1000000,0,0,1000000,1000000,148000000,148000000,149000000,149000000,1000010,18000020,1000000,1000000,10,17000020
829,850506000,851506000,1000000,1000000,0,1000000,634506000,634506000,1000000,1000000,214000000,214000000,215000000,215000000,216000000,217000000,1000000,1000000,0,1000000,0,0,1000000,1000000,214000000,214000000,215000000,215000000,1000010,82000030,1000000,1000000,10,81000030
859,894506000,895506000,1000000,1000000,12000000,13000000,634506000,634506000,13000000,13000000,234000000,234000000,247000000,247000000,260000000,261000000,1000000,1000000,12000000,13000000,0,0,13000000,13000000,234000000,234000000,247000000,247000000,1000010,10000010,1000000,1000000,10,9000010
889,843506000,843506000,1000000,1000000,9000000,9000000,634506000,634506000,9000000,9000000,190000000,190000000,199000000,199000000,209000000,209000000,1000000,1000000,9000000,9000000,0,0,9000000,9000000,190000000,190000000,199000000,199000000,1000010,29000040,1000000,1000000,10,28000040
919,867506000,868506000,1000000,1000000,18000000,19000000,634506000,634506000,18000000,18000000,196000000,196000000,214000000,214000000,233000000,234000000,1000000,1000000,18000000,19000000,0,0,18000000,18000000,196000000,196000000,214000000,214000000,1000010,63000010,1000000,1000000,10,62000010
949,808506000,809506000,1000000,1000000,11000000,12000000,634506000,634506000,12000000,12000000,150000000,150000000,162000000,162000000,174000000,175000000,1000000,1000000,11000000,12000000,0,0,12000000,12000000,150000000,150000000,162000000,162000000,1000010,45000030,1000000,1000000,10,44000030
979,758506000,4574542000,1000000,1000000,11000000,20000000,634506000,4441542000,18000000,18000000,94000000,94000000,112000000,112000000,124000000,133000000,1000000,1000000,11000000,20000000,0,0,18000000,18000000,94000000,94000000,112000000,112000000,1000010,74000030,1000000,1000000,10,73000030
1009,653506000,3192530000,1000000,1000000,8000000,9000000,634506000,3172530000,9000000,9000000,1000000,1000000,10000000,10000000,19000000,20000000,1000000,1000000,8000000,9000000,0,0,9000000,9000000,1000000,1000000,10000000,10000000,1000010,1000000,1000000,1000000,10,0
1039,681506000,686506000,1000000,1000000,46000000,51000000,634506000,634506000,0,0,0,0,0,0,47000000,52000000,1000000,1000000,46000000,51000000,0,0,0,0,0,0,0,0,1000010,1000000,1000000,1000000,10,0
1069,654506000,1924518000,1000000,1000000,19000000,20000000,634506000,1903518000,0,0,0,0,0,0,20000000,21000000,1000000,1000000,19000000,20000000,0,0,0,0,0,0,0,0,1000010,1000000,1000000,1000000,10,0
1099,801506000,15412144000,1000000,1000000,0,17000000,634506000,15228144000,9000000,9000000,157000000,157000000,166000000,166000000,167000000,184000000,1000000,1000000,0,17000000,0,0,9000000,9000000,157000000,157000000,166000000,166000000,1000010,66000040,1000000,1000000,10,65000040
1129,789506000,1488012000,1000000,1000000,17000000,81000000,634506000,1269012000,81000000,81000000,56000000,56000000,137000000,137000000,155000000,219000000,1000000,1000000,17000000,81000000,0,0,81000000,81000000,56000000,56000000,137000000,137000000,1000010,69000020,1000000,1000000,10,68000020
1159,644506000,1280012000,1000000,1000000,9000000,10000000,634506000,1269012000,0,0,0,0,0,0,10000000,11000000,1000000,1000000,9000000,10000000,0,0,0,0,0,0,0,0,1000010,1000000,1000000,1000000,10,0
1189,664506000,3206530000,1000000,1000000,5000000,9000000,634506000,3172530000,9000000,9000000,15000000,15000000,24000000,24000000,30000000,34000000,1000000,1000000,5000000,9000000,0,0,9000000,9000000,15000000,15000000,24000000,24000000,1000010,1000000,1000000,1000000,10,0
1219,640506000,642506000,1000000,1000000,5000000,7000000,634506000,634506000,0,0,0,0,0,0,6000000,8000000,1000000,1000000,5000000,7000000,0,0,0,0,0,0,0,0,1000010,1000000,1000000,1000000,10,0
1249,642506000,1912518000,1000000,1000000,7000000,8000000,634506000,1903518000,0,0,0,0,0,0,8000000,9000000,1000000,1000000,7000000,8000000,0,0,0,0,0,0,0,0,1000010,1000000,1000000,1000000,10,0
1279,690506000,1327012000,1000000,1000000,9000000,11000000,634506000,1269012000,11000000,11000000,35000000,35000000,46000000,46000000,56000000,58000000,1000000,1000000,9000000,11000000,0,0,11000000,11000000,35000000,35000000,46000000,46000000,1000010,1000000,1000000,1000000,10,0
20,923506000,924506000,1000000,1000000,19000000,20000000,634506000,634506000,20000000,20000000,249000000,249000000,269000000,269000000,289000000,290000000,1000000,1000000,19000000,20000000,0,0,20000000,20000000,249000000,249000000,269000000,269000000,1000010,23000010,1000000,1000000,10,22000010
50,958506000,959506000,1000000,1000000,17000000,18000000,634506000,634506000,18000000,18000000,288000000,288000000,306000000,306000000,324000000,325000000,1000000,1000000,17000000,18000000,0,0,18000000,18000000,288000000,288000000,306000000,306000000,1000010,62000050,1000000,1000000,10,61000050
80,922506000,923506000,1000000,1000000,19000000,20000000,634506000,634506000,20000000,20000000,248000000,248000000,268000000,268000000,288000000,289000000,1000000,1000000,19000000,20000000,0,0,20000000,20000000,248000000,248000000,268000000,268000000,1000010,23000010,1000000,1000000,10,22000010
110,653506000,654506000,1000000,1000000,18000000,19000000,634506000,634506000,0,0,0,0,0,0,19000000,20000000,1000000,1000000,18000000,19000000,0,0,0,0,0,0,0,0,1000010,1000000,1000000,1000000,10,0
140,795506000,795506000,1000000,1000000,1000000,1000000,634506000,634506000,1000000,1000000,158000000,158000000,159000000,159000000,161000000,161000000,1000000,1000000,1000000,1000000,0,0,1000000,1000000,158000000,158000000,159000000,159000000,1000010,13000030,1000000,1000000,10,12000030
170,755506000,756506000,1000000,1000000,19000000,20000000,634506000,634506000,20000000,20000000,81000000,81000000,101000000,101000000,121000000,122000000,1000000,1000000,19000000,20000000,0,0,20000000,20000000,81000000,81000000,101000000,101000000,1000010,24000020,1000000,1000000,10,23000020
200,881506000,881506000,1000000,1000000,20000000,20000000,634506000,634506000,20000000,20000000,206000000,206000000,226000000,226000000,247000000,247000000,1000000,1000000,20000000,20000000,0,0,20000000,20000000,206000000,206000000,226000000,226000000,1000010,52000030,1000000,1000000,10,51000030
230,895506000,896506000,1000000,1000000,19000000,20000000,634506000,634506000,20000000,20000000,221000000,221000000,241000000,241000000,261000000,262000000,1000000,1000000,19000000,20000000,0,0,20000000,20000000,221000000,221000000,241000000,241000000,1000010,24000020,1000000,1000000,10,23000020
260,819506000,820506000,1000000,1000000,8000000,9000000,634506000,634506000,9000000,9000000,167000000,167000000,176000000,176000000,185000000,186000000,1000000,1000000,8000000,9000000,0,0,9000000,9000000,167000000,167000000,176000000,176000000,1000010,17000040,1000000,1000000,10,16000040
290,825506000,825506000,1000000,1000000,9000000,9000000,634506000,634506000,9000000,9000000,172000000,172000000,181000000,181000000,191000000,191000000,1000000,1000000,9000000,9000000,0,0,9000000,9000000,172000000,172000000,181000000,181000000,1000010,17000040,1000000,1000000,10,16000040
320,869506000,870506000,1000000,1000000,8000000,9000000,634506000,634506000,9000000,9000000,217000000,217000000,226000000,226000000,235000000,236000000,1000000,1000000,8000000,9000000,0,0,9000000,9000000,217000000,217000000,226000000,226000000,1000010,74000040,1000000,1000000,10,73000040
350,654506000,655506000,1000000,1000000,8000000,9000000,634506000,634506000,8000000,8000000,3000000,3000000,11000000,11000000,20000000,21000000,1000000,1000000,8000000,9000000,0,0,8000000,8000000,3000000,3000000,11000000,11000000,1000010,2000010,1000000,1000000,10,1000010
380,752506000,755506000,1000000,1000000,6000000,9000000,634506000,634506000,6000000,6000000,105000000,105000000,111000000,111000000,118000000,121000000,1000000,1000000,6000000,9000000,0,0,6000000,6000000,105000000,105000000,111000000,111000000,1000010,18000030,1000000,1000000,10,17000030
410,968506000,969506000,1000000,1000000,12000000,13000000,634506000,634506000,13000000,13000000,308000000,308000000,321000000,321000000,334000000,335000000,1000000,1000000,12000000,13000000,0,0,13000000,13000000,308000000,308000000,321000000,321000000,1000010,3000010,1000000,1000000,10,2000010
440,828506000,829506000,1000000,1000000,11000000,12000000,634506000,634506000,12000000,12000000,170000000,170000000,182000000,182000000,194000000,195000000,1000000,1000000,11000000,12000000,0,0,12000000,12000000,170000000,170000000,182000000,182000000,1000010,27000040,1000000,1000000,10,26000040
470,742506000,743506000,1000000,1000000,11000000,12000000,634506000,634506000,12000000,12000000,84000000,84000000,96000000,96000000,108000000,109000000,1000000,1000000,11000000,12000000,0,0,12000000,12000000,84000000,84000000,96000000,96000000,1000010,34000020,1000000,1000000,10,33000020
500,1326506000,1329506000,1000000,1000000,38000000,41000000,634506000,634506000,41000000,41000000,612000000,612000000,653000000,653000000,692000000,695000000,1000000,1000000,38000000,41000000,0,0,41000000,41000000,612000000,612000000,653000000,653000000,1000010,113000070,1000000,1000000,10,112000070
530,901506000,901506000,1000000,1000000,18000000,18000000,634506000,634506000,18000000,18000000,230000000,230000000,248000000,248000000,267000000,267000000,1000000,1000000,18000000,18000000,0,0,18000000,18000000,230000000,230000000,248000000,248000000,1000010,27000040,1000000,1000000,10,26000040
560,869506000,870506000,1000000,1000000,7000000,8000000,634506000,634506000,8000000,8000000,219000000,219000000,227000000,227000000,235000000,236000000,1000000,1000000,7000000,8000000,0,0,8000000,8000000,219000000,219000000,227000000,227000000,1000010,23000030,1000000,1000000,10,22000030
590,780506000,781506000,1000000,1000000,8000000,9000000,634506000,634506000,8000000,8000000,129000000,129000000,137000000,137000000,146000000,147000000,1000000,1000000,8000000,9000000,0,0,8000000,8000000,129000000,129000000,137000000,137000000,1000010,35000030,1000000,1000000,10,34000030
620,836506000,837506000,1000000,1000000,9000000,10000000,634506000,634506000,10000000,10000000,182000000,182000000,192000000,192000000,202000000,203000000,1000000,1000000,9000000,10000000,0,0,10000000,10000000,182000000,182000000,192000000,192000000,1000010,44000030,1000000,1000000,10,43000030
650,948506000,949506000,1000000,1000000,10000000,11000000,634506000,634506000,11000000,11000000,292000000,292000000,303000000,303000000,314000000,315000000,1000000,1000000,10000000,11000000,0,0,11000000,11000000,292000000,292000000,303000000,303000000,1000010,87000050,1000000,1000000,10,86000050
680,755506000,755506000,1000000,1000000,6000000,6000000,634506000,634506000,6000000,6000000,108000000,108000000,114000000,114000000,121000000,121000000,1000000,1000000,6000000,6000000,0,0,6000000,6000000,108000000,108000000,114000000,114000000,1000010,11000010,1000000,1000000,10,10000010
710,842506000,843506000,1000000,1000000,17000000,18000000,634506000,634506000,18000000,18000000,172000000,172000000,190000000,190000000,208000000,209000000,1000000,1000000,17000000,18000000,0,0,18000000,18000000,172000000,172000000,190000000,190000000,1000010,22000010,1000000,1000000,10,21000010
740,831506000,832506000,1000000,1000000,5000000,6000000,634506000,634506000,6000000,6000000,185000000,185000000,191000000,191000000,197000000,198000000,1000000,1000000,5000000,6000000,0,0,6000000,6000000,185000000,185000000,191000000,191000000,1000010,83000040,1000000,1000000,10,82000040
770,707506000,707506000,1000000,1000000,1000000,1000000,634506000,634506000,1000000,1000000,70000000,70000000,71000000,71000000,73000000,73000000,1000000,1000000,1000000,1000000,0,0,1000000,1000000,70000000,70000000,71000000,71000000,1000010,21000030,1000000,1000000,10,20000030
800,866506000,867506000,1000000,1000000,1000000,2000000,634506000,634506000,2000000,2000000,228000000,228000000,230000000,230000000,232000000,233000000,1000000,1000000,1000000,2000000,0,0,2000000,2000000,228000000,228000000,230000000,230000000,1000010,59000030,1000000,1000000,10,58000030
830,847506000,848506000,1000000,1000000,0,1000000,634506000,634506000,1000000,1000000,211000000,211000000,212000000,212000000,213000000,214000000,1000000,1000000,0,1000000,0,0,1000000,1000000,211000000,211000000,212000000,212000000,1000010,82000030,1000000,1000000,10,81000030
860,801506000,806506000,1000000,1000000,8000000,13000000,634506000,634506000,13000000,13000000,145000000,145000000,158000000,158000000,167000000,172000000,1000000,1000000,8000000,13000000,0,0,13000000,13000000,145000000,145000000,158000000,158000000,1000010,3000020,1000000,1000000,10,2000020
890,893506000,894506000,1000000,1000000,9000000,10000000,634506000,634506000,10000000,10000000,239000000,239000000,249000000,249000000,259000000,260000000,1000000,1000000,9000000,10000000,0,0,10000000,10000000,239000000,239000000,249000000,249000000,1000010,67000040,1000000,1000000,10,66000040
920,867506000,868506000,1000000,1000000,18000000,19000000,634506000,634506000,18000000,18000000,196000000,196000000,214000000,214000000,233000000,234000000,1000000,1000000,18000000,19000000,0,0,18000000,18000000,196000000,196000000,214000000,214000000,1000010,63000010,1000000,1000000,10,62000010
950,792506000,793506000,1000000,1000000,11000000,12000000,634506000,634506000,12000000,12000000,134000000,134000000,146000000,146000000,158000000,159000000,1000000,1000000,11000000,12000000,0,0,12000000,12000000,134000000,134000000,146000000,146000000,1000010,26000040,1000000,1000000,10,25000040
980,652506000,1288012000,1000000,1000000,17000000,18000000,634506000,1269012000,0,0,0,0,0,0,18000000,19000000,1000000,1000000,17000000,18000000,0,0,0,0,0,0,0,0,1000010,1000000,1000000,1000000,10,0
1010,638506000,1274012000,1000000,1000000,3000000,4000000,634506000,1269012000,0,0,0,0,0,0,4000000,5000000,1000000,1000000,3000000,4000000,0,0,0,0,0,0,0,0,1000010,1000000,1000000,1000000,10,0
1040,642506000,1278012000,1000000,1000000,7000000,8000000,634506000,1269012000,0,0,0,0,0,0,8000000,9000000,1000000,1000000,7000000,8000000,0,0,0,0,0,0,0,0,1000010,1000000,1000000,1000000,10,0
1070,683506000,1963518000,1000000,1000000,8000000,19000000,634506000,1903518000,19000000,19000000,21000000,21000000,40000000,40000000,49000000,60000000,1000000,1000000,8000000,19000000,0,0,19000000,19000000,21000000,21000000,40000000,40000000,1000010,1000000,1000000,1000000,10,0
1100,963506000,18739674000,1000000,1000000,0,10000000,634506000,18400674000,2000000,2000000,326000000,326000000,328000000,328000000,329000000,339000000,1000000,1000000,0,10000000,0,0,2000000,2000000,326000000,326000000,328000000,328000000,1000010,50000020,1000000,1000000,10,49000020
1130,800506000,3350530000,1000000,1000000,5000000,17000000,634506000,3172530000,16000000,16000000,144000000,144000000,160000000,160000000,166000000,178000000,1000000,1000000,5000000,17000000,0,0,16000000,16000000,144000000,144000000,160000000,160000000,1000010,67000030,1000000,1000000,10,66000030
1160,644506000,1280012000,1000000,1000000,9000000,10000000,634506000,1269012000,0,0,0,0,0,0,10000000,11000000,1000000,1000000,9000000,10000000,0,0,0,0,0,0,0,0,1000010,1000000,1000000,1000000,10,0
1190,648506000,2553024000,1000000,1000000,5000000,6000000,634506000,2538024000,6000000,6000000,2000000,2000000,8000000,8000000,14000000,15000000,1000000,1000000,5000000,6000000,0,0,6000000,6000000,2000000,2000000,8000000,8000000,1000010,1000000,1000000,1000000,10,0
1220,930506000,2216518000,1000000,1000000,57000000,74000000,634506000,1903518000,74000000,74000000,164000000,164000000,238000000,238000000,296000000,313000000,1000000,1000000,57000000,74000000,0,0,74000000,74000000,164000000,164000000,238000000,238000000,1000010,105000020,1000000,1000000,10,104000020
1250,675506000,2580024000,1000000,1000000,7000000,8000000,634506000,2538024000,7000000,7000000,26000000,26000000,33000000,33000000,41000000,42000000,1000000,1000000,7000000,8000000,0,0,7000000,7000000,26000000,26000000,33000000,33000000,1000010,1000000,1000000,1000000,10,0
1280,743506000,1382012000,1000000,1000000,44000000,48000000,634506000,1269012000,47000000,47000000,17000000,17000000,64000000,64000000,109000000,113000000,1000000,1000000,44000000,48000000,0,0,47000000,47000000,17000000,17000000,64000000,64000000,1000010,1000000,1000000,1000000,10,0
21,923506000,924506000,1000000,1000000,19000000,20000000,634506000,634506000,20000000,20000000,249000000,249000000,269000000,269000000,289000000,290000000,1000000,1000000,19000000,20000000,0,0,20000000,20000000,249000000,249000000,269000000,269000000,1000010,23000010,1000000,1000000,10,22000010
51,798506000,799506000,1000000,1000000,16000000,17000000,634506000,634506000,16000000,16000000,131000000,131000000,147000000,147000000,164000000,165000000,1000000,1000000,16000000,17000000,0,0,16000000,16000000,131000000,131000000,147000000,147000000,1000010,67000030,1000000,1000000,10,66000030
81,801506000,821506000,1000000,1000000,19000000,39000000,634506000,634506000,39000000,39000000,108000000,108000000,147000000,147000000,167000000,187000000,1000000,1000000,19000000,39000000,0,0,39000000,39000000,108000000,108000000,147000000,147000000,1000010,20000030,1000000,1000000,10,19000030
111,817506000,818506000,1000000,1000000,17000000,18000000,634506000,634506000,17000000,17000000,148000000,148000000,165000000,165000000,183000000,184000000,1000000,1000000,17000000,18000000,0,0,17000000,17000000,148000000,148000000,165000000,165000000,1000010,23000040,1000000,1000000,10,22000040
141,798506000,798506000,1000000,1000000,1000000,1000000,634506000,634506000,1000000,1000000,161000000,161000000,162000000,162000000,164000000,164000000,1000000,1000000,1000000,1000000,0,0,1000000,1000000,161000000,161000000,162000000,162000000,1000010,13000030,1000000,1000000,10,12000030
171,908506000,908506000,1000000,1000000,20000000,20000000,634506000,634506000,20000000,20000000,233000000,233000000,253000000,253000000,274000000,274000000,1000000,1000000,20000000,20000000,0,0,20000000,20000000,233000000,233000000,253000000,253000000,1000010,28000040,1000000,1000000,10,27000040
201,655506000,656506000,1000000,1000000,20000000,21000000,634506000,634506000,0,0,0,0,0,0,21000000,22000000,1000000,1000000,20000000,21000000,0,0,0,0,0,0,0,0,1000010,1000000,1000000,1000000,10,0
231,893506000,904506000,1000000,1000000,8000000,19000000,634506000,634506000,19000000,19000000,231000000,231000000,250000000,250000000,259000000,270000000,1000000,1000000,8000000,19000000,0,0,19000000,19000000,231000000,231000000,250000000,250000000,1000010,23000010,1000000,1000000,10,22000010
261,819506000,820506000,1000000,1000000,8000000,9000000,634506000,634506000,9000000,9000000,167000000,167000000,176000000,176000000,185000000,186000000,1000000,1000000,8000000,9000000,0,0,9000000,9000000,167000000,167000000,176000000,176000000,1000010,17000040,1000000,1000000,10,16000040
291,792506000,794506000,1000000,1000000,7000000,9000000,634506000,634506000,7000000,7000000,143000000,143000000,150000000,150000000,158000000,160000000,1000000,1000000,7000000,9000000,0,0,7000000,7000000,143000000,143000000,150000000,150000000,1000010,75000030,1000000,1000000,10,74000030
321,697506000,704506000,1000000,1000000,1000000,8000000,634506000,634506000,1000000,1000000,60000000,60000000,61000000,61000000,63000000,70000000,1000000,1000000,1000000,8000000,0,0,1000000,1000000,60000000,60000000,61000000,61000000,1000010,13000020,1000000,1000000,10,12000020
351,654506000,655506000,1000000,1000000,8000000,9000000,634506000,634506000,8000000,8000000,3000000,3000000,11000000,11000000,20000000,21000000,1000000,1000000,8000000,9000000,0,0,8000000,8000000,3000000,3000000,11000000,11000000,1000010,2000010,1000000,1000000,10,1000010
381,783506000,783506000,1000000,1000000,9000000,9000000,634506000,634506000,9000000,9000000,130000000,130000000,139000000,139000000,149000000,149000000,1000000,1000000,9000000,9000000,0,0,9000000,9000000,130000000,130000000,139000000,139000000,1000010,17000030,1000000,1000000,10,16000030
411,969506000,970506000,1000000,1000000,12000000,13000000,634506000,634506000,13000000,13000000,309000000,309000000,322000000,322000000,335000000,336000000,1000000,1000000,12000000,13000000,0,0,13000000,13000000,309000000,309000000,322000000,322000000,1000010,3000010,1000000,1000000,10,2000010
441,962506000,964506000,1000000,1000000,11000000,13000000,634506000,634506000,13000000,13000000,303000000,303000000,316000000,316000000,328000000,330000000,1000000,1000000,11000000,13000000,0,0,13000000,13000000,303000000,303000000,316000000,316000000,1000010,97000050,1000000,1000000,10,96000050
471,751506000,751506000,1000000,1000000,11000000,11000000,634506000,634506000,11000000,11000000,94000000,94000000,105000000,105000000,117000000,117000000,1000000,1000000,11000000,11000000,0,0,11000000,11000000,94000000,94000000,105000000,105000000,1000010,34000020,1000000,1000000,10,33000020
501,820506000,826506000,1000000,1000000,38000000,44000000,634506000,634506000,44000000,44000000,103000000,103000000,147000000,147000000,186000000,192000000,1000000,1000000,38000000,44000000,0,0,44000000,44000000,103000000,103000000,147000000,147000000,1000010,33000040,1000000,1000000,10,32000040
531,808506000,808506000,1000000,1000000,18000000,18000000,634506000,634506000,18000000,18000000,137000000,137000000,155000000,155000000,174000000,174000000,1000000,1000000,18000000,18000000,0,0,18000000,18000000,137000000,137000000,155000000,155000000,1000010,63000010,1000000,1000000,10,62000010
561,867506000,868506000,1000000,1000000,7000000,8000000,634506000,634506000,8000000,8000000,217000000,217000000,225000000,225000000,233000000,234000000,1000000,1000000,7000000,8000000,0,0,8000000,8000000,217000000,217000000,225000000,225000000,1000010,23000030,1000000,1000000,10,22000030
591,871506000,872506000,1000000,1000000,7000000,8000000,634506000,634506000,8000000,8000000,221000000,221000000,229000000,229000000,237000000,238000000,1000000,1000000,7000000,8000000,0,0,8000000,8000000,221000000,221000000,229000000,229000000,1000010,24000030,1000000,1000000,10,23000030
621,797506000,798506000,1000000,1000000,8000000,9000000,634506000,634506000,8000000,8000000,146000000,146000000,154000000,154000000,163000000,164000000,1000000,1000000,8000000,9000000,0,0,8000000,8000000,146000000,146000000,154000000,154000000,1000010,84000020,1000000,1000000,10,83000020
651,773506000,773506000,1000000,1000000,10000000,10000000,634506000,634506000,10000000,10000000,118000000,118000000,128000000,128000000,139000000,139000000,1000000,1000000,10000000,10000000,0,0,10000000,10000000,118000000,118000000,128000000,128000000,1000010,43000020,1000000,1000000,10,42000020
681,845506000,846506000,1000000,1000000,6000000,7000000,634506000,634506000,7000000,7000000,197000000,197000000,204000000,204000000,211000000,212000000,1000000,1000000,6000000,7000000,0,0,7000000,7000000,197000000,197000000,204000000,204000000,1000010,11000010,1000000,1000000,10,10000010
711,842506000,843506000,1000000,1000000,17000000,18000000,634506000,634506000,18000000,18000000,172000000,172000000,190000000,190000000,208000000,209000000,1000000,1000000,17000000,18000000,0,0,18000000,18000000,172000000,172000000,190000000,190000000,1000010,22000010,1000000,1000000,10,21000010
741,874506000,875506000,1000000,1000000,5000000,6000000,634506000,634506000,6000000,6000000,228000000,228000000,234000000,234000000,240000000,241000000,1000000,1000000,5000000,6000000,0,0,6000000,6000000,228000000,228000000,234000000,234000000,1000010,83000040,1000000,1000000,10,82000040
771,644506000,644506000,1000000,1000000,1000000,1000000,634506000,634506000,1000000,1000000,7000000,7000000,8000000,8000000,10000000,10000000,1000000,1000000,1000000,1000000,0,0,1000000,1000000,7000000,7000000,8000000,8000000,1000010,2000010,1000000,1000000,10,1000010
801,772506000,772506000,1000000,1000000,1000000,1000000,634506000,634506000,1000000,1000000,135000000,135000000,136000000,136000000,138000000,138000000,1000000,1000000,1000000,1000000,0,0,1000000,1000000,135000000,135000000,136000000,136000000,1000010,19000020,1000000,1000000,10,18000020
831,690506000,690506000,1000000,1000000,10000000,10000000,634506000,634506000,10000000,10000000,35000000,35000000,45000000,45000000,56000000,56000000,1000000,1000000,10000000,10000000,0,0,10000000,10000000,35000000,35000000,45000000,45000000,1000010,12000020,1000000,1000000,10,11000020
861,758506000,759506000,1000000,1000000,11000000,12000000,634506000,634506000,12000000,12000000,100000000,100000000,112000000,112000000,124000000,125000000,1000000,1000000,11000000,12000000,0,0,12000000,12000000,100000000,100000000,112000000,112000000,1000010,13000030,1000000,1000000,10,12000030
891,808506000,808506000,1000000,1000000,8000000,8000000,634506000,634506000,8000000,8000000,157000000,157000000,165000000,165000000,174000000,174000000,1000000,1000000,8000000,8000000,0,0,8000000,8000000,157000000,157000000,165000000,165000000,1000010,7000030,1000000,1000000,10,6000030
921,867506000,868506000,1000000,1000000,18000000,19000000,634506000,634506000,18000000,18000000,196000000,196000000,214000000,214000000,233000000,234000000,1000000,1000000,18000000,19000000,0,0,18000000,18000000,196000000,196000000,214000000,214000000,1000010,63000010,1000000,1000000,10,62000010
951,840506000,841506000,1000000,1000000,12000000,13000000,634506000,634506000,13000000,13000000,180000000,180000000,193000000,193000000,206000000,207000000,1000000,1000000,12000000,13000000,0,0,13000000,13000000,180000000,180000000,193000000,193000000,1000010,26000040,1000000,1000000,10,25000040
981,839506000,5918554000,1000000,1000000,17000000,20000000,634506000,5710554000,18000000,18000000,169000000,169000000,187000000,187000000,205000000,208000000,1000000,1000000,17000000,20000000,0,0,18000000,18000000,169000000,169000000,187000000,187000000,1000010,41000010,1000000,1000000,10,40000010
1011,908506000,7263566000,1000000,1000000,0,10000000,634506000,6979566000,4000000,4000000,269000000,269000000,273000000,273000000,274000000,284000000,1000000,1000000,0,10000000,0,0,4000000,4000000,269000000,269000000,273000000,273000000,1000010,81000040,1000000,1000000,10,80000040
1041,742506000,2648024000,1000000,1000000,7000000,9000000,634506000,2538024000,8000000,8000000,92000000,92000000,100000000,100000000,108000000,110000000,1000000,1000000,7000000,9000000,0,0,8000000,8000000,92000000,92000000,100000000,100000000,1000010,2000010,1000000,1000000,10,1000010
1071,654506000,1924518000,1000000,1000000,19000000,20000000,634506000,1903518000,0,0,0,0,0,0,20000000,21000000,1000000,1000000,19000000,20000000,0,0,0,0,0,0,0,0,1000010,1000000,1000000,1000000,10,0
1101,855506000,18651674000,1000000,1000000,0,15000000,634506000,18400674000,15000000,16000000,205000000,219000000,220000000,235000000,221000000,251000000,1000000,1000000,0,15000000,0,0,15000000,16000000,205000000,219000000,220000000,235000000,1000010,67000020,1000000,1000000,10,66000020
1131,664506000,3203530000,1000000,1000000,0,1000000,634506000,3172530000,1000000,1000000,28000000,28000000,29000000,29000000,30000000,31000000,1000000,1000000,0,1000000,0,0,1000000,1000000,28000000,28000000,29000000,29000000,1000010,1000000,1000000,1000000,10,0
1161,644506000,1280012000,1000000,1000000,9000000,10000000,634506000,1269012000,0,0,0,0,0,0,10000000,11000000,1000000,1000000,9000000,10000000,0,0,0,0,0,0,0,0,1000010,1000000,1000000,1000000,10,0
1191,649506000,1919518000,1000000,1000000,6000000,7000000,634506000,1903518000,6000000,6000000,2000000,2000000,8000000,8000000,15000000,16000000,1000000,1000000,6000000,7000000,0,0,6000000,6000000,2000000,2000000,8000000,8000000,1000010,1000000,1000000,1000000,10,0
1221,844506000,1535012000,1000000,1000000,18000000,74000000,634506000,1269012000,73000000,73000000,118000000,118000000,191000000,191000000,210000000,266000000,1000000,1000000,18000000,74000000,0,0,73000000,73000000,118000000,118000000,191000000,191000000,1000010,64000020,1000000,1000000,10,63000020
1251,748506000,3290530000,1000000,1000000,7000000,11000000,634506000,3172530000,11000000,11000000,95000000,95000000,106000000,106000000,114000000,118000000,1000000,1000000,7000000,11000000,0,0,11000000,11000000,95000000,95000000,106000000,106000000,1000010,26000030,1000000,1000000,10,25000030
1281,796506000,1433012000,1000000,1000000,11000000,13000000,634506000,1269012000,13000000,13000000,137000000,137000000,150000000,150000000,162000000,164000000,1000000,1000000,11000000,13000000,0,0,13000000,13000000,137000000,137000000,150000000,150000000,1000010,46000040,1000000,1000000,10,45000040
22,979506000,980506000,1000000,1000000,19000000,20000000,634506000,634506000,20000000,20000000,305000000,305000000,325000000,325000000,345000000,346000000,1000000,1000000,19000000,20000000,0,0,20000000,20000000,305000000,305000000,325000000,325000000,1000010,23000010,1000000,1000000,10,22000010
52,979506000,1019506000,1000000,1000000,17000000,57000000,634506000,634506000,57000000,57000000,270000000,270000000,327000000,327000000,345000000,385000000,1000000,1000000,17000000,57000000,0,0,57000000,57000000,270000000,270000000,327000000,327000000,1000010,67000030,1000000,1000000,10,66000030
82,710506000,710506000,1000000,1000000,19000000,19000000,634506000,634506000,19000000,19000000,37000000,37000000,56000000,56000000,76000000,76000000,1000000,1000000,19000000,19000000,0,0,19000000,19000000,37000000,37000000,56000000,56000000,1000010,23000010,1000000,1000000,10,22000010
112,718506000,728506000,1000000,1000000,18000000,20000000,634506000,634506000,18000000,57000000,47000000,16000000,65000000,73000000,84000000,94000000,1000000,1000000,18000000,20000000,0,0,18000000,57000000,47000000,16000000,65000000,73000000,1000010,48000020,1000000,1000000,10,47000020
142,795506000,795506000,1000000,1000000,1000000,1000000,634506000,634506000,1000000,1000000,158000000,158000000,159000000,159000000,161000000,161000000,1000000,1000000,1000000,1000000,0,0,1000000,1000000,158000000,158000000,159000000,159000000,1000010,13000030,1000000,1000000,10,12000030
172,836506000,836506000,1000000,1000000,20000000,20000000,634506000,634506000,20000000,20000000,161000000,161000000,181000000,181000000,202000000,202000000,1000000,1000000,20000000,20000000,0,0,20000000,20000000,161000000,161000000,181000000,181000000,1000010,28000040,1000000,1000000,10,27000040
202,881506000,881506000,1000000,1000000,20000000,20000000,634506000,634506000,20000000,20000000,206000000,206000000,226000000,226000000,247000000,247000000,1000000,1000000,20000000,20000000,0,0,20000000,20000000,206000000,206000000,226000000,226000000,1000010,52000030,1000000,1000000,10,51000030
232,729506000,729506000,1000000,1000000,19000000,19000000,634506000,634506000,19000000,19000000,56000000,56000000,75000000,75000000,95000000,95000000,1000000,1000000,19000000,19000000,0,0,19000000,19000000,56000000,56000000,75000000,75000000,1000010,23000010,1000000,1000000,10,22000010
262,746506000,746506000,1000000,1000000,8000000,8000000,634506000,634506000,8000000,8000000,95000000,95000000,103000000,103000000,112000000,112000000,1000000,1000000,8000000,8000000,0,0,8000000,8000000,95000000,95000000,103000000,103000000,1000010,74000040,1000000,1000000,10,73000040
292,772506000,773506000,1000000,1000000,8000000,9000000,634506000,634506000,9000000,9000000,120000000,120000000,129000000,129000000,138000000,139000000,1000000,1000000,8000000,9000000,0,0,9000000,9000000,120000000,120000000,129000000,129000000,1000010,74000040,1000000,1000000,10,73000040
322,944506000,945506000,1000000,1000000,8000000,9000000,634506000,634506000,9000000,9000000,292000000,292000000,301000000,301000000,310000000,311000000,1000000,1000000,8000000,9000000,0,0,9000000,9000000,292000000,292000000,301000000,301000000,1000010,34000020,1000000,1000000,10,33000020
352,669506000,671506000,1000000,1000000,6000000,8000000,634506000,634506000,8000000,8000000,20000000,20000000,28000000,28000000,35000000,37000000,1000000,1000000,6000000,8000000,0,0,8000000,8000000,20000000,20000000,28000000,28000000,1000010,3000020,1000000,1000000,10,2000020
382,811506000,815506000,1000000,1000000,9000000,13000000,634506000,634506000,13000000,13000000,154000000,154000000,167000000,167000000,177000000,181000000,1000000,1000000,9000000,13000000,0,0,13000000,13000000,154000000,154000000,167000000,167000000,1000010,21000040,1000000,1000000,10,20000040
412,969506000,970506000,1000000,1000000,12000000,13000000,634506000,634506000,13000000,13000000,309000000,309000000,322000000,322000000,335000000,336000000,1000000,1000000,12000000,13000000,0,0,13000000,13000000,309000000,309000000,322000000,322000000,1000010,3000010,1000000,1000000,10,2000010
442,838506000,838506000,1000000,1000000,11000000,11000000,634506000,634506000,11000000,11000000,181000000,181000000,192000000,192000000,204000000,204000000,1000000,1000000,11000000,11000000,0,0,11000000,11000000,181000000,181000000,192000000,192000000,1000010,27000040,1000000,1000000,10,26000040
472,736506000,736506000,1000000,1000000,11000000,11000000,634506000,634506000,11000000,11000000,79000000,79000000,90000000,90000000,102000000,102000000,1000000,1000000,11000000,11000000,0,0,11000000,11000000,79000000,79000000,90000000,90000000,1000010,34000020,1000000,1000000,10,33000020
502,996506000,997506000,1000000,1000000,37000000,38000000,634506000,634506000,38000000,38000000,286000000,286000000,324000000,324000000,362000000,363000000,1000000,1000000,37000000,38000000,0,0,38000000,38000000,286000000,286000000,324000000,324000000,1000010,39000040,1000000,1000000,10,38000040
532,808506000,808506000,1000000,1000000,18000000,18000000,634506000,634506000,18000000,18000000,137000000,137000000,155000000,155000000,174000000,174000000,1000000,1000000,18000000,18000000,0,0,18000000,18000000,137000000,137000000,155000000,155000000,1000010,63000010,1000000,1000000,10,62000010
562,791506000,796506000,1000000,1000000,7000000,12000000,634506000,634506000,12000000,12000000,137000000,137000000,149000000,149000000,157000000,162000000,1000000,1000000,7000000,12000000,0,0,12000000,12000000,137000000,137000000,149000000,149000000,1000010,24000030,1000000,1000000,10,23000030
592,905506000,906506000,1000000,1000000,7000000,8000000,634506000,634506000,8000000,8000000,255000000,255000000,263000000,263000000,271000000,272000000,1000000,1000000,7000000,8000000,0,0,8000000,8000000,255000000,255000000,263000000,263000000,1000010,27000040,1000000,1000000,10,26000040
622,772506000,773506000,1000000,1000000,9000000,10000000,634506000,634506000,10000000,10000000,118000000,118000000,128000000,128000000,138000000,139000000,1000000,1000000,9000000,10000000,0,0,10000000,10000000,118000000,118000000,128000000,128000000,1000010,44000030,1000000,1000000,10,43000030
652,762506000,762506000,1000000,1000000,10000000,10000000,634506000,634506000,10000000,10000000,107000000,107000000,117000000,117000000,128000000,128000000,1000000,1000000,10000000,10000000,0,0,10000000,10000000,107000000,107000000,117000000,117000000,1000010,43000020,1000000,1000000,10,42000020
682,787506000,788506000,1000000,1000000,5000000,6000000,634506000,634506000,6000000,6000000,141000000,141000000,147000000,147000000,153000000,154000000,1000000,1000000,5000000,6000000,0,0,6000000,6000000,141000000,141000000,147000000,147000000,1000010,83000040,1000000,1000000,10,82000040
712,842506000,843506000,1000000,1000000,17000000,18000000,634506000,634506000,18000000,18000000,172000000,172000000,190000000,190000000,208000000,209000000,1000000,1000000,17000000,18000000,0,0,18000000,18000000,172000000,172000000,190000000,190000000,1000010,22000010,1000000,1000000,10,21000010
742,833506000,834506000,1000000,1000000,5000000,6000000,634506000,634506000,6000000,6000000,187000000,187000000,193000000,193000000,199000000,200000000,1000000,1000000,5000000,6000000,0,0,6000000,6000000,187000000,187000000,193000000,193000000,1000010,83000040,1000000,1000000,10,82000040
772,765506000,765506000,1000000,1000000,1000000,1000000,634506000,634506000,1000000,1000000,128000000,128000000,129000000,129000000,131000000,131000000,1000000,1000000,1000000,1000000,0,0,1000000,1000000,128000000,128000000,129000000,129000000,1000010,19000020,1000000,1000000,10,18000020
802,866506000,867506000,1000000,1000000,1000000,2000000,634506000,634506000,2000000,2000000,228000000,228000000,230000000,230000000,232000000,233000000,1000000,1000000,1000000,2000000,0,0,2000000,2000000,228000000,228000000,230000000,230000000,1000010,59000030,1000000,1000000,10,58000030
832,794506000,794506000,1000000,1000000,10000000,10000000,634506000,634506000,10000000,10000000,139000000,139000000,149000000,149000000,160000000,160000000,1000000,1000000,10000000,10000000,0,0,10000000,10000000,139000000,139000000,149000000,149000000,1000010,26000030,1000000,1000000,10,25000030
862,748506000,748506000,1000000,1000000,11000000,11000000,634506000,634506000,11000000,11000000,91000000,91000000,102000000,102000000,114000000,114000000,1000000,1000000,11000000,11000000,0,0,11000000,11000000,91000000,91000000,102000000,102000000,1000010,12000020,1000000,1000000,10,11000020
892,884506000,885506000,1000000,1000000,7000000,8000000,634506000,634506000,8000000,8000000,234000000,234000000,242000000,242000000,250000000,251000000,1000000,1000000,7000000,8000000,0,0,8000000,8000000,234000000,234000000,242000000,242000000,1000010,8000010,1000000,1000000,10,7000010
922,867506000,868506000,1000000,1000000,18000000,19000000,634506000,634506000,18000000,18000000,196000000,196000000,214000000,214000000,233000000,234000000,1000000,1000000,18000000,19000000,0,0,18000000,18000000,196000000,196000000,214000000,214000000,1000010,63000010,1000000,1000000,10,62000010
952,947506000,948506000,1000000,1000000,73000000,74000000,634506000,634506000,74000000,74000000,165000000,165000000,239000000,239000000,313000000,314000000,1000000,1000000,73000000,74000000,0,0,74000000,74000000,165000000,165000000,239000000,239000000,1000010,121000030,1000000,1000000,10,120000030
982,652506000,1288012000,1000000,1000000,17000000,18000000,634506000,1269012000,0,0,0,0,0,0,18000000,19000000,1000000,1000000,17000000,18000000,0,0,0,0,0,0,0,0,1000010,1000000,1000000,1000000,10,0
1012,908506000,7263566000,1000000,1000000,1000000,11000000,634506000,6979566000,4000000,4000000,268000000,268000000,272000000,272000000,274000000,284000000,1000000,1000000,1000000,11000000,0,0,4000000,4000000,268000000,268000000,272000000,272000000,1000010,74000040,1000000,1000000,10,73000040
1042,987506000,12419614000,1000000,1000000,1000000,12000000,634506000,12055614000,8000000,8000000,343000000,343000000,351000000,351000000,353000000,364000000,1000000,1000000,1000000,12000000,0,0,8000000,8000000,343000000,343000000,351000000,351000000,1000010,20000040,1000000,1000000,10,19000040
1072,729506000,3913036000,1000000,1000000,8000000,19000000,634506000,3807036000,19000000,19000000,67000000,67000000,86000000,86000000,95000000,106000000,1000000,1000000,8000000,19000000,0,0,19000000,19000000,67000000,67000000,86000000,86000000,1000010,1000000,1000000,1000000,10,0
1102,664506000,3838036000,1000000,1000000,0,1000000,634506000,3807036000,1000000,1000000,28000000,28000000,29000000,29000000,30000000,31000000,1000000,1000000,0,1000000,0,0,1000000,1000000,28000000,28000000,29000000,29000000,1000010,1000000,1000000,1000000,10,0
1132,679506000,1955518000,1000000,1000000,1000000,8000000,634506000,1903518000,8000000,8000000,35000000,35000000,43000000,43000000,45000000,52000000,1000000,1000000,1000000,8000000,0,0,8000000,8000000,35000000,35000000,43000000,43000000,1000010,2000010,1000000,1000000,10,1000010
1162,644506000,1925518000,1000000,1000000,9000000,21000000,634506000,1903518000,0,0,0,0,0,0,10000000,22000000,1000000,1000000,9000000,21000000,0,0,0,0,0,0,0,0,1000010,1000000,1000000,1000000,10,0
1192,697506000,3874036000,1000000,1000000,5000000,9000000,634506000,3807036000,6000000,6000000,51000000,51000000,57000000,57000000,63000000,67000000,1000000,1000000,5000000,9000000,0,0,6000000,6000000,51000000,51000000,57000000,57000000,1000010,1000000,1000000,1000000,10,0
1222,777506000,2100518000,1000000,1000000,19000000,73000000,634506000,1903518000,57000000,57000000,66000000,66000000,123000000,123000000,143000000,197000000,1000000,1000000,19000000,73000000,0,0,57000000,57000000,66000000,66000000,123000000,123000000,1000010,1000000,1000000,1000000,10,0
1252,646506000,648506000,1000000,1000000,11000000,13000000,634506000,634506000,0,0,0,0,0,0,12000000,14000000,1000000,1000000,11000000,13000000,0,0,0,0,0,0,0,0,1000010,1000000,1000000,1000000,10,0
1282,819506000,2154518000,1000000,1000000,19000000,85000000,634506000,1903518000,85000000,85000000,80000000,80000000,165000000,165000000,185000000,251000000,1000000,1000000,19000000,85000000,0,0,85000000,85000000,80000000,80000000,165000000,165000000,1000010,63000010,1000000,1000000,10,62000010
23,979506000,980506000,1000000,1000000,19000000,20000000,634506000,634506000,20000000,20000000,305000000,305000000,325000000,325000000,345000000,346000000,1000000,1000000,19000000,20000000,0,0,20000000,20000000,305000000,305000000,325000000,325000000,1000010,23000010,1000000,1000000,10,22000010
53,789506000,789506000,1000000,1000000,10000000,10000000,634506000,634506000,10000000,10000000,134000000,134000000,144000000,144000000,155000000,155000000,1000000,1000000,10000000,10000000,0,0,10000000,10000000,134000000,134000000,144000000,144000000,1000010,26000040,1000000,1000000,10,25000040
83,785506000,786506000,1000000,1000000,19000000,20000000,634506000,634506000,20000000,20000000,111000000,111000000,131000000,131000000,151000000,152000000,1000000,1000000,19000000,20000000,0,0,20000000,20000000,111000000,111000000,131000000,131000000,1000010,24000020,1000000,1000000,10,23000020
113,779506000,779506000,1000000,1000000,18000000,18000000,634506000,634506000,18000000,18000000,108000000,108000000,126000000,126000000,145000000,145000000,1000000,1000000,18000000,18000000,0,0,18000000,18000000,108000000,108000000,126000000,126000000,1000010,25000030,1000000,1000000,10,24000030
143,827506000,829506000,1000000,1000000,8000000,10000000,634506000,634506000,10000000,10000000,174000000,174000000,184000000,184000000,193000000,195000000,1000000,1000000,8000000,10000000,0,0,10000000,10000000,174000000,174000000,184000000,184000000,1000010,87000040,1000000,1000000,10,86000040
173,835506000,835506000,1000000,1000000,20000000,20000000,634506000,634506000,20000000,20000000,160000000,160000000,180000000,180000000,201000000,201000000,1000000,1000000,20000000,20000000,0,0,20000000,20000000,160000000,160000000,180000000,180000000,1000010,28000040,1000000,1000000,10,27000040
203,881506000,881506000,1000000,1000000,20000000,20000000,634506000,634506000,20000000,20000000,206000000,206000000,226000000,226000000,247000000,247000000,1000000,1000000,20000000,20000000,0,0,20000000,20000000,206000000,206000000,226000000,226000000,1000010,52000030,1000000,1000000,10,51000030
233,894506000,895506000,1000000,1000000,19000000,20000000,634506000,634506000,20000000,20000000,220000000,220000000,240000000,240000000,260000000,261000000,1000000,1000000,19000000,20000000,0,0,20000000,20000000,220000000,220000000,240000000,240000000,1000010,23000010,1000000,1000000,10,22000010
263,819506000,820506000,1000000,1000000,8000000,9000000,634506000,634506000,9000000,9000000,167000000,167000000,176000000,176000000,185000000,186000000,1000000,1000000,8000000,9000000,0,0,9000000,9000000,167000000,167000000,176000000,176000000,1000010,17000040,1000000,1000000,10,16000040
293,776506000,779506000,1000000,1000000,6000000,9000000,634506000,634506000,6000000,6000000,129000000,129000000,135000000,135000000,142000000,145000000,1000000,1000000,6000000,9000000,0,0,6000000,6000000,129000000,129000000,135000000,135000000,1000010,18000030,1000000,1000000,10,17000030
323,892506000,893506000,1000000,1000000,8000000,9000000,634506000,634506000,9000000,9000000,240000000,240000000,249000000,249000000,258000000,259000000,1000000,1000000,8000000,9000000,0,0,9000000,9000000,240000000,240000000,249000000,249000000,1000010,34000020,1000000,1000000,10,33000020
353,654506000,655506000,1000000,1000000,8000000,9000000,634506000,634506000,8000000,8000000,3000000,3000000,11000000,11000000,20000000,21000000,1000000,1000000,8000000,9000000,0,0,8000000,8000000,3000000,3000000,11000000,11000000,1000010,2000010,1000000,1000000,10,1000010
383,767506000,767506000,1000000,1000000,9000000,9000000,634506000,634506000,9000000,9000000,114000000,114000000,123000000,123000000,133000000,133000000,1000000,1000000,9000000,9000000,0,0,9000000,9000000,114000000,114000000,123000000,123000000,1000010,17000030,1000000,1000000,10,16000030
413,969506000,970506000,1000000,1000000,12000000,13000000,634506000,634506000,13000000,13000000,309000000,309000000,322000000,322000000,335000000,336000000,1000000,1000000,12000000,13000000,0,0,13000000,13000000,309000000,309000000,322000000,322000000,1000010,3000010,1000000,1000000,10,2000010
443,838506000,838506000,1000000,1000000,11000000,11000000,634506000,634506000,11000000,11000000,181000000,181000000,192000000,192000000,204000000,204000000,1000000,1000000,11000000,11000000,0,0,11000000,11000000,181000000,181000000,192000000,192000000,1000010,27000040,1000000,1000000,10,26000040
473,751506000,751506000,1000000,1000000,11000000,11000000,634506000,634506000,11000000,11000000,94000000,94000000,105000000,105000000,117000000,117000000,1000000,1000000,11000000,11000000,0,0,11000000,11000000,94000000,94000000,105000000,105000000,1000010,34000020,1000000,1000000,10,33000020
503,673506000,677506000,1000000,1000000,38000000,42000000,634506000,634506000,0,0,0,0,0,0,39000000,43000000,1000000,1000000,38000000,42000000,0,0,0,0,0,0,0,0,1000010,1000000,1000000,1000000,10,0
533,808506000,808506000,1000000,1000000,18000000,18000000,634506000,634506000,18000000,18000000,137000000,137000000,155000000,155000000,174000000,174000000,1000000,1000000,18000000,18000000,0,0,18000000,18000000,137000000,137000000,155000000,155000000,1000010,63000010,1000000,1000000,10,62000010
563,817506000,817506000,1000000,1000000,18000000,18000000,634506000,634506000,18000000,18000000,146000000,146000000,164000000,164000000,183000000,183000000,1000000,1000000,18000000,18000000,0,0,18000000,18000000,146000000,146000000,164000000,164000000,1000010,41000010,1000000,1000000,10,40000010
593,925506000,926506000,1000000,1000000,7000000,8000000,634506000,634506000,8000000,8000000,275000000,275000000,283000000,283000000,291000000,292000000,1000000,1000000,7000000,8000000,0,0,8000000,8000000,275000000,275000000,283000000,283000000,1000010,27000040,1000000,1000000,10,26000040
623,780506000,782506000,1000000,1000000,7000000,9000000,634506000,634506000,7000000,7000000,131000000,131000000,138000000,138000000,146000000,148000000,1000000,1000000,7000000,9000000,0,0,7000000,7000000,131000000,131000000,138000000,138000000,1000010,84000020,1000000,1000000,10,83000020
653,840506000,840506000,1000000,1000000,10000000,10000000,634506000,634506000,10000000,10000000,185000000,185000000,195000000,195000000,206000000,206000000,1000000,1000000,10000000,10000000,0,0,10000000,10000000,185000000,185000000,195000000,195000000,1000010,43000020,1000000,1000000,10,42000020
683,718506000,718506000,1000000,1000000,6000000,6000000,634506000,634506000,6000000,6000000,71000000,71000000,77000000,77000000,84000000,84000000,1000000,1000000,6000000,6000000,0,0,6000000,6000000,71000000,71000000,77000000,77000000,1000010,11000010,1000000,1000000,10,10000010
713,842506000,843506000,1000000,1000000,17000000,18000000,634506000,634506000,18000000,18000000,172000000,172000000,190000000,190000000,208000000,209000000,1000000,1000000,17000000,18000000,0,0,18000000,18000000,172000000,172000000,190000000,190000000,1000010,22000010,1000000,1000000,10,21000010
743,640506000,642506000,1000000,1000000,5000000,7000000,634506000,634506000,0,0,0,0,0,0,6000000,8000000,1000000,1000000,5000000,7000000,0,0,0,0,0,0,0,0,1000010,1000000,1000000,1000000,10,0
773,843506000,844506000,1000000,1000000,0,1000000,634506000,634506000,1000000,1000000,207000000,207000000,208000000,208000000,209000000,210000000,1000000,1000000,0,1000000,0,0,1000000,1000000,207000000,207000000,208000000,208000000,1000010,82000030,1000000,1000000,10,81000030
803,772506000,772506000,1000000,1000000,1000000,1000000,634506000,634506000,1000000,1000000,135000000,135000000,136000000,136000000,138000000,138000000,1000000,1000000,1000000,1000000,0,0,1000000,1000000,135000000,135000000,136000000,136000000,1000010,19000020,1000000,1000000,10,18000020
833,725506000,745506000,1000000,1000000,4000000,18000000,634506000,634506000,18000000,81000000,68000000,11000000,86000000,92000000,91000000,111000000,1000000,1000000,4000000,18000000,0,0,18000000,81000000,68000000,11000000,86000000,92000000,1000010,70000030,1000000,1000000,10,69000030
863,750506000,753506000,1000000,1000000,8000000,11000000,634506000,634506000,11000000,11000000,96000000,96000000,107000000,107000000,116000000,119000000,1000000,1000000,8000000,11000000,0,0,11000000,11000000,96000000,96000000,107000000,107000000,1000010,27000040,1000000,1000000,10,26000040
893,653506000,653506000,1000000,1000000,8000000,8000000,634506000,634506000,8000000,8000000,2000000,2000000,10000000,10000000,19000000,19000000,1000000,1000000,8000000,8000000,0,0,8000000,8000000,2000000,2000000,10000000,10000000,1000010,2000010,1000000,1000000,10,1000010
923,867506000,868506000,1000000,1000000,18000000,19000000,634506000,634506000,18000000,18000000,196000000,196000000,214000000,214000000,233000000,234000000,1000000,1000000,18000000,19000000,0,0,18000000,18000000,196000000,196000000,214000000,214000000,1000010,63000010,1000000,1000000,10,62000010
953,767506000,782506000,1000000,1000000,58000000,73000000,634506000,634506000,73000000,73000000,1000000,1000000,74000000,74000000,133000000,148000000,1000000,1000000,58000000,73000000,0,0,73000000,73000000,1000000,1000000,74000000,74000000,1000010,1000000,1000000,1000000,10,0
983,810506000,3349530000,1000000,1000000,17000000,18000000,634506000,3172530000,18000000,18000000,140000000,140000000,158000000,158000000,176000000,177000000,1000000,1000000,17000000,18000000,0,0,18000000,18000000,140000000,140000000,158000000,158000000,1000010,24000030,1000000,1000000,10,23000030
1013,968506000,3539530000,1000000,1000000,8000000,41000000,634506000,3172530000,40000000,40000000,285000000,285000000,325000000,325000000,334000000,367000000,1000000,1000000,8000000,41000000,0,0,40000000,40000000,285000000,285000000,325000000,325000000,1000010,12000030,1000000,1000000,10,11000030
1043,687506000,1957518000,1000000,1000000,10000000,11000000,634506000,1903518000,11000000,11000000,31000000,31000000,42000000,42000000,53000000,54000000,1000000,1000000,10000000,11000000,0,0,11000000,11000000,31000000,31000000,42000000,42000000,1000010,1000000,1000000,1000000,10,0
1073,678506000,3217530000,1000000,1000000,19000000,20000000,634506000,3172530000,20000000,20000000,4000000,4000000,24000000,24000000,44000000,45000000,1000000,1000000,19000000,20000000,0,0,20000000,20000000,4000000,4000000,24000000,24000000,1000010,1000000,1000000,1000000,10,0
1103,726506000,4540542000,1000000,1000000,3000000,10000000,634506000,4441542000,3000000,3000000,85000000,85000000,88000000,88000000,92000000,99000000,1000000,1000000,3000000,10000000,0,0,3000000,3000000,85000000,85000000,88000000,88000000,1000010,18000030,1000000,1000000,10,17000030
1133,636506000,1272012000,1000000,1000000,1000000,2000000,634506000,1269012000,0,0,0,0,0,0,2000000,3000000,1000000,1000000,1000000,2000000,0,0,0,0,0,0,0,0,1000010,1000000,1000000,1000000,10,0
1163,644506000,1280012000,1000000,1000000,9000000,10000000,634506000,1269012000,0,0,0,0,0,0,10000000,11000000,1000000,1000000,9000000,10000000,0,0,0,0,0,0,0,0,1000010,1000000,1000000,1000000,10,0
1193,635506000,636506000,1000000,1000000,0,1000000,634506000,634506000,0,0,0,0,0,0,1000000,2000000,1000000,1000000,0,1000000,0,0,0,0,0,0,0,0,1000010,1000000,1000000,1000000,10,0
1223,881506000,4057036000,1000000,1000000,10000000,13000000,634506000,3807036000,13000000,13000000,223000000,223000000,236000000,236000000,247000000,250000000,1000000,1000000,10000000,13000000,0,0,13000000,13000000,223000000,223000000,236000000,236000000,1000010,69000040,1000000,1000000,10,68000040
1253,1023506000,1663012000,1000000,1000000,41000000,46000000,634506000,1269012000,46000000,47000000,301000000,300000000,347000000,347000000,389000000,394000000,1000000,1000000,41000000,46000000,0,0,46000000,47000000,301000000,300000000,347000000,347000000,1000010,116000080,1000000,1000000,10,115000080
1283,692506000,1355012000,1000000,1000000,57000000,85000000,634506000,1269012000,0,0,0,0,0,0,58000000,86000000,1000000,1000000,57000000,85000000,0,0,0,0,0,0,0,0,1000010,1000000,1000000,1000000,10,0
24,924506000,925506000,1000000,1000000,19000000,20000000,634506000,634506000,20000000,20000000,250000000,250000000,270000000,270000000,290000000,291000000,1000000,1000000,19000000,20000000,0,0,20000000,20000000,250000000,250000000,270000000,270000000,1000010,52000030,1000000,1000000,10,51000030
54,888506000,890506000,1000000,1000000,10000000,12000000,634506000,634506000,12000000,12000000,231000000,231000000,243000000,243000000,254000000,256000000,1000000,1000000,10000000,12000000,0,0,12000000,12000000,231000000,231000000,243000000,243000000,1000010,69000040,1000000,1000000,10,68000040
84,977506000,978506000,1000000,1000000,19000000,20000000,634506000,634506000,20000000,20000000,303000000,303000000,323000000,323000000,343000000,344000000,1000000,1000000,19000000,20000000,0,0,20000000,20000000,303000000,303000000,323000000,323000000,1000010,23000010,1000000,1000000,10,22000010
114,795506000,795506000,1000000,1000000,1000000,1000000,634506000,634506000,1000000,1000000,158000000,158000000,159000000,159000000,161000000,161000000,1000000,1000000,1000000,1000000,0,0,1000000,1000000,158000000,158000000,159000000,159000000,1000010,13000030,1000000,1000000,10,12000030
144,981506000,1015506000,1000000,1000000,10000000,43000000,634506000,634506000,43000000,48000000,293000000,289000000,336000000,337000000,347000000,381000000,1000000,1000000,10000000,43000000,0,0,43000000,48000000,293000000,289000000,336000000,337000000,1000010,89000050,1000000,1000000,10,88000050
174,835506000,835506000,1000000,1000000,20000000,20000000,634506000,634506000,20000000,20000000,160000000,160000000,180000000,180000000,201000000,201000000,1000000,1000000,20000000,20000000,0,0,20000000,20000000,160000000,160000000,180000000,180000000,1000010,28000040,1000000,1000000,10,27000040
204,881506000,881506000,1000000,1000000,20000000,20000000,634506000,634506000,20000000,20000000,206000000,206000000,226000000,226000000,247000000,247000000,1000000,1000000,20000000,20000000,0,0,20000000,20000000,206000000,206000000,226000000,226000000,1000010,52000030,1000000,1000000,10,51000030
234,864506000,865506000,1000000,1000000,19000000,20000000,634506000,634506000,20000000,20000000,190000000,190000000,210000000,210000000,230000000,231000000,1000000,1000000,19000000,20000000,0,0,20000000,20000000,190000000,190000000,210000000,210000000,1000010,23000010,1000000,1000000,10,22000010
264,819506000,820506000,1000000,1000000,8000000,9000000,634506000,634506000,9000000,9000000,167000000,167000000,176000000,176000000,185000000,186000000,1000000,1000000,8000000,9000000,0,0,9000000,9000000,167000000,167000000,176000000,176000000,1000010,17000040,1000000,1000000,10,16000040
294,825506000,825506000,1000000,1000000,9000000,9000000,634506000,634506000,9000000,9000000,172000000,172000000,181000000,181000000,191000000,191000000,1000000,1000000,9000000,9000000,0,0,9000000,9000000,172000000,172000000,181000000,181000000,1000010,17000040,1000000,1000000,10,16000040
324,887506000,888506000,1000000,1000000,8000000,9000000,634506000,634506000,9000000,9000000,235000000,235000000,244000000,244000000,253000000,254000000,1000000,1000000,8000000,9000000,0,0,9000000,9000000,235000000,235000000,244000000,244000000,1000010,34000020,1000000,1000000,10,33000020
354,654506000,655506000,1000000,1000000,8000000,9000000,634506000,634506000,8000000,8000000,3000000,3000000,11000000,11000000,20000000,21000000,1000000,1000000,8000000,9000000,0,0,8000000,8000000,3000000,3000000,11000000,11000000,1000010,2000010,1000000,1000000,10,1000010
384,792506000,792506000,1000000,1000000,9000000,9000000,634506000,634506000,9000000,9000000,139000000,139000000,148000000,148000000,158000000,158000000,1000000,1000000,9000000,9000000,0,0,9000000,9000000,139000000,139000000,148000000,148000000,1000010,17000030,1000000,1000000,10,16000030
414,837506000,837506000,1000000,1000000,13000000,13000000,634506000,634506000,13000000,13000000,176000000,176000000,189000000,189000000,203000000,203000000,1000000,1000000,13000000,13000000,0,0,13000000,13000000,176000000,176000000,189000000,189000000,1000010,3000010,1000000,1000000,10,2000010
444,838506000,838506000,1000000,1000000,11000000,11000000,634506000,634506000,11000000,11000000,181000000,181000000,192000000,192000000,204000000,204000000,1000000,1000000,11000000,11000000,0,0,11000000,11000000,181000000,181000000,192000000,192000000,1000010,27000040,1000000,1000000,10,26000040
474,782506000,783506000,1000000,1000000,11000000,12000000,634506000,634506000,12000000,12000000,124000000,124000000,136000000,136000000,148000000,149000000,1000000,1000000,11000000,12000000,0,0,12000000,12000000,124000000,124000000,136000000,136000000,1000010,34000020,1000000,1000000,10,33000020
504,1004506000,1007506000,1000000,1000000,37000000,40000000,634506000,634506000,40000000,40000000,292000000,292000000,332000000,332000000,370000000,373000000,1000000,1000000,37000000,40000000,0,0,40000000,40000000,292000000,292000000,332000000,332000000,1000010,39000040,1000000,1000000,10,38000040
534,808506000,808506000,1000000,1000000,18000000,18000000,634506000,634506000,18000000,18000000,137000000,137000000,155000000,155000000,174000000,174000000,1000000,1000000,18000000,18000000,0,0,18000000,18000000,137000000,137000000,155000000,155000000,1000010,63000010,1000000,1000000,10,62000010
564,793506000,801506000,1000000,1000000,10000000,18000000,634506000,634506000,18000000,18000000,130000000,130000000,148000000,148000000,159000000,167000000,1000000,1000000,10000000,18000000,0,0,18000000,18000000,130000000,130000000,148000000,148000000,1000010,41000010,1000000,1000000,10,40000010
594,721506000,721506000,1000000,1000000,7000000,7000000,634506000,634506000,7000000,7000000,72000000,72000000,79000000,79000000,87000000,87000000,1000000,1000000,7000000,7000000,0,0,7000000,7000000,72000000,72000000,79000000,79000000,1000010,9000020,1000000,1000000,10,8000020
624,738506000,739506000,1000000,1000000,9000000,10000000,634506000,634506000,10000000,10000000,84000000,84000000,94000000,94000000,104000000,105000000,1000000,1000000,9000000,10000000,0,0,10000000,10000000,84000000,84000000,94000000,94000000,1000010,25000030,1000000,1000000,10,24000030
654,772506000,779506000,1000000,1000000,10000000,17000000,634506000,634506000,17000000,17000000,110000000,110000000,127000000,127000000,138000000,145000000,1000000,1000000,10000000,17000000,0,0,17000000,17000000,110000000,110000000,127000000,127000000,1000010,6000030,1000000,1000000,10,5000030
684,641506000,647506000,1000000,1000000,6000000,12000000,634506000,634506000,0,0,0,0,0,0,7000000,13000000,1000000,1000000,6000000,12000000,0,0,0,0,0,0,0,0,1000010,1000000,1000000,1000000,10,0
714,842506000,843506000,1000000,1000000,17000000,18000000,634506000,634506000,18000000,18000000,172000000,172000000,190000000,190000000,208000000,209000000,1000000,1000000,17000000,18000000,0,0,18000000,18000000,172000000,172000000,190000000,190000000,1000010,22000010,1000000,1000000,10,21000010
744,781506000,782506000,1000000,1000000,5000000,6000000,634506000,634506000,6000000,6000000,135000000,135000000,141000000,141000000,147000000,148000000,1000000,1000000,5000000,6000000,0,0,6000000,6000000,135000000,135000000,141000000,141000000,1000010,83000040,1000000,1000000,10,82000040
774,742506000,742506000,1000000,1000000,1000000,1000000,634506000,634506000,1000000,1000000,105000000,105000000,106000000,106000000,108000000,108000000,1000000,1000000,1000000,1000000,0,0,1000000,1000000,105000000,105000000,106000000,106000000,1000010,82000040,1000000,1000000,10,81000040
804,772506000,772506000,1000000,1000000,1000000,1000000,634506000,634506000,1000000,1000000,135000000,135000000,136000000,136000000,138000000,138000000,1000000,1000000,1000000,1000000,0,0,1000000,1000000,135000000,135000000,136000000,136000000,1000010,19000020,1000000,1000000,10,18000020
834,720506000,724506000,1000000,1000000,8000000,12000000,634506000,634506000,12000000,12000000,65000000,65000000,77000000,77000000,86000000,90000000,1000000,1000000,8000000,12000000,0,0,12000000,12000000,65000000,65000000,77000000,77000000,1000010,11000030,1000000,1000000,10,10000030
864,646506000,648506000,1000000,1000000,11000000,13000000,634506000,634506000,0,0,0,0,0,0,12000000,14000000,1000000,1000000,11000000,13000000,0,0,0,0,0,0,0,0,1000010,1000000,1000000,1000000,10,0
894,808506000,808506000,1000000,1000000,8000000,8000000,634506000,634506000,8000000,8000000,157000000,157000000,165000000,165000000,174000000,174000000,1000000,1000000,8000000,8000000,0,0,8000000,8000000,157000000,157000000,165000000,165000000,1000010,7000030,1000000,1000000,10,6000030
924,867506000,868506000,1000000,1000000,18000000,19000000,634506000,634506000,18000000,18000000,196000000,196000000,214000000,214000000,233000000,234000000,1000000,1000000,18000000,19000000,0,0,18000000,18000000,196000000,196000000,214000000,214000000,1000010,63000010,1000000,1000000,10,62000010
954,883506000,885506000,1000000,1000000,11000000,13000000,634506000,634506000,13000000,13000000,224000000,224000000,237000000,237000000,249000000,251000000,1000000,1000000,11000000,13000000,0,0,13000000,13000000,224000000,224000000,237000000,237000000,1000010,70000050,1000000,1000000,10,69000050
984,950506000,19368180000,1000000,1000000,0,17000000,634506000,19035180000,2000000,2000000,313000000,313000000,315000000,315000000,316000000,333000000,1000000,1000000,0,17000000,0,0,2000000,2000000,313000000,313000000,315000000,315000000,1000010,68000020,1000000,1000000,10,67000020
1014,1321506000,4501036000,1000000,1000000,37000000,44000000,634506000,3807036000,41000000,41000000,608000000,608000000,649000000,649000000,687000000,694000000,1000000,1000000,37000000,44000000,0,0,41000000,41000000,608000000,608000000,649000000,649000000,1000010,112000060,1000000,1000000,10,111000060
1044,644506000,646506000,1000000,1000000,9000000,11000000,634506000,634506000,0,0,0,0,0,0,10000000,12000000,1000000,1000000,9000000,11000000,0,0,0,0,0,0,0,0,1000010,1000000,1000000,1000000,10,0
1074,828506000,4647542000,1000000,1000000,8000000,20000000,634506000,4441542000,20000000,20000000,165000000,165000000,185000000,185000000,194000000,206000000,1000000,1000000,8000000,20000000,0,0,20000000,20000000,165000000,165000000,185000000,185000000,1000010,1000000,1000000,1000000,10,0
1104,638506000,1274012000,1000000,1000000,3000000,4000000,634506000,1269012000,0,0,0,0,0,0,4000000,5000000,1000000,1000000,3000000,4000000,0,0,0,0,0,0,0,0,1000010,1000000,1000000,1000000,10,0
1134,636506000,1272012000,1000000,1000000,1000000,2000000,634506000,1269012000,0,0,0,0,0,0,2000000,3000000,1000000,1000000,1000000,2000000,0,0,0,0,0,0,0,0,1000010,1000000,1000000,1000000,10,0
1164,653506000,3192530000,1000000,1000000,8000000,9000000,634506000,3172530000,9000000,9000000,1000000,1000000,10000000,10000000,19000000,20000000,1000000,1000000,8000000,9000000,0,0,9000000,9000000,1000000,1000000,10000000,10000000,1000010,1000000,1000000,1000000,10,0
1194,643506000,1279012000,1000000,1000000,8000000,9000000,634506000,1269012000,0,0,0,0,0,0,9000000,10000000,1000000,1000000,8000000,9000000,0,0,0,0,0,0,0,0,1000010,1000000,1000000,1000000,10,0
1224,687506000,1957518000,1000000,1000000,10000000,11000000,634506000,1903518000,11000000,11000000,31000000,31000000,42000000,42000000,53000000,54000000,1000000,1000000,10000000,11000000,0,0,11000000,11000000,31000000,31000000,42000000,42000000,1000010,1000000,1000000,1000000,10,0
1254,1025506000,1665012000,1000000,1000000,42000000,47000000,634506000,1269012000,47000000,47000000,301000000,301000000,348000000,348000000,391000000,396000000,1000000,1000000,42000000,47000000,0,0,47000000,47000000,301000000,301000000,348000000,348000000,1000010,117000090,1000000,1000000,10,116000090
1284,642506000,1278012000,1000000,1000000,7000000,8000000,634506000,1269012000,0,0,0,0,0,0,8000000,9000000,1000000,1000000,7000000,8000000,0,0,0,0,0,0,0,0,1000010,1000000,1000000,1000000,10,0
25,873506000,884506000,1000000,1000000,8000000,19000000,634506000,634506000,19000000,19000000,211000000,211000000,230000000,230000000,239000000,250000000,1000000,1000000,8000000,19000000,0,0,19000000,19000000,211000000,211000000,230000000,230000000,1000010,23000010,1000000,1000000,10,22000010
55,897506000,898506000,1000000,1000000,10000000,11000000,634506000,634506000,11000000,11000000,241000000,241000000,252000000,252000000,263000000,264000000,1000000,1000000,10000000,11000000,0,0,11000000,11000000,241000000,241000000,252000000,252000000,1000010,69000040,1000000,1000000,10,68000040
85,977506000,978506000,1000000,1000000,19000000,20000000,634506000,634506000,20000000,20000000,303000000,303000000,323000000,323000000,343000000,344000000,1000000,1000000,19000000,20000000,0,0,20000000,20000000,303000000,303000000,323000000,323000000,1000010,23000010,1000000,1000000,10,22000010
115,795506000,795506000,1000000,1000000,1000000,1000000,634506000,634506000,1000000,1000000,158000000,158000000,159000000,159000000,161000000,161000000,1000000,1000000,1000000,1000000,0,0,1000000,1000000,158000000,158000000,159000000,159000000,1000010,13000030,1000000,1000000,10,12000030
145,767506000,768506000,1000000,1000000,9000000,10000000,634506000,634506000,9000000,9000000,114000000,114000000,123000000,123000000,133000000,134000000,1000000,1000000,9000000,10000000,0,0,9000000,9000000,114000000,114000000,123000000,123000000,1000010,41000050,1000000,1000000,10,40000050
175,835506000,835506000,1000000,1000000,20000000,20000000,634506000,634506000,20000000,20000000,160000000,160000000,180000000,180000000,201000000,201000000,1000000,1000000,20000000,20000000,0,0,20000000,20000000,160000000,160000000,180000000,180000000,1000010,28000040,1000000,1000000,10,27000040
205,853506000,854506000,1000000,1000000,19000000,20000000,634506000,634506000,20000000,20000000,179000000,179000000,199000000,199000000,219000000,220000000,1000000,1000000,19000000,20000000,0,0,20000000,20000000,179000000,179000000,199000000,199000000,1000010,24000020,1000000,1000000,10,23000020
235,894506000,895506000,1000000,1000000,19000000,20000000,634506000,634506000,20000000,20000000,220000000,220000000,240000000,240000000,260000000,261000000,1000000,1000000,19000000,20000000,0,0,20000000,20000000,220000000,220000000,240000000,240000000,1000010,23000010,1000000,1000000,10,22000010
265,819506000,820506000,1000000,1000000,8000000,9000000,634506000,634506000,9000000,9000000,167000000,167000000,176000000,176000000,185000000,186000000,1000000,1000000,8000000,9000000,0,0,9000000,9000000,167000000,167000000,176000000,176000000,1000010,17000040,1000000,1000000,10,16000040
295,805506000,808506000,1000000,1000000,9000000,12000000,634506000,634506000,12000000,12000000,149000000,149000000,161000000,161000000,171000000,174000000,1000000,1000000,9000000,12000000,0,0,12000000,12000000,149000000,149000000,161000000,161000000,1000010,20000020,1000000,1000000,10,19000020
325,901506000,902506000,1000000,1000000,8000000,9000000,634506000,634506000,9000000,9000000,249000000,249000000,258000000,258000000,267000000,268000000,1000000,1000000,8000000,9000000,0,0,9000000,9000000,249000000,249000000,258000000,258000000,1000010,17000030,1000000,1000000,10,16000030
355,654506000,655506000,1000000,1000000,8000000,9000000,634506000,634506000,8000000,8000000,3000000,3000000,11000000,11000000,20000000,21000000,1000000,1000000,8000000,9000000,0,0,8000000,8000000,3000000,3000000,11000000,11000000,1000010,2000010,1000000,1000000,10,1000010
385,644506000,652506000,1000000,1000000,9000000,17000000,634506000,634506000,0,0,0,0,0,0,10000000,18000000,1000000,1000000,9000000,17000000,0,0,0,0,0,0,0,0,1000010,1000000,1000000,1000000,10,0
415,969506000,970506000,1000000,1000000,12000000,13000000,634506000,634506000,13000000,13000000,309000000,309000000,322000000,322000000,335000000,336000000,1000000,1000000,12000000,13000000,0,0,13000000,13000000,309000000,309000000,322000000,322000000,1000010,3000010,1000000,1000000,10,2000010
445,967506000,968506000,1000000,1000000,12000000,13000000,634506000,634506000,13000000,13000000,307000000,307000000,320000000,320000000,333000000,334000000,1000000,1000000,12000000,13000000,0,0,13000000,13000000,307000000,307000000,320000000,320000000,1000010,3000010,1000000,1000000,10,2000010
475,913506000,914506000,1000000,1000000,3000000,4000000,634506000,634506000,4000000,4000000,271000000,271000000,275000000,275000000,279000000,280000000,1000000,1000000,3000000,4000000,0,0,4000000,4000000,271000000,271000000,275000000,275000000,1000010,84000050,1000000,1000000,10,83000050
505,1022506000,1023506000,1000000,1000000,40000000,41000000,634506000,634506000,41000000,41000000,306000000,306000000,347000000,347000000,388000000,389000000,1000000,1000000,40000000,41000000,0,0,41000000,41000000,306000000,306000000,347000000,347000000,1000010,115000070,1000000,1000000,10,114000070
535,808506000,808506000,1000000,1000000,18000000,18000000,634506000,634506000,18000000,18000000,137000000,137000000,155000000,155000000,174000000,174000000,1000000,1000000,18000000,18000000,0,0,18000000,18000000,137000000,137000000,155000000,155000000,1000010,63000010,1000000,1000000,10,62000010
565,817506000,817506000,1000000,1000000,18000000,18000000,634506000,634506000,18000000,18000000,146000000,146000000,164000000,164000000,183000000,183000000,1000000,1000000,18000000,18000000,0,0,18000000,18000000,146000000,146000000,164000000,164000000,1000010,41000010,1000000,1000000,10,40000010
595,925506000,926506000,1000000,1000000,7000000,8000000,634506000,634506000,8000000,8000000,275000000,275000000,283000000,283000000,291000000,292000000,1000000,1000000,7000000,8000000,0,0,8000000,8000000,275000000,275000000,283000000,283000000,1000010,27000040,1000000,1000000,10,26000040
625,886506000,887506000,1000000,1000000,9000000,10000000,634506000,634506000,10000000,10000000,232000000,232000000,242000000,242000000,252000000,253000000,1000000,1000000,9000000,10000000,0,0,10000000,10000000,232000000,232000000,242000000,242000000,1000010,84000020,1000000,1000000,10,83000020
655,852506000,853506000,1000000,1000000,9000000,10000000,634506000,634506000,9000000,9000000,199000000,199000000,208000000,208000000,218000000,219000000,1000000,1000000,9000000,10000000,0,0,9000000,9000000,199000000,199000000,208000000,208000000,1000010,26000040,1000000,1000000,10,25000040
685,832506000,833506000,1000000,1000000,5000000,6000000,634506000,634506000,6000000,6000000,186000000,186000000,192000000,192000000,198000000,199000000,1000000,1000000,5000000,6000000,0,0,6000000,6000000,186000000,186000000,192000000,192000000,1000010,83000040,1000000,1000000,10,82000040
715,842506000,843506000,1000000,1000000,17000000,18000000,634506000,634506000,18000000,18000000,172000000,172000000,190000000,190000000,208000000,209000000,1000000,1000000,17000000,18000000,0,0,18000000,18000000,172000000,172000000,190000000,190000000,1000010,22000010,1000000,1000000,10,21000010
745,700506000,766506000,1000000,1000000,5000000,16000000,634506000,634506000,16000000,81000000,44000000,34000000,60000000,115000000,66000000,132000000,1000000,1000000,5000000,16000000,0,0,16000000,81000000,44000000,34000000,60000000,115000000,1000010,69000040,1000000,1000000,10,68000040
775,636506000,637506000,1000000,1000000,1000000,2000000,634506000,634506000,0,0,0,0,0,0,2000000,3000000,1000000,1000000,1000000,2000000,0,0,0,0,0,0,0,0,1000010,1000000,1000000,1000000,10,0
805,772506000,772506000,1000000,1000000,1000000,1000000,634506000,634506000,1000000,1000000,135000000,135000000,136000000,136000000,138000000,138000000,1000000,1000000,1000000,1000000,0,0,1000000,1000000,135000000,135000000,136000000,136000000,1000010,19000020,1000000,1000000,10,18000020
835,714506000,714506000,1000000,1000000,8000000,8000000,634506000,634506000,8000000,8000000,63000000,63000000,71000000,71000000,80000000,80000000,1000000,1000000,8000000,8000000,0,0,8000000,8000000,63000000,63000000,71000000,71000000,1000010,13000020,1000000,1000000,10,12000020
865,875506000,876506000,1000000,1000000,7000000,8000000,634506000,634506000,8000000,8000000,225000000,225000000,233000000,233000000,241000000,242000000,1000000,1000000,7000000,8000000,0,0,8000000,8000000,225000000,225000000,233000000,233000000,1000010,86000030,1000000,1000000,10,85000030
895,809506000,809506000,1000000,1000000,8000000,8000000,634506000,634506000,8000000,8000000,158000000,158000000,166000000,166000000,175000000,175000000,1000000,1000000,8000000,8000000,0,0,8000000,8000000,158000000,158000000,166000000,166000000,1000010,7000030,1000000,1000000,10,6000030
925,826506000,865506000,1000000,1000000,19000000,58000000,634506000,634506000,58000000,58000000,114000000,114000000,172000000,172000000,192000000,231000000,1000000,1000000,19000000,58000000,0,0,58000000,58000000,114000000,114000000,172000000,172000000,1000010,63000010,1000000,1000000,10,62000010
955,646506000,648506000,1000000,1000000,11000000,13000000,634506000,634506000,0,0,0,0,0,0,12000000,14000000,1000000,1000000,11000000,13000000,0,0,0,0,0,0,0,0,1000010,1000000,1000000,1000000,10,0
985,654506000,1290012000,1000000,1000000,19000000,20000000,634506000,1269012000,0,0,0,0,0,0,20000000,21000000,1000000,1000000,19000000,20000000,0,0,0,0,0,0,0,0,1000010,1000000,1000000,1000000,10,0
1015,1018506000,2926024000,1000000,1000000,37000000,41000000,634506000,2538024000,41000000,41000000,305000000,305000000,346000000,346000000,384000000,388000000,1000000,1000000,37000000,41000000,0,0,41000000,41000000,305000000,305000000,346000000,346000000,1000010,112000060,1000000,1000000,10,111000060
1045,845506000,8476578000,1000000,1000000,0,17000000,634506000,8248578000,10000000,10000000,200000000,200000000,210000000,210000000,211000000,228000000,1000000,1000000,0,17000000,0,0,10000000,10000000,200000000,200000000,210000000,210000000,1000010,13000030,1000000,1000000,10,12000030
1075,678506000,3852036000,1000000,1000000,19000000,20000000,634506000,3807036000,20000000,20000000,4000000,4000000,24000000,24000000,44000000,45000000,1000000,1000000,19000000,20000000,0,0,20000000,20000000,4000000,4000000,24000000,24000000,1000010,1000000,1000000,1000000,10,0
1105,638506000,639506000,1000000,1000000,3000000,4000000,634506000,634506000,0,0,0,0,0,0,4000000,5000000,1000000,1000000,3000000,4000000,0,0,0,0,0,0,0,0,1000010,1000000,1000000,1000000,10,0
1135,664506000,3203530000,1000000,1000000,0,1000000,634506000,3172530000,1000000,1000000,28000000,28000000,29000000,29000000,30000000,31000000,1000000,1000000,0,1000000,0,0,1000000,1000000,28000000,28000000,29000000,29000000,1000010,1000000,1000000,1000000,10,0
1165,653506000,3192530000,1000000,1000000,8000000,9000000,634506000,3172530000,9000000,9000000,1000000,1000000,10000000,10000000,19000000,20000000,1000000,1000000,8000000,9000000,0,0,9000000,9000000,1000000,1000000,10000000,10000000,1000010,1000000,1000000,1000000,10,0
1195,959506000,5411048000,1000000,1000000,1000000,11000000,634506000,5076048000,11000000,11000000,312000000,312000000,323000000,323000000,325000000,335000000,1000000,1000000,1000000,11000000,0,0,11000000,11000000,312000000,312000000,323000000,323000000,1000010,39000050,1000000,1000000,10,38000050
1225,687506000,1957518000,1000000,1000000,10000000,11000000,634506000,1903518000,11000000,11000000,31000000,31000000,42000000,42000000,53000000,54000000,1000000,1000000,10000000,11000000,0,0,11000000,11000000,31000000,31000000,42000000,42000000,1000010,1000000,1000000,1000000,10,0
1255,646506000,648506000,1000000,1000000,11000000,13000000,634506000,634506000,0,0,0,0,0,0,12000000,14000000,1000000,1000000,11000000,13000000,0,0,0,0,0,0,0,0,1000010,1000000,1000000,1000000,10,0
1285,642506000,1278012000,1000000,1000000,7000000,8000000,634506000,1269012000,0,0,0,0,0,0,8000000,9000000,1000000,1000000,7000000,8000000,0,0,0,0,0,0,0,0,1000010,1000000,1000000,1000000,10,0
26,765506000,766506000,1000000,1000000,19000000,20000000,634506000,634506000,20000000,20000000,91000000,91000000,111000000,111000000,131000000,132000000,1000000,1000000,19000000,20000000,0,0,20000000,20000000,91000000,91000000,111000000,111000000,1000010,23000010,1000000,1000000,10,22000010
56,645506000,646506000,1000000,1000000,10000000,11000000,634506000,634506000,0,0,0,0,0,0,11000000,12000000,1000000,1000000,10000000,11000000,0,0,0,0,0,0,0,0,1000010,1000000,1000000,1000000,10,0
86,922506000,923506000,1000000,1000000,19000000,20000000,634506000,634506000,20000000,20000000,248000000,248000000,268000000,268000000,288000000,289000000,1000000,1000000,19000000,20000000,0,0,20000000,20000000,248000000,248000000,268000000,268000000,1000010,23000010,1000000,1000000,10,22000010
116,756506000,762506000,1000000,1000000,1000000,7000000,634506000,634506000,7000000,7000000,113000000,113000000,120000000,120000000,122000000,128000000,1000000,1000000,1000000,7000000,0,0,7000000,7000000,113000000,113000000,120000000,120000000,1000010,21000040,1000000,1000000,10,20000040
146,794506000,801506000,1000000,1000000,1000000,8000000,634506000,634506000,8000000,8000000,150000000,150000000,158000000,158000000,160000000,167000000,1000000,1000000,1000000,8000000,0,0,8000000,8000000,150000000,150000000,158000000,158000000,1000010,59000030,1000000,1000000,10,58000030
176,730506000,742506000,1000000,1000000,8000000,20000000,634506000,634506000,20000000,20000000,67000000,67000000,87000000,87000000,96000000,108000000,1000000,1000000,8000000,20000000,0,0,20000000,20000000,67000000,67000000,87000000,87000000,1000010,24000020,1000000,1000000,10,23000020
206,718506000,718506000,1000000,1000000,20000000,20000000,634506000,634506000,20000000,20000000,43000000,43000000,63000000,63000000,84000000,84000000,1000000,1000000,20000000,20000000,0,0,20000000,20000000,43000000,43000000,63000000,63000000,1000010,2000010,1000000,1000000,10,1000010
236,894506000,895506000,1000000,1000000,19000000,20000000,634506000,634506000,20000000,20000000,220000000,220000000,240000000,240000000,260000000,261000000,1000000,1000000,19000000,20000000,0,0,20000000,20000000,220000000,220000000,240000000,240000000,1000010,23000010,1000000,1000000,10,22000010
266,704506000,705506000,1000000,1000000,8000000,9000000,634506000,634506000,8000000,8000000,53000000,53000000,61000000,61000000,70000000,71000000,1000000,1000000,8000000,9000000,0,0,8000000,8000000,53000000,53000000,61000000,61000000,1000010,16000030,1000000,1000000,10,15000030
296,805506000,808506000,1000000,1000000,9000000,12000000,634506000,634506000,12000000,12000000,149000000,149000000,161000000,161000000,171000000,174000000,1000000,1000000,9000000,12000000,0,0,12000000,12000000,149000000,149000000,161000000,161000000,1000010,20000020,1000000,1000000,10,19000020
326,695506000,702506000,1000000,1000000,1000000,8000000,634506000,634506000,1000000,1000000,58000000,58000000,59000000,59000000,61000000,68000000,1000000,1000000,1000000,8000000,0,0,1000000,1000000,58000000,58000000,59000000,59000000,1000010,13000020,1000000,1000000,10,12000020
356,654506000,655506000,1000000,1000000,8000000,9000000,634506000,634506000,8000000,8000000,3000000,3000000,11000000,11000000,20000000,21000000,1000000,1000000,8000000,9000000,0,0,8000000,8000000,3000000,3000000,11000000,11000000,1000010,2000010,1000000,1000000,10,1000010
386,779506000,779506000,1000000,1000000,9000000,9000000,634506000,634506000,9000000,9000000,126000000,126000000,135000000,135000000,145000000,145000000,1000000,1000000,9000000,9000000,0,0,9000000,9000000,126000000,126000000,135000000,135000000,1000010,17000030,1000000,1000000,10,16000030
416,965506000,966506000,1000000,1000000,12000000,13000000,634506000,634506000,13000000,13000000,305000000,305000000,318000000,318000000,331000000,332000000,1000000,1000000,12000000,13000000,0,0,13000000,13000000,305000000,305000000,318000000,318000000,1000010,3000010,1000000,1000000,10,2000010
446,966506000,967506000,1000000,1000000,12000000,13000000,634506000,634506000,13000000,13000000,306000000,306000000,319000000,319000000,332000000,333000000,1000000,1000000,12000000,13000000,0,0,13000000,13000000,306000000,306000000,319000000,319000000,1000010,3000010,1000000,1000000,10,2000010
476,913506000,913506000,1000000,1000000,4000000,4000000,634506000,634506000,4000000,4000000,270000000,270000000,274000000,274000000,279000000,279000000,1000000,1000000,4000000,4000000,0,0,4000000,4000000,270000000,270000000,274000000,274000000,1000010,16000040,1000000,1000000,10,15000040
506,960506000,989506000,1000000,1000000,8000000,37000000,634506000,634506000,37000000,37000000,280000000,280000000,317000000,317000000,326000000,355000000,1000000,1000000,8000000,37000000,0,0,37000000,37000000,280000000,280000000,317000000,317000000,1000010,4000010,1000000,1000000,10,3000010
536,753506000,754506000,1000000,1000000,17000000,18000000,634506000,634506000,18000000,18000000,83000000,83000000,101000000,101000000,119000000,120000000,1000000,1000000,17000000,18000000,0,0,18000000,18000000,83000000,83000000,101000000,101000000,1000010,22000010,1000000,1000000,10,21000010
566,818506000,857506000,1000000,1000000,18000000,57000000,634506000,634506000,57000000,57000000,108000000,108000000,165000000,165000000,184000000,223000000,1000000,1000000,18000000,57000000,0,0,57000000,57000000,108000000,108000000,165000000,165000000,1000010,29000010,1000000,1000000,10,28000010
596,925506000,926506000,1000000,1000000,7000000,8000000,634506000,634506000,8000000,8000000,275000000,275000000,283000000,283000000,291000000,292000000,1000000,1000000,7000000,8000000,0,0,8000000,8000000,275000000,275000000,283000000,283000000,1000010,27000040,1000000,1000000,10,26000040
626,886506000,887506000,1000000,1000000,9000000,10000000,634506000,634506000,10000000,10000000,232000000,232000000,242000000,242000000,252000000,253000000,1000000,1000000,9000000,10000000,0,0,10000000,10000000,232000000,232000000,242000000,242000000,1000010,84000020,1000000,1000000,10,83000020
656,777506000,779506000,1000000,1000000,8000000,10000000,634506000,634506000,8000000,8000000,126000000,126000000,134000000,134000000,143000000,145000000,1000000,1000000,8000000,10000000,0,0,8000000,8000000,126000000,126000000,134000000,134000000,1000010,85000030,1000000,1000000,10,84000030
686,827506000,827506000,1000000,1000000,6000000,6000000,634506000,634506000,6000000,6000000,180000000,180000000,186000000,186000000,193000000,193000000,1000000,1000000,6000000,6000000,0,0,6000000,6000000,180000000,180000000,186000000,186000000,1000010,83000030,1000000,1000000,10,82000030
716,842506000,843506000,1000000,1000000,17000000,18000000,634506000,634506000,18000000,18000000,172000000,172000000,190000000,190000000,208000000,209000000,1000000,1000000,17000000,18000000,0,0,18000000,18000000,172000000,172000000,190000000,190000000,1000010,22000010,1000000,1000000,10,21000010
746,741506000,741506000,1000000,1000000,9000000,9000000,634506000,634506000,9000000,9000000,88000000,88000000,97000000,97000000,107000000,107000000,1000000,1000000,9000000,9000000,0,0,9000000,9000000,88000000,88000000,97000000,97000000,1000010,17000040,1000000,1000000,10,16000040
776,815506000,823506000,1000000,1000000,1000000,9000000,634506000,634506000,9000000,9000000,170000000,170000000,179000000,179000000,181000000,189000000,1000000,1000000,1000000,9000000,0,0,9000000,9000000,170000000,170000000,179000000,179000000,1000010,83000040,1000000,1000000,10,82000040
806,772506000,772506000,1000000,1000000,1000000,1000000,634506000,634506000,1000000,1000000,135000000,135000000,136000000,136000000,138000000,138000000,1000000,1000000,1000000,1000000,0,0,1000000,1000000,135000000,135000000,136000000,136000000,1000010,19000020,1000000,1000000,10,18000020
836,681506000,681506000,1000000,1000000,8000000,8000000,634506000,634506000,8000000,8000000,30000000,30000000,38000000,38000000,47000000,47000000,1000000,1000000,8000000,8000000,0,0,8000000,8000000,30000000,30000000,38000000,38000000,1000010,11000030,1000000,1000000,10,10000030
866,875506000,876506000,1000000,1000000,7000000,8000000,634506000,634506000,8000000,8000000,225000000,225000000,233000000,233000000,241000000,242000000,1000000,1000000,7000000,8000000,0,0,8000000,8000000,225000000,225000000,233000000,233000000,1000010,86000030,1000000,1000000,10,85000030
896,801506000,801506000,1000000,1000000,8000000,8000000,634506000,634506000,8000000,8000000,150000000,150000000,158000000,158000000,167000000,167000000,1000000,1000000,8000000,8000000,0,0,8000000,8000000,150000000,150000000,158000000,158000000,1000010,4000010,1000000,1000000,10,3000010
926,807506000,808506000,1000000,1000000,18000000,19000000,634506000,634506000,18000000,18000000,136000000,136000000,154000000,154000000,173000000,174000000,1000000,1000000,18000000,19000000,0,0,18000000,18000000,136000000,136000000,154000000,154000000,1000010,63000010,1000000,1000000,10,62000010
956,1061506000,1062506000,1000000,1000000,80000000,81000000,634506000,634506000,81000000,81000000,265000000,265000000,346000000,346000000,427000000,428000000,1000000,1000000,80000000,81000000,0,0,81000000,81000000,265000000,265000000,346000000,346000000,1000010,134000040,1000000,1000000,10,133000040
986,978506000,2918024000,1000000,1000000,8000000,43000000,634506000,2538024000,43000000,48000000,292000000,288000000,335000000,336000000,344000000,380000000,1000000,1000000,8000000,43000000,0,0,43000000,48000000,292000000,288000000,335000000,336000000,1000010,87000040,1000000,1000000,10,86000040
1016,672506000,676506000,1000000,1000000,37000000,41000000,634506000,634506000,0,0,0,0,0,0,38000000,42000000,1000000,1000000,37000000,41000000,0,0,0,0,0,0,0,0,1000010,1000000,1000000,1000000,10,0
1046,644506000,1914518000,1000000,1000000,9000000,10000000,634506000,1903518000,0,0,0,0,0,0,10000000,11000000,1000000,1000000,9000000,10000000,0,0,0,0,0,0,0,0,1000010,1000000,1000000,1000000,10,0
1076,771506000,4580542000,1000000,1000000,18000000,20000000,634506000,4441542000,18000000,18000000,100000000,100000000,118000000,118000000,137000000,139000000,1000000,1000000,18000000,20000000,0,0,18000000,18000000,100000000,100000000,118000000,118000000,1000010,64000020,1000000,1000000,10,63000020
1106,723506000,2012518000,1000000,1000000,3000000,18000000,634506000,1903518000,18000000,81000000,67000000,9000000,85000000,90000000,89000000,109000000,1000000,1000000,3000000,18000000,0,0,18000000,81000000,67000000,9000000,85000000,90000000,1000010,70000030,1000000,1000000,10,69000030
1136,636506000,1272012000,1000000,1000000,1000000,2000000,634506000,1269012000,0,0,0,0,0,0,2000000,3000000,1000000,1000000,1000000,2000000,0,0,0,0,0,0,0,0,1000010,1000000,1000000,1000000,10,0
1166,1020506000,1658012000,1000000,1000000,40000000,43000000,634506000,1269012000,43000000,44000000,302000000,301000000,345000000,345000000,386000000,389000000,1000000,1000000,40000000,43000000,0,0,43000000,44000000,302000000,301000000,345000000,345000000,1000010,115000070,1000000,1000000,10,114000070
1196,886506000,5971554000,1000000,1000000,1000000,10000000,634506000,5710554000,9000000,9000000,241000000,241000000,250000000,250000000,252000000,261000000,1000000,1000000,1000000,10000000,0,0,9000000,9000000,241000000,241000000,250000000,250000000,1000010,40000030,1000000,1000000,10,39000030
1226,687506000,2594024000,1000000,1000000,10000000,13000000,634506000,2538024000,11000000,11000000,31000000,31000000,42000000,42000000,53000000,56000000,1000000,1000000,10000000,13000000,0,0,11000000,11000000,31000000,31000000,42000000,42000000,1000010,1000000,1000000,1000000,10,0
1256,712506000,2618024000,1000000,1000000,17000000,19000000,634506000,2538024000,19000000,19000000,41000000,41000000,60000000,60000000,78000000,80000000,1000000,1000000,17000000,19000000,0,0,19000000,19000000,41000000,41000000,60000000,60000000,1000010,1000000,1000000,1000000,10,0
1286,653506000,655506000,1000000,1000000,18000000,20000000,634506000,634506000,0,0,0,0,0,0,19000000,21000000,1000000,1000000,18000000,20000000,0,0,0,0,0,0,0,0,1000010,1000000,1000000,1000000,10,0
27,853506000,864506000,1000000,1000000,8000000,19000000,634506000,634506000,19000000,19000000,191000000,191000000,210000000,210000000,219000000,230000000,1000000,1000000,8000000,19000000,0,0,19000000,19000000,191000000,191000000,210000000,210000000,1000010,24000020,1000000,1000000,10,23000020
57,888506000,890506000,1000000,1000000,10000000,12000000,634506000,634506000,12000000,12000000,231000000,231000000,243000000,243000000,254000000,256000000,1000000,1000000,10000000,12000000,0,0,12000000,12000000,231000000,231000000,243000000,243000000,1000010,69000040,1000000,1000000,10,68000040
87,708506000,718506000,1000000,1000000,9000000,19000000,634506000,634506000,9000000,9000000,55000000,55000000,64000000,64000000,74000000,84000000,1000000,1000000,9000000,19000000,0,0,9000000,9000000,55000000,55000000,64000000,64000000,1000010,23000010,1000000,1000000,10,22000010
117,723506000,723506000,1000000,1000000,1000000,1000000,634506000,634506000,1000000,1000000,86000000,86000000,87000000,87000000,89000000,89000000,1000000,1000000,1000000,1000000,0,0,1000000,1000000,86000000,86000000,87000000,87000000,1000010,20000030,1000000,1000000,10,19000030
147,753506000,753506000,1000000,1000000,8000000,8000000,634506000,634506000,8000000,8000000,102000000,102000000,110000000,110000000,119000000,119000000,1000000,1000000,8000000,8000000,0,0,8000000,8000000,102000000,102000000,110000000,110000000,1000010,26000030,1000000,1000000,10,25000030
177,903506000,914506000,1000000,1000000,9000000,20000000,634506000,634506000,20000000,20000000,239000000,239000000,259000000,259000000,269000000,280000000,1000000,1000000,9000000,20000000,0,0,20000000,20000000,239000000,239000000,259000000,259000000,1000010,18000030,1000000,1000000,10,17000030
207,718506000,718506000,1000000,1000000,20000000,20000000,634506000,634506000,20000000,20000000,43000000,43000000,63000000,63000000,84000000,84000000,1000000,1000000,20000000,20000000,0,0,20000000,20000000,43000000,43000000,63000000,63000000,1000010,2000010,1000000,1000000,10,1000010
237,894506000,895506000,1000000,1000000,19000000,20000000,634506000,634506000,20000000,20000000,220000000,220000000,240000000,240000000,260000000,261000000,1000000,1000000,19000000,20000000,0,0,20000000,20000000,220000000,220000000,240000000,240000000,1000010,23000010,1000000,1000000,10,22000010
267,819506000,820506000,1000000,1000000,8000000,9000000,634506000,634506000,9000000,9000000,167000000,167000000,176000000,176000000,185000000,186000000,1000000,1000000,8000000,9000000,0,0,9000000,9000000,167000000,167000000,176000000,176000000,1000010,17000040,1000000,1000000,10,16000040
297,657506000,658506000,1000000,1000000,8000000,9000000,634506000,634506000,8000000,8000000,6000000,6000000,14000000,14000000,23000000,24000000,1000000,1000000,8000000,9000000,0,0,8000000,8000000,6000000,6000000,14000000,14000000,1000010,3000010,1000000,1000000,10,2000010
327,944506000,945506000,1000000,1000000,8000000,9000000,634506000,634506000,9000000,9000000,292000000,292000000,301000000,301000000,310000000,311000000,1000000,1000000,8000000,9000000,0,0,9000000,9000000,292000000,292000000,301000000,301000000,1000010,34000020,1000000,1000000,10,33000020
357,654506000,655506000,1000000,1000000,8000000,9000000,634506000,634506000,8000000,8000000,3000000,3000000,11000000,11000000,20000000,21000000,1000000,1000000,8000000,9000000,0,0,8000000,8000000,3000000,3000000,11000000,11000000,1000010,2000010,1000000,1000000,10,1000010
387,783506000,783506000,1000000,1000000,9000000,9000000,634506000,634506000,9000000,9000000,130000000,130000000,139000000,139000000,149000000,149000000,1000000,1000000,9000000,9000000,0,0,9000000,9000000,130000000,130000000,139000000,139000000,1000010,17000030,1000000,1000000,10,16000030
417,966506000,967506000,1000000,1000000,12000000,13000000,634506000,634506000,13000000,13000000,306000000,306000000,319000000,319000000,332000000,333000000,1000000,1000000,12000000,13000000,0,0,13000000,13000000,306000000,306000000,319000000,319000000,1000010,3000010,1000000,1000000,10,2000010
447,965506000,966506000,1000000,1000000,12000000,13000000,634506000,634506000,13000000,13000000,305000000,305000000,318000000,318000000,331000000,332000000,1000000,1000000,12000000,13000000,0,0,13000000,13000000,305000000,305000000,318000000,318000000,1000010,3000010,1000000,1000000,10,2000010
477,727506000,734506000,1000000,1000000,3000000,10000000,634506000,634506000,3000000,3000000,86000000,86000000,89000000,89000000,93000000,100000000,1000000,1000000,3000000,10000000,0,0,3000000,3000000,86000000,86000000,89000000,89000000,1000010,19000030,1000000,1000000,10,18000030
507,944506000,965506000,1000000,1000000,7000000,8000000,634506000,634506000,8000000,37000000,294000000,285000000,302000000,322000000,310000000,331000000,1000000,1000000,7000000,8000000,0,0,8000000,37000000,294000000,285000000,302000000,322000000,1000010,37000030,1000000,1000000,10,36000030
537,808506000,808506000,1000000,1000000,18000000,18000000,634506000,634506000,18000000,18000000,137000000,137000000,155000000,155000000,174000000,174000000,1000000,1000000,18000000,18000000,0,0,18000000,18000000,137000000,137000000,155000000,155000000,1000010,63000010,1000000,1000000,10,62000010
567,672506000,672506000,1000000,1000000,18000000,18000000,634506000,634506000,18000000,18000000,1000000,1000000,19000000,19000000,38000000,38000000,1000000,1000000,18000000,18000000,0,0,18000000,18000000,1000000,1000000,19000000,19000000,1000010,1000000,1000000,1000000,10,0
597,925506000,926506000,1000000,1000000,7000000,8000000,634506000,634506000,8000000,8000000,275000000,275000000,283000000,283000000,291000000,292000000,1000000,1000000,7000000,8000000,0,0,8000000,8000000,275000000,275000000,283000000,283000000,1000010,27000040,1000000,1000000,10,26000040
627,886506000,887506000,1000000,1000000,9000000,10000000,634506000,634506000,10000000,10000000,232000000,232000000,242000000,242000000,252000000,253000000,1000000,1000000,9000000,10000000,0,0,10000000,10000000,232000000,232000000,242000000,242000000,1000010,84000020,1000000,1000000,10,83000020
657,840506000,840506000,1000000,1000000,10000000,10000000,634506000,634506000,10000000,10000000,185000000,185000000,195000000,195000000,206000000,206000000,1000000,1000000,10000000,10000000,0,0,10000000,10000000,185000000,185000000,195000000,195000000,1000010,43000020,1000000,1000000,10,42000020
687,758506000,759506000,1000000,1000000,19000000,20000000,634506000,634506000,20000000,20000000,84000000,84000000,104000000,104000000,124000000,125000000,1000000,1000000,19000000,20000000,0,0,20000000,20000000,84000000,84000000,104000000,104000000,1000010,3000010,1000000,1000000,10,2000010
717,802506000,803506000,1000000,1000000,17000000,18000000,634506000,634506000,18000000,18000000,132000000,132000000,150000000,150000000,168000000,169000000,1000000,1000000,17000000,18000000,0,0,18000000,18000000,132000000,132000000,150000000,150000000,1000010,22000010,1000000,1000000,10,21000010
747,778506000,780506000,1000000,1000000,9000000,11000000,634506000,634506000,9000000,9000000,125000000,125000000,134000000,134000000,144000000,146000000,1000000,1000000,9000000,11000000,0,0,9000000,9000000,125000000,125000000,134000000,134000000,1000010,58000040,1000000,1000000,10,57000040
777,644506000,644506000,1000000,1000000,1000000,1000000,634506000,634506000,1000000,1000000,7000000,7000000,8000000,8000000,10000000,10000000,1000000,1000000,1000000,1000000,0,0,1000000,1000000,7000000,7000000,8000000,8000000,1000010,2000010,1000000,1000000,10,1000010
807,786506000,794506000,1000000,1000000,1000000,9000000,634506000,634506000,9000000,9000000,141000000,141000000,150000000,150000000,152000000,160000000,1000000,1000000,1000000,9000000,0,0,9000000,9000000,141000000,141000000,150000000,150000000,1000010,59000030,1000000,1000000,10,58000030
837,681506000,681506000,1000000,1000000,8000000,8000000,634506000,634506000,8000000,8000000,30000000,30000000,38000000,38000000,47000000,47000000,1000000,1000000,8000000,8000000,0,0,8000000,8000000,30000000,30000000,38000000,38000000,1000010,11000030,1000000,1000000,10,10000030
867,876506000,877506000,1000000,1000000,7000000,8000000,634506000,634506000,8000000,8000000,226000000,226000000,234000000,234000000,242000000,243000000,1000000,1000000,7000000,8000000,0,0,8000000,8000000,226000000,226000000,234000000,234000000,1000010,86000030,1000000,1000000,10,85000030
897,809506000,809506000,1000000,1000000,8000000,8000000,634506000,634506000,8000000,8000000,158000000,158000000,166000000,166000000,175000000,175000000,1000000,1000000,8000000,8000000,0,0,8000000,8000000,158000000,158000000,166000000,166000000,1000010,7000030,1000000,1000000,10,6000030
927,826506000,865506000,1000000,1000000,19000000,58000000,634506000,634506000,58000000,58000000,114000000,114000000,172000000,172000000,192000000,231000000,1000000,1000000,19000000,58000000,0,0,58000000,58000000,114000000,114000000,172000000,172000000,1000010,63000010,1000000,1000000,10,62000010
957,1030506000,1031506000,1000000,1000000,46000000,47000000,634506000,634506000,47000000,47000000,302000000,302000000,349000000,349000000,396000000,397000000,1000000,1000000,46000000,47000000,0,0,47000000,47000000,302000000,302000000,349000000,349000000,1000010,121000100,1000000,1000000,10,120000100
987,919506000,9177084000,1000000,1000000,1000000,10000000,634506000,8883084000,9000000,9000000,274000000,274000000,283000000,283000000,285000000,294000000,1000000,1000000,1000000,10000000,0,0,9000000,9000000,274000000,274000000,283000000,283000000,1000010,82000040,1000000,1000000,10,81000040
1017,964506000,2481518000,1000000,1000000,7000000,37000000,634506000,1903518000,37000000,40000000,285000000,500000000,322000000,540000000,330000000,578000000,1000000,1000000,7000000,37000000,0,0,37000000,40000000,285000000,500000000,322000000,540000000,1000010,28000040,1000000,1000000,10,27000040
1047,938506000,11101602000,1000000,1000000,7000000,18000000,634506000,10786602000,10000000,10000000,286000000,286000000,296000000,296000000,304000000,315000000,1000000,1000000,7000000,18000000,0,0,10000000,10000000,286000000,286000000,296000000,296000000,1000010,65000030,1000000,1000000,10,64000030
1077,678506000,3852036000,1000000,1000000,19000000,20000000,634506000,3807036000,20000000,20000000,4000000,4000000,24000000,24000000,44000000,45000000,1000000,1000000,19000000,20000000,0,0,20000000,20000000,4000000,4000000,24000000,24000000,1000010,1000000,1000000,1000000,10,0
1107,638506000,1274012000,1000000,1000000,3000000,4000000,634506000,1269012000,0,0,0,0,0,0,4000000,5000000,1000000,1000000,3000000,4000000,0,0,0,0,0,0,0,0,1000010,1000000,1000000,1000000,10,0
1137,664506000,3203530000,1000000,1000000,0,1000000,634506000,3172530000,1000000,1000000,28000000,28000000,29000000,29000000,30000000,31000000,1000000,1000000,0,1000000,0,0,1000000,1000000,28000000,28000000,29000000,29000000,1000010,1000000,1000000,1000000,10,0
1167,720506000,1356012000,1000000,1000000,1000000,2000000,634506000,1269012000,2000000,2000000,82000000,82000000,84000000,84000000,86000000,87000000,1000000,1000000,1000000,2000000,0,0,2000000,2000000,82000000,82000000,84000000,84000000,1000010,1000000,1000000,1000000,10,0
1197,688506000,1964518000,1000000,1000000,4000000,11000000,634506000,1903518000,4000000,4000000,45000000,45000000,49000000,49000000,54000000,61000000,1000000,1000000,4000000,11000000,0,0,4000000,4000000,45000000,45000000,49000000,49000000,1000010,1000000,1000000,1000000,10,0
1227,687506000,1957518000,1000000,1000000,10000000,11000000,634506000,1903518000,11000000,11000000,31000000,31000000,42000000,42000000,53000000,54000000,1000000,1000000,10000000,11000000,0,0,11000000,11000000,31000000,31000000,42000000,42000000,1000010,1000000,1000000,1000000,10,0
1257,643506000,1280012000,1000000,1000000,8000000,10000000,634506000,1269012000,0,0,0,0,0,0,9000000,11000000,1000000,1000000,8000000,10000000,0,0,0,0,0,0,0,0,1000010,1000000,1000000,1000000,10,0
1287,673506000,677506000,1000000,1000000,38000000,42000000,634506000,634506000,0,0,0,0,0,0,39000000,43000000,1000000,1000000,38000000,42000000,0,0,0,0,0,0,0,0,1000010,1000000,1000000,1000000,10,0
28,758506000,758506000,1000000,1000000,19000000,19000000,634506000,634506000,19000000,19000000,85000000,85000000,104000000,104000000,124000000,124000000,1000000,1000000,19000000,19000000,0,0,19000000,19000000,85000000,85000000,104000000,104000000,1000010,23000010,1000000,1000000,10,22000010
58,962506000,963506000,1000000,1000000,10000000,11000000,634506000,634506000,11000000,11000000,306000000,306000000,317000000,317000000,328000000,329000000,1000000,1000000,10000000,11000000,0,0,11000000,11000000,306000000,306000000,317000000,317000000,1000010,47000040,1000000,1000000,10,46000040
88,766506000,767506000,1000000,1000000,19000000,20000000,634506000,634506000,20000000,20000000,92000000,92000000,112000000,112000000,132000000,133000000,1000000,1000000,19000000,20000000,0,0,20000000,20000000,92000000,92000000,112000000,112000000,1000010,23000010,1000000,1000000,10,22000010
118,950506000,951506000,1000000,1000000,1000000,2000000,634506000,634506000,2000000,2000000,312000000,312000000,314000000,314000000,316000000,317000000,1000000,1000000,1000000,2000000,0,0,2000000,2000000,312000000,312000000,314000000,314000000,1000010,83000030,1000000,1000000,10,82000030
148,753506000,753506000,1000000,1000000,8000000,8000000,634506000,634506000,8000000,8000000,102000000,102000000,110000000,110000000,119000000,119000000,1000000,1000000,8000000,8000000,0,0,8000000,8000000,102000000,102000000,110000000,110000000,1000010,26000030,1000000,1000000,10,25000030
178,835506000,835506000,1000000,1000000,20000000,20000000,634506000,634506000,20000000,20000000,160000000,160000000,180000000,180000000,201000000,201000000,1000000,1000000,20000000,20000000,0,0,20000000,20000000,160000000,160000000,180000000,180000000,1000010,28000040,1000000,1000000,10,27000040
208,718506000,718506000,1000000,1000000,20000000,20000000,634506000,634506000,20000000,20000000,43000000,43000000,63000000,63000000,84000000,84000000,1000000,1000000,20000000,20000000,0,0,20000000,20000000,43000000,43000000,63000000,63000000,1000010,2000010,1000000,1000000,10,1000010
238,819506000,820506000,1000000,1000000,8000000,9000000,634506000,634506000,9000000,9000000,167000000,167000000,176000000,176000000,185000000,186000000,1000000,1000000,8000000,9000000,0,0,9000000,9000000,167000000,167000000,176000000,176000000,1000010,17000040,1000000,1000000,10,16000040
268,657506000,657506000,1000000,1000000,8000000,8000000,634506000,634506000,8000000,8000000,6000000,6000000,14000000,14000000,23000000,23000000,1000000,1000000,8000000,8000000,0,0,8000000,8000000,6000000,6000000,14000000,14000000,1000010,2000010,1000000,1000000,10,1000010
298,825506000,825506000,1000000,1000000,9000000,9000000,634506000,634506000,9000000,9000000,172000000,172000000,181000000,181000000,191000000,191000000,1000000,1000000,9000000,9000000,0,0,9000000,9000000,172000000,172000000,181000000,181000000,1000010,17000040,1000000,1000000,10,16000040
328,892506000,893506000,1000000,1000000,8000000,9000000,634506000,634506000,9000000,9000000,240000000,240000000,249000000,249000000,258000000,259000000,1000000,1000000,8000000,9000000,0,0,9000000,9000000,240000000,240000000,249000000,249000000,1000010,34000020,1000000,1000000,10,33000020
358,654506000,655506000,1000000,1000000,8000000,9000000,634506000,634506000,8000000,8000000,3000000,3000000,11000000,11000000,20000000,21000000,1000000,1000000,8000000,9000000,0,0,8000000,8000000,3000000,3000000,11000000,11000000,1000010,2000010,1000000,1000000,10,1000010
388,783506000,783506000,1000000,1000000,9000000,9000000,634506000,634506000,9000000,9000000,130000000,130000000,139000000,139000000,149000000,149000000,1000000,1000000,9000000,9000000,0,0,9000000,9000000,130000000,130000000,139000000,139000000,1000010,17000030,1000000,1000000,10,16000030
418,967506000,968506000,1000000,1000000,12000000,13000000,634506000,634506000,13000000,13000000,307000000,307000000,320000000,320000000,333000000,334000000,1000000,1000000,12000000,13000000,0,0,13000000,13000000,307000000,307000000,320000000,320000000,1000010,3000010,1000000,1000000,10,2000010
448,967506000,968506000,1000000,1000000,12000000,13000000,634506000,634506000,13000000,13000000,307000000,307000000,320000000,320000000,333000000,334000000,1000000,1000000,12000000,13000000,0,0,13000000,13000000,307000000,307000000,320000000,320000000,1000010,3000010,1000000,1000000,10,2000010
478,913506000,914506000,1000000,1000000,3000000,4000000,634506000,634506000,4000000,4000000,271000000,271000000,275000000,275000000,279000000,280000000,1000000,1000000,3000000,4000000,0,0,4000000,4000000,271000000,271000000,275000000,275000000,1000010,84000050,1000000,1000000,10,83000050
508,965506000,994506000,1000000,1000000,8000000,37000000,634506000,634506000,37000000,37000000,285000000,285000000,322000000,322000000,331000000,360000000,1000000,1000000,8000000,37000000,0,0,37000000,37000000,285000000,285000000,322000000,322000000,1000010,11000040,1000000,1000000,10,10000040
538,808506000,808506000,1000000,1000000,18000000,18000000,634506000,634506000,18000000,18000000,137000000,137000000,155000000,155000000,174000000,174000000,1000000,1000000,18000000,18000000,0,0,18000000,18000000,137000000,137000000,155000000,155000000,1000010,63000010,1000000,1000000,10,62000010
568,803506000,812506000,1000000,1000000,1000000,10000000,634506000,634506000,10000000,10000000,157000000,157000000,167000000,167000000,169000000,178000000,1000000,1000000,1000000,10000000,0,0,10000000,10000000,157000000,157000000,167000000,167000000,1000010,50000020,1000000,1000000,10,49000020
598,863506000,864506000,1000000,1000000,7000000,8000000,634506000,634506000,8000000,8000000,213000000,213000000,221000000,221000000,229000000,230000000,1000000,1000000,7000000,8000000,0,0,8000000,8000000,213000000,213000000,221000000,221000000,1000010,24000030,1000000,1000000,10,23000030
628,918506000,919506000,1000000,1000000,9000000,10000000,634506000,634506000,10000000,10000000,264000000,264000000,274000000,274000000,284000000,285000000,1000000,1000000,9000000,10000000,0,0,10000000,10000000,264000000,264000000,274000000,274000000,1000010,84000020,1000000,1000000,10,83000020
658,840506000,840506000,1000000,1000000,10000000,10000000,634506000,634506000,10000000,10000000,185000000,185000000,195000000,195000000,206000000,206000000,1000000,1000000,10000000,10000000,0,0,10000000,10000000,185000000,185000000,195000000,195000000,1000010,43000020,1000000,1000000,10,42000020
688,980506000,982506000,1000000,1000000,17000000,19000000,634506000,634506000,19000000,19000000,309000000,309000000,328000000,328000000,346000000,348000000,1000000,1000000,17000000,19000000,0,0,19000000,19000000,309000000,309000000,328000000,328000000,1000010,22000010,1000000,1000000,10,21000010
718,842506000,843506000,1000000,1000000,17000000,18000000,634506000,634506000,18000000,18000000,172000000,172000000,190000000,190000000,208000000,209000000,1000000,1000000,17000000,18000000,0,0,18000000,18000000,172000000,172000000,190000000,190000000,1000010,22000010,1000000,1000000,10,21000010
748,733506000,733506000,1000000,1000000,11000000,11000000,634506000,634506000,11000000,11000000,76000000,76000000,87000000,87000000,99000000,99000000,1000000,1000000,11000000,11000000,0,0,11000000,11000000,76000000,76000000,87000000,87000000,1000010,46000040,1000000,1000000,10,45000040
778,644506000,644506000,1000000,1000000,1000000,1000000,634506000,634506000,1000000,1000000,7000000,7000000,8000000,8000000,10000000,10000000,1000000,1000000,1000000,1000000,0,0,1000000,1000000,7000000,7000000,8000000,8000000,1000010,2000010,1000000,1000000,10,1000010
808,769506000,769506000,1000000,1000000,1000000,1000000,634506000,634506000,1000000,1000000,132000000,132000000,133000000,133000000,135000000,135000000,1000000,1000000,1000000,1000000,0,0,1000000,1000000,132000000,132000000,133000000,133000000,1000010,19000020,1000000,1000000,10,18000020
838,681506000,681506000,1000000,1000000,8000000,8000000,634506000,634506000,8000000,8000000,30000000,30000000,38000000,38000000,47000000,47000000,1000000,1000000,8000000,8000000,0,0,8000000,8000000,30000000,30000000,38000000,38000000,1000010,11000030,1000000,1000000,10,10000030
868,865506000,866506000,1000000,1000000,7000000,8000000,634506000,634506000,8000000,8000000,215000000,215000000,223000000,223000000,231000000,232000000,1000000,1000000,7000000,8000000,0,0,8000000,8000000,215000000,215000000,223000000,223000000,1000010,86000030,1000000,1000000,10,85000030
898,807506000,807506000,1000000,1000000,8000000,8000000,634506000,634506000,8000000,8000000,156000000,156000000,164000000,164000000,173000000,173000000,1000000,1000000,8000000,8000000,0,0,8000000,8000000,156000000,156000000,164000000,164000000,1000010,7000030,1000000,1000000,10,6000030
928,867506000,868506000,1000000,1000000,18000000,19000000,634506000,634506000,18000000,18000000,196000000,196000000,214000000,214000000,233000000,234000000,1000000,1000000,18000000,19000000,0,0,18000000,18000000,196000000,196000000,214000000,214000000,1000010,63000010,1000000,1000000,10,62000010
958,1040506000,1044506000,1000000,1000000,44000000,48000000,634506000,634506000,48000000,48000000,313000000,313000000,361000000,361000000,406000000,410000000,1000000,1000000,44000000,48000000,0,0,48000000,48000000,313000000,313000000,361000000,361000000,1000010,39000050,1000000,1000000,10,38000050
988,1004506000,2945024000,1000000,1000000,10000000,47000000,634506000,2538024000,47000000,47000000,312000000,312000000,359000000,359000000,370000000,407000000,1000000,1000000,10000000,47000000,0,0,47000000,47000000,312000000,312000000,359000000,359000000,1000010,89000050,1000000,1000000,10,88000050
1018,974506000,2910024000,1000000,1000000,8000000,40000000,634506000,2538024000,40000000,40000000,291000000,291000000,331000000,331000000,340000000,372000000,1000000,1000000,8000000,40000000,0,0,40000000,40000000,291000000,291000000,331000000,331000000,1000010,10000030,1000000,1000000,10,9000030
1048,834506000,10365096000,1000000,1000000,6000000,19000000,634506000,10152096000,10000000,10000000,183000000,183000000,193000000,193000000,200000000,213000000,1000000,1000000,6000000,19000000,0,0,10000000,10000000,183000000,183000000,193000000,193000000,1000010,73000020,1000000,1000000,10,72000020
1078,678506000,3852036000,1000000,1000000,19000000,20000000,634506000,3807036000,20000000,20000000,4000000,4000000,24000000,24000000,44000000,45000000,1000000,1000000,19000000,20000000,0,0,20000000,20000000,4000000,4000000,24000000,24000000,1000010,1000000,1000000,1000000,10,0
1108,638506000,1274012000,1000000,1000000,3000000,4000000,634506000,1269012000,0,0,0,0,0,0,4000000,5000000,1000000,1000000,3000000,4000000,0,0,0,0,0,0,0,0,1000010,1000000,1000000,1000000,10,0
1138,664506000,3203530000,1000000,1000000,0,1000000,634506000,3172530000,1000000,1000000,28000000,28000000,29000000,29000000,30000000,31000000,1000000,1000000,0,1000000,0,0,1000000,1000000,28000000,28000000,29000000,29000000,1000010,1000000,1000000,1000000,10,0
1168,712506000,2618024000,1000000,1000000,17000000,19000000,634506000,2538024000,19000000,19000000,41000000,41000000,60000000,60000000,78000000,80000000,1000000,1000000,17000000,19000000,0,0,19000000,19000000,41000000,41000000,60000000,60000000,1000010,1000000,1000000,1000000,10,0
1198,779506000,3958036000,1000000,1000000,4000000,10000000,634506000,3807036000,9000000,9000000,131000000,131000000,140000000,140000000,145000000,151000000,1000000,1000000,4000000,10000000,0,0,9000000,9000000,131000000,131000000,140000000,140000000,1000010,84000020,1000000,1000000,10,83000020
1228,687506000,1957518000,1000000,1000000,10000000,11000000,634506000,1903518000,11000000,11000000,31000000,31000000,42000000,42000000,53000000,54000000,1000000,1000000,10000000,11000000,0,0,11000000,11000000,31000000,31000000,42000000,42000000,1000010,1000000,1000000,1000000,10,0
1258,712506000,2618024000,1000000,1000000,17000000,19000000,634506000,2538024000,19000000,19000000,41000000,41000000,60000000,60000000,78000000,80000000,1000000,1000000,17000000,19000000,0,0,19000000,19000000,41000000,41000000,60000000,60000000,1000010,1000000,1000000,1000000,10,0
29,923506000,924506000,1000000,1000000,19000000,20000000,634506000,634506000,20000000,20000000,249000000,249000000,269000000,269000000,289000000,290000000,1000000,1000000,19000000,20000000,0,0,20000000,20000000,249000000,249000000,269000000,269000000,1000010,23000010,1000000,1000000,10,22000010
59,748506000,751506000,1000000,1000000,7000000,10000000,634506000,634506000,10000000,10000000,96000000,96000000,106000000,106000000,114000000,117000000,1000000,1000000,7000000,10000000,0,0,10000000,10000000,96000000,96000000,106000000,106000000,1000010,32000030,1000000,1000000,10,31000030
89,873506000,884506000,1000000,1000000,8000000,19000000,634506000,634506000,19000000,19000000,211000000,211000000,230000000,230000000,239000000,250000000,1000000,1000000,8000000,19000000,0,0,19000000,19000000,211000000,211000000,230000000,230000000,1000010,23000010,1000000,1000000,10,22000010
119,918506000,919506000,1000000,1000000,1000000,2000000,634506000,634506000,2000000,2000000,280000000,280000000,282000000,282000000,284000000,285000000,1000000,1000000,1000000,2000000,0,0,2000000,2000000,280000000,280000000,282000000,282000000,1000010,83000030,1000000,1000000,10,82000030
149,927506000,928506000,1000000,1000000,8000000,9000000,634506000,634506000,9000000,9000000,275000000,275000000,284000000,284000000,293000000,294000000,1000000,1000000,8000000,9000000,0,0,9000000,9000000,275000000,275000000,284000000,284000000,1000010,66000040,1000000,1000000,10,65000040
179,655506000,657506000,1000000,1000000,20000000,22000000,634506000,634506000,0,0,0,0,0,0,21000000,23000000,1000000,1000000,20000000,22000000,0,0,0,0,0,0,0,0,1000010,1000000,1000000,1000000,10,0
209,718506000,718506000,1000000,1000000,20000000,20000000,634506000,634506000,20000000,20000000,43000000,43000000,63000000,63000000,84000000,84000000,1000000,1000000,20000000,20000000,0,0,20000000,20000000,43000000,43000000,63000000,63000000,1000010,2000010,1000000,1000000,10,1000010
239,825506000,825506000,1000000,1000000,9000000,9000000,634506000,634506000,9000000,9000000,172000000,172000000,181000000,181000000,191000000,191000000,1000000,1000000,9000000,9000000,0,0,9000000,9000000,172000000,172000000,181000000,181000000,1000010,17000040,1000000,1000000,10,16000040
269,819506000,820506000,1000000,1000000,8000000,9000000,634506000,634506000,9000000,9000000,167000000,167000000,176000000,176000000,185000000,186000000,1000000,1000000,8000000,9000000,0,0,9000000,9000000,167000000,167000000,176000000,176000000,1000010,17000040,1000000,1000000,10,16000040
299,825506000,825506000,1000000,1000000,9000000,9000000,634506000,634506000,9000000,9000000,172000000,172000000,181000000,181000000,191000000,191000000,1000000,1000000,9000000,9000000,0,0,9000000,9000000,172000000,172000000,181000000,181000000,1000010,17000040,1000000,1000000,10,16000040
329,892506000,893506000,1000000,1000000,8000000,9000000,634506000,634506000,9000000,9000000,240000000,240000000,249000000,249000000,258000000,259000000,1000000,1000000,8000000,9000000,0,0,9000000,9000000,240000000,240000000,249000000,249000000,1000010,34000020,1000000,1000000,10,33000020
359,925506000,927506000,1000000,1000000,8000000,10000000,634506000,634506000,8000000,8000000,274000000,274000000,282000000,282000000,291000000,293000000,1000000,1000000,8000000,10000000,0,0,8000000,8000000,274000000,274000000,282000000,282000000,1000010,25000030,1000000,1000000,10,24000030
389,705506000,713506000,1000000,1000000,1000000,9000000,634506000,634506000,9000000,9000000,60000000,60000000,69000000,69000000,71000000,79000000,1000000,1000000,1000000,9000000,0,0,9000000,9000000,60000000,60000000,69000000,69000000,1000010,13000020,1000000,1000000,10,12000020
419,967506000,968506000,1000000,1000000,12000000,13000000,634506000,634506000,13000000,13000000,307000000,307000000,320000000,320000000,333000000,334000000,1000000,1000000,12000000,13000000,0,0,13000000,13000000,307000000,307000000,320000000,320000000,1000010,3000010,1000000,1000000,10,2000010
449,967506000,968506000,1000000,1000000,12000000,13000000,634506000,634506000,13000000,13000000,307000000,307000000,320000000,320000000,333000000,334000000,1000000,1000000,12000000,13000000,0,0,13000000,13000000,307000000,307000000,320000000,320000000,1000010,3000010,1000000,1000000,10,2000010
479,638506000,639506000,1000000,1000000,3000000,4000000,634506000,634506000,0,0,0,0,0,0,4000000,5000000,1000000,1000000,3000000,4000000,0,0,0,0,0,0,0,0,1000010,1000000,1000000,1000000,10,0
509,951506000,952506000,1000000,1000000,7000000,8000000,634506000,634506000,8000000,8000000,301000000,301000000,309000000,309000000,317000000,318000000,1000000,1000000,7000000,8000000,0,0,8000000,8000000,301000000,301000000,309000000,309000000,1000010,82000040,1000000,1000000,10,81000040
539,981506000,1037506000,1000000,1000000,18000000,74000000,634506000,634506000,74000000,74000000,254000000,254000000,328000000,328000000,347000000,403000000,1000000,1000000,18000000,74000000,0,0,74000000,74000000,254000000,254000000,328000000,328000000,1000010,65000030,1000000,1000000,10,64000030
569,878506000,878506000,1000000,1000000,10000000,10000000,634506000,634506000,10000000,10000000,223000000,223000000,233000000,233000000,244000000,244000000,1000000,1000000,10000000,10000000,0,0,10000000,10000000,223000000,223000000,233000000,233000000,1000010,50000020,1000000,1000000,10,49000020
599,925506000,926506000,1000000,1000000,7000000,8000000,634506000,634506000,8000000,8000000,275000000,275000000,283000000,283000000,291000000,292000000,1000000,1000000,7000000,8000000,0,0,8000000,8000000,275000000,275000000,283000000,283000000,1000010,27000040,1000000,1000000,10,26000040
629,886506000,887506000,1000000,1000000,9000000,10000000,634506000,634506000,10000000,10000000,232000000,232000000,242000000,242000000,252000000,253000000,1000000,1000000,9000000,10000000,0,0,10000000,10000000,232000000,232000000,242000000,242000000,1000010,84000020,1000000,1000000,10,83000020
659,840506000,840506000,1000000,1000000,10000000,10000000,634506000,634506000,10000000,10000000,185000000,185000000,195000000,195000000,206000000,206000000,1000000,1000000,10000000,10000000,0,0,10000000,10000000,185000000,185000000,195000000,195000000,1000010,43000020,1000000,1000000,10,42000020
689,983506000,985506000,1000000,1000000,17000000,19000000,634506000,634506000,19000000,19000000,312000000,312000000,331000000,331000000,349000000,351000000,1000000,1000000,17000000,19000000,0,0,19000000,19000000,312000000,312000000,331000000,331000000,1000010,23000020,1000000,1000000,10,22000020
719,842506000,843506000,1000000,1000000,17000000,18000000,634506000,634506000,18000000,18000000,172000000,172000000,190000000,190000000,208000000,209000000,1000000,1000000,17000000,18000000,0,0,18000000,18000000,172000000,172000000,190000000,190000000,1000010,22000010,1000000,1000000,10,21000010
749,707506000,707506000,1000000,1000000,1000000,1000000,634506000,634506000,1000000,1000000,70000000,70000000,71000000,71000000,73000000,73000000,1000000,1000000,1000000,1000000,0,0,1000000,1000000,70000000,70000000,71000000,71000000,1000010,21000030,1000000,1000000,10,20000030
779,644506000,644506000,1000000,1000000,1000000,1000000,634506000,634506000,1000000,1000000,7000000,7000000,8000000,8000000,10000000,10000000,1000000,1000000,1000000,1000000,0,0,1000000,1000000,7000000,7000000,8000000,8000000,1000010,2000010,1000000,1000000,10,1000010
809,719506000,719506000,1000000,1000000,1000000,1000000,634506000,634506000,1000000,1000000,82000000,82000000,83000000,83000000,85000000,85000000,1000000,1000000,1000000,1000000,0,0,1000000,1000000,82000000,82000000,83000000,83000000,1000010,19000020,1000000,1000000,10,18000020
839,681506000,681506000,1000000,1000000,8000000,8000000,634506000,634506000,8000000,8000000,30000000,30000000,38000000,38000000,47000000,47000000,1000000,1000000,8000000,8000000,0,0,8000000,8000000,30000000,30000000,38000000,38000000,1000010,11000030,1000000,1000000,10,10000030
869,943506000,944506000,1000000,1000000,7000000,8000000,634506000,634506000,8000000,8000000,293000000,293000000,301000000,301000000,309000000,310000000,1000000,1000000,7000000,8000000,0,0,8000000,8000000,293000000,293000000,301000000,301000000,1000010,82000040,1000000,1000000,10,81000040
899,733506000,734506000,1000000,1000000,7000000,8000000,634506000,634506000,8000000,8000000,83000000,83000000,91000000,91000000,99000000,100000000,1000000,1000000,7000000,8000000,0,0,8000000,8000000,83000000,83000000,91000000,91000000,1000010,8000010,1000000,1000000,10,7000010
929,867506000,868506000,1000000,1000000,18000000,19000000,634506000,634506000,18000000,18000000,196000000,196000000,214000000,214000000,233000000,234000000,1000000,1000000,18000000,19000000,0,0,18000000,18000000,196000000,196000000,214000000,214000000,1000010,63000010,1000000,1000000,10,62000010
959,794506000,794506000,1000000,1000000,9000000,9000000,634506000,634506000,9000000,9000000,141000000,141000000,150000000,150000000,160000000,160000000,1000000,1000000,9000000,9000000,0,0,9000000,9000000,141000000,141000000,150000000,150000000,1000010,8000040,1000000,1000000,10,7000040
989,764506000,3332530000,1000000,1000000,7000000,37000000,634506000,3172530000,10000000,10000000,112000000,112000000,122000000,122000000,130000000,160000000,1000000,1000000,7000000,37000000,0,0,10000000,10000000,112000000,112000000,122000000,122000000,1000010,11000040,1000000,1000000,10,10000040
1019,963506000,2262518000,1000000,1000000,7000000,37000000,634506000,1903518000,37000000,37000000,284000000,284000000,321000000,321000000,329000000,359000000,1000000,1000000,7000000,37000000,0,0,37000000,37000000,284000000,284000000,321000000,321000000,1000010,11000040,1000000,1000000,10,10000040
1049,945506000,12375614000,1000000,1000000,8000000,17000000,634506000,12055614000,11000000,11000000,291000000,291000000,302000000,302000000,311000000,320000000,1000000,1000000,8000000,17000000,0,0,11000000,11000000,291000000,291000000,302000000,302000000,1000010,75000040,1000000,1000000,10,74000040
1079,678506000,3852036000,1000000,1000000,19000000,20000000,634506000,3807036000,20000000,20000000,4000000,4000000,24000000,24000000,44000000,45000000,1000000,1000000,19000000,20000000,0,0,20000000,20000000,4000000,4000000,24000000,24000000,1000010,1000000,1000000,1000000,10,0
1109,638506000,1274012000,1000000,1000000,3000000,4000000,634506000,1269012000,0,0,0,0,0,0,4000000,5000000,1000000,1000000,3000000,4000000,0,0,0,0,0,0,0,0,1000010,1000000,1000000,1000000,10,0
1139,664506000,3203530000,1000000,1000000,0,1000000,634506000,3172530000,1000000,1000000,28000000,28000000,29000000,29000000,30000000,31000000,1000000,1000000,0,1000000,0,0,1000000,1000000,28000000,28000000,29000000,29000000,1000010,1000000,1000000,1000000,10,0
1169,919506000,13046120000,1000000,1000000,9000000,80000000,634506000,12690120000,80000000,80000000,195000000,195000000,275000000,275000000,285000000,356000000,1000000,1000000,9000000,80000000,0,0,80000000,80000000,195000000,195000000,275000000,275000000,1000010,40000050,1000000,1000000,10,39000050
1199,639506000,640506000,1000000,1000000,4000000,5000000,634506000,634506000,0,0,0,0,0,0,5000000,6000000,1000000,1000000,4000000,5000000,0,0,0,0,0,0,0,0,1000010,1000000,1000000,1000000,10,0
1229,687506000,1957518000,1000000,1000000,10000000,11000000,634506000,1903518000,11000000,11000000,31000000,31000000,42000000,42000000,53000000,54000000,1000000,1000000,10000000,11000000,0,0,11000000,11000000,31000000,31000000,42000000,42000000,1000010,1000000,1000000,1000000,10,0
1259,660506000,2565024000,1000000,1000000,12000000,13000000,634506000,2538024000,12000000,12000000,1000000,1000000,13000000,13000000,26000000,27000000,1000000,1000000,12000000,13000000,0,0,12000000,12000000,1000000,1000000,13000000,13000000,1000010,1000000,1000000,1000000,10,0
30,893506000,894506000,1000000,1000000,19000000,20000000,634506000,634506000,20000000,20000000,219000000,219000000,239000000,239000000,259000000,260000000,1000000,1000000,19000000,20000000,0,0,20000000,20000000,219000000,219000000,239000000,239000000,1000010,51000040,1000000,1000000,10,50000040
60,888506000,890506000,1000000,1000000,10000000,12000000,634506000,634506000,12000000,12000000,231000000,231000000,243000000,243000000,254000000,256000000,1000000,1000000,10000000,12000000,0,0,12000000,12000000,231000000,231000000,243000000,243000000,1000010,69000040,1000000,1000000,10,68000040
90,852506000,863506000,1000000,1000000,8000000,19000000,634506000,634506000,19000000,19000000,190000000,190000000,209000000,209000000,218000000,229000000,1000000,1000000,8000000,19000000,0,0,19000000,19000000,190000000,190000000,209000000,209000000,1000010,24000020,1000000,1000000,10,23000020
120,730506000,731506000,1000000,1000000,0,1000000,634506000,634506000,1000000,1000000,94000000,94000000,95000000,95000000,96000000,97000000,1000000,1000000,0,1000000,0,0,1000000,1000000,94000000,94000000,95000000,95000000,1000010,41000040,1000000,1000000,10,40000040
150,754506000,754506000,1000000,1000000,8000000,8000000,634506000,634506000,8000000,8000000,103000000,103000000,111000000,111000000,120000000,120000000,1000000,1000000,8000000,8000000,0,0,8000000,8000000,103000000,103000000,111000000,111000000,1000010,26000030,1000000,1000000,10,25000030
180,655506000,656506000,1000000,1000000,20000000,21000000,634506000,634506000,0,0,0,0,0,0,21000000,22000000,1000000,1000000,20000000,21000000,0,0,0,0,0,0,0,0,1000010,1000000,1000000,1000000,10,0
210,718506000,718506000,1000000,1000000,20000000,20000000,634506000,634506000,20000000,20000000,43000000,43000000,63000000,63000000,84000000,84000000,1000000,1000000,20000000,20000000,0,0,20000000,20000000,43000000,43000000,63000000,63000000,1000010,2000010,1000000,1000000,10,1000010
240,892506000,893506000,1000000,1000000,8000000,9000000,634506000,634506000,9000000,9000000,240000000,240000000,249000000,249000000,258000000,259000000,1000000,1000000,8000000,9000000,0,0,9000000,9000000,240000000,240000000,249000000,249000000,1000010,34000020,1000000,1000000,10,33000020
270,819506000,820506000,1000000,1000000,8000000,9000000,634506000,634506000,9000000,9000000,167000000,167000000,176000000,176000000,185000000,186000000,1000000,1000000,8000000,9000000,0,0,9000000,9000000,167000000,167000000,176000000,176000000,1000010,17000040,1000000,1000000,10,16000040
300,825506000,825506000,1000000,1000000,9000000,9000000,634506000,634506000,9000000,9000000,172000000,172000000,181000000,181000000,191000000,191000000,1000000,1000000,9000000,9000000,0,0,9000000,9000000,172000000,172000000,181000000,181000000,1000010,17000040,1000000,1000000,10,16000040
330,915506000,917506000,1000000,1000000,8000000,10000000,634506000,634506000,10000000,10000000,262000000,262000000,272000000,272000000,281000000,283000000,1000000,1000000,8000000,10000000,0,0,10000000,10000000,262000000,262000000,272000000,272000000,1000010,18000030,1000000,1000000,10,17000030
360,654506000,655506000,1000000,1000000,8000000,9000000,634506000,634506000,8000000,8000000,3000000,3000000,11000000,11000000,20000000,21000000,1000000,1000000,8000000,9000000,0,0,8000000,8000000,3000000,3000000,11000000,11000000,1000010,2000010,1000000,1000000,10,1000010
390,783506000,783506000,1000000,1000000,9000000,9000000,634506000,634506000,9000000,9000000,130000000,130000000,139000000,139000000,149000000,149000000,1000000,1000000,9000000,9000000,0,0,9000000,9000000,130000000,130000000,139000000,139000000,1000010,17000030,1000000,1000000,10,16000030
420,967506000,968506000,1000000,1000000,12000000,13000000,634506000,634506000,13000000,13000000,307000000,307000000,320000000,320000000,333000000,334000000,1000000,1000000,12000000,13000000,0,0,13000000,13000000,307000000,307000000,320000000,320000000,1000010,3000010,1000000,1000000,10,2000010
450,967506000,968506000,1000000,1000000,12000000,13000000,634506000,634506000,13000000,13000000,307000000,307000000,320000000,320000000,333000000,334000000,1000000,1000000,12000000,13000000,0,0,13000000,13000000,307000000,307000000,320000000,320000000,1000010,3000010,1000000,1000000,10,2000010
480,686506000,687506000,1000000,1000000,3000000,4000000,634506000,634506000,4000000,4000000,44000000,44000000,48000000,48000000,52000000,53000000,1000000,1000000,3000000,4000000,0,0,4000000,4000000,44000000,44000000,48000000,48000000,1000010,11000020,1000000,1000000,10,10000020
510,760506000,760506000,1000000,1000000,8000000,8000000,634506000,634506000,8000000,8000000,109000000,109000000,117000000,117000000,126000000,126000000,1000000,1000000,8000000,8000000,0,0,8000000,8000000,109000000,109000000,117000000,117000000,1000010,40000050,1000000,1000000,10,39000050
540,781506000,781506000,1000000,1000000,18000000,18000000,634506000,634506000,18000000,18000000,110000000,110000000,128000000,128000000,147000000,147000000,1000000,1000000,18000000,18000000,0,0,18000000,18000000,110000000,110000000,128000000,128000000,1000010,63000010,1000000,1000000,10,62000010
570,645506000,647506000,1000000,1000000,10000000,12000000,634506000,634506000,0,0,0,0,0,0,11000000,13000000,1000000,1000000,10000000,12000000,0,0,0,0,0,0,0,0,1000010,1000000,1000000,1000000,10,0
600,925506000,926506000,1000000,1000000,7000000,8000000,634506000,634506000,8000000,8000000,275000000,275000000,283000000,283000000,291000000,292000000,1000000,1000000,7000000,8000000,0,0,8000000,8000000,275000000,275000000,283000000,283000000,1000010,27000040,1000000,1000000,10,26000040
630,886506000,887506000,1000000,1000000,9000000,10000000,634506000,634506000,10000000,10000000,232000000,232000000,242000000,242000000,252000000,253000000,1000000,1000000,9000000,10000000,0,0,10000000,10000000,232000000,232000000,242000000,242000000,1000010,84000020,1000000,1000000,10,83000020
660,772506000,779506000,1000000,1000000,10000000,17000000,634506000,634506000,17000000,17000000,110000000,110000000,127000000,127000000,138000000,145000000,1000000,1000000,10000000,17000000,0,0,17000000,17000000,110000000,110000000,127000000,127000000,1000010,23000020,1000000,1000000,10,22000020
690,839506000,840506000,1000000,1000000,17000000,18000000,634506000,634506000,18000000,18000000,169000000,169000000,187000000,187000000,205000000,206000000,1000000,1000000,17000000,18000000,0,0,18000000,18000000,169000000,169000000,187000000,187000000,1000010,22000010,1000000,1000000,10,21000010
720,715506000,723506000,1000000,1000000,1000000,9000000,634506000,634506000,9000000,9000000,70000000,70000000,79000000,79000000,81000000,89000000,1000000,1000000,1000000,9000000,0,0,9000000,9000000,70000000,70000000,79000000,79000000,1000010,2000010,1000000,1000000,10,1000010
750,644506000,644506000,1000000,1000000,1000000,1000000,634506000,634506000,1000000,1000000,7000000,7000000,8000000,8000000,10000000,10000000,1000000,1000000,1000000,1000000,0,0,1000000,1000000,7000000,7000000,8000000,8000000,1000010,2000010,1000000,1000000,10,1000010
780,746506000,746506000,1000000,1000000,1000000,1000000,634506000,634506000,1000000,1000000,109000000,109000000,110000000,110000000,112000000,112000000,1000000,1000000,1000000,1000000,0,0,1000000,1000000,109000000,109000000,110000000,110000000,1000010,82000040,1000000,1000000,10,81000040
810,772506000,772506000,1000000,1000000,1000000,1000000,634506000,634506000,1000000,1000000,135000000,135000000,136000000,136000000,138000000,138000000,1000000,1000000,1000000,1000000,0,0,1000000,1000000,135000000,135000000,136000000,136000000,1000010,19000020,1000000,1000000,10,18000020
840,681506000,681506000,1000000,1000000,8000000,8000000,634506000,634506000,8000000,8000000,30000000,30000000,38000000,38000000,47000000,47000000,1000000,1000000,8000000,8000000,0,0,8000000,8000000,30000000,30000000,38000000,38000000,1000010,11000030,1000000,1000000,10,10000030
870,876506000,877506000,1000000,1000000,7000000,8000000,634506000,634506000,8000000,8000000,226000000,226000000,234000000,234000000,242000000,243000000,1000000,1000000,7000000,8000000,0,0,8000000,8000000,226000000,226000000,234000000,234000000,1000010,86000030,1000000,1000000,10,85000030
900,817506000,817506000,1000000,1000000,8000000,8000000,634506000,634506000,8000000,8000000,166000000,166000000,174000000,174000000,183000000,183000000,1000000,1000000,8000000,8000000,0,0,8000000,8000000,166000000,166000000,174000000,174000000,1000010,86000030,1000000,1000000,10,85000030
930,930506000,991506000,1000000,1000000,19000000,80000000,634506000,634506000,80000000,80000000,196000000,196000000,276000000,276000000,296000000,357000000,1000000,1000000,19000000,80000000,0,0,80000000,80000000,196000000,196000000,276000000,276000000,1000010,73000020,1000000,1000000,10,72000020
960,769506000,770506000,1000000,1000000,8000000,9000000,634506000,634506000,9000000,9000000,117000000,117000000,126000000,126000000,135000000,136000000,1000000,1000000,8000000,9000000,0,0,9000000,9000000,117000000,117000000,126000000,126000000,1000010,7000030,1000000,1000000,10,6000030
990,678506000,3852036000,1000000,1000000,19000000,20000000,634506000,3807036000,20000000,20000000,4000000,4000000,24000000,24000000,44000000,45000000,1000000,1000000,19000000,20000000,0,0,20000000,20000000,4000000,4000000,24000000,24000000,1000010,1000000,1000000,1000000,10,0
1020,646506000,650506000,1000000,1000000,11000000,15000000,634506000,634506000,0,0,0,0,0,0,12000000,16000000,1000000,1000000,11000000,15000000,0,0,0,0,0,0,0,0,1000010,1000000,1000000,1000000,10,0
1050,641506000,1278012000,1000000,1000000,6000000,8000000,634506000,1269012000,0,0,0,0,0,0,7000000,9000000,1000000,1000000,6000000,8000000,0,0,0,0,0,0,0,0,1000010,1000000,1000000,1000000,10,0
1080,648506000,2553024000,1000000,1000000,5000000,6000000,634506000,2538024000,6000000,6000000,2000000,2000000,8000000,8000000,14000000,15000000,1000000,1000000,5000000,6000000,0,0,6000000,6000000,2000000,2000000,8000000,8000000,1000010,1000000,1000000,1000000,10,0
1110,724506000,10247096000,1000000,1000000,7000000,12000000,634506000,10152096000,11000000,11000000,71000000,71000000,82000000,82000000,90000000,95000000,1000000,1000000,7000000,12000000,0,0,11000000,11000000,71000000,71000000,82000000,82000000,1000010,8000010,1000000,1000000,10,7000010
1140,664506000,3203530000,1000000,1000000,0,1000000,634506000,3172530000,1000000,1000000,28000000,28000000,29000000,29000000,30000000,31000000,1000000,1000000,0,1000000,0,0,1000000,1000000,28000000,28000000,29000000,29000000,1000010,1000000,1000000,1000000,10,0
1170,921506000,5366048000,1000000,1000000,8000000,11000000,634506000,5076048000,8000000,8000000,270000000,270000000,278000000,278000000,287000000,290000000,1000000,1000000,8000000,11000000,0,0,8000000,8000000,270000000,270000000,278000000,278000000,1000010,19000040,1000000,1000000,10,18000040
1200,646506000,1282012000,1000000,1000000,11000000,12000000,634506000,1269012000,0,0,0,0,0,0,12000000,13000000,1000000,1000000,11000000,12000000,0,0,0,0,0,0,0,0,1000010,1000000,1000000,1000000,10,0
1230,806506000,3346530000,1000000,1000000,10000000,12000000,634506000,3172530000,12000000,12000000,149000000,149000000,161000000,161000000,172000000,174000000,1000000,1000000,10000000,12000000,0,0,12000000,12000000,149000000,149000000,161000000,161000000,1000010,85000030,1000000,1000000,10,84000030
1260,657506000,3200530000,1000000,1000000,8000000,13000000,634506000,3172530000,12000000,12000000,2000000,2000000,14000000,14000000,23000000,28000000,1000000,1000000,8000000,13000000,0,0,12000000,12000000,2000000,2000000,14000000,14000000,1000010,2000010,1000000,1000000,10,1000010
