,ssdn_lo,ssdn_hi,ssdn_detection_lo,ssdn_detection_hi,ssdn_notification_lo,ssdn_notification_hi,ssdn_computation_lo,ssdn_computation_hi,ssdn_transference_lo,ssdn_transference_hi,ssdn_installation_lo,ssdn_installation_hi,ssdn_update_lo,ssdn_update_hi,pcsdn_lo,pcsdn_hi,pcsdn_detection_lo,pcsdn_detection_hi,pcsdn_notification_lo,pcsdn_notification_hi,pcsdn_computation_lo,pcsdn_computation_hi,pcsdn_transference_lo,pcsdn_transference_hi,pcsdn_installation_lo,pcsdn_installation_hi,pcsdn_update_lo,pcsdn_update_hi,felix_lo,felix_hi,felix_detection_lo,felix_detection_hi,felix_coordination_lo,felix_coordination_hi
1,455058000,455883000,1000000,1000000,2919000,3744000,263395000,263395000,3744000,3744000,184000000,184000000,187744000,187744000,191663000,192488000,1000000,1000000,2919000,3744000,0,0,3744000,3744000,184000000,184000000,187744000,187744000,1000010,2650020,1000000,1000000,10,1650020
31,464155000,635075000,1000000,1000000,13135000,14625000,263395000,263395000,14625000,17055000,172000000,339000000,186625000,356055000,200760000,371680000,1000000,1000000,13135000,14625000,0,0,14625000,17055000,172000000,339000000,186625000,356055000,1000010,5278060,1000000,1000000,10,4278060
61,371596000,371909000,1000000,1000000,10944000,11257000,263395000,263395000,11257000,11257000,85000000,85000000,96257000,96257000,108201000,108514000,1000000,1000000,10944000,11257000,0,0,11257000,11257000,85000000,85000000,96257000,96257000,1000010,13063070,1000000,1000000,10,12063070
91,459970000,460123000,1000000,1000000,3711000,3864000,263395000,263395000,3864000,3864000,188000000,188000000,191864000,191864000,196575000,196728000,1000000,1000000,3711000,3864000,0,0,3864000,3864000,188000000,188000000,191864000,191864000,1000010,5682130,1000000,1000000,10,4682130
121,458348000,458703000,1000000,1000000,1299000,1654000,263395000,263395000,1654000,1654000,191000000,191000000,192654000,192654000,194953000,195308000,1000000,1000000,1299000,1654000,0,0,1654000,1654000,191000000,191000000,192654000,192654000,1000010,4228120,1000000,1000000,10,3228120
151,282604000,283222000,1000000,1000000,18209000,18827000,263395000,263395000,0,0,0,0,0,0,19209000,19827000,1000000,1000000,18209000,18827000,0,0,0,0,0,0,0,0,1000010,1000000,1000000,1000000,10,0
181,451114000,593470000,1000000,1000000,15549000,16170000,263395000,263395000,16170000,17905000,155000000,295000000,171170000,312905000,187719000,330075000,1000000,1000000,15549000,16170000,0,0,16170000,17905000,155000000,295000000,171170000,312905000,1000010,6446070,1000000,1000000,10,5446070
211,275113000,275170000,1000000,1000000,10718000,10775000,263395000,263395000,0,0,0,0,0,0,11718000,11775000,1000000,1000000,10718000,10775000,0,0,0,0,0,0,0,0,1000010,1000000,1000000,1000000,10,0
241,267252000,267674000,1000000,1000000,2857000,3279000,263395000,263395000,0,0,0,0,0,0,3857000,4279000,1000000,1000000,2857000,3279000,0,0,0,0,0,0,0,0,1000010,1000000,1000000,1000000,10,0
271,266170000,529998000,1000000,1000000,1775000,2208000,263395000,526790000,0,0,0,0,0,0,2775000,3208000,1000000,1000000,1775000,2208000,0,0,0,0,0,0,0,0,1000010,1000000,1000000,1000000,10,0
301,437342000,701374000,1000000,1000000,3155000,3792000,263395000,526790000,3792000,3792000,166000000,166000000,169792000,169792000,173947000,174584000,1000000,1000000,3155000,3792000,0,0,3792000,3792000,166000000,166000000,169792000,169792000,1000010,5355140,1000000,1000000,10,4355140
331,462783000,990465000,1000000,1000000,13748000,14640000,263395000,790185000,14640000,14640000,170000000,170000000,184640000,184640000,199388000,200280000,1000000,1000000,13748000,14640000,0,0,14640000,14640000,170000000,170000000,184640000,184640000,1000010,16225120,1000000,1000000,10,15225120
361,466005000,729770000,1000000,1000000,4120000,4490000,263395000,526790000,4490000,4490000,193000000,193000000,197490000,197490000,202610000,202980000,1000000,1000000,4120000,4490000,0,0,4490000,4490000,193000000,193000000,197490000,197490000,1000010,1825010,1000000,1000000,10,825010
391,270423000,798038000,1000000,1000000,978000,1803000,263395000,790185000,1050000,1050000,4000000,4000000,5050000,5050000,7028000,7853000,1000000,1000000,978000,1803000,0,0,1050000,1050000,4000000,4000000,5050000,5050000,1000010,1000000,1000000,1000000,10,0
421,264933000,792988000,1000000,1000000,538000,1803000,263395000,790185000,0,0,0,0,0,0,1538000,2803000,1000000,1000000,538000,1803000,0,0,0,0,0,0,0,0,1000010,1000000,1000000,1000000,10,0
2,454802000,455233000,1000000,1000000,2488000,2919000,263395000,263395000,2919000,2919000,185000000,185000000,187919000,187919000,191407000,191838000,1000000,1000000,2488000,2919000,0,0,2919000,2919000,185000000,185000000,187919000,187919000,1000010,2950020,1000000,1000000,10,1950020
32,441016000,587739000,1000000,1000000,12486000,13135000,263395000,263395000,13135000,18209000,151000000,292000000,164135000,310209000,177621000,324344000,1000000,1000000,12486000,13135000,0,0,13135000,18209000,151000000,292000000,164135000,310209000,1000010,6074070,1000000,1000000,10,5074070
62,367814000,428514000,1000000,1000000,10475000,10944000,263395000,263395000,10944000,11175000,82000000,142000000,92944000,153175000,104419000,165119000,1000000,1000000,10475000,10944000,0,0,10944000,11175000,82000000,142000000,92944000,153175000,1000010,13215100,1000000,1000000,10,12215100
92,468337000,468539000,1000000,1000000,15370000,15572000,263395000,263395000,15572000,15572000,173000000,173000000,188572000,188572000,204942000,205144000,1000000,1000000,15370000,15572000,0,0,15572000,15572000,173000000,173000000,188572000,188572000,1000010,6112070,1000000,1000000,10,5112070
122,438644000,610016000,1000000,1000000,950000,1299000,263395000,263395000,1299000,2322000,172000000,342000000,173299000,344322000,175249000,346621000,1000000,1000000,950000,1299000,0,0,1299000,2322000,172000000,342000000,173299000,344322000,1000010,3879110,1000000,1000000,10,2879110
152,338739000,338813000,1000000,1000000,18135000,18209000,263395000,263395000,18209000,18209000,38000000,38000000,56209000,56209000,75344000,75418000,1000000,1000000,18135000,18209000,0,0,18209000,18209000,38000000,38000000,56209000,56209000,1000010,9629120,1000000,1000000,10,8629120
182,464743000,591849000,1000000,1000000,14799000,15549000,263395000,263395000,15549000,17905000,170000000,294000000,185549000,311905000,201348000,328454000,1000000,1000000,14799000,15549000,0,0,15549000,17905000,170000000,294000000,185549000,311905000,1000010,6699080,1000000,1000000,10,5699080
212,411521000,420027000,1000000,1000000,9310000,17816000,263395000,263395000,17816000,17816000,120000000,120000000,137816000,137816000,148126000,156632000,1000000,1000000,9310000,17816000,0,0,17816000,17816000,120000000,120000000,137816000,137816000,1000010,9772010,1000000,1000000,10,8772010
242,266818000,267252000,1000000,1000000,2423000,2857000,263395000,263395000,0,0,0,0,0,0,3423000,3857000,1000000,1000000,2423000,2857000,0,0,0,0,0,0,0,0,1000010,1000000,1000000,1000000,10,0
272,455027000,1045753000,1000000,1000000,1775000,2857000,263395000,790185000,2857000,3711000,186000000,248000000,188857000,251711000,191632000,255568000,1000000,1000000,1775000,2857000,0,0,2857000,3711000,186000000,248000000,188857000,251711000,1000010,4704140,1000000,1000000,10,3704140
302,458572000,722518000,1000000,1000000,3313000,3864000,263395000,526790000,3864000,3864000,187000000,187000000,190864000,190864000,195177000,195728000,1000000,1000000,3313000,3864000,0,0,3864000,3864000,187000000,187000000,190864000,190864000,1000010,5284120,1000000,1000000,10,4284120
332,462462000,726966000,1000000,1000000,12979000,14088000,263395000,526790000,14088000,14088000,171000000,171000000,185088000,185088000,199067000,200176000,1000000,1000000,12979000,14088000,0,0,14088000,14088000,171000000,171000000,185088000,185088000,1000010,15456110,1000000,1000000,10,14456110
362,464730000,728550000,1000000,1000000,4065000,4270000,263395000,526790000,4270000,4490000,192000000,192000000,196270000,196490000,201335000,201760000,1000000,1000000,4065000,4270000,0,0,4270000,4490000,192000000,192000000,196270000,196490000,1000010,2045020,1000000,1000000,10,1045020
392,423481000,951921000,1000000,1000000,10718000,12368000,263395000,790185000,12368000,12368000,136000000,136000000,148368000,148368000,160086000,161736000,1000000,1000000,10718000,12368000,0,0,12368000,12368000,136000000,136000000,148368000,148368000,1000010,13195080,1000000,1000000,10,12195080
422,281745000,282138000,1000000,1000000,17350000,17743000,263395000,263395000,0,0,0,0,0,0,18350000,18743000,1000000,1000000,17350000,17743000,0,0,0,0,0,0,0,0,1000010,1000000,1000000,1000000,10,0
3,453170000,455235000,1000000,1000000,2215000,3560000,263395000,263395000,3560000,4280000,183000000,183000000,186560000,187280000,189775000,191840000,1000000,1000000,2215000,3560000,0,0,3560000,4280000,183000000,183000000,186560000,187280000,1000010,1720020,1000000,1000000,10,720020
33,277009000,277343000,1000000,1000000,12614000,12948000,263395000,263395000,0,0,0,0,0,0,13614000,13948000,1000000,1000000,12614000,12948000,0,0,0,0,0,0,0,0,1000010,1000000,1000000,1000000,10,0
63,421643000,422345000,1000000,1000000,9773000,10475000,263395000,263395000,10475000,10475000,137000000,137000000,147475000,147475000,158248000,158950000,1000000,1000000,9773000,10475000,0,0,10475000,10475000,137000000,137000000,147475000,147475000,1000010,12513110,1000000,1000000,10,11513110
93,466738000,467337000,1000000,1000000,14973000,15370000,263395000,263395000,15370000,15572000,172000000,172000000,187370000,187572000,203343000,203942000,1000000,1000000,14973000,15370000,0,0,15370000,15572000,172000000,172000000,187370000,187572000,1000010,5753070,1000000,1000000,10,4753070
123,279035000,279149000,1000000,1000000,14640000,14754000,263395000,263395000,0,0,0,0,0,0,15640000,15754000,1000000,1000000,14640000,14754000,0,0,0,0,0,0,0,0,1000010,1000000,1000000,1000000,10,0
153,486435000,486665000,1000000,1000000,17905000,18135000,263395000,263395000,18135000,18135000,186000000,186000000,204135000,204135000,223040000,223270000,1000000,1000000,17905000,18135000,0,0,18135000,18135000,186000000,186000000,204135000,204135000,1000010,9399110,1000000,1000000,10,8399110
183,472819000,590099000,1000000,1000000,14625000,14799000,263395000,263395000,14799000,17905000,179000000,293000000,193799000,310905000,209424000,326704000,1000000,1000000,14625000,14799000,0,0,14799000,17905000,179000000,293000000,193799000,310905000,1000010,6768070,1000000,1000000,10,5768070
213,400130000,400245000,1000000,1000000,9310000,9425000,263395000,263395000,9425000,9425000,117000000,117000000,126425000,126425000,136735000,136850000,1000000,1000000,9310000,9425000,0,0,9425000,9425000,117000000,117000000,126425000,126425000,1000010,13838060,1000000,1000000,10,12838060
243,367984000,376027000,1000000,1000000,9773000,17816000,263395000,263395000,17816000,17816000,76000000,76000000,93816000,93816000,104589000,112632000,1000000,1000000,9773000,17816000,0,0,17816000,17816000,76000000,76000000,93816000,93816000,1000010,1000000,1000000,1000000,10,0
273,443469000,708343000,1000000,1000000,1299000,1775000,263395000,526790000,1775000,2778000,176000000,176000000,177775000,178778000,180074000,181553000,1000000,1000000,1299000,1775000,0,0,1775000,2778000,176000000,176000000,177775000,178778000,1000010,4228120,1000000,1000000,10,3228120
303,299898000,563446000,1000000,1000000,3711000,3864000,263395000,526790000,3792000,3792000,28000000,28000000,31792000,31792000,36503000,36656000,1000000,1000000,3711000,3864000,0,0,3792000,3792000,28000000,28000000,31792000,31792000,1000010,4569080,1000000,1000000,10,3569080
333,357620000,622334000,1000000,1000000,12453000,13772000,263395000,526790000,13772000,13772000,67000000,67000000,80772000,80772000,94225000,95544000,1000000,1000000,12453000,13772000,0,0,13772000,13772000,67000000,67000000,80772000,80772000,1000010,13453060,1000000,1000000,10,12453060
363,274524000,538744000,1000000,1000000,3744000,4569000,263395000,526790000,4385000,4385000,2000000,2000000,6385000,6385000,11129000,11954000,1000000,1000000,3744000,4569000,0,0,4385000,4385000,2000000,2000000,6385000,6385000,1000010,1000000,1000000,1000000,10,0
393,315683000,843737000,1000000,1000000,13516000,14780000,263395000,790185000,13772000,13772000,24000000,24000000,37772000,37772000,52288000,53552000,1000000,1000000,13516000,14780000,0,0,13772000,13772000,24000000,24000000,37772000,37772000,1000010,6788080,1000000,1000000,10,5788080
423,305239000,833350000,1000000,1000000,16422000,17743000,263395000,790185000,16422000,16422000,8000000,8000000,24422000,24422000,41844000,43165000,1000000,1000000,16422000,17743000,0,0,16422000,16422000,8000000,8000000,24422000,24422000,1000010,1000000,1000000,1000000,10,0
4,282699000,282883000,1000000,1000000,3560000,3744000,263395000,263395000,3744000,3744000,11000000,11000000,14744000,14744000,19304000,19488000,1000000,1000000,3560000,3744000,0,0,3744000,3744000,11000000,11000000,14744000,14744000,1000010,2461020,1000000,1000000,10,1461020
34,436881000,437301000,1000000,1000000,12033000,12453000,263395000,263395000,12453000,12453000,148000000,148000000,160453000,160453000,173486000,173906000,1000000,1000000,12033000,12453000,0,0,12453000,12453000,148000000,148000000,160453000,160453000,1000010,14773120,1000000,1000000,10,13773120
64,407209000,408545000,1000000,1000000,9239000,10575000,263395000,263395000,10575000,10575000,123000000,123000000,133575000,133575000,143814000,145150000,1000000,1000000,9239000,10575000,0,0,10575000,10575000,123000000,123000000,133575000,133575000,1000010,1600010,1000000,1000000,10,600010
94,328137000,332774000,1000000,1000000,15572000,16170000,263395000,263395000,16170000,18209000,32000000,34000000,48170000,52209000,64742000,69379000,1000000,1000000,15572000,16170000,0,0,16170000,18209000,32000000,34000000,48170000,52209000,1000010,6314080,1000000,1000000,10,5314080
124,317335000,317675000,1000000,1000000,14300000,14640000,263395000,263395000,14640000,14640000,24000000,24000000,38640000,38640000,53940000,54280000,1000000,1000000,14300000,14640000,0,0,14640000,14640000,24000000,24000000,38640000,38640000,1000010,8771110,1000000,1000000,10,7771110
154,470041000,470149000,1000000,1000000,17269000,17377000,263395000,263395000,17377000,17377000,171000000,171000000,188377000,188377000,206646000,206754000,1000000,1000000,17269000,17377000,0,0,17377000,17377000,171000000,171000000,188377000,188377000,1000010,9169110,1000000,1000000,10,8169110
184,391973000,392253000,1000000,1000000,1649000,1929000,263395000,263395000,1929000,1929000,124000000,124000000,125929000,125929000,128578000,128858000,1000000,1000000,1649000,1929000,0,0,1929000,1929000,124000000,124000000,125929000,125929000,1000010,16801140,1000000,1000000,10,15801140
214,325243000,369130000,1000000,1000000,538000,9310000,263395000,263395000,9310000,9425000,51000000,86000000,60310000,95425000,61848000,105735000,1000000,1000000,538000,9310000,0,0,9310000,9425000,51000000,86000000,60310000,95425000,1000010,9506010,1000000,1000000,10,8506010
244,453627000,718278000,1000000,1000000,2488000,3744000,263395000,526790000,3744000,3744000,183000000,183000000,186744000,186744000,190232000,191488000,1000000,1000000,2488000,3744000,0,0,3744000,3744000,183000000,183000000,186744000,186744000,1000010,1273010,1000000,1000000,10,273010
274,445715000,973251000,1000000,1000000,11287000,12033000,263395000,790185000,12033000,12033000,158000000,158000000,170033000,170033000,182320000,183066000,1000000,1000000,11287000,12033000,0,0,12033000,12033000,158000000,158000000,170033000,170033000,1000010,14027100,1000000,1000000,10,13027100
304,466940000,730934000,1000000,1000000,14973000,15572000,263395000,526790000,15572000,15572000,172000000,172000000,187572000,187572000,203545000,204144000,1000000,1000000,14973000,15572000,0,0,15572000,15572000,172000000,172000000,187572000,187572000,1000010,5715060,1000000,1000000,10,4715060
334,267267000,268092000,1000000,1000000,2872000,3697000,263395000,263395000,0,0,0,0,0,0,3872000,4697000,1000000,1000000,2872000,3697000,0,0,0,0,0,0,0,0,1000010,1000000,1000000,1000000,10,0
364,276050000,539665000,1000000,1000000,4270000,4490000,263395000,526790000,4385000,4385000,3000000,3000000,7385000,7385000,12655000,12875000,1000000,1000000,4270000,4490000,0,0,4385000,4385000,3000000,3000000,7385000,7385000,1000010,1205020,1000000,1000000,10,205020
394,389683000,917867000,1000000,1000000,12947000,14341000,263395000,790185000,14341000,14341000,98000000,98000000,112341000,112341000,126288000,127682000,1000000,1000000,12947000,14341000,0,0,14341000,14341000,98000000,98000000,112341000,112341000,1000010,14778080,1000000,1000000,10,13778080
424,282604000,283222000,1000000,1000000,18209000,18827000,263395000,263395000,0,0,0,0,0,0,19209000,19827000,1000000,1000000,18209000,18827000,0,0,0,0,0,0,0,0,1000010,1000000,1000000,1000000,10,0
5,464836000,465556000,1000000,1000000,3560000,3881000,263395000,263395000,3881000,4280000,193000000,193000000,196881000,197280000,201441000,202161000,1000000,1000000,3560000,3881000,0,0,3881000,4280000,193000000,193000000,196881000,197280000,1000010,2650020,1000000,1000000,10,1650020
35,447170000,447461000,1000000,1000000,11742000,12033000,263395000,263395000,12033000,12033000,159000000,159000000,171033000,171033000,183775000,184066000,1000000,1000000,11742000,12033000,0,0,12033000,12033000,159000000,159000000,171033000,171033000,1000010,14482110,1000000,1000000,10,13482110
65,272423000,272525000,1000000,1000000,2514000,2616000,263395000,263395000,2514000,2514000,3000000,3000000,5514000,5514000,9028000,9130000,1000000,1000000,2514000,2616000,0,0,2514000,2514000,3000000,3000000,5514000,5514000,1000010,1000000,1000000,1000000,10,0
95,279967000,280363000,1000000,1000000,15572000,15968000,263395000,263395000,0,0,0,0,0,0,16572000,16968000,1000000,1000000,15572000,15968000,0,0,0,0,0,0,0,0,1000010,1000000,1000000,1000000,10,0
125,464123000,464675000,1000000,1000000,14088000,14640000,263395000,263395000,14640000,14640000,171000000,171000000,185640000,185640000,200728000,201280000,1000000,1000000,14088000,14640000,0,0,14640000,14640000,171000000,171000000,185640000,185640000,1000010,8860110,1000000,1000000,10,7860110
155,473906000,473933000,1000000,1000000,17242000,17269000,263395000,263395000,17269000,17269000,175000000,175000000,192269000,192269000,210511000,210538000,1000000,1000000,17242000,17269000,0,0,17269000,17269000,175000000,175000000,192269000,192269000,1000010,9385100,1000000,1000000,10,8385100
185,414480000,414609000,1000000,1000000,1478000,1607000,263395000,263395000,1607000,1607000,147000000,147000000,148607000,148607000,151085000,151214000,1000000,1000000,1478000,1607000,0,0,1607000,1607000,147000000,147000000,148607000,148607000,1000010,13126070,1000000,1000000,10,12126070
215,362245000,366462000,1000000,1000000,9425000,9757000,263395000,263395000,9425000,9310000,79000000,83000000,88425000,92310000,98850000,103067000,1000000,1000000,9425000,9757000,0,0,9425000,9310000,79000000,83000000,88425000,92310000,1000010,13953060,1000000,1000000,10,12953060
245,462491000,1518640000,1000000,1000000,2215000,4385000,263395000,1316975000,3881000,4280000,192000000,192000000,195881000,196280000,199096000,201665000,1000000,1000000,2215000,4385000,0,0,3881000,4280000,192000000,192000000,195881000,196280000,1000010,2140020,1000000,1000000,10,1140020
275,275339000,275926000,1000000,1000000,10944000,11531000,263395000,263395000,0,0,0,0,0,0,11944000,12531000,1000000,1000000,10944000,11531000,0,0,0,0,0,0,0,0,1000010,1000000,1000000,1000000,10,0
305,320935000,852564000,1000000,1000000,15370000,16170000,263395000,790185000,16170000,18209000,25000000,27000000,41170000,45209000,57540000,62379000,1000000,1000000,15370000,16170000,0,0,16170000,18209000,25000000,27000000,41170000,45209000,1000010,6112070,1000000,1000000,10,5112070
335,394968000,658728000,1000000,1000000,1104000,1469000,263395000,526790000,1469000,1469000,128000000,128000000,129469000,129469000,131573000,131938000,1000000,1000000,1104000,1469000,0,0,1469000,1469000,128000000,128000000,129469000,129469000,1000010,12820050,1000000,1000000,10,11820050
365,280363000,544449000,1000000,1000000,15968000,16659000,263395000,526790000,0,0,0,0,0,0,16968000,17659000,1000000,1000000,15968000,16659000,0,0,0,0,0,0,0,0,1000010,1000000,1000000,1000000,10,0
395,275458000,275664000,1000000,1000000,11063000,11269000,263395000,263395000,0,0,0,0,0,0,12063000,12269000,1000000,1000000,11063000,11269000,0,0,0,0,0,0,0,0,1000010,1000000,1000000,1000000,10,0
425,397508000,1197730000,1000000,1000000,538000,10575000,263395000,1053580000,10575000,10575000,122000000,122000000,132575000,132575000,134113000,144150000,1000000,1000000,538000,10575000,0,0,10575000,10575000,122000000,122000000,132575000,132575000,1000010,6007090,1000000,1000000,10,5007090
6,463860000,464205000,1000000,1000000,3560000,3905000,263395000,263395000,3905000,3905000,192000000,192000000,195905000,195905000,200465000,200810000,1000000,1000000,3560000,3905000,0,0,3905000,3905000,192000000,192000000,195905000,195905000,1000010,2650020,1000000,1000000,10,1650020
36,482795000,483289000,1000000,1000000,12453000,12947000,263395000,263395000,12947000,12947000,193000000,193000000,205947000,205947000,219400000,219894000,1000000,1000000,12453000,12947000,0,0,12947000,12947000,193000000,193000000,205947000,205947000,1000010,15193120,1000000,1000000,10,14193120
66,461614000,462423000,1000000,1000000,1705000,2514000,263395000,263395000,2514000,2514000,193000000,193000000,195514000,195514000,198219000,199028000,1000000,1000000,1705000,2514000,0,0,2514000,2514000,193000000,193000000,195514000,195514000,1000010,1052010,1000000,1000000,10,52010
96,446130000,446955000,1000000,1000000,13955000,14780000,263395000,263395000,14780000,14780000,153000000,153000000,167780000,167780000,182735000,183560000,1000000,1000000,13955000,14780000,0,0,14780000,14780000,153000000,153000000,167780000,167780000,1000010,16387120,1000000,1000000,10,15387120
126,465122000,465891000,1000000,1000000,12979000,13748000,263395000,263395000,13748000,13748000,174000000,174000000,187748000,187748000,201727000,202496000,1000000,1000000,12979000,13748000,0,0,13748000,13748000,174000000,174000000,187748000,187748000,1000010,15456110,1000000,1000000,10,14456110
156,474692000,474879000,1000000,1000000,17055000,17242000,263395000,263395000,17242000,17242000,176000000,176000000,193242000,193242000,211297000,211484000,1000000,1000000,17055000,17242000,0,0,17242000,17242000,176000000,176000000,193242000,193242000,1000010,9198090,1000000,1000000,10,8198090
186,330112000,330379000,1000000,1000000,1225000,1492000,263395000,263395000,1492000,1492000,63000000,63000000,64492000,64492000,66717000,66984000,1000000,1000000,1225000,1492000,0,0,1492000,1492000,63000000,63000000,64492000,64492000,1000010,1825010,1000000,1000000,10,825010
216,403909000,403971000,1000000,1000000,9757000,9819000,263395000,263395000,9757000,9757000,120000000,120000000,129757000,129757000,140514000,140576000,1000000,1000000,9757000,9819000,0,0,9757000,9757000,120000000,120000000,129757000,129757000,1000010,12091060,1000000,1000000,10,11091060
246,459553000,723276000,1000000,1000000,915000,1243000,263395000,526790000,1243000,1243000,193000000,193000000,194243000,194243000,196158000,196486000,1000000,1000000,915000,1243000,0,0,1243000,1243000,193000000,193000000,194243000,194243000,1000010,12563040,1000000,1000000,10,11563040
276,425924000,953355000,1000000,1000000,10944000,11585000,263395000,790185000,11585000,11585000,139000000,139000000,150585000,150585000,162529000,163170000,1000000,1000000,10944000,11585000,0,0,11585000,11585000,139000000,139000000,150585000,150585000,1000010,3138040,1000000,1000000,10,2138040
306,444691000,972745000,1000000,1000000,13516000,14780000,263395000,790185000,14780000,14780000,152000000,152000000,166780000,166780000,181296000,182560000,1000000,1000000,13516000,14780000,0,0,14780000,14780000,152000000,152000000,166780000,166780000,1000010,15948110,1000000,1000000,10,14948110
336,498408000,1289716000,1000000,1000000,445000,1568000,263395000,1053580000,1568000,1568000,232000000,232000000,233568000,233568000,235013000,236136000,1000000,1000000,445000,1568000,0,0,1568000,1568000,232000000,232000000,233568000,233568000,1000010,12161040,1000000,1000000,10,11161040
366,279967000,544083000,1000000,1000000,15572000,16293000,263395000,526790000,0,0,0,0,0,0,16572000,17293000,1000000,1000000,15572000,16293000,0,0,0,0,0,0,0,0,1000010,1000000,1000000,1000000,10,0
396,336289000,1162190000,1000000,1000000,915000,11269000,263395000,1053580000,10979000,14341000,60000000,82000000,70979000,96341000,72894000,108610000,1000000,1000000,915000,11269000,0,0,10979000,14341000,60000000,82000000,70979000,96341000,1000010,5011060,1000000,1000000,10,4011060
426,267675000,267816000,1000000,1000000,3280000,3421000,263395000,263395000,0,0,0,0,0,0,4280000,4421000,1000000,1000000,3280000,3421000,0,0,0,0,0,0,0,0,1000010,1000000,1000000,1000000,10,0
7,463340000,464165000,1000000,1000000,3560000,4385000,263395000,263395000,4385000,4385000,191000000,191000000,195385000,195385000,199945000,200770000,1000000,1000000,3560000,4385000,0,0,4385000,4385000,191000000,191000000,195385000,195385000,1000010,2618020,1000000,1000000,10,1618020
37,448831000,449361000,1000000,1000000,12453000,12983000,263395000,263395000,12983000,12983000,159000000,159000000,171983000,171983000,185436000,185966000,1000000,1000000,12453000,12983000,0,0,12983000,12983000,159000000,159000000,171983000,171983000,1000010,15193120,1000000,1000000,10,14193120
67,461768000,462627000,1000000,1000000,1757000,2616000,263395000,263395000,2616000,2616000,193000000,193000000,195616000,195616000,198373000,199232000,1000000,1000000,1757000,2616000,0,0,2616000,2616000,193000000,193000000,195616000,195616000,1000010,1052010,1000000,1000000,10,52010
97,328650000,328995000,1000000,1000000,13955000,14300000,263395000,263395000,14300000,14300000,36000000,36000000,50300000,50300000,65255000,65600000,1000000,1000000,13955000,14300000,0,0,14300000,14300000,36000000,36000000,50300000,50300000,1000010,7586090,1000000,1000000,10,6586090
127,389742000,390353000,1000000,1000000,12368000,12979000,263395000,263395000,12979000,12979000,100000000,100000000,112979000,112979000,126347000,126958000,1000000,1000000,12368000,12979000,0,0,12979000,12979000,100000000,100000000,112979000,112979000,1000010,14845100,1000000,1000000,10,13845100
157,483074000,484505000,1000000,1000000,15624000,17055000,263395000,263395000,17055000,17055000,186000000,186000000,203055000,203055000,219679000,221110000,1000000,1000000,15624000,17055000,0,0,17055000,17055000,186000000,186000000,203055000,203055000,1000010,7767080,1000000,1000000,10,6767080
187,459286000,459489000,1000000,1000000,1844000,2047000,263395000,263395000,2047000,2047000,191000000,191000000,193047000,193047000,195891000,196094000,1000000,1000000,1844000,2047000,0,0,2047000,2047000,191000000,191000000,193047000,193047000,1000010,13492080,1000000,1000000,10,12492080
217,281752000,291033000,1000000,1000000,538000,9819000,263395000,263395000,9819000,9819000,7000000,7000000,16819000,16819000,18357000,27638000,1000000,1000000,538000,9819000,0,0,9819000,9819000,7000000,7000000,16819000,16819000,1000010,1000000,1000000,1000000,10,0
247,407510000,703109000,1000000,1000000,915000,1200000,263395000,526790000,1200000,2119000,141000000,172000000,142200000,174119000,144115000,176319000,1000000,1000000,915000,1200000,0,0,1200000,2119000,141000000,172000000,142200000,174119000,1000010,15806080,1000000,1000000,10,14806080
277,275603000,275750000,1000000,1000000,11208000,11355000,263395000,263395000,0,0,0,0,0,0,12208000,12355000,1000000,1000000,11208000,11355000,0,0,0,0,0,0,0,0,1000010,1000000,1000000,1000000,10,0
307,460333000,1019306000,1000000,1000000,12983000,14341000,263395000,790185000,13955000,14780000,169000000,199000000,182955000,213780000,196938000,229121000,1000000,1000000,12983000,14341000,0,0,13955000,14780000,169000000,199000000,182955000,213780000,1000010,15723130,1000000,1000000,10,14723130
337,265499000,265794000,1000000,1000000,1104000,1399000,263395000,263395000,0,0,0,0,0,0,2104000,2399000,1000000,1000000,1104000,1399000,0,0,0,0,0,0,0,0,1000010,1000000,1000000,1000000,10,0
367,281054000,809303000,1000000,1000000,16659000,18118000,263395000,790185000,0,0,0,0,0,0,17659000,19118000,1000000,1000000,16659000,18118000,0,0,0,0,0,0,0,0,1000010,1000000,1000000,1000000,10,0
397,396370000,923699000,1000000,1000000,10718000,11257000,263395000,790185000,11257000,11257000,110000000,110000000,121257000,121257000,132975000,133514000,1000000,1000000,10718000,11257000,0,0,11257000,11257000,110000000,110000000,121257000,121257000,1000010,12850060,1000000,1000000,10,11850060
427,457062000,2712595000,1000000,1000000,0,10718000,263395000,2370555000,667000,2322000,192000000,328000000,192667000,330322000,193667000,342040000,1000000,1000000,0,10718000,0,0,667000,2322000,192000000,328000000,192667000,330322000,1000010,4911050,1000000,1000000,10,3911050
8,460611000,460881000,1000000,1000000,973000,1243000,263395000,263395000,1243000,1243000,194000000,194000000,195243000,195243000,197216000,197486000,1000000,1000000,973000,1243000,0,0,1243000,1243000,194000000,194000000,195243000,195243000,1000010,12621050,1000000,1000000,10,11621050
38,379827000,380353000,1000000,1000000,12453000,12979000,263395000,263395000,12979000,12979000,90000000,90000000,102979000,102979000,116432000,116958000,1000000,1000000,12453000,12979000,0,0,12979000,12979000,90000000,90000000,102979000,102979000,1000010,14180070,1000000,1000000,10,13180070
68,267011000,267675000,1000000,1000000,2616000,3280000,263395000,263395000,0,0,0,0,0,0,3616000,4280000,1000000,1000000,2616000,3280000,0,0,0,0,0,0,0,0,1000010,1000000,1000000,1000000,10,0
98,461866000,462305000,1000000,1000000,13516000,13955000,263395000,263395000,13955000,13955000,170000000,170000000,183955000,183955000,198471000,198910000,1000000,1000000,13516000,13955000,0,0,13955000,13955000,170000000,170000000,183955000,183955000,1000010,16256140,1000000,1000000,10,15256140
128,394146000,394939000,1000000,1000000,12979000,13772000,263395000,263395000,13772000,13772000,103000000,103000000,116772000,116772000,130751000,131544000,1000000,1000000,12979000,13772000,0,0,13772000,13772000,103000000,103000000,116772000,116772000,1000010,15456110,1000000,1000000,10,14456110
158,307800000,308095000,1000000,1000000,17055000,17350000,263395000,263395000,17350000,17350000,9000000,9000000,26350000,26350000,44405000,44700000,1000000,1000000,17055000,17350000,0,0,17350000,17350000,9000000,9000000,26350000,26350000,1000010,3271060,1000000,1000000,10,2271060
188,543495000,551269000,1000000,1000000,1844000,2256000,263395000,263395000,2256000,2618000,275000000,282000000,277256000,284618000,280100000,287874000,1000000,1000000,1844000,2256000,0,0,2256000,2618000,275000000,282000000,277256000,284618000,1000010,6189130,1000000,1000000,10,5189130
218,444987000,445033000,1000000,1000000,9773000,9819000,263395000,263395000,9819000,9819000,161000000,161000000,170819000,170819000,181592000,181638000,1000000,1000000,9773000,9819000,0,0,9819000,9819000,161000000,161000000,170819000,170819000,1000010,2728020,1000000,1000000,10,1728020
248,433956000,1117826000,1000000,1000000,1039000,1522000,263395000,790185000,1522000,2119000,167000000,323000000,168522000,325119000,170561000,327641000,1000000,1000000,1039000,1522000,0,0,1522000,2119000,167000000,323000000,168522000,325119000,1000010,15930090,1000000,1000000,10,14930090
278,275339000,275820000,1000000,1000000,10944000,11425000,263395000,263395000,0,0,0,0,0,0,11944000,12425000,1000000,1000000,10944000,11425000,0,0,0,0,0,0,0,0,1000010,1000000,1000000,1000000,10,0
308,468367000,1259933000,1000000,1000000,12983000,14364000,263395000,1053580000,13989000,13989000,177000000,177000000,190989000,190989000,204972000,206353000,1000000,1000000,12983000,14364000,0,0,13989000,13989000,177000000,177000000,190989000,190989000,1000010,5605080,1000000,1000000,10,4605080
338,397173000,661748000,1000000,1000000,1299000,2479000,263395000,526790000,2479000,2479000,129000000,129000000,131479000,131479000,133778000,134958000,1000000,1000000,1299000,2479000,0,0,2479000,2479000,129000000,129000000,131479000,131479000,1000010,2906070,1000000,1000000,10,1906070
368,280688000,545392000,1000000,1000000,16293000,17602000,263395000,526790000,0,0,0,0,0,0,17293000,18602000,1000000,1000000,16293000,17602000,0,0,0,0,0,0,0,0,1000010,1000000,1000000,1000000,10,0
398,433383000,1498061000,1000000,1000000,445000,11543000,263395000,1316975000,11543000,11543000,157000000,157000000,168543000,168543000,169988000,181086000,1000000,1000000,445000,11543000,0,0,11543000,11543000,157000000,157000000,168543000,168543000,1000010,4911050,1000000,1000000,10,3911050
428,330285000,594025000,1000000,1000000,445000,790000,263395000,526790000,445000,445000,65000000,65000000,65445000,65445000,66890000,67235000,1000000,1000000,445000,790000,0,0,445000,445000,65000000,65000000,65445000,65445000,1000010,15242090,1000000,1000000,10,14242090
9,460283000,460341000,1000000,1000000,915000,973000,263395000,263395000,973000,973000,194000000,194000000,194973000,194973000,196888000,196946000,1000000,1000000,915000,973000,0,0,973000,973000,194000000,194000000,194973000,194973000,1000010,12563040,1000000,1000000,10,11563040
39,456458000,456713000,1000000,1000000,1904000,2159000,263395000,263395000,2159000,2159000,188000000,188000000,190159000,190159000,193063000,193318000,1000000,1000000,1904000,2159000,0,0,2159000,2159000,188000000,188000000,190159000,190159000,1000010,3065070,1000000,1000000,10,2065070
69,460857000,460909000,1000000,1000000,1705000,1757000,263395000,263395000,1757000,1757000,193000000,193000000,194757000,194757000,197462000,197514000,1000000,1000000,1705000,1757000,0,0,1757000,1757000,193000000,193000000,194757000,194757000,1000010,1859010,1000000,1000000,10,859010
99,464894000,465427000,1000000,1000000,12983000,13516000,263395000,263395000,13516000,13516000,174000000,174000000,187516000,187516000,201499000,202032000,1000000,1000000,12983000,13516000,0,0,13516000,13516000,174000000,174000000,187516000,187516000,1000010,15723130,1000000,1000000,10,14723130
129,427306000,428131000,1000000,1000000,11543000,12368000,263395000,263395000,12368000,12368000,139000000,139000000,151368000,151368000,163911000,164736000,1000000,1000000,11543000,12368000,0,0,12368000,12368000,139000000,139000000,151368000,151368000,1000010,14020090,1000000,1000000,10,13020090
159,482441000,483239000,1000000,1000000,15624000,16422000,263395000,263395000,16422000,16422000,186000000,186000000,202422000,202422000,219046000,219844000,1000000,1000000,15624000,16422000,0,0,16422000,16422000,186000000,186000000,202422000,202422000,1000010,5327050,1000000,1000000,10,4327050
189,452717000,453083000,1000000,1000000,1478000,1844000,263395000,263395000,1844000,1844000,185000000,185000000,186844000,186844000,189322000,189688000,1000000,1000000,1478000,1844000,0,0,1844000,1844000,185000000,185000000,186844000,186844000,1000010,13126070,1000000,1000000,10,12126070
219,319659000,329033000,1000000,1000000,445000,9819000,263395000,263395000,9819000,9819000,45000000,45000000,54819000,54819000,56264000,65638000,1000000,1000000,445000,9819000,0,0,9819000,9819000,45000000,45000000,54819000,54819000,1000010,4553030,1000000,1000000,10,3553030
249,316846000,580648000,1000000,1000000,1522000,1929000,263395000,526790000,1929000,1929000,49000000,49000000,50929000,50929000,53451000,53858000,1000000,1000000,1522000,1929000,0,0,1929000,1929000,49000000,49000000,50929000,50929000,1000010,15588100,1000000,1000000,10,14588100
279,426081000,690274000,1000000,1000000,10944000,11742000,263395000,526790000,11742000,11742000,139000000,139000000,150742000,150742000,162686000,163484000,1000000,1000000,10944000,11742000,0,0,11742000,11742000,139000000,139000000,150742000,150742000,1000010,13684090,1000000,1000000,10,12684090
309,278118000,542239000,1000000,1000000,13723000,14449000,263395000,526790000,0,0,0,0,0,0,14723000,15449000,1000000,1000000,13723000,14449000,0,0,0,0,0,0,0,0,1000010,1000000,1000000,1000000,10,0
339,320442000,584748000,1000000,1000000,1568000,2479000,263395000,526790000,2479000,2479000,52000000,52000000,54479000,54479000,57047000,57958000,1000000,1000000,1568000,2479000,0,0,2479000,2479000,52000000,52000000,54479000,54479000,1000010,3872100,1000000,1000000,10,2872100
369,281997000,282309000,1000000,1000000,17602000,17914000,263395000,263395000,0,0,0,0,0,0,18602000,18914000,1000000,1000000,17602000,17914000,0,0,0,0,0,0,0,0,1000010,1000000,1000000,1000000,10,0
399,401749000,1209212000,1000000,1000000,538000,17816000,263395000,1053580000,17816000,17816000,119000000,119000000,136816000,136816000,138354000,155632000,1000000,1000000,538000,17816000,0,0,17816000,17816000,119000000,119000000,136816000,136816000,1000010,5235050,1000000,1000000,10,4235050
429,427422000,691230000,1000000,1000000,807000,1220000,263395000,526790000,1220000,1220000,161000000,161000000,162220000,162220000,164027000,164440000,1000000,1000000,807000,1220000,0,0,1220000,1220000,161000000,161000000,162220000,162220000,1000010,15959120,1000000,1000000,10,14959120
10,408634000,441714000,1000000,1000000,1039000,1200000,263395000,263395000,1200000,2119000,142000000,174000000,143200000,176119000,145239000,178319000,1000000,1000000,1039000,1200000,0,0,1200000,2119000,142000000,174000000,143200000,176119000,1000010,15930090,1000000,1000000,10,14930090
40,456892000,457071000,1000000,1000000,2159000,2338000,263395000,263395000,2338000,2338000,188000000,188000000,190338000,190338000,193497000,193676000,1000000,1000000,2159000,2338000,0,0,2338000,2338000,188000000,188000000,190338000,190338000,1000010,3040060,1000000,1000000,10,2040060
70,265615000,266100000,1000000,1000000,1220000,1705000,263395000,263395000,0,0,0,0,0,0,2220000,2705000,1000000,1000000,1220000,1705000,0,0,0,0,0,0,0,0,1000010,1000000,1000000,1000000,10,0
100,367252000,368077000,1000000,1000000,13516000,14341000,263395000,263395000,14341000,14341000,75000000,75000000,89341000,89341000,103857000,104682000,1000000,1000000,13516000,14341000,0,0,14341000,14341000,75000000,75000000,89341000,89341000,1000010,16256140,1000000,1000000,10,15256140
130,275938000,276763000,1000000,1000000,11543000,12368000,263395000,263395000,0,0,0,0,0,0,12543000,13368000,1000000,1000000,11543000,12368000,0,0,0,0,0,0,0,0,1000010,1000000,1000000,1000000,10,0
160,479644000,481441000,1000000,1000000,14625000,15624000,263395000,263395000,15624000,16422000,185000000,185000000,200624000,201422000,216249000,218046000,1000000,1000000,14625000,15624000,0,0,15624000,16422000,185000000,185000000,200624000,201422000,1000010,6768070,1000000,1000000,10,5768070
190,268164000,268363000,1000000,1000000,3769000,3968000,263395000,263395000,0,0,0,0,0,0,4769000,4968000,1000000,1000000,3769000,3968000,0,0,0,0,0,0,0,0,1000010,1000000,1000000,1000000,10,0
220,265002000,265064000,1000000,1000000,607000,669000,263395000,263395000,0,0,0,0,0,0,1607000,1669000,1000000,1000000,607000,669000,0,0,0,0,0,0,0,0,1000010,1000000,1000000,1000000,10,0
250,482714000,1010423000,1000000,1000000,1200000,2119000,263395000,790185000,2119000,2119000,215000000,215000000,217119000,217119000,219319000,220238000,1000000,1000000,1200000,2119000,0,0,2119000,2119000,215000000,215000000,217119000,217119000,1000010,16091100,1000000,1000000,10,15091100
280,357445000,621540000,1000000,1000000,10475000,11175000,263395000,526790000,10575000,10575000,72000000,72000000,82575000,82575000,94050000,94750000,1000000,1000000,10475000,11175000,0,0,10575000,10575000,72000000,72000000,82575000,82575000,1000010,1000000,1000000,1000000,10,0
310,309373000,573228000,1000000,1000000,13989000,14449000,263395000,526790000,13989000,13989000,17000000,17000000,30989000,30989000,45978000,46438000,1000000,1000000,13989000,14449000,0,0,13989000,13989000,17000000,17000000,30989000,30989000,1000010,1000000,1000000,1000000,10,0
340,438283000,967666000,1000000,1000000,1104000,3697000,263395000,790185000,1784000,1784000,171000000,171000000,172784000,172784000,174888000,177481000,1000000,1000000,1104000,3697000,0,0,1784000,1784000,171000000,171000000,172784000,172784000,1000010,11385020,1000000,1000000,10,10385020
370,281997000,282513000,1000000,1000000,17602000,18118000,263395000,263395000,0,0,0,0,0,0,18602000,19118000,1000000,1000000,17602000,18118000,0,0,0,0,0,0,0,0,1000010,1000000,1000000,1000000,10,0
400,366015000,629857000,1000000,1000000,9310000,9757000,263395000,526790000,9310000,9310000,83000000,83000000,92310000,92310000,102620000,103067000,1000000,1000000,9310000,9757000,0,0,9310000,9310000,83000000,83000000,92310000,92310000,1000010,13838060,1000000,1000000,10,12838060
430,393468000,920796000,1000000,1000000,0,538000,263395000,790185000,73000,73000,129000000,129000000,129073000,129073000,130073000,130611000,1000000,1000000,0,538000,0,0,73000,73000,129000000,129000000,129073000,129073000,1000010,13496060,1000000,1000000,10,12496060
11,412349000,439553000,1000000,1000000,915000,1039000,263395000,263395000,1039000,2119000,146000000,172000000,147039000,174119000,148954000,176158000,1000000,1000000,915000,1039000,0,0,1039000,2119000,146000000,172000000,147039000,174119000,1000010,15806080,1000000,1000000,10,14806080
41,460074000,460203000,1000000,1000000,1775000,1904000,263395000,263395000,1904000,1904000,192000000,192000000,193904000,193904000,196679000,196808000,1000000,1000000,1775000,1904000,0,0,1904000,1904000,192000000,192000000,193904000,193904000,1000010,3089060,1000000,1000000,10,2089060
71,456016000,456239000,1000000,1000000,1199000,1422000,263395000,263395000,1422000,1422000,189000000,189000000,190422000,190422000,192621000,192844000,1000000,1000000,1199000,1422000,0,0,1422000,1422000,189000000,189000000,190422000,190422000,1000010,12173060,1000000,1000000,10,11173060
101,470107000,470373000,1000000,1000000,13723000,13989000,263395000,263395000,13989000,13989000,178000000,178000000,191989000,191989000,206712000,206978000,1000000,1000000,13723000,13989000,0,0,13989000,13989000,178000000,178000000,191989000,191989000,1000010,5830070,1000000,1000000,10,4830070
131,276763000,276949000,1000000,1000000,12368000,12554000,263395000,263395000,0,0,0,0,0,0,13368000,13554000,1000000,1000000,12368000,12554000,0,0,0,0,0,0,0,0,1000010,1000000,1000000,1000000,10,0
161,484167000,485095000,1000000,1000000,16422000,17350000,263395000,263395000,17350000,17350000,186000000,186000000,203350000,203350000,220772000,221700000,1000000,1000000,16422000,17350000,0,0,17350000,17350000,186000000,186000000,203350000,203350000,1000010,6125060,1000000,1000000,10,5125060
191,463314000,464139000,1000000,1000000,2047000,2872000,263395000,263395000,2872000,2872000,194000000,194000000,196872000,196872000,199919000,200744000,1000000,1000000,2047000,2872000,0,0,2872000,2872000,194000000,194000000,196872000,196872000,1000010,13695090,1000000,1000000,10,12695090
221,384301000,386931000,1000000,1000000,299000,607000,263395000,263395000,607000,1929000,119000000,120000000,119607000,121929000,120906000,123536000,1000000,1000000,299000,607000,0,0,607000,1929000,119000000,120000000,119607000,121929000,1000010,15451090,1000000,1000000,10,14451090
251,434132000,962344000,1000000,1000000,1522000,2944000,263395000,790185000,2215000,2215000,166000000,166000000,168215000,168215000,170737000,172159000,1000000,1000000,1522000,2944000,0,0,2215000,2215000,166000000,166000000,168215000,168215000,1000010,16413110,1000000,1000000,10,15413110
281,424157000,1877110000,1000000,1000000,10475000,11531000,263395000,1580370000,11287000,18209000,138000000,266000000,149287000,284209000,160762000,296740000,1000000,1000000,10475000,11531000,0,0,11287000,18209000,138000000,266000000,149287000,284209000,1000010,13215100,1000000,1000000,10,12215100
311,486567000,1014607000,1000000,1000000,13723000,14973000,263395000,790185000,14449000,14449000,194000000,194000000,208449000,208449000,223172000,224422000,1000000,1000000,13723000,14973000,0,0,14449000,14449000,194000000,194000000,208449000,208449000,1000010,5828080,1000000,1000000,10,4828080
341,265963000,531487000,1000000,1000000,1568000,3697000,263395000,526790000,0,0,0,0,0,0,2568000,4697000,1000000,1000000,1568000,3697000,0,0,0,0,0,0,0,0,1000010,1000000,1000000,1000000,10,0
371,449364000,855865000,1000000,1000000,14799000,16170000,263395000,526790000,16170000,17905000,154000000,294000000,170170000,311905000,185969000,329075000,1000000,1000000,14799000,16170000,0,0,16170000,17905000,154000000,294000000,170170000,311905000,1000010,4573060,1000000,1000000,10,3573060
401,360245000,889314000,1000000,1000000,9425000,9819000,263395000,790185000,9425000,9310000,77000000,79000000,86425000,88310000,96850000,99129000,1000000,1000000,9425000,9819000,0,0,9425000,9310000,77000000,79000000,86425000,88310000,1000010,11734090,1000000,1000000,10,10734090
431,328395000,594881000,1000000,1000000,0,299000,263395000,526790000,0,3792000,64000000,63000000,64000000,66792000,65000000,68091000,1000000,1000000,0,299000,0,0,0,3792000,64000000,63000000,64000000,66792000,1000010,11979030,1000000,1000000,10,10979030
12,440117000,615036000,1000000,1000000,1200000,1522000,263395000,263395000,1522000,2119000,173000000,347000000,174522000,349119000,176722000,351641000,1000000,1000000,1200000,1522000,0,0,1522000,2119000,173000000,347000000,174522000,349119000,1000010,16091100,1000000,1000000,10,15091100
42,452157000,452363000,1000000,1000000,2778000,2984000,263395000,263395000,2984000,2984000,182000000,182000000,184984000,184984000,188762000,188968000,1000000,1000000,2778000,2984000,0,0,2984000,2984000,182000000,182000000,184984000,184984000,1000010,2537060,1000000,1000000,10,1537060
72,415406000,415573000,1000000,1000000,1422000,1589000,263395000,263395000,1589000,1589000,148000000,148000000,149589000,149589000,152011000,152178000,1000000,1000000,1422000,1589000,0,0,1589000,1589000,148000000,148000000,149589000,149589000,1000010,12396070,1000000,1000000,10,11396070
102,465482000,466123000,1000000,1000000,13723000,14364000,263395000,263395000,14364000,14364000,173000000,173000000,187364000,187364000,202087000,202728000,1000000,1000000,13723000,14364000,0,0,14364000,14364000,173000000,173000000,187364000,187364000,1000010,5722060,1000000,1000000,10,4722060
132,450783000,450995000,1000000,1000000,14088000,14300000,263395000,263395000,14300000,14300000,158000000,158000000,172300000,172300000,187388000,187600000,1000000,1000000,14088000,14300000,0,0,14300000,14300000,158000000,158000000,172300000,172300000,1000010,6513070,1000000,1000000,10,5513070
162,484400000,485435000,1000000,1000000,17100000,17905000,263395000,263395000,17905000,18135000,185000000,185000000,202905000,203135000,221005000,222040000,1000000,1000000,17100000,17905000,0,0,17905000,18135000,185000000,185000000,202905000,203135000,1000010,8594100,1000000,1000000,10,7594100
192,324595000,325283000,1000000,1000000,2256000,2944000,263395000,263395000,2944000,2944000,55000000,55000000,57944000,57944000,61200000,61888000,1000000,1000000,2256000,2944000,0,0,2944000,2944000,55000000,55000000,57944000,57944000,1000010,6601140,1000000,1000000,10,5601140
222,445664000,445864000,1000000,1000000,607000,662000,263395000,263395000,662000,807000,180000000,180000000,180662000,180807000,182269000,182469000,1000000,1000000,607000,662000,0,0,662000,807000,180000000,180000000,180662000,180807000,1000010,15759090,1000000,1000000,10,14759090
252,431937000,1487290000,1000000,1000000,2119000,3892000,263395000,1316975000,2423000,2423000,163000000,163000000,165423000,165423000,168542000,170315000,1000000,1000000,2119000,3892000,0,0,2423000,2423000,163000000,163000000,165423000,165423000,1000010,17010120,1000000,1000000,10,16010120
282,366112000,901785000,1000000,1000000,9773000,11175000,263395000,790185000,10944000,9425000,81000000,90000000,91944000,99425000,102717000,111600000,1000000,1000000,9773000,11175000,0,0,10944000,9425000,81000000,90000000,91944000,99425000,1000010,12513110,1000000,1000000,10,11513110
312,463364000,991424000,1000000,1000000,12453000,13723000,263395000,790185000,13516000,13516000,173000000,173000000,186516000,186516000,199969000,201239000,1000000,1000000,12453000,13723000,0,0,13516000,13516000,173000000,173000000,186516000,186516000,1000010,15193120,1000000,1000000,10,14193120
342,291253000,570270000,1000000,1000000,1929000,2423000,263395000,526790000,1929000,1057000,23000000,39000000,24929000,40057000,27858000,43480000,1000000,1000000,1929000,2423000,0,0,1929000,1057000,23000000,39000000,24929000,40057000,1000010,2267060,1000000,1000000,10,1267060
372,482044000,1010385000,1000000,1000000,15549000,17100000,263395000,790185000,17100000,17100000,185000000,185000000,202100000,202100000,218649000,220200000,1000000,1000000,15549000,17100000,0,0,17100000,17100000,185000000,185000000,202100000,202100000,1000010,6314080,1000000,1000000,10,5314080
402,393597000,1193156000,1000000,1000000,445000,9819000,263395000,1053580000,9757000,9757000,119000000,119000000,128757000,128757000,130202000,139576000,1000000,1000000,445000,9819000,0,0,9757000,9757000,119000000,119000000,128757000,128757000,1000010,2728020,1000000,1000000,10,1728020
432,281951000,545552000,1000000,1000000,2778000,2984000,263395000,526790000,2778000,2778000,12000000,12000000,14778000,14778000,18556000,18762000,1000000,1000000,2778000,2984000,0,0,2778000,2778000,12000000,12000000,14778000,14778000,1000010,2354050,1000000,1000000,10,1354050
13,407073000,407351000,1000000,1000000,1200000,1478000,263395000,263395000,1478000,1478000,140000000,140000000,141478000,141478000,143678000,143956000,1000000,1000000,1200000,1478000,0,0,1478000,1478000,140000000,140000000,141478000,141478000,1000010,12848060,1000000,1000000,10,11848060
43,452511000,452951000,1000000,1000000,2338000,2778000,263395000,263395000,2778000,2778000,183000000,183000000,185778000,185778000,189116000,189556000,1000000,1000000,2338000,2778000,0,0,2778000,2778000,183000000,183000000,185778000,185778000,1000010,3219070,1000000,1000000,10,2219070
73,380970000,381147000,1000000,1000000,1199000,1376000,263395000,263395000,1376000,1376000,114000000,114000000,115376000,115376000,117575000,117752000,1000000,1000000,1199000,1376000,0,0,1376000,1376000,114000000,114000000,115376000,115376000,1000010,14374100,1000000,1000000,10,13374100
103,322361000,323101000,1000000,1000000,12983000,13723000,263395000,263395000,12983000,12983000,32000000,32000000,44983000,44983000,58966000,59706000,1000000,1000000,12983000,13723000,0,0,12983000,12983000,32000000,32000000,44983000,44983000,1000010,6246080,1000000,1000000,10,5246080
133,464231000,464571000,1000000,1000000,13748000,14088000,263395000,263395000,14088000,14088000,172000000,172000000,186088000,186088000,200836000,201176000,1000000,1000000,13748000,14088000,0,0,14088000,14088000,172000000,172000000,186088000,186088000,1000010,16225120,1000000,1000000,10,15225120
163,483665000,484595000,1000000,1000000,16170000,17100000,263395000,263395000,17100000,17100000,186000000,186000000,203100000,203100000,220270000,221200000,1000000,1000000,16170000,17100000,0,0,17100000,17100000,186000000,186000000,203100000,203100000,1000010,7664090,1000000,1000000,10,6664090
193,462129000,462491000,1000000,1000000,2256000,2478000,263395000,263395000,2478000,2618000,193000000,193000000,195478000,195618000,198734000,199096000,1000000,1000000,2256000,2478000,0,0,2478000,2618000,193000000,193000000,195478000,195618000,1000010,3269050,1000000,1000000,10,2269050
223,330541000,331609000,1000000,1000000,73000,299000,263395000,263395000,73000,915000,66000000,66000000,66073000,66915000,67146000,68214000,1000000,1000000,73000,299000,0,0,73000,915000,66000000,66000000,66073000,66915000,1000010,12052040,1000000,1000000,10,11052040
253,453529000,717628000,1000000,1000000,2215000,2919000,263395000,526790000,2919000,2919000,184000000,184000000,186919000,186919000,190134000,190838000,1000000,1000000,2215000,2919000,0,0,2919000,2919000,184000000,184000000,186919000,186919000,1000010,2677010,1000000,1000000,10,1677010
283,400809000,666140000,1000000,1000000,9239000,11175000,263395000,526790000,11175000,11175000,116000000,116000000,127175000,127175000,137414000,139350000,1000000,1000000,9239000,11175000,0,0,11175000,11175000,116000000,116000000,127175000,127175000,1000010,1000000,1000000,1000000,10,0
313,465129000,993127000,1000000,1000000,14364000,15370000,263395000,790185000,15370000,15572000,171000000,171000000,186370000,186572000,201734000,202942000,1000000,1000000,14364000,15370000,0,0,15370000,15572000,171000000,171000000,186370000,186572000,1000010,5753070,1000000,1000000,10,4753070
343,337349000,601168000,1000000,1000000,1265000,1689000,263395000,526790000,1689000,1689000,70000000,70000000,71689000,71689000,73954000,74378000,1000000,1000000,1265000,1689000,0,0,1689000,1689000,70000000,70000000,71689000,71689000,1000010,12093030,1000000,1000000,10,11093030
373,477154000,1007231000,1000000,1000000,13135000,15624000,263395000,790185000,15624000,16422000,184000000,184000000,199624000,200422000,213759000,217046000,1000000,1000000,13135000,15624000,0,0,15624000,16422000,184000000,184000000,199624000,200422000,1000010,5278060,1000000,1000000,10,4278060
403,275113000,275170000,1000000,1000000,10718000,10775000,263395000,263395000,0,0,0,0,0,0,11718000,11775000,1000000,1000000,10718000,10775000,0,0,0,0,0,0,0,0,1000010,1000000,1000000,1000000,10,0
433,267011000,531211000,1000000,1000000,2616000,3421000,263395000,526790000,0,0,0,0,0,0,3616000,4421000,1000000,1000000,2616000,3421000,0,0,0,0,0,0,0,0,1000010,1000000,1000000,1000000,10,0
14,318101000,318253000,1000000,1000000,1777000,1929000,263395000,263395000,1929000,1929000,50000000,50000000,51929000,51929000,54706000,54858000,1000000,1000000,1777000,1929000,0,0,1929000,1929000,50000000,50000000,51929000,51929000,1000010,15843110,1000000,1000000,10,14843110
44,266335000,266603000,1000000,1000000,1940000,2208000,263395000,263395000,0,0,0,0,0,0,2940000,3208000,1000000,1000000,1940000,2208000,0,0,0,0,0,0,0,0,1000010,1000000,1000000,1000000,10,0
74,371439000,372016000,1000000,1000000,845000,1199000,263395000,263395000,1199000,1422000,105000000,105000000,106199000,106422000,108044000,108621000,1000000,1000000,845000,1199000,0,0,1199000,1422000,105000000,105000000,106199000,106422000,1000010,14551110,1000000,1000000,10,13551110
104,310373000,310833000,1000000,1000000,13989000,14449000,263395000,263395000,13989000,13989000,18000000,18000000,31989000,31989000,46978000,47438000,1000000,1000000,13989000,14449000,0,0,13989000,13989000,18000000,18000000,31989000,31989000,1000010,1085010,1000000,1000000,10,85010
134,359114000,359939000,1000000,1000000,12947000,13772000,263395000,263395000,13772000,13772000,68000000,68000000,81772000,81772000,95719000,96544000,1000000,1000000,12947000,13772000,0,0,13772000,13772000,68000000,68000000,81772000,81772000,1000010,13947070,1000000,1000000,10,12947070
164,296833000,296838000,1000000,1000000,2719000,2724000,263395000,263395000,2719000,2719000,27000000,27000000,29719000,29719000,33438000,33443000,1000000,1000000,2719000,2724000,0,0,2719000,2719000,27000000,27000000,29719000,29719000,1000010,3118050,1000000,1000000,10,2118050
194,267339000,268164000,1000000,1000000,2944000,3769000,263395000,263395000,0,0,0,0,0,0,3944000,4769000,1000000,1000000,2944000,3769000,0,0,0,0,0,0,0,0,1000010,1000000,1000000,1000000,10,0
224,371539000,372085000,1000000,1000000,299000,845000,263395000,263395000,845000,845000,106000000,106000000,106845000,106845000,108144000,108690000,1000000,1000000,299000,845000,0,0,845000,845000,106000000,106000000,106845000,106845000,1000010,14905100,1000000,1000000,10,13905100
254,481995000,746420000,1000000,1000000,11785000,12815000,263395000,526790000,12815000,12815000,193000000,193000000,205815000,205815000,218600000,219630000,1000000,1000000,11785000,12815000,0,0,12815000,12815000,193000000,193000000,205815000,205815000,1000010,1000000,1000000,1000000,10,0
284,266100000,530406000,1000000,1000000,1705000,2616000,263395000,526790000,0,0,0,0,0,0,2705000,3616000,1000000,1000000,1705000,2616000,0,0,0,0,0,0,0,0,1000010,1000000,1000000,1000000,10,0
314,433790000,697690000,1000000,1000000,445000,950000,263395000,526790000,950000,950000,168000000,168000000,168950000,168950000,170395000,170900000,1000000,1000000,445000,950000,0,0,950000,950000,168000000,168000000,168950000,168950000,1000010,3842080,1000000,1000000,10,2842080
344,333333000,596948000,1000000,1000000,1469000,1689000,263395000,526790000,1469000,1469000,66000000,66000000,67469000,67469000,69938000,70158000,1000000,1000000,1469000,1689000,0,0,1469000,1469000,66000000,66000000,67469000,67469000,1000010,12242050,1000000,1000000,10,11242050
374,463569000,854244000,1000000,1000000,14625000,15549000,263395000,526790000,15549000,17905000,169000000,293000000,184549000,310905000,200174000,327454000,1000000,1000000,14625000,15549000,0,0,15549000,17905000,169000000,293000000,184549000,310905000,1000010,6525070,1000000,1000000,10,5525070
404,359318000,628765000,1000000,1000000,10944000,11257000,263395000,526790000,10979000,10718000,73000000,79000000,83979000,89718000,95923000,101975000,1000000,1000000,10944000,11257000,0,0,10979000,10718000,73000000,79000000,83979000,89718000,1000010,12618060,1000000,1000000,10,11618060
434,268287000,268975000,1000000,1000000,3892000,4580000,263395000,263395000,0,0,0,0,0,0,4892000,5580000,1000000,1000000,3892000,4580000,0,0,0,0,0,0,0,0,1000010,1000000,1000000,1000000,10,0
15,449694000,449949000,1000000,1000000,1522000,1777000,263395000,263395000,1777000,1777000,182000000,182000000,183777000,183777000,186299000,186554000,1000000,1000000,1522000,1777000,0,0,1777000,1777000,182000000,182000000,183777000,183777000,1000010,16413110,1000000,1000000,10,15413110
45,446178000,447003000,1000000,1000000,2479000,3304000,263395000,263395000,3304000,3304000,176000000,176000000,179304000,179304000,182783000,183608000,1000000,1000000,2479000,3304000,0,0,3304000,3304000,176000000,176000000,179304000,179304000,1000010,4913120,1000000,1000000,10,3913120
75,314847000,315343000,1000000,1000000,978000,1474000,263395000,263395000,1474000,1474000,48000000,48000000,49474000,49474000,51452000,51948000,1000000,1000000,978000,1474000,0,0,1474000,1474000,48000000,48000000,49474000,49474000,1000010,3242050,1000000,1000000,10,2242050
105,488208000,488293000,1000000,1000000,14364000,14449000,263395000,263395000,14449000,14449000,195000000,195000000,209449000,209449000,224813000,224898000,1000000,1000000,14364000,14449000,0,0,14449000,14449000,195000000,195000000,209449000,209449000,1000010,6437080,1000000,1000000,10,5437080
135,267267000,268092000,1000000,1000000,2872000,3697000,263395000,263395000,0,0,0,0,0,0,3872000,4697000,1000000,1000000,2872000,3697000,0,0,0,0,0,0,0,0,1000010,1000000,1000000,1000000,10,0
165,460737000,460843000,1000000,1000000,2618000,2724000,263395000,263395000,2724000,2724000,191000000,191000000,193724000,193724000,197342000,197448000,1000000,1000000,2618000,2724000,0,0,2724000,2724000,191000000,191000000,193724000,193724000,1000010,3631070,1000000,1000000,10,2631070
195,463491000,463631000,1000000,1000000,2478000,2618000,263395000,263395000,2618000,2618000,194000000,194000000,196618000,196618000,200096000,200236000,1000000,1000000,2478000,2618000,0,0,2618000,2618000,194000000,194000000,196618000,196618000,1000010,3491060,1000000,1000000,10,2491060
225,452247000,453023000,1000000,1000000,538000,1314000,263395000,263395000,1314000,1314000,186000000,186000000,187314000,187314000,188852000,189628000,1000000,1000000,538000,1314000,0,0,1314000,1314000,186000000,186000000,187314000,187314000,1000010,1000000,1000000,1000000,10,0
255,276407000,540605000,1000000,1000000,12012000,12815000,263395000,526790000,0,0,0,0,0,0,13012000,13815000,1000000,1000000,12012000,12815000,0,0,0,0,0,0,0,0,1000010,1000000,1000000,1000000,10,0
285,266152000,794465000,1000000,1000000,1757000,3280000,263395000,790185000,0,0,0,0,0,0,2757000,4280000,1000000,1000000,1757000,3280000,0,0,0,0,0,0,0,0,1000010,1000000,1000000,1000000,10,0
315,292433000,556099000,1000000,1000000,950000,1221000,263395000,526790000,1088000,1088000,26000000,26000000,27088000,27088000,29038000,29309000,1000000,1000000,950000,1221000,0,0,1088000,1088000,26000000,26000000,27088000,27088000,1000010,1265010,1000000,1000000,10,265010
345,322149000,850389000,1000000,1000000,17377000,18827000,263395000,790185000,17377000,17377000,23000000,23000000,40377000,40377000,58754000,60204000,1000000,1000000,17377000,18827000,0,0,17377000,17377000,23000000,23000000,40377000,40377000,1000010,8411100,1000000,1000000,10,7411100
375,436173000,963443000,1000000,1000000,1649000,2129000,263395000,790185000,2129000,2129000,168000000,168000000,170129000,170129000,172778000,173258000,1000000,1000000,1649000,2129000,0,0,2129000,2129000,168000000,168000000,170129000,170129000,1000010,16668120,1000000,1000000,10,15668120
405,265002000,265064000,1000000,1000000,607000,669000,263395000,263395000,0,0,0,0,0,0,1607000,1669000,1000000,1000000,607000,669000,0,0,0,0,0,0,0,0,1000010,1000000,1000000,1000000,10,0
435,266610000,795765000,1000000,1000000,2215000,4580000,263395000,790185000,0,0,0,0,0,0,3215000,5580000,1000000,1000000,2215000,4580000,0,0,0,0,0,0,0,0,1000010,1000000,1000000,1000000,10,0
16,471036000,471633000,1000000,1000000,1522000,2119000,263395000,263395000,2119000,2119000,203000000,203000000,205119000,205119000,207641000,208238000,1000000,1000000,1522000,2119000,0,0,2119000,2119000,203000000,203000000,205119000,205119000,1000010,16413110,1000000,1000000,10,15413110
46,317357000,317680000,1000000,1000000,2981000,3304000,263395000,263395000,2981000,2981000,47000000,47000000,49981000,49981000,53962000,54285000,1000000,1000000,2981000,3304000,0,0,2981000,2981000,47000000,47000000,49981000,49981000,1000010,4443090,1000000,1000000,10,3443090
76,415343000,415458000,1000000,1000000,1474000,1589000,263395000,263395000,1474000,1474000,148000000,148000000,149474000,149474000,151948000,152063000,1000000,1000000,1474000,1589000,0,0,1474000,1474000,148000000,148000000,149474000,149474000,1000010,12646060,1000000,1000000,10,11646060
106,459732000,460341000,1000000,1000000,14364000,14973000,263395000,263395000,14973000,14973000,166000000,166000000,180973000,180973000,196337000,196946000,1000000,1000000,14364000,14973000,0,0,14973000,14973000,166000000,166000000,180973000,180973000,1000010,5828080,1000000,1000000,10,4828080
136,396129000,396333000,1000000,1000000,1265000,1469000,263395000,263395000,1469000,1469000,129000000,129000000,130469000,130469000,132734000,132938000,1000000,1000000,1265000,1469000,0,0,1469000,1469000,129000000,129000000,130469000,130469000,1000010,12981060,1000000,1000000,10,11981060
166,438161000,438833000,1000000,1000000,2047000,2719000,263395000,263395000,2719000,2719000,169000000,169000000,171719000,171719000,174766000,175438000,1000000,1000000,2047000,2719000,0,0,2719000,2719000,169000000,169000000,171719000,171719000,1000010,3062070,1000000,1000000,10,2062070
196,413264000,413693000,1000000,1000000,1220000,1649000,263395000,263395000,1649000,1649000,146000000,146000000,147649000,147649000,149869000,150298000,1000000,1000000,1220000,1649000,0,0,1649000,1649000,146000000,146000000,147649000,147649000,1000010,16372140,1000000,1000000,10,15372140
226,334471000,390634000,1000000,1000000,538000,9239000,263395000,263395000,538000,0,69000000,117000000,69538000,117000000,71076000,127239000,1000000,1000000,538000,9239000,0,0,538000,0,69000000,117000000,69538000,117000000,1000010,6541100,1000000,1000000,10,5541100
256,446388000,1099179000,1000000,1000000,11208000,11785000,263395000,790185000,11785000,18209000,159000000,278000000,170785000,296209000,182993000,308994000,1000000,1000000,11208000,11785000,0,0,11785000,18209000,159000000,278000000,170785000,296209000,1000010,7424090,1000000,1000000,10,6424090
286,269129000,797213000,1000000,1000000,1220000,2514000,263395000,790185000,2514000,2514000,1000000,1000000,3514000,3514000,5734000,7028000,1000000,1000000,1220000,2514000,0,0,2514000,2514000,1000000,1000000,3514000,3514000,1000010,1000000,1000000,1000000,10,0
316,292041000,555834000,1000000,1000000,823000,1221000,263395000,526790000,823000,823000,26000000,26000000,26823000,26823000,28646000,29044000,1000000,1000000,823000,1221000,0,0,823000,823000,26000000,26000000,26823000,26823000,1000010,1271010,1000000,1000000,10,271010
346,337509000,601208000,1000000,1000000,17905000,18209000,263395000,526790000,18209000,18209000,37000000,37000000,55209000,55209000,74114000,74418000,1000000,1000000,17905000,18209000,0,0,18209000,18209000,37000000,37000000,55209000,55209000,1000010,9399110,1000000,1000000,10,8399110
376,391562000,655168000,1000000,1000000,1478000,1689000,263395000,526790000,1689000,1689000,124000000,124000000,125689000,125689000,128167000,128378000,1000000,1000000,1478000,1689000,0,0,1689000,1689000,124000000,124000000,125689000,125689000,1000010,13126070,1000000,1000000,10,12126070
406,443356000,1234302000,1000000,1000000,299000,915000,263395000,1053580000,662000,807000,178000000,178000000,178662000,178807000,179961000,180722000,1000000,1000000,299000,915000,0,0,662000,807000,178000000,178000000,178662000,178807000,1000010,15451090,1000000,1000000,10,14451090
436,267252000,267674000,1000000,1000000,2857000,3279000,263395000,263395000,0,0,0,0,0,0,3857000,4279000,1000000,1000000,2857000,3279000,0,0,0,0,0,0,0,0,1000010,1000000,1000000,1000000,10,0
17,435729000,435825000,1000000,1000000,2119000,2215000,263395000,263395000,2215000,2215000,167000000,167000000,169215000,169215000,172334000,172430000,1000000,1000000,2119000,2215000,0,0,2215000,2215000,167000000,167000000,169215000,169215000,1000010,17010120,1000000,1000000,10,16010120
47,266170000,266335000,1000000,1000000,1775000,1940000,263395000,263395000,0,0,0,0,0,0,2775000,2940000,1000000,1000000,1775000,1940000,0,0,0,0,0,0,0,0,1000010,1000000,1000000,1000000,10,0
77,343081000,351015000,1000000,1000000,1376000,9310000,263395000,263395000,9310000,9310000,68000000,68000000,77310000,77310000,79686000,87620000,1000000,1000000,1376000,9310000,0,0,9310000,9310000,68000000,68000000,77310000,77310000,1000010,9506010,1000000,1000000,10,8506010
107,325955000,326148000,1000000,1000000,14780000,14973000,263395000,263395000,14780000,14780000,32000000,32000000,46780000,46780000,62560000,62753000,1000000,1000000,14780000,14973000,0,0,14780000,14780000,32000000,32000000,46780000,46780000,1000010,6150060,1000000,1000000,10,5150060
137,401764000,401925000,1000000,1000000,1104000,1265000,263395000,263395000,1265000,1265000,135000000,135000000,136265000,136265000,138369000,138530000,1000000,1000000,1104000,1265000,0,0,1265000,1265000,135000000,135000000,136265000,136265000,1000010,12820050,1000000,1000000,10,11820050
167,466556000,466955000,1000000,1000000,3881000,4280000,263395000,263395000,4280000,4280000,194000000,194000000,198280000,198280000,203161000,203560000,1000000,1000000,3881000,4280000,0,0,4280000,4280000,194000000,194000000,198280000,198280000,1000010,2971030,1000000,1000000,10,1971030
197,428672000,428835000,1000000,1000000,1057000,1220000,263395000,263395000,1220000,1220000,162000000,162000000,163220000,163220000,165277000,165440000,1000000,1000000,1057000,1220000,0,0,1220000,1220000,162000000,162000000,163220000,163220000,1000010,16209130,1000000,1000000,10,15209130
227,340723000,340975000,1000000,1000000,538000,790000,263395000,263395000,790000,790000,75000000,75000000,75790000,75790000,77328000,77580000,1000000,1000000,538000,790000,0,0,790000,790000,75000000,75000000,75790000,75790000,1000010,15242090,1000000,1000000,10,14242090
257,443466000,1365403000,1000000,1000000,11585000,12614000,263395000,1053580000,12486000,18209000,155000000,280000000,167486000,298209000,180071000,311823000,1000000,1000000,11585000,12614000,0,0,12486000,18209000,155000000,280000000,167486000,298209000,1000010,6723080,1000000,1000000,10,5723080
287,460716000,725022000,1000000,1000000,1705000,2616000,263395000,526790000,2616000,2616000,192000000,192000000,194616000,194616000,197321000,198232000,1000000,1000000,1705000,2616000,0,0,2616000,2616000,192000000,192000000,194616000,194616000,1000010,1000000,1000000,1000000,10,0
317,434119000,697966000,1000000,1000000,636000,1088000,263395000,526790000,1088000,1088000,168000000,168000000,169088000,169088000,170724000,171176000,1000000,1000000,636000,1088000,0,0,1088000,1088000,168000000,168000000,169088000,169088000,1000010,1191010,1000000,1000000,10,191010
347,469014000,732544000,1000000,1000000,17242000,17377000,263395000,526790000,17377000,17377000,170000000,170000000,187377000,187377000,205619000,205754000,1000000,1000000,17242000,17377000,0,0,17377000,17377000,170000000,170000000,187377000,187377000,1000010,9142100,1000000,1000000,10,8142100
377,328802000,592774000,1000000,1000000,915000,1492000,263395000,526790000,1492000,1492000,62000000,62000000,63492000,63492000,65407000,65984000,1000000,1000000,915000,1492000,0,0,1492000,1492000,62000000,62000000,63492000,63492000,1000010,1000000,1000000,1000000,10,0
407,383075000,912959000,1000000,1000000,73000,845000,263395000,790185000,607000,1929000,118000000,119000000,118607000,120929000,119680000,122774000,1000000,1000000,73000,845000,0,0,607000,1929000,118000000,119000000,118607000,120929000,1000010,14905100,1000000,1000000,10,13905100
437,266818000,531069000,1000000,1000000,2423000,3279000,263395000,526790000,0,0,0,0,0,0,3423000,4279000,1000000,1000000,2423000,3279000,0,0,0,0,0,0,0,0,1000010,1000000,1000000,1000000,10,0
18,408458000,409283000,1000000,1000000,2119000,2944000,263395000,263395000,2944000,2944000,139000000,139000000,141944000,141944000,145063000,145888000,1000000,1000000,2119000,2944000,0,0,2944000,2944000,139000000,139000000,141944000,141944000,1000010,2691060,1000000,1000000,10,1691060
48,474492000,518428000,1000000,1000000,1775000,2322000,263395000,263395000,2322000,3711000,206000000,248000000,208322000,251711000,211097000,255033000,1000000,1000000,1775000,2322000,0,0,2322000,3711000,206000000,248000000,208322000,251711000,1000010,4704140,1000000,1000000,10,3704140
78,343147000,351010000,1000000,1000000,1376000,9239000,263395000,263395000,1376000,1376000,76000000,76000000,77376000,77376000,79752000,87615000,1000000,1000000,1376000,9239000,0,0,1376000,1376000,76000000,76000000,77376000,77376000,1000010,6102090,1000000,1000000,10,5102090
108,434631000,434977000,1000000,1000000,445000,791000,263395000,263395000,791000,791000,169000000,169000000,169791000,169791000,171236000,171582000,1000000,1000000,445000,791000,0,0,791000,791000,169000000,169000000,169791000,169791000,1000010,4001090,1000000,1000000,10,3001090
138,508067000,508531000,1000000,1000000,1104000,1568000,263395000,263395000,1568000,1568000,241000000,241000000,242568000,242568000,244672000,245136000,1000000,1000000,1104000,1568000,0,0,1568000,1568000,241000000,241000000,242568000,242568000,1000010,11385020,1000000,1000000,10,10385020
168,283179000,283567000,1000000,1000000,3892000,4280000,263395000,263395000,3892000,3892000,11000000,11000000,14892000,14892000,19784000,20172000,1000000,1000000,3892000,4280000,0,0,3892000,3892000,11000000,11000000,14892000,14892000,1000010,3370040,1000000,1000000,10,2370040
198,315077000,315516000,1000000,1000000,14341000,14780000,263395000,263395000,14341000,14341000,22000000,22000000,36341000,36341000,51682000,52121000,1000000,1000000,14341000,14780000,0,0,14341000,14341000,22000000,22000000,36341000,36341000,1000010,6788080,1000000,1000000,10,5788080
228,399395000,399933000,1000000,1000000,0,538000,263395000,263395000,0,0,135000000,135000000,135000000,135000000,136000000,136538000,1000000,1000000,0,538000,0,0,0,0,135000000,135000000,135000000,135000000,1000010,14803080,1000000,1000000,10,13803080
258,462506000,1159865000,1000000,1000000,12486000,14625000,263395000,790185000,14625000,17055000,171000000,337000000,185625000,354055000,199111000,369680000,1000000,1000000,12486000,14625000,0,0,14625000,17055000,171000000,337000000,185625000,354055000,1000010,4690050,1000000,1000000,10,3690050
288,414183000,677968000,1000000,1000000,1199000,1589000,263395000,526790000,1589000,1589000,147000000,147000000,148589000,148589000,150788000,151178000,1000000,1000000,1199000,1589000,0,0,1589000,1589000,147000000,147000000,148589000,148589000,1000010,12173060,1000000,1000000,10,11173060
318,433663000,697436000,1000000,1000000,445000,823000,263395000,526790000,823000,823000,168000000,168000000,168823000,168823000,170268000,170646000,1000000,1000000,445000,823000,0,0,823000,823000,168000000,168000000,168823000,168823000,1000010,1346010,1000000,1000000,10,346010
348,455873000,720208000,1000000,1000000,17269000,18209000,263395000,526790000,18209000,18209000,156000000,156000000,174209000,174209000,192478000,193418000,1000000,1000000,17269000,18209000,0,0,18209000,18209000,156000000,156000000,174209000,174209000,1000010,7471100,1000000,1000000,10,6471100
378,459920000,987488000,1000000,1000000,1478000,2256000,263395000,790185000,2047000,2047000,192000000,192000000,194047000,194047000,196525000,197303000,1000000,1000000,1478000,2256000,0,0,2047000,2047000,192000000,192000000,194047000,194047000,1000010,13126070,1000000,1000000,10,12126070
408,369893000,634411000,1000000,1000000,299000,1199000,263395000,526790000,1199000,1422000,104000000,104000000,105199000,105422000,106498000,107621000,1000000,1000000,299000,1199000,0,0,1199000,1422000,104000000,104000000,105199000,105422000,1000010,14551110,1000000,1000000,10,13551110
438,292653000,831099000,1000000,1000000,2129000,2857000,263395000,790185000,2129000,1057000,24000000,36000000,26129000,37057000,29258000,40914000,1000000,1000000,2129000,2857000,0,0,2129000,1057000,24000000,36000000,26129000,37057000,1000010,2746030,1000000,1000000,10,1746030
19,448033000,448241000,1000000,1000000,2215000,2423000,263395000,263395000,2423000,2423000,179000000,179000000,181423000,181423000,184638000,184846000,1000000,1000000,2215000,2423000,0,0,2423000,2423000,179000000,179000000,181423000,181423000,1000010,17106130,1000000,1000000,10,16106130
49,444812000,445948000,1000000,1000000,1642000,1775000,263395000,263395000,1775000,2778000,177000000,177000000,178775000,179778000,181417000,182553000,1000000,1000000,1642000,1775000,0,0,1775000,2778000,177000000,177000000,178775000,179778000,1000010,4571130,1000000,1000000,10,3571130
79,273687000,274023000,1000000,1000000,978000,1314000,263395000,263395000,1314000,1314000,7000000,7000000,8314000,8314000,10292000,10628000,1000000,1000000,978000,1314000,0,0,1314000,1314000,7000000,7000000,8314000,8314000,1000010,2438050,1000000,1000000,10,1438050
109,435136000,435295000,1000000,1000000,791000,950000,263395000,263395000,950000,950000,169000000,169000000,169950000,169950000,171741000,171900000,1000000,1000000,791000,950000,0,0,950000,950000,169000000,169000000,169950000,169950000,1000010,3842080,1000000,1000000,10,2842080
139,265499000,265794000,1000000,1000000,1104000,1399000,263395000,263395000,0,0,0,0,0,0,2104000,2399000,1000000,1000000,1104000,1399000,0,0,0,0,0,0,0,0,1000010,1000000,1000000,1000000,10,0
169,463365000,463950000,1000000,1000000,3905000,4065000,263395000,263395000,4065000,4490000,191000000,191000000,195065000,195490000,199970000,200555000,1000000,1000000,3905000,4065000,0,0,4065000,4490000,191000000,191000000,195065000,195490000,1000010,1425030,1000000,1000000,10,425030
199,274152000,274188000,1000000,1000000,9757000,9793000,263395000,263395000,0,0,0,0,0,0,10757000,10793000,1000000,1000000,9757000,9793000,0,0,0,0,0,0,0,0,1000010,1000000,1000000,1000000,10,0
229,265445000,266036000,1000000,1000000,1050000,1641000,263395000,263395000,0,0,0,0,0,0,2050000,2641000,1000000,1000000,1050000,1641000,0,0,0,0,0,0,0,0,1000010,1000000,1000000,1000000,10,0
259,439315000,849134000,1000000,1000000,11785000,13135000,263395000,526790000,13135000,18209000,150000000,290000000,163135000,308209000,175920000,322344000,1000000,1000000,11785000,13135000,0,0,13135000,18209000,150000000,290000000,163135000,308209000,1000010,6074070,1000000,1000000,10,5074070
289,454662000,982029000,1000000,1000000,845000,1422000,263395000,790185000,1422000,1422000,188000000,188000000,189422000,189422000,191267000,191844000,1000000,1000000,845000,1422000,0,0,1422000,1422000,188000000,188000000,189422000,189422000,1000010,14374100,1000000,1000000,10,13374100
319,396332000,660774000,1000000,1000000,445000,1492000,263395000,526790000,1492000,1492000,130000000,130000000,131492000,131492000,132937000,133984000,1000000,1000000,445000,1492000,0,0,1492000,1492000,130000000,130000000,131492000,131492000,1000010,12161040,1000000,1000000,10,11161040
349,472261000,1000777000,1000000,1000000,15624000,17350000,263395000,790185000,17242000,17242000,175000000,175000000,192242000,192242000,208866000,210592000,1000000,1000000,15624000,17350000,0,0,17242000,17242000,175000000,175000000,192242000,192242000,1000010,7767080,1000000,1000000,10,6767080
379,451439000,978873000,1000000,1000000,1200000,1844000,263395000,790185000,1844000,1844000,184000000,184000000,185844000,185844000,188044000,188688000,1000000,1000000,1200000,1844000,0,0,1844000,1844000,184000000,184000000,185844000,185844000,1000010,12848060,1000000,1000000,10,11848060
409,509709000,2099898000,1000000,1000000,0,9819000,263395000,1843765000,1314000,1314000,244000000,244000000,245314000,245314000,246314000,256133000,1000000,1000000,0,9819000,0,0,1314000,1314000,244000000,244000000,245314000,245314000,1000010,6372080,1000000,1000000,10,5372080
439,273705000,545606000,1000000,1000000,9310000,17816000,263395000,526790000,0,0,0,0,0,0,10310000,18816000,1000000,1000000,9310000,17816000,0,0,0,0,0,0,0,0,1000010,1000000,1000000,1000000,10,0
20,454502000,456179000,1000000,1000000,2215000,3892000,263395000,263395000,3892000,3892000,184000000,184000000,187892000,187892000,191107000,192784000,1000000,1000000,2215000,3892000,0,0,3892000,3892000,184000000,184000000,187892000,187892000,1000010,1704020,1000000,1000000,10,704020
50,456574000,457109000,1000000,1000000,2322000,2857000,263395000,263395000,2857000,2857000,187000000,187000000,189857000,189857000,193179000,193714000,1000000,1000000,2322000,2857000,0,0,2857000,2857000,187000000,187000000,189857000,189857000,1000010,4522120,1000000,1000000,10,3522120
80,395176000,396001000,1000000,1000000,978000,1803000,263395000,263395000,1803000,1803000,128000000,128000000,129803000,129803000,131781000,132606000,1000000,1000000,978000,1803000,0,0,1803000,1803000,128000000,128000000,129803000,129803000,1000010,14674080,1000000,1000000,10,13674080
110,293571000,293704000,1000000,1000000,1088000,1221000,263395000,263395000,1088000,1088000,27000000,27000000,28088000,28088000,30176000,30309000,1000000,1000000,1088000,1221000,0,0,1088000,1088000,27000000,27000000,28088000,28088000,1000010,1452020,1000000,1000000,10,452020
140,390944000,391603000,1000000,1000000,445000,1104000,263395000,263395000,1104000,1104000,125000000,125000000,126104000,126104000,127549000,128208000,1000000,1000000,445000,1104000,0,0,1104000,1104000,125000000,125000000,126104000,126104000,1000010,12161040,1000000,1000000,10,11161040
170,464580000,465005000,1000000,1000000,4065000,4120000,263395000,263395000,4120000,4490000,192000000,192000000,196120000,196490000,201185000,201610000,1000000,1000000,4065000,4120000,0,0,4120000,4490000,192000000,192000000,196120000,196490000,1000010,2195030,1000000,1000000,10,1195030
200,348276000,348521000,1000000,1000000,10818000,11063000,263395000,263395000,11063000,11063000,62000000,62000000,73063000,73063000,84881000,85126000,1000000,1000000,10818000,11063000,0,0,11063000,11063000,62000000,62000000,73063000,73063000,1000010,14332060,1000000,1000000,10,13332060
230,455890000,456495000,1000000,1000000,445000,1050000,263395000,263395000,1050000,1050000,190000000,190000000,191050000,191050000,192495000,193100000,1000000,1000000,445000,1050000,0,0,1050000,1050000,190000000,190000000,191050000,191050000,1000010,15184060,1000000,1000000,10,14184060
260,276180000,804133000,1000000,1000000,11785000,12948000,263395000,790185000,0,0,0,0,0,0,12785000,13948000,1000000,1000000,11785000,12948000,0,0,0,0,0,0,0,0,1000010,1000000,1000000,1000000,10,0
290,313962000,577968000,1000000,1000000,978000,1589000,263395000,526790000,1589000,1589000,47000000,47000000,48589000,48589000,50567000,51178000,1000000,1000000,978000,1589000,0,0,1589000,1589000,47000000,47000000,48589000,48589000,1000010,3242050,1000000,1000000,10,2242050
320,267860000,531774000,1000000,1000000,973000,1492000,263395000,526790000,1492000,1492000,1000000,1000000,2492000,2492000,4465000,4984000,1000000,1000000,973000,1492000,0,0,1492000,1492000,1000000,1000000,2492000,2492000,1000010,1000000,1000000,1000000,10,0
350,472719000,736328000,1000000,1000000,17055000,17269000,263395000,526790000,17269000,17269000,174000000,174000000,191269000,191269000,209324000,209538000,1000000,1000000,17055000,17269000,0,0,17269000,17269000,174000000,174000000,191269000,191269000,1000010,9198090,1000000,1000000,10,8198090
380,268164000,268363000,1000000,1000000,3769000,3968000,263395000,263395000,0,0,0,0,0,0,4769000,4968000,1000000,1000000,3769000,3968000,0,0,0,0,0,0,0,0,1000010,1000000,1000000,1000000,10,0
410,331643000,859791000,1000000,1000000,445000,1803000,263395000,790185000,1803000,1803000,65000000,65000000,66803000,66803000,68248000,69606000,1000000,1000000,445000,1803000,0,0,1803000,1803000,65000000,65000000,66803000,66803000,1000010,11534020,1000000,1000000,10,10534020
440,420109000,1218871000,1000000,1000000,9239000,17816000,263395000,1053580000,10475000,10475000,136000000,136000000,146475000,146475000,156714000,165291000,1000000,1000000,9239000,17816000,0,0,10475000,10475000,136000000,136000000,146475000,146475000,1000010,11979110,1000000,1000000,10,10979110
21,462098000,462371000,1000000,1000000,2215000,2488000,263395000,263395000,2488000,2488000,193000000,193000000,195488000,195488000,198703000,198976000,1000000,1000000,2215000,2488000,0,0,2488000,2488000,193000000,193000000,195488000,195488000,1000010,2677010,1000000,1000000,10,1677010
51,455190000,521579000,1000000,1000000,2322000,2473000,263395000,263395000,2473000,3711000,186000000,251000000,188473000,254711000,191795000,258184000,1000000,1000000,2322000,2473000,0,0,2473000,3711000,186000000,251000000,188473000,254711000,1000010,5251150,1000000,1000000,10,4251150
81,511911000,512351000,1000000,1000000,538000,978000,263395000,263395000,978000,978000,246000000,246000000,246978000,246978000,248516000,248956000,1000000,1000000,538000,978000,0,0,978000,978000,246000000,246000000,246978000,246978000,1000010,14234070,1000000,1000000,10,13234070
111,459566000,459837000,1000000,1000000,950000,1221000,263395000,263395000,1221000,1221000,193000000,193000000,194221000,194221000,196171000,196442000,1000000,1000000,950000,1221000,0,0,1221000,1221000,193000000,193000000,194221000,194221000,1000010,1505020,1000000,1000000,10,505020
141,398528000,399353000,1000000,1000000,1654000,2479000,263395000,263395000,2479000,2479000,130000000,130000000,132479000,132479000,135133000,135958000,1000000,1000000,1654000,2479000,0,0,2479000,2479000,130000000,130000000,132479000,132479000,1000010,3261080,1000000,1000000,10,2261080
171,467155000,467375000,1000000,1000000,4270000,4490000,263395000,263395000,4490000,4490000,194000000,194000000,198490000,198490000,203760000,203980000,1000000,1000000,4270000,4490000,0,0,4490000,4490000,194000000,194000000,198490000,198490000,1000010,1825010,1000000,1000000,10,825010
201,419931000,420031000,1000000,1000000,10718000,10818000,263395000,263395000,10818000,10818000,134000000,134000000,144818000,144818000,156536000,156636000,1000000,1000000,10718000,10818000,0,0,10818000,10818000,134000000,134000000,144818000,144818000,1000010,14577050,1000000,1000000,10,13577050
231,446775000,446920000,1000000,1000000,662000,718000,263395000,263395000,718000,807000,181000000,181000000,181718000,181807000,183380000,183525000,1000000,1000000,662000,718000,0,0,718000,807000,181000000,181000000,181718000,181807000,1000010,15814100,1000000,1000000,10,14814100
261,277009000,277343000,1000000,1000000,12614000,12948000,263395000,263395000,0,0,0,0,0,0,13614000,13948000,1000000,1000000,12614000,12948000,0,0,0,0,0,0,0,0,1000010,1000000,1000000,1000000,10,0
291,414291000,677853000,1000000,1000000,1422000,1589000,263395000,526790000,1474000,1474000,147000000,147000000,148474000,148474000,150896000,151063000,1000000,1000000,1422000,1589000,0,0,1474000,1474000,147000000,147000000,148474000,148474000,1000010,12396070,1000000,1000000,10,11396070
321,459227000,1523263000,1000000,1000000,607000,11063000,263395000,1316975000,1225000,1225000,193000000,193000000,194225000,194225000,195832000,206288000,1000000,1000000,607000,11063000,0,0,1225000,1225000,193000000,193000000,194225000,194225000,1000010,5399140,1000000,1000000,10,4399140
351,480442000,1009662000,1000000,1000000,14625000,17055000,263395000,790185000,16422000,16422000,185000000,185000000,201422000,201422000,217047000,219477000,1000000,1000000,14625000,17055000,0,0,16422000,16422000,185000000,185000000,201422000,201422000,1000010,6768070,1000000,1000000,10,5768070
381,462111000,989929000,1000000,1000000,1844000,2872000,263395000,790185000,2872000,2872000,193000000,193000000,195872000,195872000,198716000,199744000,1000000,1000000,1844000,2872000,0,0,2872000,2872000,193000000,193000000,195872000,195872000,1000010,13492080,1000000,1000000,10,12492080
411,445720000,709315000,1000000,1000000,607000,718000,263395000,526790000,718000,807000,180000000,180000000,180718000,180807000,182325000,182525000,1000000,1000000,607000,718000,0,0,718000,807000,180000000,180000000,180718000,180807000,1000010,15759090,1000000,1000000,10,14759090
22,483222000,484025000,1000000,1000000,12012000,12815000,263395000,263395000,12815000,12815000,194000000,194000000,206815000,206815000,219827000,220630000,1000000,1000000,12012000,12815000,0,0,12815000,12815000,194000000,194000000,206815000,206815000,1000010,1227010,1000000,1000000,10,227010
52,443336000,444815000,1000000,1000000,1299000,1642000,263395000,263395000,1642000,2778000,176000000,176000000,177642000,178778000,179941000,181420000,1000000,1000000,1299000,1642000,0,0,1642000,2778000,176000000,176000000,177642000,178778000,1000010,4228120,1000000,1000000,10,3228120
82,456024000,456343000,1000000,1000000,3155000,3474000,263395000,263395000,3474000,3474000,185000000,185000000,188474000,188474000,192629000,192948000,1000000,1000000,3155000,3474000,0,0,3474000,3474000,185000000,185000000,188474000,188474000,1000010,5355140,1000000,1000000,10,4355140
112,435306000,435571000,1000000,1000000,823000,1088000,263395000,263395000,1088000,1088000,169000000,169000000,170088000,170088000,171911000,172176000,1000000,1000000,823000,1088000,0,0,1088000,1088000,169000000,169000000,170088000,170088000,1000010,1437020,1000000,1000000,10,437020
142,439747000,439963000,1000000,1000000,1568000,1784000,263395000,263395000,1784000,1784000,172000000,172000000,173784000,173784000,176352000,176568000,1000000,1000000,1568000,1784000,0,0,1784000,1784000,172000000,172000000,173784000,173784000,1000010,4626080,1000000,1000000,10,3626080
172,465785000,466155000,1000000,1000000,4120000,4270000,263395000,263395000,4270000,4490000,193000000,193000000,197270000,197490000,202390000,202760000,1000000,1000000,4120000,4270000,0,0,4270000,4490000,193000000,193000000,197270000,197490000,1000010,2045020,1000000,1000000,10,1045020
202,334248000,335001000,1000000,1000000,1050000,1803000,263395000,263395000,1803000,1803000,67000000,67000000,68803000,68803000,70853000,71606000,1000000,1000000,1050000,1803000,0,0,1803000,1803000,67000000,67000000,68803000,68803000,1000010,12139030,1000000,1000000,10,11139030
232,447920000,448009000,1000000,1000000,718000,807000,263395000,263395000,807000,807000,182000000,182000000,182807000,182807000,184525000,184614000,1000000,1000000,718000,807000,0,0,807000,807000,182000000,182000000,182807000,182807000,1000010,15870110,1000000,1000000,10,14870110
262,435590000,699696000,1000000,1000000,11742000,12453000,263395000,526790000,12453000,12453000,147000000,147000000,159453000,159453000,172195000,172906000,1000000,1000000,11742000,12453000,0,0,12453000,12453000,147000000,147000000,159453000,159453000,1000010,14482110,1000000,1000000,10,13482110
292,348793000,886084000,1000000,1000000,1199000,9310000,263395000,790185000,1199000,1589000,82000000,84000000,83199000,85589000,85398000,95899000,1000000,1000000,1199000,9310000,0,0,1199000,1589000,82000000,84000000,83199000,85589000,1000010,6102090,1000000,1000000,10,5102090
322,456999000,984493000,1000000,1000000,950000,1654000,263395000,790185000,1654000,1654000,190000000,190000000,191654000,191654000,193604000,194308000,1000000,1000000,950000,1654000,0,0,1654000,1654000,190000000,190000000,191654000,191654000,1000010,3879110,1000000,1000000,10,2879110
352,482369000,747490000,1000000,1000000,15624000,17350000,263395000,526790000,17350000,17350000,185000000,185000000,202350000,202350000,218974000,220700000,1000000,1000000,15624000,17350000,0,0,17350000,17350000,185000000,185000000,202350000,202350000,1000010,5327050,1000000,1000000,10,4327050
382,460717000,988747000,1000000,1000000,1844000,2944000,263395000,790185000,2478000,2618000,192000000,192000000,194478000,194618000,197322000,198562000,1000000,1000000,1844000,2944000,0,0,2478000,2618000,192000000,192000000,194478000,194618000,1000010,6189130,1000000,1000000,10,5189130
412,446864000,710404000,1000000,1000000,662000,807000,263395000,526790000,807000,807000,181000000,181000000,181807000,181807000,183469000,183614000,1000000,1000000,662000,807000,0,0,807000,807000,181000000,181000000,181807000,181807000,1000010,15814100,1000000,1000000,10,14814100
23,483192000,483419000,1000000,1000000,11785000,12012000,263395000,263395000,12012000,12012000,195000000,195000000,207012000,207012000,219797000,220024000,1000000,1000000,11785000,12012000,0,0,12012000,12012000,195000000,195000000,207012000,207012000,1000010,1829010,1000000,1000000,10,829010
53,427424000,427879000,1000000,1000000,11287000,11742000,263395000,263395000,11742000,11742000,140000000,140000000,151742000,151742000,164029000,164484000,1000000,1000000,11287000,11742000,0,0,11742000,11742000,140000000,140000000,151742000,151742000,1000010,14027100,1000000,1000000,10,13027100
83,460407000,460705000,1000000,1000000,2857000,3155000,263395000,263395000,3155000,3155000,190000000,190000000,193155000,193155000,197012000,197310000,1000000,1000000,2857000,3155000,0,0,3155000,3155000,190000000,190000000,193155000,193155000,1000010,5057130,1000000,1000000,10,4057130
113,434854000,435041000,1000000,1000000,636000,823000,263395000,263395000,823000,823000,169000000,169000000,169823000,169823000,171459000,171646000,1000000,1000000,636000,823000,0,0,823000,823000,169000000,169000000,169823000,169823000,1000010,1537020,1000000,1000000,10,537020
143,321658000,322353000,1000000,1000000,1784000,2479000,263395000,263395000,2479000,2479000,53000000,53000000,55479000,55479000,58263000,58958000,1000000,1000000,1784000,2479000,0,0,2479000,2479000,53000000,53000000,55479000,55479000,1000010,4088110,1000000,1000000,10,3088110
173,463708000,464533000,1000000,1000000,3744000,4569000,263395000,263395000,4569000,4569000,191000000,191000000,195569000,195569000,200313000,201138000,1000000,1000000,3744000,4569000,0,0,4569000,4569000,191000000,191000000,195569000,195569000,1000010,2529020,1000000,1000000,10,1529020
203,270023000,270512000,1000000,1000000,1314000,1803000,263395000,263395000,1314000,1314000,3000000,3000000,4314000,4314000,6628000,7117000,1000000,1000000,1314000,1803000,0,0,1314000,1314000,3000000,3000000,4314000,4314000,1000010,1000000,1000000,1000000,10,0
233,428259000,428509000,1000000,1000000,807000,1057000,263395000,263395000,1057000,1057000,162000000,162000000,163057000,163057000,164864000,165114000,1000000,1000000,807000,1057000,0,0,1057000,1057000,162000000,162000000,163057000,163057000,1000010,15959120,1000000,1000000,10,14959120
263,481375000,1272510000,1000000,1000000,12033000,12983000,263395000,1053580000,12947000,12947000,192000000,192000000,204947000,204947000,217980000,218930000,1000000,1000000,12033000,12983000,0,0,12947000,12947000,192000000,192000000,204947000,204947000,1000010,14773120,1000000,1000000,10,13773120
293,393736000,1185186000,1000000,1000000,538000,1803000,263395000,1053580000,1803000,1803000,127000000,127000000,128803000,128803000,130341000,131606000,1000000,1000000,538000,1803000,0,0,1803000,1803000,127000000,127000000,128803000,128803000,1000010,14234070,1000000,1000000,10,13234070
323,458407000,1134806000,1000000,1000000,791000,1299000,263395000,790185000,1221000,2322000,192000000,340000000,193221000,342322000,195012000,344621000,1000000,1000000,791000,1299000,0,0,1221000,2322000,192000000,340000000,193221000,342322000,1000010,3720100,1000000,1000000,10,2720100
353,484630000,749060000,1000000,1000000,17100000,18135000,263395000,526790000,18135000,18135000,185000000,185000000,203135000,203135000,221235000,222270000,1000000,1000000,17100000,18135000,0,0,18135000,18135000,185000000,185000000,203135000,203135000,1000010,8594100,1000000,1000000,10,7594100
383,267339000,531758000,1000000,1000000,2944000,3968000,263395000,526790000,0,0,0,0,0,0,3944000,4968000,1000000,1000000,2944000,3968000,0,0,0,0,0,0,0,0,1000010,1000000,1000000,1000000,10,0
413,427170000,690904000,1000000,1000000,718000,1057000,263395000,526790000,1057000,1057000,161000000,161000000,162057000,162057000,163775000,164114000,1000000,1000000,718000,1057000,0,0,1057000,1057000,161000000,161000000,162057000,162057000,1000010,15870110,1000000,1000000,10,14870110
24,291824000,292025000,1000000,1000000,12614000,12815000,263395000,263395000,12815000,12815000,2000000,2000000,14815000,14815000,28429000,28630000,1000000,1000000,12614000,12815000,0,0,12815000,12815000,2000000,2000000,14815000,14815000,1000010,1000000,1000000,1000000,10,0
54,275339000,275926000,1000000,1000000,10944000,11531000,263395000,263395000,0,0,0,0,0,0,11944000,12531000,1000000,1000000,10944000,11531000,0,0,0,0,0,0,0,0,1000010,1000000,1000000,1000000,10,0
84,284236000,284363000,1000000,1000000,2857000,2984000,263395000,263395000,2984000,2984000,14000000,14000000,16984000,16984000,20841000,20968000,1000000,1000000,2857000,2984000,0,0,2984000,2984000,14000000,14000000,16984000,16984000,1000010,3528050,1000000,1000000,10,2528050
114,458476000,458667000,1000000,1000000,445000,636000,263395000,263395000,636000,636000,193000000,193000000,193636000,193636000,195081000,195272000,1000000,1000000,445000,636000,0,0,636000,636000,193000000,193000000,193636000,193636000,1000010,1505020,1000000,1000000,10,505020
144,310660000,312789000,1000000,1000000,1568000,3697000,263395000,263395000,3697000,3697000,41000000,41000000,44697000,44697000,47265000,49394000,1000000,1000000,1568000,3697000,0,0,3697000,3697000,41000000,41000000,44697000,44697000,1000010,11849030,1000000,1000000,10,10849030
174,284349000,284533000,1000000,1000000,4385000,4569000,263395000,263395000,4569000,4569000,11000000,11000000,15569000,15569000,20954000,21138000,1000000,1000000,4385000,4569000,0,0,4569000,4569000,11000000,11000000,15569000,15569000,1000010,2250030,1000000,1000000,10,1250030
204,445656000,446481000,1000000,1000000,10718000,11543000,263395000,263395000,11543000,11543000,159000000,159000000,170543000,170543000,182261000,183086000,1000000,1000000,10718000,11543000,0,0,11543000,11543000,159000000,159000000,170543000,170543000,1000010,13195080,1000000,1000000,10,12195080
234,281745000,282138000,1000000,1000000,17350000,17743000,263395000,263395000,0,0,0,0,0,0,18350000,18743000,1000000,1000000,17350000,17743000,0,0,0,0,0,0,0,0,1000010,1000000,1000000,1000000,10,0
264,455637000,719466000,1000000,1000000,1904000,2338000,263395000,526790000,2338000,2338000,187000000,187000000,189338000,189338000,192242000,192676000,1000000,1000000,1904000,2338000,0,0,2338000,2338000,187000000,187000000,189338000,189338000,1000010,2785050,1000000,1000000,10,1785050
294,454726000,718738000,1000000,1000000,2857000,3474000,263395000,526790000,3474000,3474000,184000000,184000000,187474000,187474000,191331000,191948000,1000000,1000000,2857000,3474000,0,0,3474000,3474000,184000000,184000000,187474000,187474000,1000010,5057130,1000000,1000000,10,4057130
324,278483000,805939000,1000000,1000000,14088000,14754000,263395000,790185000,0,0,0,0,0,0,15088000,15754000,1000000,1000000,14088000,14754000,0,0,0,0,0,0,0,0,1000010,1000000,1000000,1000000,10,0
354,482470000,747830000,1000000,1000000,16170000,17905000,263395000,526790000,17905000,18135000,184000000,184000000,201905000,202135000,219075000,221040000,1000000,1000000,16170000,17905000,0,0,17905000,18135000,184000000,184000000,201905000,202135000,1000010,7664090,1000000,1000000,10,6664090
384,459597000,723238000,1000000,1000000,2478000,2724000,263395000,526790000,2724000,2724000,190000000,190000000,192724000,192724000,196202000,196448000,1000000,1000000,2478000,2724000,0,0,2724000,2724000,190000000,190000000,192724000,192724000,1000010,3491060,1000000,1000000,10,2491060
414,265445000,266036000,1000000,1000000,1050000,1641000,263395000,263395000,0,0,0,0,0,0,2050000,2641000,1000000,1000000,1050000,1641000,0,0,0,0,0,0,0,0,1000010,1000000,1000000,1000000,10,0
25,428188000,428565000,1000000,1000000,11208000,11585000,263395000,263395000,11585000,11585000,141000000,141000000,152585000,152585000,164793000,165170000,1000000,1000000,11208000,11585000,0,0,11585000,11585000,141000000,141000000,152585000,152585000,1000010,3262050,1000000,1000000,10,2262050
55,275603000,275750000,1000000,1000000,11208000,11355000,263395000,263395000,0,0,0,0,0,0,12208000,12355000,1000000,1000000,11208000,11355000,0,0,0,0,0,0,0,0,1000010,1000000,1000000,1000000,10,0
85,461902000,462021000,1000000,1000000,3194000,3313000,263395000,263395000,3313000,3313000,191000000,191000000,194313000,194313000,198507000,198626000,1000000,1000000,3194000,3313000,0,0,3313000,3313000,191000000,191000000,194313000,194313000,1000010,5165110,1000000,1000000,10,4165110
115,397554000,398379000,1000000,1000000,667000,1492000,263395000,263395000,1492000,1492000,131000000,131000000,132492000,132492000,134159000,134984000,1000000,1000000,667000,1492000,0,0,1492000,1492000,131000000,131000000,132492000,132492000,1000010,12383050,1000000,1000000,10,11383050
145,425964000,426789000,1000000,1000000,2872000,3697000,263395000,263395000,3697000,3697000,155000000,155000000,158697000,158697000,162569000,163394000,1000000,1000000,2872000,3697000,0,0,3697000,3697000,155000000,155000000,158697000,158697000,1000010,14520080,1000000,1000000,10,13520080
175,277165000,277270000,1000000,1000000,4385000,4490000,263395000,263395000,4385000,4385000,4000000,4000000,8385000,8385000,13770000,13875000,1000000,1000000,4385000,4490000,0,0,4385000,4385000,4000000,4000000,8385000,8385000,1000010,1425030,1000000,1000000,10,425030
205,391508000,392077000,1000000,1000000,13772000,14341000,263395000,263395000,14341000,14341000,99000000,99000000,113341000,113341000,128113000,128682000,1000000,1000000,13772000,14341000,0,0,14341000,14341000,99000000,99000000,113341000,113341000,1000010,15603090,1000000,1000000,10,14603090
235,406407000,406941000,1000000,1000000,9239000,9773000,263395000,263395000,9773000,9773000,123000000,123000000,132773000,132773000,143012000,143546000,1000000,1000000,9239000,9773000,0,0,9773000,9773000,123000000,123000000,132773000,132773000,1000010,13747060,1000000,1000000,10,12747060
265,455329000,719108000,1000000,1000000,1775000,2159000,263395000,526790000,2159000,2159000,187000000,187000000,189159000,189159000,191934000,192318000,1000000,1000000,1775000,2159000,0,0,2159000,2159000,187000000,187000000,189159000,189159000,1000010,2936060,1000000,1000000,10,1936060
295,458872000,986495000,1000000,1000000,2322000,3155000,263395000,790185000,3155000,3155000,189000000,189000000,192155000,192155000,195477000,196310000,1000000,1000000,2322000,3155000,0,0,3155000,3155000,189000000,189000000,192155000,192155000,1000010,4522120,1000000,1000000,10,3522120
325,279035000,279149000,1000000,1000000,14640000,14754000,263395000,263395000,0,0,0,0,0,0,15640000,15754000,1000000,1000000,14640000,14754000,0,0,0,0,0,0,0,0,1000010,1000000,1000000,1000000,10,0
355,295732000,559233000,1000000,1000000,2618000,2724000,263395000,526790000,2719000,2719000,26000000,26000000,28719000,28719000,32337000,32443000,1000000,1000000,2618000,2724000,0,0,2719000,2719000,26000000,26000000,28719000,28719000,1000010,3012040,1000000,1000000,10,2012040
385,462269000,726026000,1000000,1000000,2256000,2618000,263395000,526790000,2618000,2618000,193000000,193000000,195618000,195618000,198874000,199236000,1000000,1000000,2256000,2618000,0,0,2618000,2618000,193000000,193000000,195618000,195618000,1000010,3269050,1000000,1000000,10,2269050
415,444353000,972793000,1000000,1000000,1654000,3304000,263395000,790185000,3304000,3304000,175000000,175000000,178304000,178304000,180958000,182608000,1000000,1000000,1654000,3304000,0,0,3304000,3304000,175000000,175000000,178304000,178304000,1000010,4088110,1000000,1000000,10,3088110
26,447765000,574389000,1000000,1000000,11585000,11785000,263395000,263395000,11785000,18209000,160000000,280000000,171785000,298209000,184370000,310994000,1000000,1000000,11585000,11785000,0,0,11785000,18209000,160000000,280000000,171785000,298209000,1000010,7424090,1000000,1000000,10,6424090
56,426547000,426811000,1000000,1000000,10944000,11208000,263395000,263395000,11208000,11208000,140000000,140000000,151208000,151208000,163152000,163416000,1000000,1000000,10944000,11208000,0,0,11208000,11208000,140000000,140000000,151208000,151208000,1000010,3515050,1000000,1000000,10,2515050
86,460570000,460902000,1000000,1000000,2981000,3194000,263395000,263395000,3194000,3313000,190000000,190000000,193194000,193313000,197175000,197507000,1000000,1000000,2981000,3194000,0,0,3194000,3313000,190000000,190000000,193194000,193313000,1000010,4952100,1000000,1000000,10,3952100
116,458507000,458729000,1000000,1000000,445000,667000,263395000,263395000,667000,667000,193000000,193000000,193667000,193667000,195112000,195334000,1000000,1000000,445000,667000,0,0,667000,667000,193000000,193000000,193667000,193667000,1000010,12161040,1000000,1000000,10,11161040
146,295653000,306875000,1000000,1000000,2129000,2423000,263395000,263395000,2129000,1057000,27000000,39000000,29129000,40057000,32258000,43480000,1000000,1000000,2129000,2423000,0,0,2129000,1057000,27000000,39000000,29129000,40057000,1000010,2954040,1000000,1000000,10,1954040
176,280363000,280688000,1000000,1000000,15968000,16293000,263395000,263395000,0,0,0,0,0,0,16968000,17293000,1000000,1000000,15968000,16293000,0,0,0,0,0,0,0,0,1000010,1000000,1000000,1000000,10,0
206,275458000,275664000,1000000,1000000,11063000,11269000,263395000,263395000,0,0,0,0,0,0,12063000,12269000,1000000,1000000,11063000,11269000,0,0,0,0,0,0,0,0,1000010,1000000,1000000,1000000,10,0
236,267675000,267816000,1000000,1000000,3280000,3421000,263395000,263395000,0,0,0,0,0,0,4280000,4421000,1000000,1000000,3280000,3421000,0,0,0,0,0,0,0,0,1000010,1000000,1000000,1000000,10,0
266,450717000,714758000,1000000,1000000,2338000,2984000,263395000,526790000,2984000,2984000,181000000,181000000,183984000,183984000,187322000,187968000,1000000,1000000,2338000,2984000,0,0,2984000,2984000,181000000,181000000,183984000,183984000,1000010,2537060,1000000,1000000,10,1537060
296,460689000,724416000,1000000,1000000,2981000,3313000,263395000,526790000,3313000,3313000,190000000,190000000,193313000,193313000,197294000,197626000,1000000,1000000,2981000,3313000,0,0,3313000,3313000,190000000,190000000,193313000,193313000,1000010,4952100,1000000,1000000,10,3952100
326,463511000,1255100000,1000000,1000000,12368000,13772000,263395000,1053580000,13748000,13748000,173000000,173000000,186748000,186748000,200116000,201520000,1000000,1000000,12368000,13772000,0,0,13748000,13748000,173000000,173000000,186748000,186748000,1000010,14845100,1000000,1000000,10,13845100
356,273166000,537238000,1000000,1000000,2047000,2724000,263395000,526790000,2724000,2724000,4000000,4000000,6724000,6724000,9771000,10448000,1000000,1000000,2047000,2724000,0,0,2724000,2724000,4000000,4000000,6724000,6724000,1000010,1000000,1000000,1000000,10,0
386,390544000,654648000,1000000,1000000,1220000,1929000,263395000,526790000,1929000,1929000,123000000,123000000,124929000,124929000,127149000,127858000,1000000,1000000,1220000,1929000,0,0,1929000,1929000,123000000,123000000,124929000,124929000,1000010,16372140,1000000,1000000,10,15372140
416,423139000,951579000,1000000,1000000,2047000,3697000,263395000,790185000,3697000,3697000,153000000,153000000,156697000,156697000,159744000,161394000,1000000,1000000,2047000,3697000,0,0,3697000,3697000,153000000,153000000,156697000,156697000,1000010,13695090,1000000,1000000,10,12695090
27,314722000,314879000,1000000,1000000,11585000,11742000,263395000,263395000,11742000,11742000,27000000,27000000,38742000,38742000,51327000,51484000,1000000,1000000,11585000,11742000,0,0,11742000,11742000,27000000,27000000,38742000,38742000,1000010,7624100,1000000,1000000,10,6624100
57,275339000,275820000,1000000,1000000,10944000,11425000,263395000,263395000,0,0,0,0,0,0,11944000,12425000,1000000,1000000,10944000,11425000,0,0,0,0,0,0,0,0,1000010,1000000,1000000,1000000,10,0
87,459419000,459817000,1000000,1000000,3313000,3711000,263395000,263395000,3711000,3711000,188000000,188000000,191711000,191711000,196024000,196422000,1000000,1000000,3313000,3711000,0,0,3711000,3711000,188000000,188000000,191711000,191711000,1000010,5284120,1000000,1000000,10,4284120
117,269130000,269379000,1000000,1000000,1243000,1492000,263395000,263395000,1492000,1492000,2000000,2000000,3492000,3492000,5735000,5984000,1000000,1000000,1243000,1492000,0,0,1492000,1492000,2000000,2000000,3492000,3492000,1000010,1825010,1000000,1000000,10,825010
147,437453000,437653000,1000000,1000000,1929000,2129000,263395000,263395000,2129000,2129000,169000000,169000000,171129000,171129000,174058000,174258000,1000000,1000000,1929000,2129000,0,0,2129000,2129000,169000000,169000000,171129000,171129000,1000010,17081130,1000000,1000000,10,16081130
177,280688000,281054000,1000000,1000000,16293000,16659000,263395000,263395000,0,0,0,0,0,0,17293000,17659000,1000000,1000000,16293000,16659000,0,0,0,0,0,0,0,0,1000010,1000000,1000000,1000000,10,0
207,362437000,362521000,1000000,1000000,10979000,11063000,263395000,263395000,11063000,11063000,76000000,76000000,87063000,87063000,99042000,99126000,1000000,1000000,10979000,11063000,0,0,11063000,11063000,76000000,76000000,87063000,87063000,1000010,12363060,1000000,1000000,10,11363060
237,386630000,386975000,1000000,1000000,445000,790000,263395000,263395000,790000,790000,121000000,121000000,121790000,121790000,123235000,123580000,1000000,1000000,445000,790000,0,0,790000,790000,121000000,121000000,121790000,121790000,1000010,15652080,1000000,1000000,10,14652080
267,451332000,715346000,1000000,1000000,2159000,2778000,263395000,526790000,2778000,2778000,182000000,182000000,184778000,184778000,187937000,188556000,1000000,1000000,2159000,2778000,0,0,2778000,2778000,182000000,182000000,184778000,184778000,1000010,3040060,1000000,1000000,10,2040060
297,458300000,722212000,1000000,1000000,3194000,3711000,263395000,526790000,3711000,3711000,187000000,187000000,190711000,190711000,194905000,195422000,1000000,1000000,3194000,3711000,0,0,3711000,3711000,187000000,187000000,190711000,190711000,1000010,5165110,1000000,1000000,10,4165110
327,387917000,652748000,1000000,1000000,11543000,12979000,263395000,526790000,12979000,12979000,99000000,99000000,111979000,111979000,124522000,125958000,1000000,1000000,11543000,12979000,0,0,12979000,12979000,99000000,99000000,111979000,111979000,1000010,14020090,1000000,1000000,10,13020090
357,282168000,545962000,1000000,1000000,3881000,4280000,263395000,526790000,3892000,3892000,10000000,10000000,13892000,13892000,18773000,19172000,1000000,1000000,3881000,4280000,0,0,3892000,3892000,10000000,10000000,13892000,13892000,1000010,2971030,1000000,1000000,10,1971030
387,406101000,933539000,1000000,1000000,1057000,1705000,263395000,790185000,1649000,1649000,139000000,139000000,140649000,140649000,142706000,143354000,1000000,1000000,1057000,1705000,0,0,1649000,1649000,139000000,139000000,140649000,140649000,1000010,16209130,1000000,1000000,10,15209130
417,267729000,795344000,1000000,1000000,667000,1492000,263395000,790185000,667000,667000,2000000,2000000,2667000,2667000,4334000,5159000,1000000,1000000,667000,1492000,0,0,667000,667000,2000000,2000000,2667000,2667000,1000010,1000000,1000000,1000000,10,0
28,482794000,483623000,1000000,1000000,11785000,12614000,263395000,263395000,12614000,12614000,194000000,194000000,206614000,206614000,219399000,220228000,1000000,1000000,11785000,12614000,0,0,12614000,12614000,194000000,194000000,206614000,206614000,1000010,1227010,1000000,1000000,10,227010
58,427626000,427969000,1000000,1000000,10944000,11287000,263395000,263395000,11287000,11287000,141000000,141000000,152287000,152287000,164231000,164574000,1000000,1000000,10944000,11287000,0,0,11287000,11287000,141000000,141000000,152287000,152287000,1000010,13684090,1000000,1000000,10,12684090
88,413849000,523087000,1000000,1000000,2473000,2981000,263395000,263395000,2981000,3711000,144000000,252000000,146981000,255711000,150454000,259692000,1000000,1000000,2473000,2981000,0,0,2981000,3711000,144000000,252000000,146981000,255711000,1000010,5402140,1000000,1000000,10,4402140
118,338373000,371799000,1000000,1000000,915000,11063000,263395000,263395000,11063000,14341000,62000000,82000000,73063000,96341000,74978000,108404000,1000000,1000000,915000,11063000,0,0,11063000,14341000,62000000,82000000,73063000,96341000,1000010,5256070,1000000,1000000,10,4256070
148,338553000,338773000,1000000,1000000,1469000,1689000,263395000,263395000,1689000,1689000,71000000,71000000,72689000,72689000,75158000,75378000,1000000,1000000,1469000,1689000,0,0,1689000,1689000,71000000,71000000,72689000,72689000,1000010,12363060,1000000,1000000,10,11363060
178,281054000,281997000,1000000,1000000,16659000,17602000,263395000,263395000,0,0,0,0,0,0,17659000,18602000,1000000,1000000,16659000,17602000,0,0,0,0,0,0,0,0,1000010,1000000,1000000,1000000,10,0
208,397631000,397909000,1000000,1000000,10979000,11257000,263395000,263395000,11257000,11257000,111000000,111000000,122257000,122257000,134236000,134514000,1000000,1000000,10979000,11257000,0,0,11257000,11257000,111000000,111000000,122257000,122257000,1000010,13105070,1000000,1000000,10,12105070
238,327395000,354755000,1000000,1000000,0,445000,263395000,263395000,0,915000,63000000,89000000,63000000,89915000,64000000,91360000,1000000,1000000,0,445000,0,0,0,915000,63000000,89000000,63000000,89915000,1000010,13534040,1000000,1000000,10,12534040
268,266335000,266603000,1000000,1000000,1940000,2208000,263395000,263395000,0,0,0,0,0,0,2940000,3208000,1000000,1000000,1940000,2208000,0,0,0,0,0,0,0,0,1000010,1000000,1000000,1000000,10,0
298,412698000,785482000,1000000,1000000,2322000,2981000,263395000,526790000,2981000,3711000,143000000,251000000,145981000,254711000,149303000,258692000,1000000,1000000,2322000,2981000,0,0,2981000,3711000,143000000,251000000,145981000,254711000,1000010,5251150,1000000,1000000,10,4251150
328,275938000,540344000,1000000,1000000,11543000,12554000,263395000,526790000,0,0,0,0,0,0,12543000,13554000,1000000,1000000,11543000,12554000,0,0,0,0,0,0,0,0,1000010,1000000,1000000,1000000,10,0
358,465235000,729350000,1000000,1000000,3560000,4280000,263395000,526790000,4280000,4280000,193000000,193000000,197280000,197280000,201840000,202560000,1000000,1000000,3560000,4280000,0,0,4280000,4280000,193000000,193000000,197280000,197280000,1000010,2650020,1000000,1000000,10,1650020
388,313691000,855930000,1000000,1000000,13955000,14973000,263395000,790185000,14341000,13772000,21000000,36000000,35341000,49772000,50296000,65745000,1000000,1000000,13955000,14973000,0,0,14341000,13772000,21000000,36000000,35341000,49772000,1000010,5963070,1000000,1000000,10,4963070
418,289770000,818210000,1000000,1000000,2119000,3769000,263395000,790185000,2256000,2256000,21000000,21000000,23256000,23256000,26375000,28025000,1000000,1000000,2119000,3769000,0,0,2256000,2256000,21000000,21000000,23256000,23256000,1000010,1774030,1000000,1000000,10,774030
29,448666000,585090000,1000000,1000000,11785000,12486000,263395000,263395000,12486000,18209000,160000000,290000000,172486000,308209000,185271000,321695000,1000000,1000000,11785000,12486000,0,0,12486000,18209000,160000000,290000000,172486000,308209000,1000010,6723080,1000000,1000000,10,5723080
59,365045000,365745000,1000000,1000000,10475000,11175000,263395000,263395000,11175000,11175000,79000000,79000000,90175000,90175000,101650000,102350000,1000000,1000000,10475000,11175000,0,0,11175000,11175000,79000000,79000000,90175000,90175000,1000010,1702010,1000000,1000000,10,702010
89,438661000,438979000,1000000,1000000,3474000,3792000,263395000,263395000,3792000,3792000,167000000,167000000,170792000,170792000,175266000,175584000,1000000,1000000,3474000,3792000,0,0,3792000,3792000,167000000,167000000,170792000,170792000,1000010,5674150,1000000,1000000,10,4674150
119,394917000,395225000,1000000,1000000,607000,915000,263395000,263395000,915000,915000,129000000,129000000,129915000,129915000,131522000,131830000,1000000,1000000,607000,915000,0,0,915000,915000,129000000,129000000,129915000,129915000,1000010,12593070,1000000,1000000,10,11593070
149,392691000,392773000,1000000,1000000,1607000,1689000,263395000,263395000,1689000,1689000,125000000,125000000,126689000,126689000,129296000,129378000,1000000,1000000,1607000,1689000,0,0,1689000,1689000,125000000,125000000,126689000,126689000,1000010,13255080,1000000,1000000,10,12255080
179,281997000,282309000,1000000,1000000,17602000,17914000,263395000,263395000,0,0,0,0,0,0,18602000,18914000,1000000,1000000,17602000,17914000,0,0,0,0,0,0,0,0,1000010,1000000,1000000,1000000,10,0
209,390831000,391092000,1000000,1000000,10718000,10979000,263395000,263395000,10718000,10718000,105000000,105000000,115718000,115718000,127436000,127697000,1000000,1000000,10718000,10979000,0,0,10718000,10718000,105000000,105000000,115718000,115718000,1000010,12500060,1000000,1000000,10,11500060
239,394468000,394541000,1000000,1000000,0,73000,263395000,263395000,73000,73000,130000000,130000000,130073000,130073000,131073000,131146000,1000000,1000000,0,73000,0,0,73000,73000,130000000,130000000,130073000,130073000,1000010,13979050,1000000,1000000,10,12979050
269,315855000,580075000,1000000,1000000,2479000,3304000,263395000,526790000,2981000,2981000,46000000,46000000,48981000,48981000,52460000,53285000,1000000,1000000,2479000,3304000,0,0,2981000,2981000,46000000,46000000,48981000,48981000,1000010,3618080,1000000,1000000,10,2618080
299,459062000,986802000,1000000,1000000,2473000,3304000,263395000,790185000,3194000,3313000,189000000,189000000,192194000,192313000,195667000,196617000,1000000,1000000,2473000,3304000,0,0,3194000,3313000,189000000,189000000,192194000,192313000,1000010,4443090,1000000,1000000,10,3443090
329,276763000,276949000,1000000,1000000,12368000,12554000,263395000,263395000,0,0,0,0,0,0,13368000,13554000,1000000,1000000,12368000,12554000,0,0,0,0,0,0,0,0,1000010,1000000,1000000,1000000,10,0
359,463420000,727400000,1000000,1000000,3905000,4120000,263395000,526790000,4120000,4490000,191000000,191000000,195120000,195490000,200025000,200610000,1000000,1000000,3905000,4120000,0,0,4120000,4490000,191000000,191000000,195120000,195490000,1000010,1370020,1000000,1000000,10,370020
389,274152000,274188000,1000000,1000000,9757000,9793000,263395000,263395000,0,0,0,0,0,0,10757000,10793000,1000000,1000000,9757000,9793000,0,0,0,0,0,0,0,0,1000010,1000000,1000000,1000000,10,0
419,282524000,810323000,1000000,1000000,3560000,4569000,263395000,790185000,4569000,4569000,10000000,10000000,14569000,14569000,19129000,20138000,1000000,1000000,3560000,4569000,0,0,4569000,4569000,10000000,10000000,14569000,14569000,1000010,1425030,1000000,1000000,10,425030
30,448253000,448841000,1000000,1000000,13135000,13723000,263395000,263395000,13723000,13723000,157000000,157000000,170723000,170723000,184858000,185446000,1000000,1000000,13135000,13723000,0,0,13723000,13723000,157000000,157000000,170723000,170723000,1000010,5242060,1000000,1000000,10,4242060
60,403145000,403745000,1000000,1000000,10575000,11175000,263395000,263395000,11175000,11175000,117000000,117000000,128175000,128175000,139750000,140350000,1000000,1000000,10575000,11175000,0,0,11175000,11175000,117000000,117000000,128175000,128175000,1000010,2336010,1000000,1000000,10,1336010
90,300979000,301051000,1000000,1000000,3792000,3864000,263395000,263395000,3792000,3792000,29000000,29000000,32792000,32792000,37584000,37656000,1000000,1000000,3792000,3864000,0,0,3792000,3792000,29000000,29000000,32792000,32792000,1000010,4722090,1000000,1000000,10,3722090
120,460535000,460845000,1000000,1000000,915000,1225000,263395000,263395000,1225000,1225000,194000000,194000000,195225000,195225000,197140000,197450000,1000000,1000000,915000,1225000,0,0,1225000,1225000,194000000,194000000,195225000,195225000,1000010,12563040,1000000,1000000,10,11563040
150,456981000,457813000,1000000,1000000,17377000,18209000,263395000,263395000,18209000,18209000,157000000,157000000,175209000,175209000,193586000,194418000,1000000,1000000,17377000,18209000,0,0,18209000,18209000,157000000,157000000,175209000,175209000,1000010,8493110,1000000,1000000,10,7493110
180,281997000,282513000,1000000,1000000,17602000,18118000,263395000,263395000,0,0,0,0,0,0,18602000,19118000,1000000,1000000,17602000,18118000,0,0,0,0,0,0,0,0,1000010,1000000,1000000,1000000,10,0
210,326558000,336831000,1000000,1000000,445000,10718000,263395000,263395000,10718000,10718000,51000000,51000000,61718000,61718000,63163000,73436000,1000000,1000000,445000,10718000,0,0,10718000,10718000,51000000,51000000,61718000,61718000,1000010,4911050,1000000,1000000,10,3911050
240,268287000,268975000,1000000,1000000,3892000,4580000,263395000,263395000,0,0,0,0,0,0,4892000,5580000,1000000,1000000,3892000,4580000,0,0,0,0,0,0,0,0,1000010,1000000,1000000,1000000,10,0
270,456941000,1247806000,1000000,1000000,1642000,2322000,263395000,1053580000,1904000,1904000,189000000,189000000,190904000,190904000,193546000,194226000,1000000,1000000,1642000,2322000,0,0,1904000,1904000,189000000,189000000,190904000,190904000,1000010,4571130,1000000,1000000,10,3571130
300,281343000,545128000,1000000,1000000,3474000,3864000,263395000,526790000,3474000,3474000,10000000,10000000,13474000,13474000,17948000,18338000,1000000,1000000,3474000,3864000,0,0,3474000,3474000,10000000,10000000,13474000,13474000,1000010,4258080,1000000,1000000,10,3258080
330,315990000,843465000,1000000,1000000,13955000,14640000,263395000,790185000,14640000,14640000,23000000,23000000,37640000,37640000,52595000,53280000,1000000,1000000,13955000,14640000,0,0,14640000,14640000,23000000,23000000,37640000,37640000,1000010,7478100,1000000,1000000,10,6478100
360,462020000,726345000,1000000,1000000,3560000,4065000,263395000,526790000,4065000,4490000,190000000,190000000,194065000,194490000,198625000,199555000,1000000,1000000,3560000,4065000,0,0,4065000,4490000,190000000,190000000,194065000,194490000,1000010,1425030,1000000,1000000,10,425030
390,347176000,610916000,1000000,1000000,10718000,11063000,263395000,526790000,11063000,11063000,61000000,61000000,72063000,72063000,83781000,84126000,1000000,1000000,10718000,11063000,0,0,11063000,11063000,61000000,61000000,72063000,72063000,1000010,14332060,1000000,1000000,10,13332060
420,461883000,990323000,1000000,1000000,2919000,4569000,263395000,790185000,4569000,4569000,190000000,190000000,194569000,194569000,198488000,200138000,1000000,1000000,2919000,4569000,0,0,4569000,4569000,190000000,190000000,194569000,194569000,1000010,1825010,1000000,1000000,10,825010
