,ssdn_lo,ssdn_hi,ssdn_detection_lo,ssdn_detection_hi,ssdn_notification_lo,ssdn_notification_hi,ssdn_computation_lo,ssdn_computation_hi,ssdn_transference_lo,ssdn_transference_hi,ssdn_installation_lo,ssdn_installation_hi,ssdn_update_lo,ssdn_update_hi,pcsdn_lo,pcsdn_hi,pcsdn_detection_lo,pcsdn_detection_hi,pcsdn_notification_lo,pcsdn_notification_hi,pcsdn_computation_lo,pcsdn_computation_hi,pcsdn_transference_lo,pcsdn_transference_hi,pcsdn_installation_lo,pcsdn_installation_hi,pcsdn_update_lo,pcsdn_update_hi,felix_lo,felix_hi,felix_detection_lo,felix_detection_hi,felix_coordination_lo,felix_coordination_hi
1,682706000,720906000,10000000,10000000,17000000,19000000,634506000,634506000,19000000,57000000,2200000,400000,21200000,57400000,48200000,86400000,10000000,10000000,17000000,19000000,0,0,19000000,57000000,2200000,400000,21200000,57400000,10000010,57000020,10000000,10000000,10,47000020
31,683006000,702606000,10000000,10000000,19000000,19000000,634506000,634506000,19000000,39000000,500000,100000,19500000,39100000,48500000,68100000,10000000,10000000,19000000,19000000,0,0,19000000,39000000,500000,100000,19500000,39100000,10000010,32000010,10000000,10000000,10,22000010
61,689106000,735606000,10000000,10000000,10000000,11000000,634506000,634506000,11000000,80000000,23600000,100000,34600000,80100000,54600000,101100000,10000000,10000000,10000000,11000000,0,0,11000000,80000000,23600000,100000,34600000,80100000,10000010,96000040,10000000,10000000,10,86000040
91,708306000,709306000,10000000,10000000,19000000,20000000,634506000,634506000,20000000,20000000,24800000,24800000,44800000,44800000,73800000,74800000,10000000,10000000,19000000,20000000,0,0,20000000,20000000,24800000,24800000,44800000,44800000,10000010,32000010,10000000,10000000,10,22000010
121,675506000,727606000,10000000,10000000,1000000,2000000,634506000,634506000,2000000,81000000,28000000,100000,30000000,81100000,41000000,93100000,10000000,10000000,1000000,2000000,0,0,2000000,81000000,28000000,100000,30000000,81100000,10000010,92000030,10000000,10000000,10,82000030
151,667306000,668306000,10000000,10000000,7000000,8000000,634506000,634506000,8000000,8000000,7800000,7800000,15800000,15800000,32800000,33800000,10000000,10000000,7000000,8000000,0,0,8000000,8000000,7800000,7800000,15800000,15800000,10000010,18000020,10000000,10000000,10,8000020
181,700606000,700606000,10000000,10000000,20000000,20000000,634506000,634506000,20000000,20000000,16100000,16100000,36100000,36100000,66100000,66100000,10000000,10000000,20000000,20000000,0,0,20000000,20000000,16100000,16100000,36100000,36100000,10000010,37000040,10000000,10000000,10,27000040
211,688806000,688806000,10000000,10000000,20000000,20000000,634506000,634506000,20000000,20000000,4300000,4300000,24300000,24300000,54300000,54300000,10000000,10000000,20000000,20000000,0,0,20000000,20000000,4300000,4300000,24300000,24300000,10000010,11000010,10000000,10000000,10,1000010
241,661606000,662606000,10000000,10000000,8000000,9000000,634506000,634506000,9000000,9000000,100000,100000,9100000,9100000,27100000,28100000,10000000,10000000,8000000,9000000,0,0,9000000,9000000,100000,100000,9100000,9100000,10000010,11000010,10000000,10000000,10,1000010
271,678206000,679206000,10000000,10000000,8000000,9000000,634506000,634506000,9000000,9000000,16700000,16700000,25700000,25700000,43700000,44700000,10000000,10000000,8000000,9000000,0,0,9000000,9000000,16700000,16700000,25700000,25700000,10000010,26000040,10000000,10000000,10,16000040
301,682906000,683906000,10000000,10000000,9000000,10000000,634506000,634506000,10000000,10000000,19400000,19400000,29400000,29400000,48400000,49400000,10000000,10000000,9000000,10000000,0,0,10000000,10000000,19400000,19400000,29400000,29400000,10000010,26000040,10000000,10000000,10,16000040
331,685506000,692606000,10000000,10000000,8000000,9000000,634506000,634506000,9000000,39000000,24000000,100000,33000000,39100000,51000000,58100000,10000000,10000000,8000000,9000000,0,0,9000000,39000000,24000000,100000,33000000,39100000,10000010,43000020,10000000,10000000,10,33000020
361,661606000,662606000,10000000,10000000,8000000,9000000,634506000,634506000,9000000,9000000,100000,100000,9100000,9100000,27100000,28100000,10000000,10000000,8000000,9000000,0,0,9000000,9000000,100000,100000,9100000,9100000,10000010,11000010,10000000,10000000,10,1000010
391,675506000,675506000,10000000,10000000,9000000,9000000,634506000,634506000,9000000,9000000,13000000,13000000,22000000,22000000,41000000,41000000,10000000,10000000,9000000,9000000,0,0,9000000,9000000,13000000,13000000,22000000,22000000,10000010,26000030,10000000,10000000,10,16000030
421,687906000,687906000,10000000,10000000,13000000,13000000,634506000,634506000,13000000,13000000,17400000,17400000,30400000,30400000,53400000,53400000,10000000,10000000,13000000,13000000,0,0,13000000,13000000,17400000,17400000,30400000,30400000,10000010,12000010,10000000,10000000,10,2000010
451,687906000,687906000,10000000,10000000,13000000,13000000,634506000,634506000,13000000,13000000,17400000,17400000,30400000,30400000,53400000,53400000,10000000,10000000,13000000,13000000,0,0,13000000,13000000,17400000,17400000,30400000,30400000,10000010,12000010,10000000,10000000,10,2000010
481,667506000,691706000,10000000,10000000,0,3000000,634506000,634506000,3000000,44000000,20000000,200000,23000000,44200000,33000000,57200000,10000000,10000000,0,3000000,0,0,3000000,44000000,20000000,200000,23000000,44200000,10000010,54000050,10000000,10000000,10,44000050
511,767806000,768806000,10000000,10000000,46000000,47000000,634506000,634506000,47000000,47000000,30300000,30300000,77300000,77300000,133300000,134300000,10000000,10000000,46000000,47000000,0,0,47000000,47000000,30300000,30300000,77300000,77300000,10000010,23000050,10000000,10000000,10,13000050
541,691206000,748906000,10000000,10000000,18000000,19000000,634506000,634506000,18000000,85000000,10700000,400000,28700000,85400000,56700000,114400000,10000000,10000000,18000000,19000000,0,0,18000000,85000000,10700000,400000,28700000,85400000,10000010,82000020,10000000,10000000,10,72000020
571,686806000,711606000,10000000,10000000,10000000,10000000,634506000,634506000,10000000,57000000,22300000,100000,32300000,57100000,52300000,77100000,10000000,10000000,10000000,10000000,0,0,10000000,57000000,22300000,100000,32300000,57100000,10000010,59000020,10000000,10000000,10,49000020
601,687006000,688006000,10000000,10000000,7000000,8000000,634506000,634506000,8000000,8000000,27500000,27500000,35500000,35500000,52500000,53500000,10000000,10000000,7000000,8000000,0,0,8000000,8000000,27500000,27500000,35500000,35500000,10000010,36000040,10000000,10000000,10,26000040
631,686706000,734606000,10000000,10000000,9000000,10000000,634506000,634506000,10000000,80000000,23200000,100000,33200000,80100000,52200000,100100000,10000000,10000000,9000000,10000000,0,0,10000000,80000000,23200000,100000,33200000,80100000,10000010,93000020,10000000,10000000,10,83000020
661,683006000,692606000,10000000,10000000,10000000,10000000,634506000,634506000,10000000,38000000,18500000,100000,28500000,38100000,48500000,58100000,10000000,10000000,10000000,10000000,0,0,10000000,38000000,18500000,100000,28500000,38100000,10000010,52000020,10000000,10000000,10,42000020
691,674606000,690606000,10000000,10000000,1000000,17000000,634506000,634506000,17000000,17000000,12100000,12100000,29100000,29100000,40100000,56100000,10000000,10000000,1000000,17000000,0,0,17000000,17000000,12100000,12100000,29100000,29100000,10000010,19000020,10000000,10000000,10,9000020
721,654706000,663606000,10000000,10000000,1000000,1000000,634506000,634506000,1000000,18000000,8200000,100000,9200000,18100000,20200000,29100000,10000000,10000000,1000000,1000000,0,0,1000000,18000000,8200000,100000,9200000,18100000,10000010,28000020,10000000,10000000,10,18000020
751,657406000,726606000,10000000,10000000,1000000,1000000,634506000,634506000,1000000,81000000,10900000,100000,11900000,81100000,22900000,92100000,10000000,10000000,1000000,1000000,0,0,1000000,81000000,10900000,100000,11900000,81100000,10000010,91000040,10000000,10000000,10,81000040
781,660706000,689606000,10000000,10000000,0,1000000,634506000,634506000,1000000,44000000,15200000,100000,16200000,44100000,26200000,55100000,10000000,10000000,0,1000000,0,0,1000000,44000000,15200000,100000,16200000,44100000,10000010,54000050,10000000,10000000,10,44000050
811,659706000,663606000,10000000,10000000,1000000,1000000,634506000,634506000,1000000,18000000,13200000,100000,14200000,18100000,25200000,29100000,10000000,10000000,1000000,1000000,0,0,1000000,18000000,13200000,100000,14200000,18100000,10000010,28000020,10000000,10000000,10,18000020
841,671006000,675006000,10000000,10000000,8000000,12000000,634506000,634506000,12000000,12000000,6500000,6500000,18500000,18500000,36500000,40500000,10000000,10000000,8000000,12000000,0,0,12000000,12000000,6500000,6500000,18500000,18500000,10000010,20000030,10000000,10000000,10,10000030
871,681906000,732606000,10000000,10000000,7000000,8000000,634506000,634506000,8000000,80000000,22400000,100000,30400000,80100000,47400000,98100000,10000000,10000000,7000000,8000000,0,0,8000000,80000000,22400000,100000,30400000,80100000,10000010,95000030,10000000,10000000,10,85000030
901,682906000,683906000,10000000,10000000,7000000,8000000,634506000,634506000,8000000,8000000,23400000,23400000,31400000,31400000,48400000,49400000,10000000,10000000,7000000,8000000,0,0,8000000,8000000,23400000,23400000,31400000,31400000,10000010,17000010,10000000,10000000,10,7000010
931,654506000,655506000,10000000,10000000,10000000,11000000,634506000,634506000,0,0,0,0,0,0,20000000,21000000,10000000,10000000,10000000,11000000,0,0,0,0,0,0,0,0,10000010,10000000,10000000,10000000,10,0
961,674706000,697606000,10000000,10000000,8000000,9000000,634506000,634506000,9000000,44000000,13200000,100000,22200000,44100000,40200000,63100000,10000000,10000000,8000000,9000000,0,0,9000000,44000000,13200000,100000,22200000,44100000,10000010,47000040,10000000,10000000,10,37000040
991,695506000,14668638000,10000000,10000000,8000000,22000000,634506000,14593638000,20000000,20000000,23000000,23000000,43000000,43000000,61000000,75000000,10000000,10000000,8000000,22000000,0,0,20000000,20000000,23000000,23000000,43000000,43000000,10000010,32000010,10000000,10000000,10,22000010
1021,762706000,1403212000,10000000,10000000,41000000,47000000,634506000,1269012000,47000000,47000000,30200000,30200000,77200000,77200000,128200000,134200000,10000000,10000000,41000000,47000000,0,0,47000000,47000000,30200000,30200000,77200000,77200000,10000010,17000030,10000000,10000000,10,7000030
1051,688706000,8942284000,10000000,10000000,5000000,10000000,634506000,8883084000,8000000,8000000,31200000,31200000,39200000,39200000,54200000,59200000,10000000,10000000,5000000,10000000,0,0,8000000,8000000,31200000,31200000,39200000,39200000,10000010,27000030,10000000,10000000,10,17000030
1081,683206000,9617790000,10000000,10000000,5000000,9000000,634506000,9517590000,7000000,80000000,26700000,1200000,33700000,81200000,48700000,100200000,10000000,10000000,5000000,9000000,0,0,7000000,80000000,26700000,1200000,33700000,81200000,10000010,87000030,10000000,10000000,10,77000030
1111,695706000,5143248000,10000000,10000000,7000000,13000000,634506000,5076048000,13000000,13000000,31200000,31200000,44200000,44200000,61200000,67200000,10000000,10000000,7000000,13000000,0,0,13000000,13000000,31200000,31200000,44200000,44200000,10000010,10000000,10000000,10000000,10,0
1141,687706000,3885236000,10000000,10000000,1000000,11000000,634506000,3807036000,11000000,57000000,31200000,200000,42200000,57200000,53200000,78200000,10000000,10000000,1000000,11000000,0,0,11000000,57000000,31200000,200000,42200000,57200000,10000010,68000030,10000000,10000000,10,58000030
1171,661606000,3200630000,10000000,10000000,8000000,9000000,634506000,3172530000,9000000,9000000,100000,100000,9100000,9100000,27100000,28100000,10000000,10000000,8000000,9000000,0,0,9000000,9000000,100000,100000,9100000,9100000,10000010,10000000,10000000,10000000,10,0
1201,686406000,4501642000,10000000,10000000,11000000,13000000,634506000,4441542000,13000000,37000000,17900000,100000,30900000,37100000,51900000,60100000,10000000,10000000,11000000,13000000,0,0,13000000,37000000,17900000,100000,30900000,37100000,10000010,43000020,10000000,10000000,10,33000020
1231,668606000,1938618000,10000000,10000000,10000000,11000000,634506000,1903518000,11000000,11000000,3100000,3100000,14100000,14100000,34100000,35100000,10000000,10000000,10000000,11000000,0,0,11000000,11000000,3100000,3100000,14100000,14100000,10000010,10000000,10000000,10000000,10,0
1261,659506000,1295012000,10000000,10000000,15000000,16000000,634506000,1269012000,0,0,0,0,0,0,25000000,26000000,10000000,10000000,15000000,16000000,0,0,0,0,0,0,0,0,10000010,10000000,10000000,10000000,10,0
2,695606000,747606000,10000000,10000000,17000000,18000000,634506000,634506000,18000000,85000000,16100000,100000,34100000,85100000,61100000,113100000,10000000,10000000,17000000,18000000,0,0,18000000,85000000,16100000,100000,34100000,85100000,10000010,84000030,10000000,10000000,10,74000030
32,708406000,709406000,10000000,10000000,19000000,20000000,634506000,634506000,20000000,20000000,24900000,24900000,44900000,44900000,73900000,74900000,10000000,10000000,19000000,20000000,0,0,20000000,20000000,24900000,24900000,44900000,44900000,10000010,32000010,10000000,10000000,10,22000010
62,689606000,714606000,10000000,10000000,10000000,12000000,634506000,634506000,12000000,58000000,23100000,100000,35100000,58100000,55100000,80100000,10000000,10000000,10000000,12000000,0,0,12000000,58000000,23100000,100000,35100000,58100000,10000010,78000040,10000000,10000000,10,68000040
92,708306000,709306000,10000000,10000000,19000000,20000000,634506000,634506000,20000000,20000000,24800000,24800000,44800000,44800000,73800000,74800000,10000000,10000000,19000000,20000000,0,0,20000000,20000000,24800000,24800000,44800000,44800000,10000010,32000010,10000000,10000000,10,22000010
122,656806000,727006000,10000000,10000000,1000000,1000000,634506000,634506000,1000000,81000000,10300000,500000,11300000,81500000,22300000,92500000,10000000,10000000,1000000,1000000,0,0,1000000,81000000,10300000,500000,11300000,81500000,10000010,91000040,10000000,10000000,10,81000040
152,670306000,670806000,10000000,10000000,8000000,8000000,634506000,634506000,8000000,18000000,9800000,300000,17800000,18300000,35800000,36300000,10000000,10000000,8000000,8000000,0,0,8000000,18000000,9800000,300000,17800000,18300000,10000010,35000030,10000000,10000000,10,25000030
182,690606000,691606000,10000000,10000000,19000000,20000000,634506000,634506000,20000000,20000000,7100000,7100000,27100000,27100000,56100000,57100000,10000000,10000000,19000000,20000000,0,0,20000000,20000000,7100000,7100000,27100000,27100000,10000010,33000020,10000000,10000000,10,23000020
212,700106000,701106000,10000000,10000000,19000000,20000000,634506000,634506000,20000000,20000000,16600000,16600000,36600000,36600000,65600000,66600000,10000000,10000000,19000000,20000000,0,0,20000000,20000000,16600000,16600000,36600000,36600000,10000010,21000010,10000000,10000000,10,11000010
242,675506000,675506000,10000000,10000000,9000000,9000000,634506000,634506000,9000000,9000000,13000000,13000000,22000000,22000000,41000000,41000000,10000000,10000000,9000000,9000000,0,0,9000000,9000000,13000000,13000000,22000000,22000000,10000010,26000030,10000000,10000000,10,16000030
272,678206000,679206000,10000000,10000000,8000000,9000000,634506000,634506000,9000000,9000000,16700000,16700000,25700000,25700000,43700000,44700000,10000000,10000000,8000000,9000000,0,0,9000000,9000000,16700000,16700000,25700000,25700000,10000010,26000040,10000000,10000000,10,16000040
302,679706000,679706000,10000000,10000000,9000000,9000000,634506000,634506000,9000000,9000000,17200000,17200000,26200000,26200000,45200000,45200000,10000000,10000000,9000000,9000000,0,0,9000000,9000000,17200000,17200000,26200000,26200000,10000010,26000040,10000000,10000000,10,16000040
332,685506000,692606000,10000000,10000000,8000000,9000000,634506000,634506000,9000000,39000000,24000000,100000,33000000,39100000,51000000,58100000,10000000,10000000,8000000,9000000,0,0,9000000,39000000,24000000,100000,33000000,39100000,10000010,43000020,10000000,10000000,10,33000020
362,671906000,676906000,10000000,10000000,8000000,13000000,634506000,634506000,13000000,13000000,6400000,6400000,19400000,19400000,37400000,42400000,10000000,10000000,8000000,13000000,0,0,13000000,13000000,6400000,6400000,19400000,19400000,10000010,17000040,10000000,10000000,10,7000040
392,675506000,675506000,10000000,10000000,9000000,9000000,634506000,634506000,9000000,9000000,13000000,13000000,22000000,22000000,41000000,41000000,10000000,10000000,9000000,9000000,0,0,9000000,9000000,13000000,13000000,22000000,22000000,10000010,26000030,10000000,10000000,10,16000030
422,700206000,701206000,10000000,10000000,12000000,13000000,634506000,634506000,13000000,13000000,30700000,30700000,43700000,43700000,65700000,66700000,10000000,10000000,12000000,13000000,0,0,13000000,13000000,30700000,30700000,43700000,43700000,10000010,12000010,10000000,10000000,10,2000010
452,655506000,659506000,10000000,10000000,11000000,15000000,634506000,634506000,0,0,0,0,0,0,21000000,25000000,10000000,10000000,11000000,15000000,0,0,0,0,0,0,0,0,10000010,10000000,10000000,10000000,10,0
482,677106000,729706000,10000000,10000000,3000000,4000000,634506000,634506000,4000000,81000000,25600000,200000,29600000,81200000,42600000,95200000,10000000,10000000,3000000,4000000,0,0,4000000,81000000,25600000,200000,29600000,81200000,10000010,92000040,10000000,10000000,10,82000040
512,761806000,767706000,10000000,10000000,41000000,46000000,634506000,634506000,46000000,47000000,30300000,30200000,76300000,77200000,127300000,133200000,10000000,10000000,41000000,46000000,0,0,46000000,47000000,30300000,30200000,76300000,77200000,10000010,19000040,10000000,10000000,10,9000040
542,687806000,701606000,10000000,10000000,17000000,18000000,634506000,634506000,18000000,39000000,8300000,100000,26300000,39100000,53300000,67100000,10000000,10000000,17000000,18000000,0,0,18000000,39000000,8300000,100000,26300000,39100000,10000010,31000010,10000000,10000000,10,21000010
572,686806000,711606000,10000000,10000000,10000000,10000000,634506000,634506000,10000000,57000000,22300000,100000,32300000,57100000,52300000,77100000,10000000,10000000,10000000,10000000,0,0,10000000,57000000,22300000,100000,32300000,57100000,10000010,59000020,10000000,10000000,10,49000020
602,687006000,688006000,10000000,10000000,7000000,8000000,634506000,634506000,8000000,8000000,27500000,27500000,35500000,35500000,52500000,53500000,10000000,10000000,7000000,8000000,0,0,8000000,8000000,27500000,27500000,35500000,35500000,10000010,36000040,10000000,10000000,10,26000040
632,678806000,734606000,10000000,10000000,9000000,10000000,634506000,634506000,10000000,80000000,15300000,100000,25300000,80100000,44300000,100100000,10000000,10000000,9000000,10000000,0,0,10000000,80000000,15300000,100000,25300000,80100000,10000010,93000020,10000000,10000000,10,83000020
662,689806000,691806000,10000000,10000000,6000000,8000000,634506000,634506000,8000000,8000000,31300000,31300000,39300000,39300000,55300000,57300000,10000000,10000000,6000000,8000000,0,0,8000000,8000000,31300000,31300000,39300000,39300000,10000010,32000030,10000000,10000000,10,22000030
692,705206000,706206000,10000000,10000000,17000000,18000000,634506000,634506000,18000000,18000000,25700000,25700000,43700000,43700000,70700000,71700000,10000000,10000000,17000000,18000000,0,0,18000000,18000000,25700000,25700000,43700000,43700000,10000010,31000010,10000000,10000000,10,21000010
722,661606000,726706000,10000000,10000000,0,1000000,634506000,634506000,1000000,81000000,16100000,200000,17100000,81200000,27100000,92200000,10000000,10000000,0,1000000,0,0,1000000,81000000,16100000,200000,17100000,81200000,10000010,91000030,10000000,10000000,10,81000030
752,659706000,663606000,10000000,10000000,1000000,1000000,634506000,634506000,1000000,18000000,13200000,100000,14200000,18100000,25200000,29100000,10000000,10000000,1000000,1000000,0,0,1000000,18000000,13200000,100000,14200000,18100000,10000010,28000020,10000000,10000000,10,18000020
782,657706000,726606000,10000000,10000000,1000000,1000000,634506000,634506000,1000000,81000000,11200000,100000,12200000,81100000,23200000,92100000,10000000,10000000,1000000,1000000,0,0,1000000,81000000,11200000,100000,12200000,81100000,10000010,91000040,10000000,10000000,10,81000040
812,660006000,663606000,10000000,10000000,1000000,1000000,634506000,634506000,1000000,18000000,13500000,100000,14500000,18100000,25500000,29100000,10000000,10000000,1000000,1000000,0,0,1000000,18000000,13500000,100000,14500000,18100000,10000010,28000020,10000000,10000000,10,18000020
842,663306000,666106000,10000000,10000000,8000000,8000000,634506000,634506000,8000000,13000000,2800000,600000,10800000,13600000,28800000,31600000,10000000,10000000,8000000,8000000,0,0,8000000,13000000,2800000,600000,10800000,13600000,10000010,20000030,10000000,10000000,10,10000030
872,672506000,692606000,10000000,10000000,7000000,8000000,634506000,634506000,8000000,40000000,13000000,100000,21000000,40100000,38000000,58100000,10000000,10000000,7000000,8000000,0,0,8000000,40000000,13000000,100000,21000000,40100000,10000010,43000030,10000000,10000000,10,33000030
902,686506000,691606000,10000000,10000000,7000000,8000000,634506000,634506000,8000000,39000000,27000000,100000,35000000,39100000,52000000,57100000,10000000,10000000,7000000,8000000,0,0,8000000,39000000,27000000,100000,35000000,39100000,10000010,55000040,10000000,10000000,10,45000040
932,680106000,680106000,10000000,10000000,10000000,10000000,634506000,634506000,10000000,10000000,15600000,15600000,25600000,25600000,45600000,45600000,10000000,10000000,10000000,10000000,0,0,10000000,10000000,15600000,15600000,25600000,25600000,10000010,34000030,10000000,10000000,10,24000030
962,684306000,696606000,10000000,10000000,13000000,13000000,634506000,634506000,13000000,39000000,13800000,100000,26800000,39100000,49800000,62100000,10000000,10000000,13000000,13000000,0,0,13000000,39000000,13800000,100000,26800000,39100000,10000010,57000050,10000000,10000000,10,47000050
992,694006000,12779320000,10000000,10000000,9000000,21000000,634506000,12690120000,20000000,57000000,20500000,1200000,40500000,58200000,59500000,89200000,10000000,10000000,9000000,21000000,0,0,20000000,57000000,20500000,1200000,40500000,58200000,10000010,57000020,10000000,10000000,10,47000020
1022,737606000,1373112000,10000000,10000000,46000000,47000000,634506000,1269012000,46000000,46000000,1100000,1100000,47100000,47100000,103100000,104100000,10000000,10000000,46000000,47000000,0,0,46000000,46000000,1100000,1100000,47100000,47100000,10000010,19000040,10000000,10000000,10,9000040
1052,687406000,7671972000,10000000,10000000,5000000,10000000,634506000,7614072000,8000000,8000000,29900000,29900000,37900000,37900000,52900000,57900000,10000000,10000000,5000000,10000000,0,0,8000000,8000000,29900000,29900000,37900000,37900000,10000010,10000000,10000000,10000000,10,0
1082,673106000,9627590000,10000000,10000000,0,16000000,634506000,9517590000,6000000,81000000,22600000,3000000,28600000,84000000,38600000,110000000,10000000,10000000,0,16000000,0,0,6000000,81000000,22600000,3000000,28600000,84000000,10000010,78000040,10000000,10000000,10,68000040
1112,663806000,3208830000,10000000,10000000,2000000,9000000,634506000,3172530000,9000000,9000000,8300000,8300000,17300000,17300000,29300000,36300000,10000000,10000000,2000000,9000000,0,0,9000000,9000000,8300000,8300000,17300000,17300000,10000010,17000020,10000000,10000000,10,7000020
1142,648306000,3821836000,10000000,10000000,0,1000000,634506000,3807036000,1000000,1000000,2800000,2800000,3800000,3800000,13800000,14800000,10000000,10000000,0,1000000,0,0,1000000,1000000,2800000,2800000,3800000,3800000,10000010,10000000,10000000,10000000,10,0
1172,661606000,3200630000,10000000,10000000,8000000,9000000,634506000,3172530000,9000000,9000000,100000,100000,9100000,9100000,27100000,28100000,10000000,10000000,8000000,9000000,0,0,9000000,9000000,100000,100000,9100000,9100000,10000010,10000000,10000000,10000000,10,0
1202,660506000,661506000,10000000,10000000,16000000,17000000,634506000,634506000,0,0,0,0,0,0,26000000,27000000,10000000,10000000,16000000,17000000,0,0,0,0,0,0,0,0,10000010,10000000,10000000,10000000,10,0
1232,661106000,3200130000,10000000,10000000,7000000,8000000,634506000,3172530000,7000000,7000000,2600000,2600000,9600000,9600000,26600000,27600000,10000000,10000000,7000000,8000000,0,0,7000000,7000000,2600000,2600000,9600000,9600000,10000010,10000000,10000000,10000000,10,0
1262,684606000,2590124000,10000000,10000000,17000000,19000000,634506000,2538024000,19000000,19000000,4100000,4100000,23100000,23100000,50100000,52100000,10000000,10000000,17000000,19000000,0,0,19000000,19000000,4100000,4100000,23100000,23100000,10000010,10000000,10000000,10000000,10,0
3,684506000,746706000,10000000,10000000,17000000,17000000,634506000,634506000,17000000,85000000,6000000,200000,23000000,85200000,50000000,112200000,10000000,10000000,17000000,17000000,0,0,17000000,85000000,6000000,200000,23000000,85200000,10000010,78000020,10000000,10000000,10,68000020
33,704306000,705306000,10000000,10000000,19000000,20000000,634506000,634506000,20000000,20000000,20800000,20800000,40800000,40800000,69800000,70800000,10000000,10000000,19000000,20000000,0,0,20000000,20000000,20800000,20800000,40800000,40800000,10000010,37000050,10000000,10000000,10,27000050
63,689606000,713606000,10000000,10000000,10000000,11000000,634506000,634506000,11000000,58000000,24100000,100000,35100000,58100000,55100000,79100000,10000000,10000000,10000000,11000000,0,0,11000000,58000000,24100000,100000,35100000,58100000,10000010,78000040,10000000,10000000,10,68000040
93,708306000,709306000,10000000,10000000,19000000,20000000,634506000,634506000,20000000,20000000,24800000,24800000,44800000,44800000,73800000,74800000,10000000,10000000,19000000,20000000,0,0,20000000,20000000,24800000,24800000,44800000,44800000,10000010,32000010,10000000,10000000,10,22000010
123,668006000,675006000,10000000,10000000,1000000,8000000,634506000,634506000,8000000,8000000,14500000,14500000,22500000,22500000,33500000,40500000,10000000,10000000,1000000,8000000,0,0,8000000,8000000,14500000,14500000,22500000,22500000,10000010,30000030,10000000,10000000,10,20000030
153,670806000,670806000,10000000,10000000,8000000,8000000,634506000,634506000,8000000,8000000,10300000,10300000,18300000,18300000,36300000,36300000,10000000,10000000,8000000,8000000,0,0,8000000,8000000,10300000,10300000,18300000,18300000,10000010,35000030,10000000,10000000,10,25000030
183,697506000,744806000,10000000,10000000,20000000,20000000,634506000,634506000,20000000,80000000,13000000,300000,33000000,80300000,63000000,110300000,10000000,10000000,20000000,20000000,0,0,20000000,80000000,13000000,300000,33000000,80300000,10000010,77000030,10000000,10000000,10,67000030
213,688806000,688806000,10000000,10000000,20000000,20000000,634506000,634506000,20000000,20000000,4300000,4300000,24300000,24300000,54300000,54300000,10000000,10000000,20000000,20000000,0,0,20000000,20000000,4300000,4300000,24300000,24300000,10000010,11000010,10000000,10000000,10,1000010
243,678206000,679206000,10000000,10000000,8000000,9000000,634506000,634506000,9000000,9000000,16700000,16700000,25700000,25700000,43700000,44700000,10000000,10000000,8000000,9000000,0,0,9000000,9000000,16700000,16700000,25700000,25700000,10000010,26000040,10000000,10000000,10,16000040
273,678206000,679206000,10000000,10000000,8000000,9000000,634506000,634506000,9000000,9000000,16700000,16700000,25700000,25700000,43700000,44700000,10000000,10000000,8000000,9000000,0,0,9000000,9000000,16700000,16700000,25700000,25700000,10000010,26000040,10000000,10000000,10,16000040
303,679706000,679706000,10000000,10000000,9000000,9000000,634506000,634506000,9000000,9000000,17200000,17200000,26200000,26200000,45200000,45200000,10000000,10000000,9000000,9000000,0,0,9000000,9000000,17200000,17200000,26200000,26200000,10000010,26000040,10000000,10000000,10,16000040
333,685506000,692606000,10000000,10000000,8000000,9000000,634506000,634506000,9000000,39000000,24000000,100000,33000000,39100000,51000000,58100000,10000000,10000000,8000000,9000000,0,0,9000000,39000000,24000000,100000,33000000,39100000,10000010,43000020,10000000,10000000,10,33000020
363,664506000,725606000,10000000,10000000,1000000,8000000,634506000,634506000,8000000,73000000,11000000,100000,19000000,73100000,30000000,91100000,10000000,10000000,1000000,8000000,0,0,8000000,73000000,11000000,100000,19000000,73100000,10000010,84000050,10000000,10000000,10,74000050
393,675506000,675506000,10000000,10000000,9000000,9000000,634506000,634506000,9000000,9000000,13000000,13000000,22000000,22000000,41000000,41000000,10000000,10000000,9000000,9000000,0,0,9000000,9000000,13000000,13000000,22000000,22000000,10000010,26000030,10000000,10000000,10,16000030
423,684606000,684606000,10000000,10000000,11000000,11000000,634506000,634506000,11000000,11000000,18100000,18100000,29100000,29100000,50100000,50100000,10000000,10000000,11000000,11000000,0,0,11000000,11000000,18100000,18100000,29100000,29100000,10000010,36000040,10000000,10000000,10,26000040
453,675906000,692606000,10000000,10000000,11000000,11000000,634506000,634506000,11000000,37000000,9400000,100000,20400000,37100000,41400000,58100000,10000000,10000000,11000000,11000000,0,0,11000000,37000000,9400000,100000,20400000,37100000,10000010,43000020,10000000,10000000,10,33000020
483,678606000,729606000,10000000,10000000,3000000,4000000,634506000,634506000,4000000,81000000,27100000,100000,31100000,81100000,44100000,95100000,10000000,10000000,3000000,4000000,0,0,4000000,81000000,27100000,100000,31100000,81100000,10000010,93000050,10000000,10000000,10,83000050
513,739606000,739606000,10000000,10000000,47000000,47000000,634506000,634506000,47000000,47000000,1100000,1100000,48100000,48100000,105100000,105100000,10000000,10000000,47000000,47000000,0,0,47000000,47000000,1100000,1100000,48100000,48100000,10000010,19000040,10000000,10000000,10,9000040
543,694206000,742606000,10000000,10000000,18000000,18000000,634506000,634506000,18000000,80000000,13700000,100000,31700000,80100000,59700000,108100000,10000000,10000000,18000000,18000000,0,0,18000000,80000000,13700000,100000,31700000,80100000,10000010,72000010,10000000,10000000,10,62000010
573,686806000,711606000,10000000,10000000,10000000,10000000,634506000,634506000,10000000,57000000,22300000,100000,32300000,57100000,52300000,77100000,10000000,10000000,10000000,10000000,0,0,10000000,57000000,22300000,100000,32300000,57100000,10000010,59000020,10000000,10000000,10,49000020
603,686806000,687806000,10000000,10000000,7000000,8000000,634506000,634506000,8000000,8000000,27300000,27300000,35300000,35300000,52300000,53300000,10000000,10000000,7000000,8000000,0,0,8000000,8000000,27300000,27300000,35300000,35300000,10000010,36000040,10000000,10000000,10,26000040
633,678806000,734606000,10000000,10000000,9000000,10000000,634506000,634506000,10000000,80000000,15300000,100000,25300000,80100000,44300000,100100000,10000000,10000000,9000000,10000000,0,0,10000000,80000000,15300000,100000,25300000,80100000,10000010,93000020,10000000,10000000,10,83000020
663,688506000,690506000,10000000,10000000,6000000,8000000,634506000,634506000,8000000,8000000,30000000,30000000,38000000,38000000,54000000,56000000,10000000,10000000,6000000,8000000,0,0,8000000,8000000,30000000,30000000,38000000,38000000,10000010,20000010,10000000,10000000,10,10000010
693,696406000,697406000,10000000,10000000,17000000,18000000,634506000,634506000,18000000,18000000,16900000,16900000,34900000,34900000,61900000,62900000,10000000,10000000,17000000,18000000,0,0,18000000,18000000,16900000,16900000,34900000,34900000,10000010,31000010,10000000,10000000,10,21000010
723,652406000,726606000,10000000,10000000,1000000,1000000,634506000,634506000,1000000,81000000,5900000,100000,6900000,81100000,17900000,92100000,10000000,10000000,1000000,1000000,0,0,1000000,81000000,5900000,100000,6900000,81100000,10000010,91000040,10000000,10000000,10,81000040
753,666606000,726706000,10000000,10000000,0,1000000,634506000,634506000,1000000,81000000,21100000,200000,22100000,81200000,32100000,92200000,10000000,10000000,0,1000000,0,0,1000000,81000000,21100000,200000,22100000,81200000,10000010,91000030,10000000,10000000,10,81000030
783,657706000,726606000,10000000,10000000,1000000,1000000,634506000,634506000,1000000,81000000,11200000,100000,12200000,81100000,23200000,92100000,10000000,10000000,1000000,1000000,0,0,1000000,81000000,11200000,100000,12200000,81100000,10000010,91000040,10000000,10000000,10,81000040
813,659706000,663606000,10000000,10000000,1000000,1000000,634506000,634506000,1000000,18000000,13200000,100000,14200000,18100000,25200000,29100000,10000000,10000000,1000000,1000000,0,0,1000000,18000000,13200000,100000,14200000,18100000,10000010,28000020,10000000,10000000,10,18000020
843,670806000,673806000,10000000,10000000,8000000,11000000,634506000,634506000,11000000,11000000,7300000,7300000,18300000,18300000,36300000,39300000,10000000,10000000,8000000,11000000,0,0,11000000,11000000,7300000,7300000,18300000,18300000,10000010,18000020,10000000,10000000,10,8000020
873,690406000,726606000,10000000,10000000,7000000,8000000,634506000,634506000,8000000,74000000,30900000,100000,38900000,74100000,55900000,92100000,10000000,10000000,7000000,8000000,0,0,8000000,74000000,30900000,100000,38900000,74100000,10000010,91000040,10000000,10000000,10,81000040
903,683006000,684006000,10000000,10000000,7000000,8000000,634506000,634506000,8000000,8000000,23500000,23500000,31500000,31500000,48500000,49500000,10000000,10000000,7000000,8000000,0,0,8000000,8000000,23500000,23500000,31500000,31500000,10000010,17000010,10000000,10000000,10,7000010
933,686706000,686706000,10000000,10000000,13000000,13000000,634506000,634506000,13000000,13000000,16200000,16200000,29200000,29200000,52200000,52200000,10000000,10000000,13000000,13000000,0,0,13000000,13000000,16200000,16200000,29200000,29200000,10000010,36000040,10000000,10000000,10,26000040
963,660606000,660606000,10000000,10000000,8000000,8000000,634506000,634506000,8000000,8000000,100000,100000,8100000,8100000,26100000,26100000,10000000,10000000,8000000,8000000,0,0,8000000,8000000,100000,100000,8100000,8100000,10000010,10000000,10000000,10000000,10,0
993,687706000,10840802000,10000000,10000000,19000000,20000000,634506000,10786602000,20000000,20000000,4200000,4200000,24200000,24200000,53200000,54200000,10000000,10000000,19000000,20000000,0,0,20000000,20000000,4200000,4200000,24200000,24200000,10000010,10000000,10000000,10000000,10,0
1023,758706000,2036618000,10000000,10000000,38000000,46000000,634506000,1903518000,46000000,47000000,30200000,30100000,76200000,77100000,124200000,133100000,10000000,10000000,38000000,46000000,0,0,46000000,47000000,30200000,30100000,76200000,77100000,10000010,122000070,10000000,10000000,10,112000070
1053,650506000,656506000,10000000,10000000,6000000,12000000,634506000,634506000,0,0,0,0,0,0,16000000,22000000,10000000,10000000,6000000,12000000,0,0,0,0,0,0,0,0,10000010,10000000,10000000,10000000,10,0
1083,661606000,3200630000,10000000,10000000,8000000,9000000,634506000,3172530000,9000000,9000000,100000,100000,9100000,9100000,27100000,28100000,10000000,10000000,8000000,9000000,0,0,9000000,9000000,100000,100000,9100000,9100000,10000010,10000000,10000000,10000000,10,0
1113,651506000,1921518000,10000000,10000000,7000000,8000000,634506000,1903518000,0,0,0,0,0,0,17000000,18000000,10000000,10000000,7000000,8000000,0,0,0,0,0,0,0,0,10000010,10000000,10000000,10000000,10,0
1143,652606000,3833136000,10000000,10000000,0,8000000,634506000,3807036000,8000000,8000000,100000,100000,8100000,8100000,18100000,26100000,10000000,10000000,0,8000000,0,0,8000000,8000000,100000,100000,8100000,8100000,10000010,10000000,10000000,10000000,10,0
1173,681706000,4493742000,10000000,10000000,8000000,13000000,634506000,4441542000,13000000,13000000,16200000,16200000,29200000,29200000,47200000,52200000,10000000,10000000,8000000,13000000,0,0,13000000,13000000,16200000,16200000,29200000,29200000,10000010,27000030,10000000,10000000,10,17000030
1203,654506000,655506000,10000000,10000000,10000000,11000000,634506000,634506000,0,0,0,0,0,0,20000000,21000000,10000000,10000000,10000000,11000000,0,0,0,0,0,0,0,0,10000010,10000000,10000000,10000000,10,0
1233,830806000,1466312000,10000000,10000000,80000000,81000000,634506000,1269012000,81000000,81000000,25300000,25300000,106300000,106300000,196300000,197300000,10000000,10000000,80000000,81000000,0,0,81000000,81000000,25300000,25300000,106300000,106300000,10000010,142000030,10000000,10000000,10,132000030
1263,650506000,652506000,10000000,10000000,6000000,8000000,634506000,634506000,0,0,0,0,0,0,16000000,18000000,10000000,10000000,6000000,8000000,0,0,0,0,0,0,0,0,10000010,10000000,10000000,10000000,10,0
4,681006000,742006000,10000000,10000000,10000000,17000000,634506000,634506000,17000000,80000000,9500000,500000,26500000,80500000,46500000,107500000,10000000,10000000,10000000,17000000,0,0,17000000,80000000,9500000,500000,26500000,80500000,10000010,75000030,10000000,10000000,10,65000030
34,708406000,709406000,10000000,10000000,19000000,20000000,634506000,634506000,20000000,20000000,24900000,24900000,44900000,44900000,73900000,74900000,10000000,10000000,19000000,20000000,0,0,20000000,20000000,24900000,24900000,44900000,44900000,10000010,32000010,10000000,10000000,10,22000010
64,689606000,713606000,10000000,10000000,10000000,11000000,634506000,634506000,11000000,58000000,24100000,100000,35100000,58100000,55100000,79100000,10000000,10000000,10000000,11000000,0,0,11000000,58000000,24100000,100000,35100000,58100000,10000010,78000040,10000000,10000000,10,68000040
94,690906000,702606000,10000000,10000000,19000000,19000000,634506000,634506000,19000000,39000000,8400000,100000,27400000,39100000,56400000,68100000,10000000,10000000,19000000,19000000,0,0,19000000,39000000,8400000,100000,27400000,39100000,10000010,32000010,10000000,10000000,10,22000010
124,662606000,662606000,10000000,10000000,1000000,1000000,634506000,634506000,1000000,1000000,16100000,16100000,17100000,17100000,28100000,28100000,10000000,10000000,1000000,1000000,0,0,1000000,1000000,16100000,16100000,17100000,17100000,10000010,22000030,10000000,10000000,10,12000030
154,670606000,670606000,10000000,10000000,8000000,8000000,634506000,634506000,8000000,8000000,10100000,10100000,18100000,18100000,36100000,36100000,10000000,10000000,8000000,8000000,0,0,8000000,8000000,10100000,10100000,18100000,18100000,10000010,35000030,10000000,10000000,10,25000030
184,700506000,700506000,10000000,10000000,20000000,20000000,634506000,634506000,20000000,20000000,16000000,16000000,36000000,36000000,66000000,66000000,10000000,10000000,20000000,20000000,0,0,20000000,20000000,16000000,16000000,36000000,36000000,10000010,37000040,10000000,10000000,10,27000040
214,687706000,687706000,10000000,10000000,20000000,20000000,634506000,634506000,20000000,20000000,3200000,3200000,23200000,23200000,53200000,53200000,10000000,10000000,20000000,20000000,0,0,20000000,20000000,3200000,3200000,23200000,23200000,10000010,11000010,10000000,10000000,10,1000010
244,678006000,679006000,10000000,10000000,8000000,9000000,634506000,634506000,9000000,9000000,16500000,16500000,25500000,25500000,43500000,44500000,10000000,10000000,8000000,9000000,0,0,9000000,9000000,16500000,16500000,25500000,25500000,10000010,21000010,10000000,10000000,10,11000010
274,678206000,679206000,10000000,10000000,8000000,9000000,634506000,634506000,9000000,9000000,16700000,16700000,25700000,25700000,43700000,44700000,10000000,10000000,8000000,9000000,0,0,9000000,9000000,16700000,16700000,25700000,25700000,10000010,26000040,10000000,10000000,10,16000040
304,679706000,679706000,10000000,10000000,9000000,9000000,634506000,634506000,9000000,9000000,17200000,17200000,26200000,26200000,45200000,45200000,10000000,10000000,9000000,9000000,0,0,9000000,9000000,17200000,17200000,26200000,26200000,10000010,26000040,10000000,10000000,10,16000040
334,685506000,692606000,10000000,10000000,8000000,9000000,634506000,634506000,9000000,39000000,24000000,100000,33000000,39100000,51000000,58100000,10000000,10000000,8000000,9000000,0,0,9000000,39000000,24000000,100000,33000000,39100000,10000010,43000020,10000000,10000000,10,33000020
364,661606000,662606000,10000000,10000000,8000000,9000000,634506000,634506000,9000000,9000000,100000,100000,9100000,9100000,27100000,28100000,10000000,10000000,8000000,9000000,0,0,9000000,9000000,100000,100000,9100000,9100000,10000010,11000010,10000000,10000000,10,1000010
394,675506000,675506000,10000000,10000000,9000000,9000000,634506000,634506000,9000000,9000000,13000000,13000000,22000000,22000000,41000000,41000000,10000000,10000000,9000000,9000000,0,0,9000000,9000000,13000000,13000000,22000000,22000000,10000010,26000030,10000000,10000000,10,16000030
424,684506000,685506000,10000000,10000000,11000000,12000000,634506000,634506000,12000000,12000000,17000000,17000000,29000000,29000000,50000000,51000000,10000000,10000000,11000000,12000000,0,0,12000000,12000000,17000000,17000000,29000000,29000000,10000010,36000040,10000000,10000000,10,26000040
454,675906000,693606000,10000000,10000000,11000000,12000000,634506000,634506000,12000000,37000000,8400000,100000,20400000,37100000,41400000,59100000,10000000,10000000,11000000,12000000,0,0,12000000,37000000,8400000,100000,20400000,37100000,10000010,43000020,10000000,10000000,10,33000020
484,678606000,729606000,10000000,10000000,3000000,4000000,634506000,634506000,4000000,81000000,27100000,100000,31100000,81100000,44100000,95100000,10000000,10000000,3000000,4000000,0,0,4000000,81000000,27100000,100000,31100000,81100000,10000010,93000050,10000000,10000000,10,83000050
514,758406000,763506000,10000000,10000000,41000000,42000000,634506000,634506000,42000000,47000000,30900000,30000000,72900000,77000000,123900000,129000000,10000000,10000000,41000000,42000000,0,0,42000000,47000000,30900000,30000000,72900000,77000000,10000010,125000080,10000000,10000000,10,115000080
544,694206000,742606000,10000000,10000000,18000000,18000000,634506000,634506000,18000000,80000000,13700000,100000,31700000,80100000,59700000,108100000,10000000,10000000,18000000,18000000,0,0,18000000,80000000,13700000,100000,31700000,80100000,10000010,72000010,10000000,10000000,10,62000010
574,686806000,711606000,10000000,10000000,10000000,10000000,634506000,634506000,10000000,57000000,22300000,100000,32300000,57100000,52300000,77100000,10000000,10000000,10000000,10000000,0,0,10000000,57000000,22300000,100000,32300000,57100000,10000010,59000020,10000000,10000000,10,49000020
604,678406000,683406000,10000000,10000000,7000000,12000000,634506000,634506000,12000000,12000000,14900000,14900000,26900000,26900000,43900000,48900000,10000000,10000000,7000000,12000000,0,0,12000000,12000000,14900000,14900000,26900000,26900000,10000010,21000030,10000000,10000000,10,11000030
634,678206000,734906000,10000000,10000000,9000000,10000000,634506000,634506000,10000000,80000000,14700000,400000,24700000,80400000,43700000,100400000,10000000,10000000,9000000,10000000,0,0,10000000,80000000,14700000,400000,24700000,80400000,10000010,93000020,10000000,10000000,10,83000020
664,668606000,670606000,10000000,10000000,6000000,6000000,634506000,634506000,6000000,20000000,12100000,100000,18100000,20100000,34100000,36100000,10000000,10000000,6000000,6000000,0,0,6000000,20000000,12100000,100000,18100000,20100000,10000010,30000030,10000000,10000000,10,20000030
694,705206000,706206000,10000000,10000000,17000000,18000000,634506000,634506000,18000000,18000000,25700000,25700000,43700000,43700000,70700000,71700000,10000000,10000000,17000000,18000000,0,0,18000000,18000000,25700000,25700000,43700000,43700000,10000010,31000010,10000000,10000000,10,21000010
724,661506000,669506000,10000000,10000000,1000000,9000000,634506000,634506000,9000000,9000000,7000000,7000000,16000000,16000000,27000000,35000000,10000000,10000000,1000000,9000000,0,0,9000000,9000000,7000000,7000000,16000000,16000000,10000010,11000010,10000000,10000000,10,1000010
754,653506000,665606000,10000000,10000000,1000000,1000000,634506000,634506000,1000000,20000000,7000000,100000,8000000,20100000,19000000,31100000,10000000,10000000,1000000,1000000,0,0,1000000,20000000,7000000,100000,8000000,20100000,10000010,30000030,10000000,10000000,10,20000030
784,657706000,726606000,10000000,10000000,1000000,1000000,634506000,634506000,1000000,81000000,11200000,100000,12200000,81100000,23200000,92100000,10000000,10000000,1000000,1000000,0,0,1000000,81000000,11200000,100000,12200000,81100000,10000010,91000040,10000000,10000000,10,81000040
814,666606000,726706000,10000000,10000000,0,1000000,634506000,634506000,1000000,81000000,21100000,200000,22100000,81200000,32100000,92200000,10000000,10000000,0,1000000,0,0,1000000,81000000,21100000,200000,22100000,81200000,10000010,91000030,10000000,10000000,10,81000030
844,652506000,653506000,10000000,10000000,8000000,9000000,634506000,634506000,0,0,0,0,0,0,18000000,19000000,10000000,10000000,8000000,9000000,0,0,0,0,0,0,0,0,10000010,10000000,10000000,10000000,10,0
874,690406000,726606000,10000000,10000000,7000000,8000000,634506000,634506000,8000000,74000000,30900000,100000,38900000,74100000,55900000,92100000,10000000,10000000,7000000,8000000,0,0,8000000,74000000,30900000,100000,38900000,74100000,10000010,91000040,10000000,10000000,10,81000040
904,686506000,691606000,10000000,10000000,7000000,8000000,634506000,634506000,8000000,39000000,27000000,100000,35000000,39100000,52000000,57100000,10000000,10000000,7000000,8000000,0,0,8000000,39000000,27000000,100000,35000000,39100000,10000010,55000040,10000000,10000000,10,45000040
934,686806000,686806000,10000000,10000000,13000000,13000000,634506000,634506000,13000000,13000000,16300000,16300000,29300000,29300000,52300000,52300000,10000000,10000000,13000000,13000000,0,0,13000000,13000000,16300000,16300000,29300000,29300000,10000010,36000040,10000000,10000000,10,26000040
964,762706000,767606000,10000000,10000000,42000000,46000000,634506000,634506000,46000000,47000000,30200000,30100000,76200000,77100000,128200000,133100000,10000000,10000000,42000000,46000000,0,0,46000000,47000000,30200000,30100000,76200000,77100000,10000010,126000090,10000000,10000000,10,116000090
994,701906000,17864568000,10000000,10000000,8000000,39000000,634506000,17766168000,20000000,20000000,29400000,29400000,49400000,49400000,67400000,98400000,10000000,10000000,8000000,39000000,0,0,20000000,20000000,29400000,29400000,49400000,49400000,10000010,27000030,10000000,10000000,10,17000030
1024,722406000,3915936000,10000000,10000000,18000000,39000000,634506000,3807036000,39000000,39000000,20900000,20900000,59900000,59900000,87900000,108900000,10000000,10000000,18000000,39000000,0,0,39000000,39000000,20900000,20900000,59900000,59900000,10000010,21000010,10000000,10000000,10,11000010
1054,655706000,3200730000,10000000,10000000,5000000,12000000,634506000,3172530000,6000000,6000000,200000,200000,6200000,6200000,21200000,28200000,10000000,10000000,5000000,12000000,0,0,6000000,6000000,200000,200000,6200000,6200000,10000010,10000000,10000000,10000000,10,0
1084,664506000,666506000,10000000,10000000,20000000,22000000,634506000,634506000,0,0,0,0,0,0,30000000,32000000,10000000,10000000,20000000,22000000,0,0,0,0,0,0,0,0,10000010,10000000,10000000,10000000,10,0
1114,651506000,1921518000,10000000,10000000,7000000,8000000,634506000,1903518000,0,0,0,0,0,0,17000000,18000000,10000000,10000000,7000000,8000000,0,0,0,0,0,0,0,0,10000010,10000000,10000000,10000000,10,0
1144,648306000,3187330000,10000000,10000000,0,1000000,634506000,3172530000,1000000,1000000,2800000,2800000,3800000,3800000,13800000,14800000,10000000,10000000,0,1000000,0,0,1000000,1000000,2800000,2800000,3800000,3800000,10000010,10000000,10000000,10000000,10,0
1174,661606000,2566124000,10000000,10000000,8000000,9000000,634506000,2538024000,9000000,9000000,100000,100000,9100000,9100000,27100000,28100000,10000000,10000000,8000000,9000000,0,0,9000000,9000000,100000,100000,9100000,9100000,10000010,10000000,10000000,10000000,10,0
1204,662506000,1298012000,10000000,10000000,18000000,19000000,634506000,1269012000,0,0,0,0,0,0,28000000,29000000,10000000,10000000,18000000,19000000,0,0,0,0,0,0,0,0,10000010,10000000,10000000,10000000,10,0
1234,769906000,2101918000,10000000,10000000,18000000,81000000,634506000,1903518000,81000000,81000000,26400000,26400000,107400000,107400000,135400000,198400000,10000000,10000000,18000000,81000000,0,0,81000000,81000000,26400000,26400000,107400000,107400000,10000010,68000020,10000000,10000000,10,58000020
1264,650506000,652506000,10000000,10000000,6000000,8000000,634506000,634506000,0,0,0,0,0,0,16000000,18000000,10000000,10000000,6000000,8000000,0,0,0,0,0,0,0,0,10000010,10000000,10000000,10000000,10,0
5,682706000,720706000,10000000,10000000,17000000,19000000,634506000,634506000,19000000,57000000,2200000,200000,21200000,57200000,48200000,86200000,10000000,10000000,17000000,19000000,0,0,19000000,57000000,2200000,200000,21200000,57200000,10000010,57000020,10000000,10000000,10,47000020
35,708406000,709406000,10000000,10000000,19000000,20000000,634506000,634506000,20000000,20000000,24900000,24900000,44900000,44900000,73900000,74900000,10000000,10000000,19000000,20000000,0,0,20000000,20000000,24900000,24900000,44900000,44900000,10000010,32000010,10000000,10000000,10,22000010
65,689506000,713706000,10000000,10000000,10000000,11000000,634506000,634506000,11000000,58000000,24000000,200000,35000000,58200000,55000000,79200000,10000000,10000000,10000000,11000000,0,0,11000000,58000000,24000000,200000,35000000,58200000,10000010,78000040,10000000,10000000,10,68000040
95,705306000,721606000,10000000,10000000,19000000,20000000,634506000,634506000,20000000,57000000,21800000,100000,41800000,57100000,70800000,87100000,10000000,10000000,19000000,20000000,0,0,20000000,57000000,21800000,100000,41800000,57100000,10000010,60000040,10000000,10000000,10,50000040
125,675506000,727606000,10000000,10000000,1000000,2000000,634506000,634506000,2000000,81000000,28000000,100000,30000000,81100000,41000000,93100000,10000000,10000000,1000000,2000000,0,0,2000000,81000000,28000000,100000,30000000,81100000,10000010,92000030,10000000,10000000,10,82000030
155,673606000,673606000,10000000,10000000,8000000,8000000,634506000,634506000,8000000,8000000,13100000,13100000,21100000,21100000,39100000,39100000,10000000,10000000,8000000,8000000,0,0,8000000,8000000,13100000,13100000,21100000,21100000,10000010,35000030,10000000,10000000,10,25000030
185,700506000,700506000,10000000,10000000,20000000,20000000,634506000,634506000,20000000,20000000,16000000,16000000,36000000,36000000,66000000,66000000,10000000,10000000,20000000,20000000,0,0,20000000,20000000,16000000,16000000,36000000,36000000,10000010,37000040,10000000,10000000,10,27000040
215,688806000,688806000,10000000,10000000,20000000,20000000,634506000,634506000,20000000,20000000,4300000,4300000,24300000,24300000,54300000,54300000,10000000,10000000,20000000,20000000,0,0,20000000,20000000,4300000,4300000,24300000,24300000,10000010,11000010,10000000,10000000,10,1000010
245,678206000,679206000,10000000,10000000,8000000,9000000,634506000,634506000,9000000,9000000,16700000,16700000,25700000,25700000,43700000,44700000,10000000,10000000,8000000,9000000,0,0,9000000,9000000,16700000,16700000,25700000,25700000,10000010,26000040,10000000,10000000,10,16000040
275,679706000,679706000,10000000,10000000,9000000,9000000,634506000,634506000,9000000,9000000,17200000,17200000,26200000,26200000,45200000,45200000,10000000,10000000,9000000,9000000,0,0,9000000,9000000,17200000,17200000,26200000,26200000,10000010,26000040,10000000,10000000,10,16000040
305,679706000,679706000,10000000,10000000,9000000,9000000,634506000,634506000,9000000,9000000,17200000,17200000,26200000,26200000,45200000,45200000,10000000,10000000,9000000,9000000,0,0,9000000,9000000,17200000,17200000,26200000,26200000,10000010,26000040,10000000,10000000,10,16000040
335,661506000,670606000,10000000,10000000,8000000,8000000,634506000,634506000,8000000,18000000,1000000,100000,9000000,18100000,27000000,36100000,10000000,10000000,8000000,8000000,0,0,8000000,18000000,1000000,100000,9000000,18100000,10000010,23000010,10000000,10000000,10,13000010
365,661606000,662606000,10000000,10000000,8000000,9000000,634506000,634506000,9000000,9000000,100000,100000,9100000,9100000,27100000,28100000,10000000,10000000,8000000,9000000,0,0,9000000,9000000,100000,100000,9100000,9100000,10000010,11000010,10000000,10000000,10,1000010
395,675506000,675506000,10000000,10000000,9000000,9000000,634506000,634506000,9000000,9000000,13000000,13000000,22000000,22000000,41000000,41000000,10000000,10000000,9000000,9000000,0,0,9000000,9000000,13000000,13000000,22000000,22000000,10000010,26000030,10000000,10000000,10,16000030
425,671606000,675906000,10000000,10000000,7000000,11000000,634506000,634506000,11000000,20000000,9100000,400000,20100000,20400000,37100000,41400000,10000000,10000000,7000000,11000000,0,0,11000000,20000000,9100000,400000,20100000,20400000,10000010,29000030,10000000,10000000,10,19000030
455,680606000,692606000,10000000,10000000,11000000,11000000,634506000,634506000,11000000,37000000,14100000,100000,25100000,37100000,46100000,58100000,10000000,10000000,11000000,11000000,0,0,11000000,37000000,14100000,100000,25100000,37100000,10000010,43000020,10000000,10000000,10,33000020
485,678606000,729606000,10000000,10000000,3000000,4000000,634506000,634506000,4000000,81000000,27100000,100000,31100000,81100000,44100000,95100000,10000000,10000000,3000000,4000000,0,0,4000000,81000000,27100000,100000,31100000,81100000,10000010,93000050,10000000,10000000,10,83000050
515,743506000,743506000,10000000,10000000,39000000,39000000,634506000,634506000,39000000,39000000,21000000,21000000,60000000,60000000,109000000,109000000,10000000,10000000,39000000,39000000,0,0,39000000,39000000,21000000,21000000,60000000,60000000,10000010,43000020,10000000,10000000,10,33000020
545,760606000,822606000,10000000,10000000,18000000,80000000,634506000,634506000,80000000,80000000,18100000,18100000,98100000,98100000,126100000,188100000,10000000,10000000,18000000,80000000,0,0,80000000,80000000,18100000,18100000,98100000,98100000,10000010,68000020,10000000,10000000,10,58000020
575,686706000,711706000,10000000,10000000,10000000,10000000,634506000,634506000,10000000,57000000,22200000,200000,32200000,57200000,52200000,77200000,10000000,10000000,10000000,10000000,0,0,10000000,57000000,22200000,200000,32200000,57200000,10000010,59000020,10000000,10000000,10,49000020
605,653506000,655506000,10000000,10000000,9000000,11000000,634506000,634506000,0,0,0,0,0,0,19000000,21000000,10000000,10000000,9000000,11000000,0,0,0,0,0,0,0,0,10000010,10000000,10000000,10000000,10,0
635,653506000,654506000,10000000,10000000,9000000,10000000,634506000,634506000,0,0,0,0,0,0,19000000,20000000,10000000,10000000,9000000,10000000,0,0,0,0,0,0,0,0,10000010,10000000,10000000,10000000,10,0
665,666906000,666906000,10000000,10000000,6000000,6000000,634506000,634506000,6000000,6000000,10400000,10400000,16400000,16400000,32400000,32400000,10000000,10000000,6000000,6000000,0,0,6000000,6000000,10400000,10400000,16400000,16400000,10000010,22000020,10000000,10000000,10,12000020
695,696406000,697406000,10000000,10000000,17000000,18000000,634506000,634506000,18000000,18000000,16900000,16900000,34900000,34900000,61900000,62900000,10000000,10000000,17000000,18000000,0,0,18000000,18000000,16900000,16900000,34900000,34900000,10000010,31000010,10000000,10000000,10,21000010
725,649906000,656606000,10000000,10000000,1000000,1000000,634506000,634506000,1000000,11000000,3400000,100000,4400000,11100000,15400000,22100000,10000000,10000000,1000000,1000000,0,0,1000000,11000000,3400000,100000,4400000,11100000,10000010,21000030,10000000,10000000,10,11000030
755,656006000,663706000,10000000,10000000,1000000,1000000,634506000,634506000,1000000,18000000,9500000,200000,10500000,18200000,21500000,29200000,10000000,10000000,1000000,1000000,0,0,1000000,18000000,9500000,200000,10500000,18200000,10000010,28000020,10000000,10000000,10,18000020
785,657706000,726606000,10000000,10000000,1000000,1000000,634506000,634506000,1000000,81000000,11200000,100000,12200000,81100000,23200000,92100000,10000000,10000000,1000000,1000000,0,0,1000000,81000000,11200000,100000,12200000,81100000,10000010,91000040,10000000,10000000,10,81000040
815,662606000,724606000,10000000,10000000,0,7000000,634506000,634506000,7000000,73000000,11100000,100000,18100000,73100000,28100000,90100000,10000000,10000000,0,7000000,0,0,7000000,73000000,11100000,100000,18100000,73100000,10000010,83000040,10000000,10000000,10,73000040
845,663506000,665606000,10000000,10000000,8000000,8000000,634506000,634506000,8000000,13000000,3000000,100000,11000000,13100000,29000000,31100000,10000000,10000000,8000000,8000000,0,0,8000000,13000000,3000000,100000,11000000,13100000,10000010,20000030,10000000,10000000,10,10000030
875,679406000,732606000,10000000,10000000,7000000,8000000,634506000,634506000,8000000,80000000,19900000,100000,27900000,80100000,44900000,98100000,10000000,10000000,7000000,8000000,0,0,8000000,80000000,19900000,100000,27900000,80100000,10000010,95000030,10000000,10000000,10,85000030
905,682106000,683106000,10000000,10000000,7000000,8000000,634506000,634506000,8000000,8000000,22600000,22600000,30600000,30600000,47600000,48600000,10000000,10000000,7000000,8000000,0,0,8000000,8000000,22600000,22600000,30600000,30600000,10000010,17000010,10000000,10000000,10,7000010
935,668406000,671406000,10000000,10000000,6000000,9000000,634506000,634506000,6000000,6000000,11900000,11900000,17900000,17900000,33900000,36900000,10000000,10000000,6000000,9000000,0,0,6000000,6000000,11900000,11900000,17900000,17900000,10000010,18000020,10000000,10000000,10,8000020
965,769106000,770106000,10000000,10000000,47000000,48000000,634506000,634506000,48000000,48000000,29600000,29600000,77600000,77600000,134600000,135600000,10000000,10000000,47000000,48000000,0,0,48000000,48000000,29600000,29600000,77600000,77600000,10000010,14000010,10000000,10000000,10,4000010
995,661606000,3200630000,10000000,10000000,8000000,9000000,634506000,3172530000,9000000,9000000,100000,100000,9100000,9100000,27100000,28100000,10000000,10000000,8000000,9000000,0,0,9000000,9000000,100000,100000,9100000,9100000,10000010,10000000,10000000,10000000,10,0
1025,682506000,1318012000,10000000,10000000,38000000,39000000,634506000,1269012000,0,0,0,0,0,0,48000000,49000000,10000000,10000000,38000000,39000000,0,0,0,0,0,0,0,0,10000010,10000000,10000000,10000000,10,0
1055,689806000,1961818000,10000000,10000000,17000000,20000000,634506000,1903518000,20000000,20000000,8300000,8300000,28300000,28300000,55300000,58300000,10000000,10000000,17000000,20000000,0,0,20000000,20000000,8300000,8300000,28300000,28300000,10000010,10000000,10000000,10000000,10,0
1085,664506000,665506000,10000000,10000000,20000000,21000000,634506000,634506000,0,0,0,0,0,0,30000000,31000000,10000000,10000000,20000000,21000000,0,0,0,0,0,0,0,0,10000010,10000000,10000000,10000000,10,0
1115,651506000,1921518000,10000000,10000000,7000000,8000000,634506000,1903518000,0,0,0,0,0,0,17000000,18000000,10000000,10000000,7000000,8000000,0,0,0,0,0,0,0,0,10000010,10000000,10000000,10000000,10,0
1145,648306000,3821836000,10000000,10000000,0,1000000,634506000,3807036000,1000000,1000000,2800000,2800000,3800000,3800000,13800000,14800000,10000000,10000000,0,1000000,0,0,1000000,1000000,2800000,2800000,3800000,3800000,10000010,10000000,10000000,10000000,10,0
1175,653506000,661506000,10000000,10000000,9000000,17000000,634506000,634506000,0,0,0,0,0,0,19000000,27000000,10000000,10000000,9000000,17000000,0,0,0,0,0,0,0,0,10000010,10000000,10000000,10000000,10,0
1205,653506000,1923518000,10000000,10000000,9000000,10000000,634506000,1903518000,0,0,0,0,0,0,19000000,20000000,10000000,10000000,9000000,10000000,0,0,0,0,0,0,0,0,10000010,10000000,10000000,10000000,10,0
1235,654506000,665506000,10000000,10000000,10000000,21000000,634506000,634506000,0,0,0,0,0,0,20000000,31000000,10000000,10000000,10000000,21000000,0,0,0,0,0,0,0,0,10000010,10000000,10000000,10000000,10,0
1265,684606000,2590124000,10000000,10000000,17000000,19000000,634506000,2538024000,19000000,19000000,4100000,4100000,23100000,23100000,50100000,52100000,10000000,10000000,17000000,19000000,0,0,19000000,19000000,4100000,4100000,23100000,23100000,10000010,10000000,10000000,10000000,10,0
6,698606000,719606000,10000000,10000000,17000000,18000000,634506000,634506000,18000000,57000000,19100000,100000,37100000,57100000,64100000,85100000,10000000,10000000,17000000,18000000,0,0,18000000,57000000,19100000,100000,37100000,57100000,10000010,57000020,10000000,10000000,10,47000020
36,685506000,686506000,10000000,10000000,18000000,19000000,634506000,634506000,19000000,19000000,4000000,4000000,23000000,23000000,51000000,52000000,10000000,10000000,18000000,19000000,0,0,19000000,19000000,4000000,4000000,23000000,23000000,10000010,32000020,10000000,10000000,10,22000020
66,668706000,671706000,10000000,10000000,7000000,10000000,634506000,634506000,7000000,7000000,10200000,10200000,17200000,17200000,34200000,37200000,10000000,10000000,7000000,10000000,0,0,7000000,7000000,10200000,10200000,17200000,17200000,10000010,18000020,10000000,10000000,10,8000020
96,708306000,709306000,10000000,10000000,19000000,20000000,634506000,634506000,20000000,20000000,24800000,24800000,44800000,44800000,73800000,74800000,10000000,10000000,19000000,20000000,0,0,20000000,20000000,24800000,24800000,44800000,44800000,10000010,32000010,10000000,10000000,10,22000010
126,662606000,662606000,10000000,10000000,1000000,1000000,634506000,634506000,1000000,1000000,16100000,16100000,17100000,17100000,28100000,28100000,10000000,10000000,1000000,1000000,0,0,1000000,1000000,16100000,16100000,17100000,17100000,10000010,22000030,10000000,10000000,10,12000030
156,676406000,677406000,10000000,10000000,7000000,8000000,634506000,634506000,8000000,8000000,16900000,16900000,24900000,24900000,41900000,42900000,10000000,10000000,7000000,8000000,0,0,8000000,8000000,16900000,16900000,24900000,24900000,10000010,18000010,10000000,10000000,10,8000010
186,700506000,700506000,10000000,10000000,20000000,20000000,634506000,634506000,20000000,20000000,16000000,16000000,36000000,36000000,66000000,66000000,10000000,10000000,20000000,20000000,0,0,20000000,20000000,16000000,16000000,36000000,36000000,10000010,37000040,10000000,10000000,10,27000040
216,688806000,688806000,10000000,10000000,20000000,20000000,634506000,634506000,20000000,20000000,4300000,4300000,24300000,24300000,54300000,54300000,10000000,10000000,20000000,20000000,0,0,20000000,20000000,4300000,4300000,24300000,24300000,10000010,11000010,10000000,10000000,10,1000010
246,671406000,674206000,10000000,10000000,8000000,9000000,634506000,634506000,9000000,19000000,9900000,1700000,18900000,20700000,36900000,39700000,10000000,10000000,8000000,9000000,0,0,9000000,19000000,9900000,1700000,18900000,20700000,10000010,26000040,10000000,10000000,10,16000040
276,679606000,679606000,10000000,10000000,9000000,9000000,634506000,634506000,9000000,9000000,17100000,17100000,26100000,26100000,45100000,45100000,10000000,10000000,9000000,9000000,0,0,9000000,9000000,17100000,17100000,26100000,26100000,10000010,26000040,10000000,10000000,10,16000040
306,679706000,679706000,10000000,10000000,9000000,9000000,634506000,634506000,9000000,9000000,17200000,17200000,26200000,26200000,45200000,45200000,10000000,10000000,9000000,9000000,0,0,9000000,9000000,17200000,17200000,26200000,26200000,10000010,26000040,10000000,10000000,10,16000040
336,683006000,684006000,10000000,10000000,8000000,9000000,634506000,634506000,9000000,9000000,21500000,21500000,30500000,30500000,48500000,49500000,10000000,10000000,8000000,9000000,0,0,9000000,9000000,21500000,21500000,30500000,30500000,10000010,27000030,10000000,10000000,10,17000030
366,661606000,662606000,10000000,10000000,8000000,9000000,634506000,634506000,9000000,9000000,100000,100000,9100000,9100000,27100000,28100000,10000000,10000000,8000000,9000000,0,0,9000000,9000000,100000,100000,9100000,9100000,10000010,11000010,10000000,10000000,10,1000010
396,675506000,675506000,10000000,10000000,9000000,9000000,634506000,634506000,9000000,9000000,13000000,13000000,22000000,22000000,41000000,41000000,10000000,10000000,9000000,9000000,0,0,9000000,9000000,13000000,13000000,22000000,22000000,10000010,26000030,10000000,10000000,10,16000030
426,698006000,699006000,10000000,10000000,11000000,12000000,634506000,634506000,12000000,12000000,30500000,30500000,42500000,42500000,63500000,64500000,10000000,10000000,11000000,12000000,0,0,12000000,12000000,30500000,30500000,42500000,42500000,10000010,45000050,10000000,10000000,10,35000050
456,676806000,735706000,10000000,10000000,11000000,11000000,634506000,634506000,11000000,80000000,10300000,200000,21300000,80200000,42300000,101200000,10000000,10000000,11000000,11000000,0,0,11000000,80000000,10300000,200000,21300000,80200000,10000010,96000040,10000000,10000000,10,86000040
486,662606000,729206000,10000000,10000000,1000000,3000000,634506000,634506000,3000000,81000000,14100000,700000,17100000,81700000,28100000,94700000,10000000,10000000,1000000,3000000,0,0,3000000,81000000,14100000,700000,17100000,81700000,10000010,90000040,10000000,10000000,10,80000040
516,731906000,732906000,10000000,10000000,38000000,39000000,634506000,634506000,39000000,39000000,10400000,10400000,49400000,49400000,97400000,98400000,10000000,10000000,38000000,39000000,0,0,39000000,39000000,10400000,10400000,49400000,49400000,10000010,32000010,10000000,10000000,10,22000010
546,651506000,655506000,10000000,10000000,7000000,11000000,634506000,634506000,0,0,0,0,0,0,17000000,21000000,10000000,10000000,7000000,11000000,0,0,0,0,0,0,0,0,10000010,10000000,10000000,10000000,10,0
576,673706000,674706000,10000000,10000000,9000000,10000000,634506000,634506000,9000000,9000000,11200000,11200000,20200000,20200000,39200000,40200000,10000000,10000000,9000000,10000000,0,0,9000000,9000000,11200000,11200000,20200000,20200000,10000010,29000030,10000000,10000000,10,19000030
606,661506000,672206000,10000000,10000000,1000000,9000000,634506000,634506000,9000000,17000000,7000000,1700000,16000000,18700000,27000000,37700000,10000000,10000000,1000000,9000000,0,0,9000000,17000000,7000000,1700000,16000000,18700000,10000010,21000030,10000000,10000000,10,11000030
636,672106000,739706000,10000000,10000000,9000000,10000000,634506000,634506000,9000000,85000000,9600000,200000,18600000,85200000,37600000,105200000,10000000,10000000,9000000,10000000,0,0,9000000,85000000,9600000,200000,18600000,85200000,10000010,103000030,10000000,10000000,10,93000030
666,664906000,668906000,10000000,10000000,6000000,10000000,634506000,634506000,6000000,6000000,8400000,8400000,14400000,14400000,30400000,34400000,10000000,10000000,6000000,10000000,0,0,6000000,6000000,8400000,8400000,14400000,14400000,10000010,15000030,10000000,10000000,10,5000030
696,696406000,697406000,10000000,10000000,17000000,18000000,634506000,634506000,18000000,18000000,16900000,16900000,34900000,34900000,61900000,62900000,10000000,10000000,17000000,18000000,0,0,18000000,18000000,16900000,16900000,34900000,34900000,10000010,31000010,10000000,10000000,10,21000010
726,690606000,744806000,10000000,10000000,18000000,20000000,634506000,634506000,18000000,80000000,10100000,300000,28100000,80300000,56100000,110300000,10000000,10000000,18000000,20000000,0,0,18000000,80000000,10100000,300000,28100000,80300000,10000010,73000020,10000000,10000000,10,63000020
756,662306000,726706000,10000000,10000000,0,1000000,634506000,634506000,1000000,81000000,16800000,200000,17800000,81200000,27800000,92200000,10000000,10000000,0,1000000,0,0,1000000,81000000,16800000,200000,17800000,81200000,10000010,91000030,10000000,10000000,10,81000030
786,657706000,726606000,10000000,10000000,1000000,1000000,634506000,634506000,1000000,81000000,11200000,100000,12200000,81100000,23200000,92100000,10000000,10000000,1000000,1000000,0,0,1000000,81000000,11200000,100000,12200000,81100000,10000010,91000040,10000000,10000000,10,81000040
816,680206000,742406000,10000000,10000000,0,15000000,634506000,634506000,15000000,81000000,20700000,1900000,35700000,82900000,45700000,107900000,10000000,10000000,0,15000000,0,0,15000000,81000000,20700000,1900000,35700000,82900000,10000010,76000020,10000000,10000000,10,66000020
846,663506000,665606000,10000000,10000000,8000000,8000000,634506000,634506000,8000000,13000000,3000000,100000,11000000,13100000,29000000,31100000,10000000,10000000,8000000,8000000,0,0,8000000,13000000,3000000,100000,11000000,13100000,10000010,20000030,10000000,10000000,10,10000030
876,681606000,732606000,10000000,10000000,7000000,8000000,634506000,634506000,8000000,80000000,22100000,100000,30100000,80100000,47100000,98100000,10000000,10000000,7000000,8000000,0,0,8000000,80000000,22100000,100000,30100000,80100000,10000010,95000030,10000000,10000000,10,85000030
906,683006000,684006000,10000000,10000000,7000000,8000000,634506000,634506000,8000000,8000000,23500000,23500000,31500000,31500000,48500000,49500000,10000000,10000000,7000000,8000000,0,0,8000000,8000000,23500000,23500000,31500000,31500000,10000010,17000010,10000000,10000000,10,7000010
936,661706000,661706000,10000000,10000000,6000000,6000000,634506000,634506000,6000000,6000000,5200000,5200000,11200000,11200000,27200000,27200000,10000000,10000000,6000000,6000000,0,0,6000000,6000000,5200000,5200000,11200000,11200000,10000010,15000010,10000000,10000000,10,5000010
966,718706000,748006000,10000000,10000000,8000000,37000000,634506000,634506000,37000000,38000000,29200000,28500000,66200000,66500000,84200000,113500000,10000000,10000000,8000000,37000000,0,0,37000000,38000000,29200000,28500000,66200000,66500000,10000010,22000040,10000000,10000000,10,12000040
996,683106000,22321810000,10000000,10000000,0,19000000,634506000,22207710000,19000000,85000000,19600000,100000,38600000,85100000,48600000,114100000,10000000,10000000,0,19000000,0,0,19000000,85000000,19600000,100000,38600000,85100000,10000010,88000040,10000000,10000000,10,78000040
1026,731606000,5205248000,10000000,10000000,17000000,39000000,634506000,5076048000,39000000,80000000,31100000,200000,70100000,80200000,97100000,129200000,10000000,10000000,17000000,39000000,0,0,39000000,80000000,31100000,200000,70100000,80200000,10000010,72000010,10000000,10000000,10,62000010
1056,686706000,1323212000,10000000,10000000,18000000,20000000,634506000,1269012000,19000000,19000000,5200000,5200000,24200000,24200000,52200000,54200000,10000000,10000000,18000000,20000000,0,0,19000000,19000000,5200000,5200000,24200000,24200000,10000010,10000000,10000000,10000000,10,0
1086,672006000,4519642000,10000000,10000000,8000000,11000000,634506000,4441542000,11000000,57000000,8500000,100000,19500000,57100000,37500000,78100000,10000000,10000000,8000000,11000000,0,0,11000000,57000000,8500000,100000,19500000,57100000,10000010,66000030,10000000,10000000,10,56000030
1116,651506000,1921518000,10000000,10000000,7000000,8000000,634506000,1903518000,0,0,0,0,0,0,17000000,18000000,10000000,10000000,7000000,8000000,0,0,0,0,0,0,0,0,10000010,10000000,10000000,10000000,10,0
1146,648306000,3187330000,10000000,10000000,0,1000000,634506000,3172530000,1000000,1000000,2800000,2800000,3800000,3800000,13800000,14800000,10000000,10000000,0,1000000,0,0,1000000,1000000,2800000,2800000,3800000,3800000,10000010,10000000,10000000,10000000,10,0
1176,666406000,5134148000,10000000,10000000,1000000,9000000,634506000,5076048000,8000000,39000000,12900000,100000,20900000,39100000,31900000,58100000,10000000,10000000,1000000,9000000,0,0,8000000,39000000,12900000,100000,20900000,39100000,10000010,43000020,10000000,10000000,10,33000020
1206,653506000,1923518000,10000000,10000000,9000000,10000000,634506000,1903518000,0,0,0,0,0,0,19000000,20000000,10000000,10000000,9000000,10000000,0,0,0,0,0,0,0,0,10000010,10000000,10000000,10000000,10,0
1236,654706000,1931718000,10000000,10000000,1000000,9000000,634506000,1903518000,9000000,9000000,200000,200000,9200000,9200000,20200000,28200000,10000000,10000000,1000000,9000000,0,0,9000000,9000000,200000,200000,9200000,9200000,10000010,10000000,10000000,10000000,10,0
1266,765006000,1404512000,10000000,10000000,43000000,48000000,634506000,1269012000,48000000,48000000,29500000,29500000,77500000,77500000,130500000,135500000,10000000,10000000,43000000,48000000,0,0,48000000,48000000,29500000,29500000,77500000,77500000,10000010,10000000,10000000,10000000,10,0
7,707106000,747606000,10000000,10000000,17000000,18000000,634506000,634506000,18000000,85000000,27600000,100000,45600000,85100000,72600000,113100000,10000000,10000000,17000000,18000000,0,0,18000000,85000000,27600000,100000,45600000,85100000,10000010,85000030,10000000,10000000,10,75000030
37,689806000,747706000,10000000,10000000,18000000,18000000,634506000,634506000,18000000,85000000,9300000,200000,27300000,85200000,55300000,113200000,10000000,10000000,18000000,18000000,0,0,18000000,85000000,9300000,200000,27300000,85200000,10000010,84000030,10000000,10000000,10,74000030
67,686506000,687506000,10000000,10000000,10000000,11000000,634506000,634506000,11000000,11000000,21000000,21000000,32000000,32000000,52000000,53000000,10000000,10000000,10000000,11000000,0,0,11000000,11000000,21000000,21000000,32000000,32000000,10000010,34000030,10000000,10000000,10,24000030
97,708306000,709306000,10000000,10000000,19000000,20000000,634506000,634506000,20000000,20000000,24800000,24800000,44800000,44800000,73800000,74800000,10000000,10000000,19000000,20000000,0,0,20000000,20000000,24800000,24800000,44800000,44800000,10000010,32000010,10000000,10000000,10,22000010
127,658406000,662406000,10000000,10000000,1000000,5000000,634506000,634506000,5000000,5000000,7900000,7900000,12900000,12900000,23900000,27900000,10000000,10000000,1000000,5000000,0,0,5000000,5000000,7900000,7900000,12900000,12900000,10000010,19000030,10000000,10000000,10,9000030
157,674106000,732706000,10000000,10000000,7000000,8000000,634506000,634506000,8000000,80000000,14600000,200000,22600000,80200000,39600000,98200000,10000000,10000000,7000000,8000000,0,0,8000000,80000000,14600000,200000,22600000,80200000,10000010,95000030,10000000,10000000,10,85000030
187,696406000,696406000,10000000,10000000,20000000,20000000,634506000,634506000,20000000,20000000,11900000,11900000,31900000,31900000,61900000,61900000,10000000,10000000,20000000,20000000,0,0,20000000,20000000,11900000,11900000,31900000,31900000,10000010,37000040,10000000,10000000,10,27000040
217,688806000,688806000,10000000,10000000,20000000,20000000,634506000,634506000,20000000,20000000,4300000,4300000,24300000,24300000,54300000,54300000,10000000,10000000,20000000,20000000,0,0,20000000,20000000,4300000,4300000,24300000,24300000,10000010,11000010,10000000,10000000,10,1000010
247,671606000,709606000,10000000,10000000,7000000,8000000,634506000,634506000,7000000,57000000,13100000,100000,20100000,57100000,37100000,75100000,10000000,10000000,7000000,8000000,0,0,7000000,57000000,13100000,100000,20100000,57100000,10000010,67000040,10000000,10000000,10,57000040
277,679706000,679706000,10000000,10000000,9000000,9000000,634506000,634506000,9000000,9000000,17200000,17200000,26200000,26200000,45200000,45200000,10000000,10000000,9000000,9000000,0,0,9000000,9000000,17200000,17200000,26200000,26200000,10000010,26000040,10000000,10000000,10,16000040
307,677206000,677206000,10000000,10000000,9000000,9000000,634506000,634506000,9000000,9000000,14700000,14700000,23700000,23700000,42700000,42700000,10000000,10000000,9000000,9000000,0,0,9000000,9000000,14700000,14700000,23700000,23700000,10000010,26000040,10000000,10000000,10,16000040
337,671106000,734606000,10000000,10000000,6000000,8000000,634506000,634506000,6000000,80000000,14600000,2100000,20600000,82100000,36600000,100100000,10000000,10000000,6000000,8000000,0,0,6000000,80000000,14600000,2100000,20600000,82100000,10000010,87000030,10000000,10000000,10,77000030
367,661606000,662606000,10000000,10000000,8000000,9000000,634506000,634506000,9000000,9000000,100000,100000,9100000,9100000,27100000,28100000,10000000,10000000,8000000,9000000,0,0,9000000,9000000,100000,100000,9100000,9100000,10000010,11000010,10000000,10000000,10,1000010
397,675506000,675506000,10000000,10000000,9000000,9000000,634506000,634506000,9000000,9000000,13000000,13000000,22000000,22000000,41000000,41000000,10000000,10000000,9000000,9000000,0,0,9000000,9000000,13000000,13000000,22000000,22000000,10000010,26000030,10000000,10000000,10,16000030
427,677106000,677106000,10000000,10000000,11000000,11000000,634506000,634506000,11000000,11000000,10600000,10600000,21600000,21600000,42600000,42600000,10000000,10000000,11000000,11000000,0,0,11000000,11000000,10600000,10600000,21600000,21600000,10000010,33000020,10000000,10000000,10,23000020
457,675906000,693606000,10000000,10000000,11000000,12000000,634506000,634506000,12000000,37000000,8400000,100000,20400000,37100000,41400000,59100000,10000000,10000000,11000000,12000000,0,0,12000000,37000000,8400000,100000,20400000,37100000,10000010,43000020,10000000,10000000,10,33000020
487,679506000,679506000,10000000,10000000,4000000,4000000,634506000,634506000,4000000,4000000,27000000,27000000,31000000,31000000,45000000,45000000,10000000,10000000,4000000,4000000,0,0,4000000,4000000,27000000,27000000,31000000,31000000,10000010,25000040,10000000,10000000,10,15000040
517,722306000,743306000,10000000,10000000,18000000,39000000,634506000,634506000,39000000,39000000,20800000,20800000,59800000,59800000,87800000,108800000,10000000,10000000,18000000,39000000,0,0,39000000,39000000,20800000,20800000,59800000,59800000,10000010,35000040,10000000,10000000,10,25000040
547,679206000,680206000,10000000,10000000,7000000,8000000,634506000,634506000,8000000,8000000,19700000,19700000,27700000,27700000,44700000,45700000,10000000,10000000,7000000,8000000,0,0,8000000,8000000,19700000,19700000,27700000,27700000,10000010,32000030,10000000,10000000,10,22000030
577,686806000,711606000,10000000,10000000,10000000,10000000,634506000,634506000,10000000,57000000,22300000,100000,32300000,57100000,52300000,77100000,10000000,10000000,10000000,10000000,0,0,10000000,57000000,22300000,100000,32300000,57100000,10000010,59000020,10000000,10000000,10,49000020
607,665806000,674806000,10000000,10000000,0,9000000,634506000,634506000,9000000,9000000,12300000,12300000,21300000,21300000,31300000,40300000,10000000,10000000,0,9000000,0,0,9000000,9000000,12300000,12300000,21300000,21300000,10000010,22000040,10000000,10000000,10,12000040
637,671506000,737606000,10000000,10000000,7000000,9000000,634506000,634506000,9000000,80000000,11000000,4100000,20000000,84100000,37000000,103100000,10000000,10000000,7000000,9000000,0,0,9000000,80000000,11000000,4100000,20000000,84100000,10000010,93000020,10000000,10000000,10,83000020
667,668506000,670706000,10000000,10000000,6000000,6000000,634506000,634506000,6000000,20000000,12000000,200000,18000000,20200000,34000000,36200000,10000000,10000000,6000000,6000000,0,0,6000000,20000000,12000000,200000,18000000,20200000,10000010,30000030,10000000,10000000,10,20000030
697,696406000,697406000,10000000,10000000,17000000,18000000,634506000,634506000,18000000,18000000,16900000,16900000,34900000,34900000,61900000,62900000,10000000,10000000,17000000,18000000,0,0,18000000,18000000,16900000,16900000,34900000,34900000,10000010,31000010,10000000,10000000,10,21000010
727,674606000,730806000,10000000,10000000,6000000,6000000,634506000,634506000,6000000,80000000,18100000,300000,24100000,80300000,40100000,96300000,10000000,10000000,6000000,6000000,0,0,6000000,80000000,18100000,300000,24100000,80300000,10000010,92000030,10000000,10000000,10,82000030
757,653706000,726606000,10000000,10000000,1000000,1000000,634506000,634506000,1000000,81000000,7200000,100000,8200000,81100000,19200000,92100000,10000000,10000000,1000000,1000000,0,0,1000000,81000000,7200000,100000,8200000,81100000,10000010,91000040,10000000,10000000,10,81000040
787,657706000,726606000,10000000,10000000,1000000,1000000,634506000,634506000,1000000,81000000,11200000,100000,12200000,81100000,23200000,92100000,10000000,10000000,1000000,1000000,0,0,1000000,81000000,11200000,100000,12200000,81100000,10000010,91000040,10000000,10000000,10,81000040
817,666906000,726706000,10000000,10000000,0,1000000,634506000,634506000,1000000,81000000,21400000,200000,22400000,81200000,32400000,92200000,10000000,10000000,0,1000000,0,0,1000000,81000000,21400000,200000,22400000,81200000,10000010,91000030,10000000,10000000,10,81000030
847,663506000,665606000,10000000,10000000,8000000,8000000,634506000,634506000,8000000,13000000,3000000,100000,11000000,13100000,29000000,31100000,10000000,10000000,8000000,8000000,0,0,8000000,13000000,3000000,100000,11000000,13100000,10000010,20000030,10000000,10000000,10,10000030
877,684306000,685306000,10000000,10000000,12000000,13000000,634506000,634506000,12000000,12000000,15800000,15800000,27800000,27800000,49800000,50800000,10000000,10000000,12000000,13000000,0,0,12000000,12000000,15800000,15800000,27800000,27800000,10000010,36000040,10000000,10000000,10,26000040
907,682806000,683806000,10000000,10000000,7000000,8000000,634506000,634506000,8000000,8000000,23300000,23300000,31300000,31300000,48300000,49300000,10000000,10000000,7000000,8000000,0,0,8000000,8000000,23300000,23300000,31300000,31300000,10000010,17000010,10000000,10000000,10,7000010
937,665306000,667306000,10000000,10000000,9000000,11000000,634506000,634506000,9000000,9000000,2800000,2800000,11800000,11800000,30800000,32800000,10000000,10000000,9000000,11000000,0,0,9000000,9000000,2800000,2800000,11800000,11800000,10000010,18000010,10000000,10000000,10,8000010
967,670406000,696606000,10000000,10000000,8000000,8000000,634506000,634506000,8000000,44000000,9900000,100000,17900000,44100000,35900000,62100000,10000000,10000000,8000000,8000000,0,0,8000000,44000000,9900000,100000,17900000,44100000,10000010,46000030,10000000,10000000,10,36000030
997,694206000,23581122000,10000000,10000000,5000000,20000000,634506000,23476722000,20000000,74000000,24700000,400000,44700000,74400000,59700000,104400000,10000000,10000000,5000000,20000000,0,0,20000000,74000000,24700000,400000,44700000,74400000,10000010,73000040,10000000,10000000,10,63000040
1027,752806000,16686456000,10000000,10000000,9000000,80000000,634506000,16497156000,74000000,74000000,25300000,25300000,99300000,99300000,118300000,189300000,10000000,10000000,9000000,80000000,0,0,74000000,74000000,25300000,25300000,99300000,99300000,10000010,55000030,10000000,10000000,10,45000030
1057,695306000,12134414000,10000000,10000000,1000000,19000000,634506000,12055614000,19000000,19000000,30800000,30800000,49800000,49800000,60800000,78800000,10000000,10000000,1000000,19000000,0,0,19000000,19000000,30800000,30800000,49800000,49800000,10000010,10000000,10000000,10000000,10,0
1087,652506000,1922518000,10000000,10000000,8000000,9000000,634506000,1903518000,0,0,0,0,0,0,18000000,19000000,10000000,10000000,8000000,9000000,0,0,0,0,0,0,0,0,10000010,10000000,10000000,10000000,10,0
1117,651506000,1921518000,10000000,10000000,7000000,8000000,634506000,1903518000,0,0,0,0,0,0,17000000,18000000,10000000,10000000,7000000,8000000,0,0,0,0,0,0,0,0,10000010,10000000,10000000,10000000,10,0
1147,648306000,3821836000,10000000,10000000,0,1000000,634506000,3807036000,1000000,1000000,2800000,2800000,3800000,3800000,13800000,14800000,10000000,10000000,0,1000000,0,0,1000000,1000000,2800000,2800000,3800000,3800000,10000010,10000000,10000000,10000000,10,0
1177,661606000,3200630000,10000000,10000000,8000000,9000000,634506000,3172530000,9000000,9000000,100000,100000,9100000,9100000,27100000,28100000,10000000,10000000,8000000,9000000,0,0,9000000,9000000,100000,100000,9100000,9100000,10000010,10000000,10000000,10000000,10,0
1207,653506000,1923518000,10000000,10000000,9000000,10000000,634506000,1903518000,0,0,0,0,0,0,19000000,20000000,10000000,10000000,9000000,10000000,0,0,0,0,0,0,0,0,10000010,10000000,10000000,10000000,10,0
1237,678606000,1948618000,10000000,10000000,17000000,18000000,634506000,1903518000,17000000,17000000,100000,100000,17100000,17100000,44100000,45100000,10000000,10000000,17000000,18000000,0,0,17000000,17000000,100000,100000,17100000,17100000,10000010,10000000,10000000,10000000,10,0
1267,717606000,2016918000,10000000,10000000,7000000,37000000,634506000,1903518000,37000000,38000000,29100000,28400000,66100000,66400000,83100000,113400000,10000000,10000000,7000000,37000000,0,0,37000000,38000000,29100000,28400000,66100000,66400000,10000010,18000020,10000000,10000000,10,8000020
8,693806000,700606000,10000000,10000000,17000000,18000000,634506000,634506000,18000000,38000000,14300000,100000,32300000,38100000,59300000,66100000,10000000,10000000,17000000,18000000,0,0,18000000,38000000,14300000,100000,32300000,38100000,10000010,35000030,10000000,10000000,10,25000030
38,678106000,746506000,10000000,10000000,8000000,18000000,634506000,634506000,18000000,81000000,7600000,3000000,25600000,84000000,43600000,112000000,10000000,10000000,8000000,18000000,0,0,18000000,81000000,7600000,3000000,25600000,84000000,10000010,76000030,10000000,10000000,10,66000030
68,669206000,672606000,10000000,10000000,7000000,10000000,634506000,634506000,10000000,18000000,7700000,100000,17700000,18100000,34700000,38100000,10000000,10000000,7000000,10000000,0,0,10000000,18000000,7700000,100000,17700000,18100000,10000010,32000020,10000000,10000000,10,22000020
98,708306000,709306000,10000000,10000000,19000000,20000000,634506000,634506000,20000000,20000000,24800000,24800000,44800000,44800000,73800000,74800000,10000000,10000000,19000000,20000000,0,0,20000000,20000000,24800000,24800000,44800000,44800000,10000010,32000010,10000000,10000000,10,22000010
128,661906000,661906000,10000000,10000000,1000000,1000000,634506000,634506000,1000000,1000000,15400000,15400000,16400000,16400000,27400000,27400000,10000000,10000000,1000000,1000000,0,0,1000000,1000000,15400000,15400000,16400000,16400000,10000010,22000030,10000000,10000000,10,12000030
158,669306000,691406000,10000000,10000000,8000000,8000000,634506000,634506000,8000000,38000000,8800000,900000,16800000,38900000,34800000,56900000,10000000,10000000,8000000,8000000,0,0,8000000,38000000,8800000,900000,16800000,38900000,10000010,54000030,10000000,10000000,10,44000030
188,700506000,700506000,10000000,10000000,20000000,20000000,634506000,634506000,20000000,20000000,16000000,16000000,36000000,36000000,66000000,66000000,10000000,10000000,20000000,20000000,0,0,20000000,20000000,16000000,16000000,36000000,36000000,10000010,37000040,10000000,10000000,10,27000040
218,712006000,732006000,10000000,10000000,19000000,39000000,634506000,634506000,39000000,39000000,9500000,9500000,48500000,48500000,77500000,97500000,10000000,10000000,19000000,39000000,0,0,39000000,39000000,9500000,9500000,48500000,48500000,10000010,22000020,10000000,10000000,10,12000020
248,678206000,679206000,10000000,10000000,8000000,9000000,634506000,634506000,9000000,9000000,16700000,16700000,25700000,25700000,43700000,44700000,10000000,10000000,8000000,9000000,0,0,9000000,9000000,16700000,16700000,25700000,25700000,10000010,26000040,10000000,10000000,10,16000040
278,673106000,674306000,10000000,10000000,9000000,9000000,634506000,634506000,9000000,20000000,10600000,800000,19600000,20800000,38600000,39800000,10000000,10000000,9000000,9000000,0,0,9000000,20000000,10600000,800000,19600000,20800000,10000010,26000040,10000000,10000000,10,16000040
308,679706000,679706000,10000000,10000000,9000000,9000000,634506000,634506000,9000000,9000000,17200000,17200000,26200000,26200000,45200000,45200000,10000000,10000000,9000000,9000000,0,0,9000000,9000000,17200000,17200000,26200000,26200000,10000010,26000040,10000000,10000000,10,16000040
338,694706000,705706000,10000000,10000000,8000000,19000000,634506000,634506000,19000000,19000000,23200000,23200000,42200000,42200000,60200000,71200000,10000000,10000000,8000000,19000000,0,0,19000000,19000000,23200000,23200000,42200000,42200000,10000010,26000030,10000000,10000000,10,16000030
368,661606000,662606000,10000000,10000000,8000000,9000000,634506000,634506000,9000000,9000000,100000,100000,9100000,9100000,27100000,28100000,10000000,10000000,8000000,9000000,0,0,9000000,9000000,100000,100000,9100000,9100000,10000010,11000010,10000000,10000000,10,1000010
398,675506000,675506000,10000000,10000000,9000000,9000000,634506000,634506000,9000000,9000000,13000000,13000000,22000000,22000000,41000000,41000000,10000000,10000000,9000000,9000000,0,0,9000000,9000000,13000000,13000000,22000000,22000000,10000010,26000030,10000000,10000000,10,16000030
428,689506000,695706000,10000000,10000000,11000000,12000000,634506000,634506000,12000000,39000000,22000000,200000,34000000,39200000,55000000,61200000,10000000,10000000,11000000,12000000,0,0,12000000,39000000,22000000,200000,34000000,39200000,10000010,55000040,10000000,10000000,10,45000040
458,679606000,692606000,10000000,10000000,11000000,11000000,634506000,634506000,11000000,37000000,13100000,100000,24100000,37100000,45100000,58100000,10000000,10000000,11000000,11000000,0,0,11000000,37000000,13100000,100000,24100000,37100000,10000010,43000020,10000000,10000000,10,33000020
488,666806000,728606000,10000000,10000000,4000000,11000000,634506000,634506000,11000000,73000000,7300000,100000,18300000,73100000,32300000,94100000,10000000,10000000,4000000,11000000,0,0,11000000,73000000,7300000,100000,18300000,73100000,10000010,84000050,10000000,10000000,10,74000050
518,743506000,743506000,10000000,10000000,39000000,39000000,634506000,634506000,39000000,39000000,21000000,21000000,60000000,60000000,109000000,109000000,10000000,10000000,39000000,39000000,0,0,39000000,39000000,21000000,21000000,60000000,60000000,10000010,43000020,10000000,10000000,10,33000020
548,667406000,667406000,10000000,10000000,7000000,7000000,634506000,634506000,7000000,7000000,8900000,8900000,15900000,15900000,32900000,32900000,10000000,10000000,7000000,7000000,0,0,7000000,7000000,8900000,8900000,15900000,15900000,10000010,18000010,10000000,10000000,10,8000010
578,794306000,810306000,10000000,10000000,57000000,73000000,634506000,634506000,73000000,73000000,19800000,19800000,92800000,92800000,159800000,175800000,10000000,10000000,57000000,73000000,0,0,73000000,73000000,19800000,19800000,92800000,92800000,10000010,115000030,10000000,10000000,10,105000030
608,683606000,684606000,10000000,10000000,9000000,10000000,634506000,634506000,10000000,10000000,20100000,20100000,30100000,30100000,49100000,50100000,10000000,10000000,9000000,10000000,0,0,10000000,10000000,20100000,20100000,30100000,30100000,10000010,31000040,10000000,10000000,10,21000040
638,667206000,670606000,10000000,10000000,6000000,9000000,634506000,634506000,6000000,16000000,10700000,1100000,16700000,17100000,32700000,36100000,10000000,10000000,6000000,9000000,0,0,6000000,16000000,10700000,1100000,16700000,17100000,10000010,25000020,10000000,10000000,10,15000020
668,668506000,670606000,10000000,10000000,6000000,6000000,634506000,634506000,6000000,20000000,12000000,100000,18000000,20100000,34000000,36100000,10000000,10000000,6000000,6000000,0,0,6000000,20000000,12000000,100000,18000000,20100000,10000010,30000030,10000000,10000000,10,20000030
698,696406000,697406000,10000000,10000000,17000000,18000000,634506000,634506000,18000000,18000000,16900000,16900000,34900000,34900000,61900000,62900000,10000000,10000000,17000000,18000000,0,0,18000000,18000000,16900000,16900000,34900000,34900000,10000010,31000010,10000000,10000000,10,21000010
728,674206000,730606000,10000000,10000000,5000000,6000000,634506000,634506000,6000000,80000000,18700000,100000,24700000,80100000,39700000,96100000,10000000,10000000,5000000,6000000,0,0,6000000,80000000,18700000,100000,24700000,80100000,10000010,92000040,10000000,10000000,10,82000040
758,653806000,665606000,10000000,10000000,1000000,1000000,634506000,634506000,1000000,20000000,7300000,100000,8300000,20100000,19300000,31100000,10000000,10000000,1000000,1000000,0,0,1000000,20000000,7300000,100000,8300000,20100000,10000010,30000030,10000000,10000000,10,20000030
788,670306000,733706000,10000000,10000000,1000000,9000000,634506000,634506000,9000000,80000000,15800000,200000,24800000,80200000,35800000,99200000,10000000,10000000,1000000,9000000,0,0,9000000,80000000,15800000,200000,24800000,80200000,10000010,89000030,10000000,10000000,10,79000030
818,644506000,645506000,10000000,10000000,0,1000000,634506000,634506000,0,0,0,0,0,0,10000000,11000000,10000000,10000000,0,1000000,0,0,0,0,0,0,0,0,10000010,10000000,10000000,10000000,10,0
848,700806000,701806000,10000000,10000000,12000000,13000000,634506000,634506000,13000000,13000000,31300000,31300000,44300000,44300000,66300000,67300000,10000000,10000000,12000000,13000000,0,0,13000000,13000000,31300000,31300000,44300000,44300000,10000010,19000010,10000000,10000000,10,9000010
878,681306000,682306000,10000000,10000000,12000000,13000000,634506000,634506000,13000000,13000000,11800000,11800000,24800000,24800000,46800000,47800000,10000000,10000000,12000000,13000000,0,0,13000000,13000000,11800000,11800000,24800000,24800000,10000010,25000040,10000000,10000000,10,15000040
908,670906000,671906000,10000000,10000000,7000000,8000000,634506000,634506000,8000000,8000000,11400000,11400000,19400000,19400000,36400000,37400000,10000000,10000000,7000000,8000000,0,0,8000000,8000000,11400000,11400000,19400000,19400000,10000010,25000030,10000000,10000000,10,15000030
938,675706000,734706000,10000000,10000000,9000000,10000000,634506000,634506000,9000000,80000000,13200000,200000,22200000,80200000,41200000,100200000,10000000,10000000,9000000,10000000,0,0,9000000,80000000,13200000,200000,22200000,80200000,10000010,94000030,10000000,10000000,10,84000030
968,662806000,662806000,10000000,10000000,8000000,8000000,634506000,634506000,8000000,8000000,2300000,2300000,10300000,10300000,28300000,28300000,10000000,10000000,8000000,8000000,0,0,8000000,8000000,2300000,2300000,10300000,10300000,10000010,11000010,10000000,10000000,10,1000010
998,687406000,28668170000,10000000,10000000,0,19000000,634506000,28552770000,19000000,85000000,23900000,1400000,42900000,86400000,52900000,115400000,10000000,10000000,0,19000000,0,0,19000000,85000000,23900000,1400000,42900000,86400000,10000010,84000030,10000000,10000000,10,74000030
1028,682506000,1318012000,10000000,10000000,38000000,39000000,634506000,1269012000,0,0,0,0,0,0,48000000,49000000,10000000,10000000,38000000,39000000,0,0,0,0,0,0,0,0,10000010,10000000,10000000,10000000,10,0
1058,700006000,12792620000,10000000,10000000,1000000,38000000,634506000,12690120000,38000000,38000000,16500000,16500000,54500000,54500000,65500000,102500000,10000000,10000000,1000000,38000000,0,0,38000000,38000000,16500000,16500000,54500000,54500000,10000010,20000020,10000000,10000000,10,10000020
1088,674806000,1963618000,10000000,10000000,9000000,11000000,634506000,1903518000,9000000,39000000,12300000,100000,21300000,39100000,40300000,60100000,10000000,10000000,9000000,11000000,0,0,9000000,39000000,12300000,100000,21300000,39100000,10000010,44000030,10000000,10000000,10,34000030
1118,695706000,5143248000,10000000,10000000,7000000,13000000,634506000,5076048000,13000000,13000000,31200000,31200000,44200000,44200000,61200000,67200000,10000000,10000000,7000000,13000000,0,0,13000000,13000000,31200000,31200000,44200000,44200000,10000010,10000000,10000000,10000000,10,0
1148,668606000,1304112000,10000000,10000000,12000000,13000000,634506000,1269012000,12000000,12000000,100000,100000,12100000,12100000,34100000,35100000,10000000,10000000,12000000,13000000,0,0,12000000,12000000,100000,100000,12100000,12100000,10000010,10000000,10000000,10000000,10,0
1178,661606000,3200630000,10000000,10000000,8000000,9000000,634506000,3172530000,9000000,9000000,100000,100000,9100000,9100000,27100000,28100000,10000000,10000000,8000000,9000000,0,0,9000000,9000000,100000,100000,9100000,9100000,10000010,10000000,10000000,10000000,10,0
1208,653506000,1289012000,10000000,10000000,9000000,10000000,634506000,1269012000,0,0,0,0,0,0,19000000,20000000,10000000,10000000,9000000,10000000,0,0,0,0,0,0,0,0,10000010,10000000,10000000,10000000,10,0
1238,684606000,2590124000,10000000,10000000,17000000,19000000,634506000,2538024000,19000000,19000000,4100000,4100000,23100000,23100000,50100000,52100000,10000000,10000000,17000000,19000000,0,0,19000000,19000000,4100000,4100000,23100000,23100000,10000010,10000000,10000000,10000000,10,0
1268,719006000,1383512000,10000000,10000000,8000000,38000000,634506000,1269012000,38000000,38000000,28500000,28500000,66500000,66500000,84500000,114500000,10000000,10000000,8000000,38000000,0,0,38000000,38000000,28500000,28500000,66500000,66500000,10000010,21000030,10000000,10000000,10,11000030
9,707206000,719606000,10000000,10000000,17000000,18000000,634506000,634506000,18000000,57000000,27700000,100000,45700000,57100000,72700000,85100000,10000000,10000000,17000000,18000000,0,0,18000000,57000000,27700000,100000,45700000,57100000,10000010,57000020,10000000,10000000,10,47000020
39,701606000,752106000,10000000,10000000,18000000,19000000,634506000,634506000,19000000,80000000,20100000,8600000,39100000,88600000,67100000,117600000,10000000,10000000,18000000,19000000,0,0,19000000,80000000,20100000,8600000,39100000,88600000,10000010,82000020,10000000,10000000,10,72000020
69,689606000,714606000,10000000,10000000,10000000,12000000,634506000,634506000,12000000,58000000,23100000,100000,35100000,58100000,55100000,80100000,10000000,10000000,10000000,12000000,0,0,12000000,58000000,23100000,100000,35100000,58100000,10000010,78000040,10000000,10000000,10,68000040
99,708306000,709306000,10000000,10000000,19000000,20000000,634506000,634506000,20000000,20000000,24800000,24800000,44800000,44800000,73800000,74800000,10000000,10000000,19000000,20000000,0,0,20000000,20000000,24800000,24800000,44800000,44800000,10000010,32000010,10000000,10000000,10,22000010
129,662606000,662606000,10000000,10000000,1000000,1000000,634506000,634506000,1000000,1000000,16100000,16100000,17100000,17100000,28100000,28100000,10000000,10000000,1000000,1000000,0,0,1000000,1000000,16100000,16100000,17100000,17100000,10000010,22000030,10000000,10000000,10,12000030
159,777006000,780006000,10000000,10000000,43000000,46000000,634506000,634506000,46000000,46000000,43500000,43500000,89500000,89500000,142500000,145500000,10000000,10000000,43000000,46000000,0,0,46000000,46000000,43500000,43500000,89500000,89500000,10000010,131000060,10000000,10000000,10,121000060
189,691106000,703706000,10000000,10000000,19000000,20000000,634506000,634506000,20000000,39000000,7600000,200000,27600000,39200000,56600000,69200000,10000000,10000000,19000000,20000000,0,0,20000000,39000000,7600000,200000,27600000,39200000,10000010,32000010,10000000,10000000,10,22000010
219,705606000,706606000,10000000,10000000,19000000,20000000,634506000,634506000,20000000,20000000,22100000,22100000,42100000,42100000,71100000,72100000,10000000,10000000,19000000,20000000,0,0,20000000,20000000,22100000,22100000,42100000,42100000,10000010,33000020,10000000,10000000,10,23000020
249,678206000,679206000,10000000,10000000,8000000,9000000,634506000,634506000,9000000,9000000,16700000,16700000,25700000,25700000,43700000,44700000,10000000,10000000,8000000,9000000,0,0,9000000,9000000,16700000,16700000,25700000,25700000,10000010,26000040,10000000,10000000,10,16000040
279,679706000,679706000,10000000,10000000,9000000,9000000,634506000,634506000,9000000,9000000,17200000,17200000,26200000,26200000,45200000,45200000,10000000,10000000,9000000,9000000,0,0,9000000,9000000,17200000,17200000,26200000,26200000,10000010,26000040,10000000,10000000,10,16000040
309,685506000,692606000,10000000,10000000,8000000,9000000,634506000,634506000,9000000,39000000,24000000,100000,33000000,39100000,51000000,58100000,10000000,10000000,8000000,9000000,0,0,9000000,39000000,24000000,100000,33000000,39100000,10000010,43000020,10000000,10000000,10,33000020
339,685506000,692606000,10000000,10000000,8000000,9000000,634506000,634506000,9000000,39000000,24000000,100000,33000000,39100000,51000000,58100000,10000000,10000000,8000000,9000000,0,0,9000000,39000000,24000000,100000,33000000,39100000,10000010,43000020,10000000,10000000,10,33000020
369,661606000,662606000,10000000,10000000,8000000,9000000,634506000,634506000,9000000,9000000,100000,100000,9100000,9100000,27100000,28100000,10000000,10000000,8000000,9000000,0,0,9000000,9000000,100000,100000,9100000,9100000,10000010,11000010,10000000,10000000,10,1000010
399,700306000,701306000,10000000,10000000,12000000,13000000,634506000,634506000,13000000,13000000,30800000,30800000,43800000,43800000,65800000,66800000,10000000,10000000,12000000,13000000,0,0,13000000,13000000,30800000,30800000,43800000,43800000,10000010,12000010,10000000,10000000,10,2000010
429,682606000,682606000,10000000,10000000,11000000,11000000,634506000,634506000,11000000,11000000,16100000,16100000,27100000,27100000,48100000,48100000,10000000,10000000,11000000,11000000,0,0,11000000,11000000,16100000,16100000,27100000,27100000,10000010,36000040,10000000,10000000,10,26000040
459,697606000,715606000,10000000,10000000,11000000,13000000,634506000,634506000,13000000,58000000,29100000,100000,42100000,58100000,63100000,81100000,10000000,10000000,11000000,13000000,0,0,13000000,58000000,29100000,100000,42100000,58100000,10000010,79000050,10000000,10000000,10,69000050
489,664306000,727606000,10000000,10000000,4000000,10000000,634506000,634506000,10000000,73000000,5800000,100000,15800000,73100000,29800000,93100000,10000000,10000000,4000000,10000000,0,0,10000000,73000000,5800000,100000,15800000,73100000,10000010,84000050,10000000,10000000,10,74000050
519,752706000,763606000,10000000,10000000,38000000,39000000,634506000,634506000,39000000,80000000,31200000,100000,70200000,80100000,118200000,129100000,10000000,10000000,38000000,39000000,0,0,39000000,80000000,31200000,100000,70200000,80100000,10000010,93000020,10000000,10000000,10,83000020
549,661606000,668706000,10000000,10000000,1000000,7000000,634506000,634506000,7000000,17000000,9100000,200000,16100000,17200000,27100000,34200000,10000000,10000000,1000000,7000000,0,0,7000000,17000000,9100000,200000,16100000,17200000,10000010,28000020,10000000,10000000,10,18000020
579,782706000,783806000,10000000,10000000,57000000,58000000,634506000,634506000,58000000,81000000,23200000,300000,81200000,81300000,148200000,149300000,10000000,10000000,57000000,58000000,0,0,58000000,81000000,23200000,300000,81200000,81300000,10000010,115000030,10000000,10000000,10,105000030
609,683706000,684706000,10000000,10000000,9000000,10000000,634506000,634506000,10000000,10000000,20200000,20200000,30200000,30200000,49200000,50200000,10000000,10000000,9000000,10000000,0,0,10000000,10000000,20200000,20200000,30200000,30200000,10000010,31000040,10000000,10000000,10,21000040
639,678806000,734606000,10000000,10000000,9000000,10000000,634506000,634506000,10000000,80000000,15300000,100000,25300000,80100000,44300000,100100000,10000000,10000000,9000000,10000000,0,0,10000000,80000000,15300000,100000,25300000,80100000,10000010,93000020,10000000,10000000,10,83000020
669,668506000,668506000,10000000,10000000,6000000,6000000,634506000,634506000,6000000,6000000,12000000,12000000,18000000,18000000,34000000,34000000,10000000,10000000,6000000,6000000,0,0,6000000,6000000,12000000,12000000,18000000,18000000,10000010,20000010,10000000,10000000,10,10000010
699,696406000,697406000,10000000,10000000,17000000,18000000,634506000,634506000,18000000,18000000,16900000,16900000,34900000,34900000,61900000,62900000,10000000,10000000,17000000,18000000,0,0,18000000,18000000,16900000,16900000,34900000,34900000,10000010,31000010,10000000,10000000,10,21000010
729,664706000,667606000,10000000,10000000,5000000,6000000,634506000,634506000,6000000,16000000,9200000,1100000,15200000,17100000,30200000,33100000,10000000,10000000,5000000,6000000,0,0,6000000,16000000,9200000,1100000,15200000,17100000,10000010,24000030,10000000,10000000,10,14000030
759,653806000,665606000,10000000,10000000,1000000,1000000,634506000,634506000,1000000,20000000,7300000,100000,8300000,20100000,19300000,31100000,10000000,10000000,1000000,1000000,0,0,1000000,20000000,7300000,100000,8300000,20100000,10000010,30000030,10000000,10000000,10,20000030
789,657406000,726606000,10000000,10000000,1000000,1000000,634506000,634506000,1000000,81000000,10900000,100000,11900000,81100000,22900000,92100000,10000000,10000000,1000000,1000000,0,0,1000000,81000000,10900000,100000,11900000,81100000,10000010,91000040,10000000,10000000,10,81000040
819,667906000,727806000,10000000,10000000,0,7000000,634506000,634506000,7000000,74000000,16400000,2300000,23400000,76300000,33400000,93300000,10000000,10000000,0,7000000,0,0,7000000,74000000,16400000,2300000,23400000,76300000,10000010,84000040,10000000,10000000,10,74000040
849,684406000,684406000,10000000,10000000,12000000,12000000,634506000,634506000,12000000,12000000,15900000,15900000,27900000,27900000,49900000,49900000,10000000,10000000,12000000,12000000,0,0,12000000,12000000,15900000,15900000,27900000,27900000,10000010,19000010,10000000,10000000,10,9000010
879,681206000,682206000,10000000,10000000,12000000,13000000,634506000,634506000,13000000,13000000,11700000,11700000,24700000,24700000,46700000,47700000,10000000,10000000,12000000,13000000,0,0,13000000,13000000,11700000,11700000,24700000,24700000,10000010,15000010,10000000,10000000,10,5000010
909,682506000,732606000,10000000,10000000,7000000,8000000,634506000,634506000,8000000,80000000,23000000,100000,31000000,80100000,48000000,98100000,10000000,10000000,7000000,8000000,0,0,8000000,80000000,23000000,100000,31000000,80100000,10000010,95000030,10000000,10000000,10,85000030
939,695806000,697806000,10000000,10000000,9000000,11000000,634506000,634506000,11000000,11000000,31300000,31300000,42300000,42300000,61300000,63300000,10000000,10000000,9000000,11000000,0,0,11000000,11000000,31300000,31300000,42300000,42300000,10000010,38000040,10000000,10000000,10,28000040
969,672006000,672006000,10000000,10000000,8000000,8000000,634506000,634506000,8000000,8000000,11500000,11500000,19500000,19500000,37500000,37500000,10000000,10000000,8000000,8000000,0,0,8000000,8000000,11500000,11500000,19500000,19500000,10000010,18000020,10000000,10000000,10,8000020
999,674606000,19728786000,10000000,10000000,1000000,20000000,634506000,19669686000,20000000,20000000,9100000,9100000,29100000,29100000,40100000,59100000,10000000,10000000,1000000,20000000,0,0,20000000,20000000,9100000,9100000,29100000,29100000,10000010,18000020,10000000,10000000,10,8000020
1029,651506000,655506000,10000000,10000000,7000000,11000000,634506000,634506000,0,0,0,0,0,0,17000000,21000000,10000000,10000000,7000000,11000000,0,0,0,0,0,0,0,0,10000010,10000000,10000000,10000000,10,0
1059,654506000,655506000,10000000,10000000,10000000,11000000,634506000,634506000,0,0,0,0,0,0,20000000,21000000,10000000,10000000,10000000,11000000,0,0,0,0,0,0,0,0,10000010,10000000,10000000,10000000,10,0
1089,698306000,4508342000,10000000,10000000,10000000,13000000,634506000,4441542000,13000000,13000000,30800000,30800000,43800000,43800000,63800000,66800000,10000000,10000000,10000000,13000000,0,0,13000000,13000000,30800000,30800000,43800000,43800000,10000010,10000000,10000000,10000000,10,0
1119,678906000,2588424000,10000000,10000000,7000000,13000000,634506000,2538024000,13000000,13000000,14400000,14400000,27400000,27400000,44400000,50400000,10000000,10000000,7000000,13000000,0,0,13000000,13000000,14400000,14400000,27400000,27400000,10000010,10000000,10000000,10000000,10,0
1149,661106000,3200130000,10000000,10000000,7000000,8000000,634506000,3172530000,7000000,7000000,2600000,2600000,9600000,9600000,26600000,27600000,10000000,10000000,7000000,8000000,0,0,7000000,7000000,2600000,2600000,9600000,9600000,10000010,10000000,10000000,10000000,10,0
1179,661606000,3200630000,10000000,10000000,8000000,9000000,634506000,3172530000,9000000,9000000,100000,100000,9100000,9100000,27100000,28100000,10000000,10000000,8000000,9000000,0,0,9000000,9000000,100000,100000,9100000,9100000,10000010,10000000,10000000,10000000,10,0
1209,653506000,1923518000,10000000,10000000,9000000,10000000,634506000,1903518000,0,0,0,0,0,0,19000000,20000000,10000000,10000000,9000000,10000000,0,0,0,0,0,0,0,0,10000010,10000000,10000000,10000000,10,0
1239,738506000,2008518000,10000000,10000000,46000000,47000000,634506000,1903518000,47000000,47000000,1000000,1000000,48000000,48000000,104000000,105000000,10000000,10000000,46000000,47000000,0,0,47000000,47000000,1000000,1000000,48000000,48000000,10000010,17000040,10000000,10000000,10,7000040
1269,675106000,5773654000,10000000,10000000,7000000,9000000,634506000,5710554000,9000000,44000000,14600000,100000,23600000,44100000,40600000,63100000,10000000,10000000,7000000,9000000,0,0,9000000,44000000,14600000,100000,23600000,44100000,10000010,46000030,10000000,10000000,10,36000030
10,696806000,719606000,10000000,10000000,17000000,18000000,634506000,634506000,18000000,57000000,17300000,100000,35300000,57100000,62300000,85100000,10000000,10000000,17000000,18000000,0,0,18000000,57000000,17300000,100000,35300000,57100000,10000010,57000020,10000000,10000000,10,47000020
40,662506000,664506000,10000000,10000000,18000000,20000000,634506000,634506000,0,0,0,0,0,0,28000000,30000000,10000000,10000000,18000000,20000000,0,0,0,0,0,0,0,0,10000010,10000000,10000000,10000000,10,0
70,689606000,713606000,10000000,10000000,10000000,11000000,634506000,634506000,11000000,58000000,24100000,100000,35100000,58100000,55100000,79100000,10000000,10000000,10000000,11000000,0,0,11000000,58000000,24100000,100000,35100000,58100000,10000010,78000040,10000000,10000000,10,68000040
100,689506000,690506000,10000000,10000000,18000000,19000000,634506000,634506000,18000000,18000000,9000000,9000000,27000000,27000000,55000000,56000000,10000000,10000000,18000000,19000000,0,0,18000000,18000000,9000000,9000000,27000000,27000000,10000010,31000010,10000000,10000000,10,21000010
130,657306000,658606000,10000000,10000000,1000000,1000000,634506000,634506000,1000000,13000000,10800000,100000,11800000,13100000,22800000,24100000,10000000,10000000,1000000,1000000,0,0,1000000,13000000,10800000,100000,11800000,13100000,10000010,22000030,10000000,10000000,10,12000030
160,761106000,768606000,10000000,10000000,43000000,44000000,634506000,634506000,44000000,80000000,29600000,100000,73600000,80100000,126600000,134100000,10000000,10000000,43000000,44000000,0,0,44000000,80000000,29600000,100000,73600000,80100000,10000010,131000060,10000000,10000000,10,121000060
190,701006000,701006000,10000000,10000000,20000000,20000000,634506000,634506000,20000000,20000000,16500000,16500000,36500000,36500000,66500000,66500000,10000000,10000000,20000000,20000000,0,0,20000000,20000000,16500000,16500000,36500000,36500000,10000010,37000050,10000000,10000000,10,27000050
220,713006000,714006000,10000000,10000000,19000000,20000000,634506000,634506000,20000000,20000000,29500000,29500000,49500000,49500000,78500000,79500000,10000000,10000000,19000000,20000000,0,0,20000000,20000000,29500000,29500000,49500000,49500000,10000010,38000040,10000000,10000000,10,28000040
250,667906000,673806000,10000000,10000000,8000000,9000000,634506000,634506000,9000000,20000000,6400000,300000,15400000,20300000,33400000,39300000,10000000,10000000,8000000,9000000,0,0,9000000,20000000,6400000,300000,15400000,20300000,10000010,26000030,10000000,10000000,10,16000030
280,679706000,679706000,10000000,10000000,9000000,9000000,634506000,634506000,9000000,9000000,17200000,17200000,26200000,26200000,45200000,45200000,10000000,10000000,9000000,9000000,0,0,9000000,9000000,17200000,17200000,26200000,26200000,10000010,26000040,10000000,10000000,10,16000040
310,685306000,692706000,10000000,10000000,8000000,9000000,634506000,634506000,9000000,39000000,23800000,200000,32800000,39200000,50800000,58200000,10000000,10000000,8000000,9000000,0,0,9000000,39000000,23800000,200000,32800000,39200000,10000010,43000020,10000000,10000000,10,33000020
340,685506000,692606000,10000000,10000000,8000000,9000000,634506000,634506000,9000000,39000000,24000000,100000,33000000,39100000,51000000,58100000,10000000,10000000,8000000,9000000,0,0,9000000,39000000,24000000,100000,33000000,39100000,10000010,43000020,10000000,10000000,10,33000020
370,661606000,662606000,10000000,10000000,8000000,9000000,634506000,634506000,9000000,9000000,100000,100000,9100000,9100000,27100000,28100000,10000000,10000000,8000000,9000000,0,0,9000000,9000000,100000,100000,9100000,9100000,10000010,11000010,10000000,10000000,10,1000010
400,700406000,701406000,10000000,10000000,12000000,13000000,634506000,634506000,13000000,13000000,30900000,30900000,43900000,43900000,65900000,66900000,10000000,10000000,12000000,13000000,0,0,13000000,13000000,30900000,30900000,43900000,43900000,10000010,12000010,10000000,10000000,10,2000010
430,684606000,684606000,10000000,10000000,11000000,11000000,634506000,634506000,11000000,11000000,18100000,18100000,29100000,29100000,50100000,50100000,10000000,10000000,11000000,11000000,0,0,11000000,11000000,18100000,18100000,29100000,29100000,10000010,36000040,10000000,10000000,10,26000040
460,670706000,713806000,10000000,10000000,8000000,11000000,634506000,634506000,11000000,58000000,7200000,300000,18200000,58300000,36200000,79300000,10000000,10000000,8000000,11000000,0,0,11000000,58000000,7200000,300000,18200000,58300000,10000010,76000040,10000000,10000000,10,66000040
490,648506000,649506000,10000000,10000000,4000000,5000000,634506000,634506000,0,0,0,0,0,0,14000000,15000000,10000000,10000000,4000000,5000000,0,0,0,0,0,0,0,0,10000010,10000000,10000000,10000000,10,0
520,752706000,763606000,10000000,10000000,38000000,39000000,634506000,634506000,39000000,80000000,31200000,100000,70200000,80100000,118200000,129100000,10000000,10000000,38000000,39000000,0,0,39000000,80000000,31200000,100000,70200000,80100000,10000010,93000020,10000000,10000000,10,83000020
550,675406000,676406000,10000000,10000000,7000000,8000000,634506000,634506000,8000000,8000000,15900000,15900000,23900000,23900000,40900000,41900000,10000000,10000000,7000000,8000000,0,0,8000000,8000000,15900000,15900000,23900000,23900000,10000010,20000030,10000000,10000000,10,10000030
580,782806000,783806000,10000000,10000000,57000000,58000000,634506000,634506000,58000000,58000000,23300000,23300000,81300000,81300000,148300000,149300000,10000000,10000000,57000000,58000000,0,0,58000000,58000000,23300000,23300000,81300000,81300000,10000010,115000030,10000000,10000000,10,105000030
610,683706000,684706000,10000000,10000000,9000000,10000000,634506000,634506000,10000000,10000000,20200000,20200000,30200000,30200000,49200000,50200000,10000000,10000000,9000000,10000000,0,0,10000000,10000000,20200000,20200000,30200000,30200000,10000010,31000040,10000000,10000000,10,21000040
640,680406000,750206000,10000000,10000000,9000000,19000000,634506000,634506000,19000000,80000000,7900000,6700000,26900000,86700000,45900000,115700000,10000000,10000000,9000000,19000000,0,0,19000000,80000000,7900000,6700000,26900000,86700000,10000010,82000020,10000000,10000000,10,72000020
670,668606000,670606000,10000000,10000000,6000000,6000000,634506000,634506000,6000000,20000000,12100000,100000,18100000,20100000,34100000,36100000,10000000,10000000,6000000,6000000,0,0,6000000,20000000,12100000,100000,18100000,20100000,10000010,30000030,10000000,10000000,10,20000030
700,696406000,697406000,10000000,10000000,17000000,18000000,634506000,634506000,18000000,18000000,16900000,16900000,34900000,34900000,61900000,62900000,10000000,10000000,17000000,18000000,0,0,18000000,18000000,16900000,16900000,34900000,34900000,10000010,31000010,10000000,10000000,10,21000010
730,678706000,730806000,10000000,10000000,6000000,6000000,634506000,634506000,6000000,80000000,22200000,300000,28200000,80300000,44200000,96300000,10000000,10000000,6000000,6000000,0,0,6000000,80000000,22200000,300000,28200000,80300000,10000010,92000030,10000000,10000000,10,82000030
760,653106000,665706000,10000000,10000000,1000000,1000000,634506000,634506000,1000000,20000000,6600000,200000,7600000,20200000,18600000,31200000,10000000,10000000,1000000,1000000,0,0,1000000,20000000,6600000,200000,7600000,20200000,10000010,30000030,10000000,10000000,10,20000030
790,657406000,726606000,10000000,10000000,1000000,1000000,634506000,634506000,1000000,81000000,10900000,100000,11900000,81100000,22900000,92100000,10000000,10000000,1000000,1000000,0,0,1000000,81000000,10900000,100000,11900000,81100000,10000010,91000040,10000000,10000000,10,81000040
820,666906000,726706000,10000000,10000000,0,1000000,634506000,634506000,1000000,81000000,21400000,200000,22400000,81200000,32400000,92200000,10000000,10000000,0,1000000,0,0,1000000,81000000,21400000,200000,22400000,81200000,10000010,91000030,10000000,10000000,10,81000030
850,693006000,694006000,10000000,10000000,12000000,13000000,634506000,634506000,13000000,13000000,23500000,23500000,36500000,36500000,58500000,59500000,10000000,10000000,12000000,13000000,0,0,13000000,13000000,23500000,23500000,36500000,36500000,10000010,19000010,10000000,10000000,10,9000010
880,704906000,705906000,10000000,10000000,15000000,16000000,634506000,634506000,16000000,16000000,29400000,29400000,45400000,45400000,70400000,71400000,10000000,10000000,15000000,16000000,0,0,16000000,16000000,29400000,29400000,45400000,45400000,10000010,38000040,10000000,10000000,10,28000040
910,660706000,660706000,10000000,10000000,8000000,8000000,634506000,634506000,8000000,8000000,200000,200000,8200000,8200000,26200000,26200000,10000000,10000000,8000000,8000000,0,0,8000000,8000000,200000,200000,8200000,8200000,10000010,11000010,10000000,10000000,10,1000010
940,685406000,685406000,10000000,10000000,9000000,9000000,634506000,634506000,9000000,9000000,22900000,22900000,31900000,31900000,50900000,50900000,10000000,10000000,9000000,9000000,0,0,9000000,9000000,22900000,22900000,31900000,31900000,10000010,26000040,10000000,10000000,10,16000040
970,672006000,672006000,10000000,10000000,8000000,8000000,634506000,634506000,8000000,8000000,11500000,11500000,19500000,19500000,37500000,37500000,10000000,10000000,8000000,8000000,0,0,8000000,8000000,11500000,11500000,19500000,19500000,10000010,18000020,10000000,10000000,10,8000020
1000,689006000,20377692000,10000000,10000000,1000000,20000000,634506000,20304192000,20000000,20000000,23500000,23500000,43500000,43500000,54500000,73500000,10000000,10000000,1000000,20000000,0,0,20000000,20000000,23500000,23500000,43500000,43500000,10000010,25000050,10000000,10000000,10,15000050
1030,675206000,12741820000,10000000,10000000,1000000,12000000,634506000,12690120000,8000000,8000000,21700000,21700000,29700000,29700000,40700000,51700000,10000000,10000000,1000000,12000000,0,0,8000000,8000000,21700000,21700000,29700000,29700000,10000010,27000030,10000000,10000000,10,17000030
1060,653506000,1923518000,10000000,10000000,9000000,10000000,634506000,1903518000,0,0,0,0,0,0,19000000,20000000,10000000,10000000,9000000,10000000,0,0,0,0,0,0,0,0,10000010,10000000,10000000,10000000,10,0
1090,698106000,3873636000,10000000,10000000,10000000,13000000,634506000,3807036000,13000000,13000000,30600000,30600000,43600000,43600000,63600000,66600000,10000000,10000000,10000000,13000000,0,0,13000000,13000000,30600000,30600000,43600000,43600000,10000010,10000000,10000000,10000000,10,0
1120,674306000,5120848000,10000000,10000000,8000000,13000000,634506000,5076048000,12000000,12000000,9800000,9800000,21800000,21800000,39800000,44800000,10000000,10000000,8000000,13000000,0,0,12000000,12000000,9800000,9800000,21800000,21800000,10000010,32000020,10000000,10000000,10,22000020
1150,676006000,7715172000,10000000,10000000,7000000,11000000,634506000,7614072000,8000000,80000000,16500000,100000,24500000,80100000,41500000,101100000,10000000,10000000,7000000,11000000,0,0,8000000,80000000,16500000,100000,24500000,80100000,10000010,93000020,10000000,10000000,10,83000020
1180,661606000,3200630000,10000000,10000000,8000000,9000000,634506000,3172530000,9000000,9000000,100000,100000,9100000,9100000,27100000,28100000,10000000,10000000,8000000,9000000,0,0,9000000,9000000,100000,100000,9100000,9100000,10000010,10000000,10000000,10000000,10,0
1210,653506000,1923518000,10000000,10000000,9000000,10000000,634506000,1903518000,0,0,0,0,0,0,19000000,20000000,10000000,10000000,9000000,10000000,0,0,0,0,0,0,0,0,10000010,10000000,10000000,10000000,10,0
1240,761706000,2675224000,10000000,10000000,38000000,48000000,634506000,2538024000,48000000,48000000,31200000,31200000,79200000,79200000,127200000,137200000,10000000,10000000,38000000,48000000,0,0,48000000,48000000,31200000,31200000,79200000,79200000,10000010,42000040,10000000,10000000,10,32000040
1270,661106000,2565624000,10000000,10000000,7000000,8000000,634506000,2538024000,7000000,7000000,2600000,2600000,9600000,9600000,26600000,27600000,10000000,10000000,7000000,8000000,0,0,7000000,7000000,2600000,2600000,9600000,9600000,10000010,10000000,10000000,10000000,10,0
11,675906000,691906000,10000000,10000000,1000000,17000000,634506000,634506000,17000000,17000000,13400000,13400000,30400000,30400000,41400000,57400000,10000000,10000000,1000000,17000000,0,0,17000000,17000000,13400000,13400000,30400000,30400000,10000010,19000030,10000000,10000000,10,9000030
41,691306000,691306000,10000000,10000000,18000000,18000000,634506000,634506000,18000000,18000000,10800000,10800000,28800000,28800000,56800000,56800000,10000000,10000000,18000000,18000000,0,0,18000000,18000000,10800000,10800000,28800000,28800000,10000010,25000020,10000000,10000000,10,15000020
71,689606000,714606000,10000000,10000000,10000000,12000000,634506000,634506000,12000000,58000000,23100000,100000,35100000,58100000,55100000,80100000,10000000,10000000,10000000,12000000,0,0,12000000,58000000,23100000,100000,35100000,58100000,10000010,78000040,10000000,10000000,10,68000040
101,689006000,691006000,10000000,10000000,18000000,20000000,634506000,634506000,18000000,18000000,8500000,8500000,26500000,26500000,54500000,56500000,10000000,10000000,18000000,20000000,0,0,18000000,18000000,8500000,8500000,26500000,26500000,10000010,31000030,10000000,10000000,10,21000030
131,657006000,672706000,10000000,10000000,1000000,8000000,634506000,634506000,8000000,20000000,3500000,200000,11500000,20200000,22500000,38200000,10000000,10000000,1000000,8000000,0,0,8000000,20000000,3500000,200000,11500000,20200000,10000010,22000020,10000000,10000000,10,12000020
161,765806000,769806000,10000000,10000000,43000000,47000000,634506000,634506000,47000000,47000000,31300000,31300000,78300000,78300000,131300000,135300000,10000000,10000000,43000000,47000000,0,0,47000000,47000000,31300000,31300000,78300000,78300000,10000010,47000040,10000000,10000000,10,37000040
191,705106000,721606000,10000000,10000000,20000000,20000000,634506000,634506000,20000000,57000000,20600000,100000,40600000,57100000,70600000,87100000,10000000,10000000,20000000,20000000,0,0,20000000,57000000,20600000,100000,40600000,57100000,10000010,61000030,10000000,10000000,10,51000030
221,705506000,706506000,10000000,10000000,19000000,20000000,634506000,634506000,20000000,20000000,22000000,22000000,42000000,42000000,71000000,72000000,10000000,10000000,19000000,20000000,0,0,20000000,20000000,22000000,22000000,42000000,42000000,10000010,32000010,10000000,10000000,10,22000010
251,668406000,672606000,10000000,10000000,6000000,8000000,634506000,634506000,6000000,20000000,11900000,100000,17900000,20100000,33900000,38100000,10000000,10000000,6000000,8000000,0,0,6000000,20000000,11900000,100000,17900000,20100000,10000010,25000020,10000000,10000000,10,15000020
281,670006000,673806000,10000000,10000000,9000000,9000000,634506000,634506000,9000000,20000000,7500000,300000,16500000,20300000,35500000,39300000,10000000,10000000,9000000,9000000,0,0,9000000,20000000,7500000,300000,16500000,20300000,10000010,25000020,10000000,10000000,10,15000020
311,685506000,692606000,10000000,10000000,8000000,9000000,634506000,634506000,9000000,39000000,24000000,100000,33000000,39100000,51000000,58100000,10000000,10000000,8000000,9000000,0,0,9000000,39000000,24000000,100000,33000000,39100000,10000010,43000020,10000000,10000000,10,33000020
341,685506000,692606000,10000000,10000000,8000000,9000000,634506000,634506000,9000000,39000000,24000000,100000,33000000,39100000,51000000,58100000,10000000,10000000,8000000,9000000,0,0,9000000,39000000,24000000,100000,33000000,39100000,10000010,43000020,10000000,10000000,10,33000020
371,661606000,662606000,10000000,10000000,8000000,9000000,634506000,634506000,9000000,9000000,100000,100000,9100000,9100000,27100000,28100000,10000000,10000000,8000000,9000000,0,0,9000000,9000000,100000,100000,9100000,9100000,10000010,11000010,10000000,10000000,10,1000010
401,700206000,701206000,10000000,10000000,12000000,13000000,634506000,634506000,13000000,13000000,30700000,30700000,43700000,43700000,65700000,66700000,10000000,10000000,12000000,13000000,0,0,13000000,13000000,30700000,30700000,43700000,43700000,10000010,12000010,10000000,10000000,10,2000010
431,675506000,676506000,10000000,10000000,10000000,11000000,634506000,634506000,11000000,11000000,10000000,10000000,21000000,21000000,41000000,42000000,10000000,10000000,10000000,11000000,0,0,11000000,11000000,10000000,10000000,21000000,21000000,10000010,36000040,10000000,10000000,10,26000040
461,675806000,692706000,10000000,10000000,11000000,11000000,634506000,634506000,11000000,37000000,9300000,200000,20300000,37200000,41300000,58200000,10000000,10000000,11000000,11000000,0,0,11000000,37000000,9300000,200000,20300000,37200000,10000010,43000020,10000000,10000000,10,33000020
491,679506000,679506000,10000000,10000000,4000000,4000000,634506000,634506000,4000000,4000000,27000000,27000000,31000000,31000000,45000000,45000000,10000000,10000000,4000000,4000000,0,0,4000000,4000000,27000000,27000000,31000000,31000000,10000010,25000040,10000000,10000000,10,15000040
521,710706000,762806000,10000000,10000000,19000000,38000000,634506000,634506000,38000000,80000000,9200000,300000,47200000,80300000,76200000,128300000,10000000,10000000,19000000,38000000,0,0,38000000,80000000,9200000,300000,47200000,80300000,10000010,72000010,10000000,10000000,10,62000010
551,681406000,682406000,10000000,10000000,7000000,8000000,634506000,634506000,8000000,8000000,21900000,21900000,29900000,29900000,46900000,47900000,10000000,10000000,7000000,8000000,0,0,8000000,8000000,21900000,21900000,29900000,29900000,10000010,32000030,10000000,10000000,10,22000030
581,811206000,839206000,10000000,10000000,57000000,85000000,634506000,634506000,85000000,85000000,24700000,24700000,109700000,109700000,176700000,204700000,10000000,10000000,57000000,85000000,0,0,85000000,85000000,24700000,24700000,109700000,109700000,10000010,116000030,10000000,10000000,10,106000030
611,683706000,684706000,10000000,10000000,9000000,10000000,634506000,634506000,10000000,10000000,20200000,20200000,30200000,30200000,49200000,50200000,10000000,10000000,9000000,10000000,0,0,10000000,10000000,20200000,20200000,30200000,30200000,10000010,31000040,10000000,10000000,10,21000040
641,682006000,734606000,10000000,10000000,9000000,10000000,634506000,634506000,10000000,80000000,18500000,100000,28500000,80100000,47500000,100100000,10000000,10000000,9000000,10000000,0,0,10000000,80000000,18500000,100000,28500000,80100000,10000010,93000020,10000000,10000000,10,83000020
671,678506000,679506000,10000000,10000000,6000000,7000000,634506000,634506000,7000000,7000000,21000000,21000000,28000000,28000000,44000000,45000000,10000000,10000000,6000000,7000000,0,0,7000000,7000000,21000000,21000000,28000000,28000000,10000010,30000030,10000000,10000000,10,20000030
701,696406000,697406000,10000000,10000000,17000000,18000000,634506000,634506000,18000000,18000000,16900000,16900000,34900000,34900000,61900000,62900000,10000000,10000000,17000000,18000000,0,0,18000000,18000000,16900000,16900000,34900000,34900000,10000010,31000010,10000000,10000000,10,21000010
731,670506000,670506000,10000000,10000000,6000000,6000000,634506000,634506000,6000000,6000000,14000000,14000000,20000000,20000000,36000000,36000000,10000000,10000000,6000000,6000000,0,0,6000000,6000000,14000000,14000000,20000000,20000000,10000010,22000020,10000000,10000000,10,12000020
761,653806000,665606000,10000000,10000000,1000000,1000000,634506000,634506000,1000000,20000000,7300000,100000,8300000,20100000,19300000,31100000,10000000,10000000,1000000,1000000,0,0,1000000,20000000,7300000,100000,8300000,20100000,10000010,30000030,10000000,10000000,10,20000030
791,652406000,726606000,10000000,10000000,1000000,1000000,634506000,634506000,1000000,81000000,5900000,100000,6900000,81100000,17900000,92100000,10000000,10000000,1000000,1000000,0,0,1000000,81000000,5900000,100000,6900000,81100000,10000010,91000040,10000000,10000000,10,81000040
821,666906000,726706000,10000000,10000000,0,1000000,634506000,634506000,1000000,81000000,21400000,200000,22400000,81200000,32400000,92200000,10000000,10000000,0,1000000,0,0,1000000,81000000,21400000,200000,22400000,81200000,10000010,91000030,10000000,10000000,10,81000030
851,680306000,681306000,10000000,10000000,12000000,13000000,634506000,634506000,13000000,13000000,10800000,10800000,23800000,23800000,45800000,46800000,10000000,10000000,12000000,13000000,0,0,13000000,13000000,10800000,10800000,23800000,23800000,10000010,19000010,10000000,10000000,10,9000010
881,705106000,706106000,10000000,10000000,15000000,16000000,634506000,634506000,16000000,16000000,29600000,29600000,45600000,45600000,70600000,71600000,10000000,10000000,15000000,16000000,0,0,16000000,16000000,29600000,29600000,45600000,45600000,10000010,38000040,10000000,10000000,10,28000040
911,660506000,661506000,10000000,10000000,16000000,17000000,634506000,634506000,0,0,0,0,0,0,26000000,27000000,10000000,10000000,16000000,17000000,0,0,0,0,0,0,0,0,10000010,10000000,10000000,10000000,10,0
941,691306000,692306000,10000000,10000000,9000000,10000000,634506000,634506000,10000000,10000000,27800000,27800000,37800000,37800000,56800000,57800000,10000000,10000000,9000000,10000000,0,0,10000000,10000000,27800000,27800000,37800000,37800000,10000010,37000040,10000000,10000000,10,27000040
971,674006000,674006000,10000000,10000000,11000000,11000000,634506000,634506000,11000000,11000000,7500000,7500000,18500000,18500000,39500000,39500000,10000000,10000000,11000000,11000000,0,0,11000000,11000000,7500000,7500000,18500000,18500000,10000010,12000010,10000000,10000000,10,2000010
1001,698306000,4508342000,10000000,10000000,10000000,13000000,634506000,4441542000,13000000,13000000,30800000,30800000,43800000,43800000,63800000,66800000,10000000,10000000,10000000,13000000,0,0,13000000,13000000,30800000,30800000,43800000,43800000,10000010,10000000,10000000,10000000,10,0
1031,722206000,3959236000,10000000,10000000,10000000,57000000,634506000,3807036000,57000000,85000000,10700000,200000,67700000,85200000,87700000,152200000,10000000,10000000,10000000,57000000,0,0,57000000,85000000,10700000,200000,67700000,85200000,10000010,38000010,10000000,10000000,10,28000010
1061,666306000,4499642000,10000000,10000000,1000000,9000000,634506000,4441542000,8000000,39000000,12800000,100000,20800000,39100000,31800000,58100000,10000000,10000000,1000000,9000000,0,0,8000000,39000000,12800000,100000,20800000,39100000,10000010,43000020,10000000,10000000,10,33000020
1091,697906000,3238930000,10000000,10000000,10000000,13000000,634506000,3172530000,13000000,13000000,30400000,30400000,43400000,43400000,63400000,66400000,10000000,10000000,10000000,13000000,0,0,13000000,13000000,30400000,30400000,43400000,43400000,10000010,10000000,10000000,10000000,10,0
1121,652506000,653506000,10000000,10000000,8000000,9000000,634506000,634506000,0,0,0,0,0,0,18000000,19000000,10000000,10000000,8000000,9000000,0,0,0,0,0,0,0,0,10000010,10000000,10000000,10000000,10,0
1151,679406000,9617690000,10000000,10000000,0,10000000,634506000,9517590000,8000000,80000000,26900000,100000,34900000,80100000,44900000,100100000,10000000,10000000,0,10000000,0,0,8000000,80000000,26900000,100000,34900000,80100000,10000010,90000040,10000000,10000000,10,80000040
1181,661606000,3200630000,10000000,10000000,8000000,9000000,634506000,3172530000,9000000,9000000,100000,100000,9100000,9100000,27100000,28100000,10000000,10000000,8000000,9000000,0,0,9000000,9000000,100000,100000,9100000,9100000,10000010,10000000,10000000,10000000,10,0
1211,653506000,1923518000,10000000,10000000,9000000,10000000,634506000,1903518000,0,0,0,0,0,0,19000000,20000000,10000000,10000000,9000000,10000000,0,0,0,0,0,0,0,0,10000010,10000000,10000000,10000000,10,0
1241,665406000,1300912000,10000000,10000000,8000000,9000000,634506000,1269012000,9000000,9000000,3900000,3900000,12900000,12900000,30900000,31900000,10000000,10000000,8000000,9000000,0,0,9000000,9000000,3900000,3900000,12900000,12900000,10000010,10000000,10000000,10000000,10,0
1271,684606000,2590124000,10000000,10000000,17000000,19000000,634506000,2538024000,19000000,19000000,4100000,4100000,23100000,23100000,50100000,52100000,10000000,10000000,17000000,19000000,0,0,19000000,19000000,4100000,4100000,23100000,23100000,10000010,10000000,10000000,10000000,10,0
12,714606000,715606000,10000000,10000000,19000000,20000000,634506000,634506000,20000000,20000000,31100000,31100000,51100000,51100000,80100000,81100000,10000000,10000000,19000000,20000000,0,0,20000000,20000000,31100000,31100000,51100000,51100000,10000010,33000020,10000000,10000000,10,23000020
42,661506000,662506000,10000000,10000000,17000000,18000000,634506000,634506000,0,0,0,0,0,0,27000000,28000000,10000000,10000000,17000000,18000000,0,0,0,0,0,0,0,0,10000010,10000000,10000000,10000000,10,0
72,689606000,713606000,10000000,10000000,10000000,11000000,634506000,634506000,11000000,58000000,24100000,100000,35100000,58100000,55100000,79100000,10000000,10000000,10000000,11000000,0,0,11000000,58000000,24100000,100000,35100000,58100000,10000010,78000040,10000000,10000000,10,68000040
102,689606000,719606000,10000000,10000000,18000000,18000000,634506000,634506000,18000000,57000000,9100000,100000,27100000,57100000,55100000,85100000,10000000,10000000,18000000,18000000,0,0,18000000,57000000,9100000,100000,27100000,57100000,10000010,57000020,10000000,10000000,10,47000020
132,662606000,662606000,10000000,10000000,1000000,1000000,634506000,634506000,1000000,1000000,16100000,16100000,17100000,17100000,28100000,28100000,10000000,10000000,1000000,1000000,0,0,1000000,1000000,16100000,16100000,17100000,17100000,10000010,22000030,10000000,10000000,10,12000030
162,693906000,728606000,10000000,10000000,9000000,37000000,634506000,634506000,37000000,47000000,3400000,100000,40400000,47100000,59400000,94100000,10000000,10000000,9000000,37000000,0,0,37000000,47000000,3400000,100000,40400000,47100000,10000010,20000040,10000000,10000000,10,10000040
192,705206000,721606000,10000000,10000000,20000000,20000000,634506000,634506000,20000000,57000000,20700000,100000,40700000,57100000,70700000,87100000,10000000,10000000,20000000,20000000,0,0,20000000,57000000,20700000,100000,40700000,57100000,10000010,61000030,10000000,10000000,10,51000030
222,705506000,706506000,10000000,10000000,19000000,20000000,634506000,634506000,20000000,20000000,22000000,22000000,42000000,42000000,71000000,72000000,10000000,10000000,19000000,20000000,0,0,20000000,20000000,22000000,22000000,42000000,42000000,10000010,32000010,10000000,10000000,10,22000010
252,669606000,672606000,10000000,10000000,6000000,8000000,634506000,634506000,6000000,20000000,13100000,100000,19100000,20100000,35100000,38100000,10000000,10000000,6000000,8000000,0,0,6000000,20000000,13100000,100000,19100000,20100000,10000010,27000030,10000000,10000000,10,17000030
282,681906000,681906000,10000000,10000000,9000000,9000000,634506000,634506000,9000000,9000000,19400000,19400000,28400000,28400000,47400000,47400000,10000000,10000000,9000000,9000000,0,0,9000000,9000000,19400000,19400000,28400000,28400000,10000010,26000040,10000000,10000000,10,16000040
312,678906000,710606000,10000000,10000000,8000000,9000000,634506000,634506000,9000000,57000000,17400000,100000,26400000,57100000,44400000,76100000,10000000,10000000,8000000,9000000,0,0,9000000,57000000,17400000,100000,26400000,57100000,10000010,66000030,10000000,10000000,10,56000030
342,685506000,692606000,10000000,10000000,8000000,9000000,634506000,634506000,9000000,39000000,24000000,100000,33000000,39100000,51000000,58100000,10000000,10000000,8000000,9000000,0,0,9000000,39000000,24000000,100000,33000000,39100000,10000010,43000020,10000000,10000000,10,33000020
372,675506000,675506000,10000000,10000000,9000000,9000000,634506000,634506000,9000000,9000000,13000000,13000000,22000000,22000000,41000000,41000000,10000000,10000000,9000000,9000000,0,0,9000000,9000000,13000000,13000000,22000000,22000000,10000010,26000030,10000000,10000000,10,16000030
402,684506000,685506000,10000000,10000000,11000000,12000000,634506000,634506000,12000000,12000000,17000000,17000000,29000000,29000000,50000000,51000000,10000000,10000000,11000000,12000000,0,0,12000000,12000000,17000000,17000000,29000000,29000000,10000010,36000040,10000000,10000000,10,26000040
432,684506000,684506000,10000000,10000000,11000000,11000000,634506000,634506000,11000000,11000000,18000000,18000000,29000000,29000000,50000000,50000000,10000000,10000000,11000000,11000000,0,0,11000000,11000000,18000000,18000000,29000000,29000000,10000010,36000040,10000000,10000000,10,26000040
462,675906000,692606000,10000000,10000000,11000000,11000000,634506000,634506000,11000000,37000000,9400000,100000,20400000,37100000,41400000,58100000,10000000,10000000,11000000,11000000,0,0,11000000,37000000,9400000,100000,20400000,37100000,10000010,43000020,10000000,10000000,10,33000020
492,678106000,721706000,10000000,10000000,4000000,4000000,634506000,634506000,4000000,73000000,25600000,200000,29600000,73200000,43600000,87200000,10000000,10000000,4000000,4000000,0,0,4000000,73000000,25600000,200000,29600000,73200000,10000010,83000040,10000000,10000000,10,73000040
522,712306000,733306000,10000000,10000000,17000000,38000000,634506000,634506000,38000000,38000000,12800000,12800000,50800000,50800000,77800000,98800000,10000000,10000000,17000000,38000000,0,0,38000000,38000000,12800000,12800000,50800000,50800000,10000010,36000040,10000000,10000000,10,26000040
552,681406000,682406000,10000000,10000000,7000000,8000000,634506000,634506000,8000000,8000000,21900000,21900000,29900000,29900000,46900000,47900000,10000000,10000000,7000000,8000000,0,0,8000000,8000000,21900000,21900000,29900000,29900000,10000010,32000030,10000000,10000000,10,22000030
582,735906000,738806000,10000000,10000000,44000000,46000000,634506000,634506000,46000000,48000000,1400000,300000,47400000,48300000,101400000,104300000,10000000,10000000,44000000,46000000,0,0,46000000,48000000,1400000,300000,47400000,48300000,10000010,47000060,10000000,10000000,10,37000060
612,683706000,684706000,10000000,10000000,9000000,10000000,634506000,634506000,10000000,10000000,20200000,20200000,30200000,30200000,49200000,50200000,10000000,10000000,9000000,10000000,0,0,10000000,10000000,20200000,20200000,30200000,30200000,10000010,31000040,10000000,10000000,10,21000040
642,678806000,734606000,10000000,10000000,9000000,10000000,634506000,634506000,10000000,80000000,15300000,100000,25300000,80100000,44300000,100100000,10000000,10000000,9000000,10000000,0,0,10000000,80000000,15300000,100000,25300000,80100000,10000010,93000020,10000000,10000000,10,83000020
672,669106000,730606000,10000000,10000000,5000000,6000000,634506000,634506000,6000000,80000000,13600000,100000,19600000,80100000,34600000,96100000,10000000,10000000,5000000,6000000,0,0,6000000,80000000,13600000,100000,19600000,80100000,10000010,92000040,10000000,10000000,10,82000040
702,692406000,693406000,10000000,10000000,17000000,18000000,634506000,634506000,18000000,18000000,12900000,12900000,30900000,30900000,57900000,58900000,10000000,10000000,17000000,18000000,0,0,18000000,18000000,12900000,12900000,30900000,30900000,10000010,31000010,10000000,10000000,10,21000010
732,674506000,730806000,10000000,10000000,6000000,6000000,634506000,634506000,6000000,80000000,18000000,300000,24000000,80300000,40000000,96300000,10000000,10000000,6000000,6000000,0,0,6000000,80000000,18000000,300000,24000000,80300000,10000010,92000030,10000000,10000000,10,82000030
762,653806000,665606000,10000000,10000000,1000000,1000000,634506000,634506000,1000000,20000000,7300000,100000,8300000,20100000,19300000,31100000,10000000,10000000,1000000,1000000,0,0,1000000,20000000,7300000,100000,8300000,20100000,10000010,30000030,10000000,10000000,10,20000030
792,657706000,726606000,10000000,10000000,1000000,1000000,634506000,634506000,1000000,81000000,11200000,100000,12200000,81100000,23200000,92100000,10000000,10000000,1000000,1000000,0,0,1000000,81000000,11200000,100000,12200000,81100000,10000010,91000040,10000000,10000000,10,81000040
822,666906000,726706000,10000000,10000000,0,1000000,634506000,634506000,1000000,81000000,21400000,200000,22400000,81200000,32400000,92200000,10000000,10000000,0,1000000,0,0,1000000,81000000,21400000,200000,22400000,81200000,10000010,91000030,10000000,10000000,10,81000030
852,692906000,693906000,10000000,10000000,12000000,13000000,634506000,634506000,13000000,13000000,23400000,23400000,36400000,36400000,58400000,59400000,10000000,10000000,12000000,13000000,0,0,13000000,13000000,23400000,23400000,36400000,36400000,10000010,19000010,10000000,10000000,10,9000010
882,692406000,693406000,10000000,10000000,15000000,16000000,634506000,634506000,16000000,16000000,16900000,16900000,32900000,32900000,57900000,58900000,10000000,10000000,15000000,16000000,0,0,16000000,16000000,16900000,16900000,32900000,32900000,10000010,38000050,10000000,10000000,10,28000050
912,660506000,661506000,10000000,10000000,16000000,17000000,634506000,634506000,0,0,0,0,0,0,26000000,27000000,10000000,10000000,16000000,17000000,0,0,0,0,0,0,0,0,10000010,10000000,10000000,10000000,10,0
942,671606000,697906000,10000000,10000000,8000000,9000000,634506000,634506000,9000000,44000000,10100000,400000,19100000,44400000,37100000,63400000,10000000,10000000,8000000,9000000,0,0,9000000,44000000,10100000,400000,19100000,44400000,10000010,48000050,10000000,10000000,10,38000050
972,795606000,822606000,10000000,10000000,58000000,85000000,634506000,634506000,85000000,85000000,8100000,8100000,93100000,93100000,161100000,188100000,10000000,10000000,58000000,85000000,0,0,85000000,85000000,8100000,8100000,93100000,93100000,10000010,116000020,10000000,10000000,10,106000020
1002,670706000,4478742000,10000000,10000000,12000000,13000000,634506000,4441542000,13000000,13000000,1200000,1200000,14200000,14200000,36200000,37200000,10000000,10000000,12000000,13000000,0,0,13000000,13000000,1200000,1200000,14200000,14200000,10000010,10000000,10000000,10000000,10,0
1032,661506000,1931518000,10000000,10000000,17000000,18000000,634506000,1903518000,0,0,0,0,0,0,27000000,28000000,10000000,10000000,17000000,18000000,0,0,0,0,0,0,0,0,10000010,10000000,10000000,10000000,10,0
1062,660406000,5110948000,10000000,10000000,0,9000000,634506000,5076048000,9000000,9000000,6900000,6900000,15900000,15900000,25900000,34900000,10000000,10000000,0,9000000,0,0,9000000,9000000,6900000,6900000,15900000,15900000,10000010,10000000,10000000,10000000,10,0
1092,698306000,4508342000,10000000,10000000,10000000,13000000,634506000,4441542000,13000000,13000000,30800000,30800000,43800000,43800000,63800000,66800000,10000000,10000000,10000000,13000000,0,0,13000000,13000000,30800000,30800000,43800000,43800000,10000010,10000000,10000000,10000000,10,0
1122,651506000,1921518000,10000000,10000000,7000000,8000000,634506000,1903518000,0,0,0,0,0,0,17000000,18000000,10000000,10000000,7000000,8000000,0,0,0,0,0,0,0,0,10000010,10000000,10000000,10000000,10,0
1152,661106000,3834636000,10000000,10000000,7000000,8000000,634506000,3807036000,7000000,7000000,2600000,2600000,9600000,9600000,26600000,27600000,10000000,10000000,7000000,8000000,0,0,7000000,7000000,2600000,2600000,9600000,9600000,10000010,10000000,10000000,10000000,10,0
1182,661606000,3200630000,10000000,10000000,8000000,9000000,634506000,3172530000,9000000,9000000,100000,100000,9100000,9100000,27100000,28100000,10000000,10000000,8000000,9000000,0,0,9000000,9000000,100000,100000,9100000,9100000,10000010,10000000,10000000,10000000,10,0
1212,652506000,1288012000,10000000,10000000,8000000,9000000,634506000,1269012000,0,0,0,0,0,0,18000000,19000000,10000000,10000000,8000000,9000000,0,0,0,0,0,0,0,0,10000010,10000000,10000000,10000000,10,0
1242,675506000,3216530000,10000000,10000000,8000000,11000000,634506000,3172530000,9000000,9000000,14000000,14000000,23000000,23000000,41000000,44000000,10000000,10000000,8000000,11000000,0,0,9000000,9000000,14000000,14000000,23000000,23000000,10000010,26000020,10000000,10000000,10,16000020
1272,684606000,2590124000,10000000,10000000,17000000,19000000,634506000,2538024000,19000000,19000000,4100000,4100000,23100000,23100000,50100000,52100000,10000000,10000000,17000000,19000000,0,0,19000000,19000000,4100000,4100000,23100000,23100000,10000010,10000000,10000000,10000000,10,0
13,708406000,709406000,10000000,10000000,19000000,20000000,634506000,634506000,20000000,20000000,24900000,24900000,44900000,44900000,73900000,74900000,10000000,10000000,19000000,20000000,0,0,20000000,20000000,24900000,24900000,44900000,44900000,10000010,32000010,10000000,10000000,10,22000010
43,696206000,697206000,10000000,10000000,17000000,18000000,634506000,634506000,18000000,18000000,16700000,16700000,34700000,34700000,61700000,62700000,10000000,10000000,17000000,18000000,0,0,18000000,18000000,16700000,16700000,34700000,34700000,10000010,39000040,10000000,10000000,10,29000040
73,689606000,713606000,10000000,10000000,10000000,11000000,634506000,634506000,11000000,58000000,24100000,100000,35100000,58100000,55100000,79100000,10000000,10000000,10000000,11000000,0,0,11000000,58000000,24100000,100000,35100000,58100000,10000010,78000040,10000000,10000000,10,68000040
103,681906000,747906000,10000000,10000000,11000000,18000000,634506000,634506000,18000000,85000000,8400000,400000,26400000,85400000,47400000,113400000,10000000,10000000,11000000,18000000,0,0,18000000,85000000,8400000,400000,26400000,85400000,10000010,85000040,10000000,10000000,10,75000040
133,662606000,662606000,10000000,10000000,1000000,1000000,634506000,634506000,1000000,1000000,16100000,16100000,17100000,17100000,28100000,28100000,10000000,10000000,1000000,1000000,0,0,1000000,1000000,16100000,16100000,17100000,17100000,10000010,22000030,10000000,10000000,10,12000030
163,693906000,722106000,10000000,10000000,9000000,37000000,634506000,634506000,37000000,40000000,3400000,600000,40400000,40600000,59400000,87600000,10000000,10000000,9000000,37000000,0,0,37000000,40000000,3400000,600000,40400000,40600000,10000010,16000030,10000000,10000000,10,6000030
193,705206000,721606000,10000000,10000000,20000000,20000000,634506000,634506000,20000000,57000000,20700000,100000,40700000,57100000,70700000,87100000,10000000,10000000,20000000,20000000,0,0,20000000,57000000,20700000,100000,40700000,57100000,10000010,61000030,10000000,10000000,10,51000030
223,710006000,729006000,10000000,10000000,19000000,38000000,634506000,634506000,38000000,38000000,8500000,8500000,46500000,46500000,75500000,94500000,10000000,10000000,19000000,38000000,0,0,38000000,38000000,8500000,8500000,46500000,46500000,10000010,22000020,10000000,10000000,10,12000020
253,660706000,674106000,10000000,10000000,0,8000000,634506000,634506000,8000000,19000000,8200000,2600000,16200000,21600000,26200000,39600000,10000000,10000000,0,8000000,0,0,8000000,19000000,8200000,2600000,16200000,21600000,10000010,21000010,10000000,10000000,10,11000010
283,678306000,678306000,10000000,10000000,9000000,9000000,634506000,634506000,9000000,9000000,15800000,15800000,24800000,24800000,43800000,43800000,10000000,10000000,9000000,9000000,0,0,9000000,9000000,15800000,15800000,24800000,24800000,10000010,26000040,10000000,10000000,10,16000040
313,656806000,672906000,10000000,10000000,1000000,8000000,634506000,634506000,8000000,20000000,3300000,400000,11300000,20400000,22300000,38400000,10000000,10000000,1000000,8000000,0,0,8000000,20000000,3300000,400000,11300000,20400000,10000010,22000020,10000000,10000000,10,12000020
343,653706000,672606000,10000000,10000000,1000000,8000000,634506000,634506000,8000000,20000000,200000,100000,8200000,20100000,19200000,38100000,10000000,10000000,1000000,8000000,0,0,8000000,20000000,200000,100000,8200000,20100000,10000010,22000020,10000000,10000000,10,12000020
373,675406000,675406000,10000000,10000000,9000000,9000000,634506000,634506000,9000000,9000000,12900000,12900000,21900000,21900000,40900000,40900000,10000000,10000000,9000000,9000000,0,0,9000000,9000000,12900000,12900000,21900000,21900000,10000010,26000030,10000000,10000000,10,16000030
403,700206000,701206000,10000000,10000000,12000000,13000000,634506000,634506000,13000000,13000000,30700000,30700000,43700000,43700000,65700000,66700000,10000000,10000000,12000000,13000000,0,0,13000000,13000000,30700000,30700000,43700000,43700000,10000010,12000010,10000000,10000000,10,2000010
433,684506000,685506000,10000000,10000000,11000000,12000000,634506000,634506000,12000000,12000000,17000000,17000000,29000000,29000000,50000000,51000000,10000000,10000000,11000000,12000000,0,0,12000000,12000000,17000000,17000000,29000000,29000000,10000010,36000040,10000000,10000000,10,26000040
463,669406000,671406000,10000000,10000000,9000000,11000000,634506000,634506000,11000000,11000000,4900000,4900000,15900000,15900000,34900000,36900000,10000000,10000000,9000000,11000000,0,0,11000000,11000000,4900000,4900000,15900000,15900000,10000010,27000030,10000000,10000000,10,17000030
493,679506000,679506000,10000000,10000000,4000000,4000000,634506000,634506000,4000000,4000000,27000000,27000000,31000000,31000000,45000000,45000000,10000000,10000000,4000000,4000000,0,0,4000000,4000000,27000000,27000000,31000000,31000000,10000010,25000040,10000000,10000000,10,15000040
523,711106000,762606000,10000000,10000000,18000000,38000000,634506000,634506000,38000000,80000000,10600000,100000,48600000,80100000,76600000,128100000,10000000,10000000,18000000,38000000,0,0,38000000,80000000,10600000,100000,48600000,80100000,10000010,72000010,10000000,10000000,10,62000010
553,677206000,682206000,10000000,10000000,7000000,12000000,634506000,634506000,12000000,12000000,13700000,13700000,25700000,25700000,42700000,47700000,10000000,10000000,7000000,12000000,0,0,12000000,12000000,13700000,13700000,25700000,25700000,10000010,33000030,10000000,10000000,10,23000030
583,767306000,768306000,10000000,10000000,46000000,47000000,634506000,634506000,47000000,47000000,29800000,29800000,76800000,76800000,132800000,133800000,10000000,10000000,46000000,47000000,0,0,47000000,47000000,29800000,29800000,76800000,76800000,10000010,49000050,10000000,10000000,10,39000050
613,683706000,684706000,10000000,10000000,9000000,10000000,634506000,634506000,10000000,10000000,20200000,20200000,30200000,30200000,49200000,50200000,10000000,10000000,9000000,10000000,0,0,10000000,10000000,20200000,20200000,30200000,30200000,10000010,31000040,10000000,10000000,10,21000040
643,678806000,734606000,10000000,10000000,9000000,10000000,634506000,634506000,10000000,80000000,15300000,100000,25300000,80100000,44300000,100100000,10000000,10000000,9000000,10000000,0,0,10000000,80000000,15300000,100000,25300000,80100000,10000010,93000020,10000000,10000000,10,83000020
673,664506000,664506000,10000000,10000000,6000000,6000000,634506000,634506000,6000000,6000000,8000000,8000000,14000000,14000000,30000000,30000000,10000000,10000000,6000000,6000000,0,0,6000000,6000000,8000000,8000000,14000000,14000000,10000010,20000010,10000000,10000000,10,10000010
703,696406000,697406000,10000000,10000000,17000000,18000000,634506000,634506000,18000000,18000000,16900000,16900000,34900000,34900000,61900000,62900000,10000000,10000000,17000000,18000000,0,0,18000000,18000000,16900000,16900000,34900000,34900000,10000010,31000010,10000000,10000000,10,21000010
733,674506000,674506000,10000000,10000000,6000000,6000000,634506000,634506000,6000000,6000000,18000000,18000000,24000000,24000000,40000000,40000000,10000000,10000000,6000000,6000000,0,0,6000000,6000000,18000000,18000000,24000000,24000000,10000010,22000020,10000000,10000000,10,12000020
763,653806000,665606000,10000000,10000000,1000000,1000000,634506000,634506000,1000000,20000000,7300000,100000,8300000,20100000,19300000,31100000,10000000,10000000,1000000,1000000,0,0,1000000,20000000,7300000,100000,8300000,20100000,10000010,30000030,10000000,10000000,10,20000030
793,657706000,726606000,10000000,10000000,1000000,1000000,634506000,634506000,1000000,81000000,11200000,100000,12200000,81100000,23200000,92100000,10000000,10000000,1000000,1000000,0,0,1000000,81000000,11200000,100000,12200000,81100000,10000010,91000040,10000000,10000000,10,81000040
823,666906000,726706000,10000000,10000000,0,1000000,634506000,634506000,1000000,81000000,21400000,200000,22400000,81200000,32400000,92200000,10000000,10000000,0,1000000,0,0,1000000,81000000,21400000,200000,22400000,81200000,10000010,91000030,10000000,10000000,10,81000030
853,658206000,665606000,10000000,10000000,2000000,8000000,634506000,634506000,8000000,13000000,3700000,100000,11700000,13100000,23700000,31100000,10000000,10000000,2000000,8000000,0,0,8000000,13000000,3700000,100000,11700000,13100000,10000010,17000030,10000000,10000000,10,7000030
883,831906000,831906000,10000000,10000000,81000000,81000000,634506000,634506000,81000000,81000000,25400000,25400000,106400000,106400000,197400000,197400000,10000000,10000000,81000000,81000000,0,0,81000000,81000000,25400000,25400000,106400000,106400000,10000010,142000030,10000000,10000000,10,132000030
913,654506000,665506000,10000000,10000000,10000000,21000000,634506000,634506000,0,0,0,0,0,0,20000000,31000000,10000000,10000000,10000000,21000000,0,0,0,0,0,0,0,0,10000010,10000000,10000000,10000000,10,0
943,680406000,690606000,10000000,10000000,8000000,8000000,634506000,634506000,8000000,38000000,19900000,100000,27900000,38100000,45900000,56100000,10000000,10000000,8000000,8000000,0,0,8000000,38000000,19900000,100000,27900000,38100000,10000010,54000030,10000000,10000000,10,44000030
973,691106000,7093666000,10000000,10000000,1000000,19000000,634506000,6979566000,18000000,85000000,27600000,100000,45600000,85100000,56600000,114100000,10000000,10000000,1000000,19000000,0,0,18000000,85000000,27600000,100000,45600000,85100000,10000010,78000020,10000000,10000000,10,68000020
1003,670606000,3844136000,10000000,10000000,12000000,13000000,634506000,3807036000,13000000,13000000,1100000,1100000,14100000,14100000,36100000,37100000,10000000,10000000,12000000,13000000,0,0,13000000,13000000,1100000,1100000,14100000,14100000,10000010,10000000,10000000,10000000,10,0
1033,684106000,8365078000,10000000,10000000,1000000,18000000,634506000,8248578000,18000000,85000000,20600000,3500000,38600000,88500000,49600000,116500000,10000000,10000000,1000000,18000000,0,0,18000000,85000000,20600000,3500000,38600000,88500000,10000010,78000020,10000000,10000000,10,68000020
1063,683906000,3222930000,10000000,10000000,19000000,20000000,634506000,3172530000,20000000,20000000,400000,400000,20400000,20400000,49400000,50400000,10000000,10000000,19000000,20000000,0,0,20000000,20000000,400000,400000,20400000,20400000,10000010,10000000,10000000,10000000,10,0
1093,698306000,4508342000,10000000,10000000,10000000,13000000,634506000,4441542000,13000000,13000000,30800000,30800000,43800000,43800000,63800000,66800000,10000000,10000000,10000000,13000000,0,0,13000000,13000000,30800000,30800000,43800000,43800000,10000010,10000000,10000000,10000000,10,0
1123,651506000,1921518000,10000000,10000000,7000000,8000000,634506000,1903518000,0,0,0,0,0,0,17000000,18000000,10000000,10000000,7000000,8000000,0,0,0,0,0,0,0,0,10000010,10000000,10000000,10000000,10,0
1153,660506000,661506000,10000000,10000000,16000000,17000000,634506000,634506000,0,0,0,0,0,0,26000000,27000000,10000000,10000000,16000000,17000000,0,0,0,0,0,0,0,0,10000010,10000000,10000000,10000000,10,0
1183,661606000,3200630000,10000000,10000000,8000000,9000000,634506000,3172530000,9000000,9000000,100000,100000,9100000,9100000,27100000,28100000,10000000,10000000,8000000,9000000,0,0,9000000,9000000,100000,100000,9100000,9100000,10000010,10000000,10000000,10000000,10,0
1213,645506000,646506000,10000000,10000000,1000000,2000000,634506000,634506000,0,0,0,0,0,0,11000000,12000000,10000000,10000000,1000000,2000000,0,0,0,0,0,0,0,0,10000010,10000000,10000000,10000000,10,0
1243,672606000,1329112000,10000000,10000000,11000000,13000000,634506000,1269012000,13000000,37000000,4100000,100000,17100000,37100000,38100000,60100000,10000000,10000000,11000000,13000000,0,0,13000000,37000000,4100000,100000,17100000,37100000,10000010,43000020,10000000,10000000,10,33000020
1273,687306000,3283130000,10000000,10000000,17000000,20000000,634506000,3172530000,19000000,80000000,6800000,600000,25800000,80600000,52800000,110600000,10000000,10000000,17000000,20000000,0,0,19000000,80000000,6800000,600000,25800000,80600000,10000010,72000010,10000000,10000000,10,62000010
14,686206000,702606000,10000000,10000000,19000000,19000000,634506000,634506000,19000000,39000000,3700000,100000,22700000,39100000,51700000,68100000,10000000,10000000,19000000,19000000,0,0,19000000,39000000,3700000,100000,22700000,39100000,10000010,32000010,10000000,10000000,10,22000010
44,708306000,719606000,10000000,10000000,17000000,18000000,634506000,634506000,18000000,57000000,28800000,100000,46800000,57100000,73800000,85100000,10000000,10000000,17000000,18000000,0,0,18000000,57000000,28800000,100000,46800000,57100000,10000010,71000050,10000000,10000000,10,61000050
74,686106000,693606000,10000000,10000000,10000000,11000000,634506000,634506000,11000000,38000000,20600000,100000,31600000,38100000,51600000,59100000,10000000,10000000,10000000,11000000,0,0,11000000,38000000,20600000,100000,31600000,38100000,10000010,44000040,10000000,10000000,10,34000040
104,690006000,747906000,10000000,10000000,18000000,18000000,634506000,634506000,18000000,85000000,9500000,400000,27500000,85400000,55500000,113400000,10000000,10000000,18000000,18000000,0,0,18000000,85000000,9500000,400000,27500000,85400000,10000010,83000030,10000000,10000000,10,73000030
134,662606000,662606000,10000000,10000000,1000000,1000000,634506000,634506000,1000000,1000000,16100000,16100000,17100000,17100000,28100000,28100000,10000000,10000000,1000000,1000000,0,0,1000000,1000000,16100000,16100000,17100000,17100000,10000010,22000030,10000000,10000000,10,12000030
164,674006000,695706000,10000000,10000000,9000000,11000000,634506000,634506000,9000000,37000000,11500000,3200000,20500000,40200000,39500000,61200000,10000000,10000000,9000000,11000000,0,0,9000000,37000000,11500000,3200000,20500000,40200000,10000010,40000010,10000000,10000000,10,30000010
194,699406000,710406000,10000000,10000000,9000000,20000000,634506000,634506000,20000000,20000000,25900000,25900000,45900000,45900000,64900000,75900000,10000000,10000000,9000000,20000000,0,0,20000000,20000000,25900000,25900000,45900000,45900000,10000010,29000040,10000000,10000000,10,19000040
224,705506000,706506000,10000000,10000000,19000000,20000000,634506000,634506000,20000000,20000000,22000000,22000000,42000000,42000000,71000000,72000000,10000000,10000000,19000000,20000000,0,0,20000000,20000000,22000000,22000000,42000000,42000000,10000010,32000010,10000000,10000000,10,22000010
254,676206000,677206000,10000000,10000000,8000000,9000000,634506000,634506000,9000000,9000000,14700000,14700000,23700000,23700000,41700000,42700000,10000000,10000000,8000000,9000000,0,0,9000000,9000000,14700000,14700000,23700000,23700000,10000010,26000040,10000000,10000000,10,16000040
284,670006000,679706000,10000000,10000000,9000000,9000000,634506000,634506000,9000000,20000000,7500000,6200000,16500000,26200000,35500000,45200000,10000000,10000000,9000000,9000000,0,0,9000000,20000000,7500000,6200000,16500000,26200000,10000010,23000030,10000000,10000000,10,13000030
314,675906000,743006000,10000000,10000000,8000000,10000000,634506000,634506000,10000000,85000000,13400000,3500000,23400000,88500000,41400000,108500000,10000000,10000000,8000000,10000000,0,0,10000000,85000000,13400000,3500000,23400000,88500000,10000010,87000030,10000000,10000000,10,77000030
344,685506000,692606000,10000000,10000000,8000000,9000000,634506000,634506000,9000000,39000000,24000000,100000,33000000,39100000,51000000,58100000,10000000,10000000,8000000,9000000,0,0,9000000,39000000,24000000,100000,33000000,39100000,10000010,43000020,10000000,10000000,10,33000020
374,675506000,675506000,10000000,10000000,9000000,9000000,634506000,634506000,9000000,9000000,13000000,13000000,22000000,22000000,41000000,41000000,10000000,10000000,9000000,9000000,0,0,9000000,9000000,13000000,13000000,22000000,22000000,10000010,26000030,10000000,10000000,10,16000030
404,675906000,693606000,10000000,10000000,11000000,12000000,634506000,634506000,12000000,37000000,8400000,100000,20400000,37100000,41400000,59100000,10000000,10000000,11000000,12000000,0,0,12000000,37000000,8400000,100000,20400000,37100000,10000010,43000020,10000000,10000000,10,33000020
434,684606000,684606000,10000000,10000000,11000000,11000000,634506000,634506000,11000000,11000000,18100000,18100000,29100000,29100000,50100000,50100000,10000000,10000000,11000000,11000000,0,0,11000000,11000000,18100000,18100000,29100000,29100000,10000010,36000040,10000000,10000000,10,26000040
464,675906000,693606000,10000000,10000000,11000000,12000000,634506000,634506000,12000000,37000000,8400000,100000,20400000,37100000,41400000,59100000,10000000,10000000,11000000,12000000,0,0,12000000,37000000,8400000,100000,20400000,37100000,10000010,43000020,10000000,10000000,10,33000020
494,679506000,679506000,10000000,10000000,4000000,4000000,634506000,634506000,4000000,4000000,27000000,27000000,31000000,31000000,45000000,45000000,10000000,10000000,4000000,4000000,0,0,4000000,4000000,27000000,27000000,31000000,31000000,10000010,25000040,10000000,10000000,10,15000040
524,713806000,715806000,10000000,10000000,18000000,20000000,634506000,634506000,20000000,20000000,31300000,31300000,51300000,51300000,79300000,81300000,10000000,10000000,18000000,20000000,0,0,20000000,20000000,31300000,31300000,51300000,51300000,10000010,36000040,10000000,10000000,10,26000040
554,681406000,682406000,10000000,10000000,7000000,8000000,634506000,634506000,8000000,8000000,21900000,21900000,29900000,29900000,46900000,47900000,10000000,10000000,7000000,8000000,0,0,8000000,8000000,21900000,21900000,29900000,29900000,10000010,32000030,10000000,10000000,10,22000030
584,690506000,695506000,10000000,10000000,46000000,51000000,634506000,634506000,0,0,0,0,0,0,56000000,61000000,10000000,10000000,46000000,51000000,0,0,0,0,0,0,0,0,10000010,10000000,10000000,10000000,10,0
614,683706000,684706000,10000000,10000000,9000000,10000000,634506000,634506000,10000000,10000000,20200000,20200000,30200000,30200000,49200000,50200000,10000000,10000000,9000000,10000000,0,0,10000000,10000000,20200000,20200000,30200000,30200000,10000010,31000040,10000000,10000000,10,21000040
644,678806000,734606000,10000000,10000000,9000000,10000000,634506000,634506000,10000000,80000000,15300000,100000,25300000,80100000,44300000,100100000,10000000,10000000,9000000,10000000,0,0,10000000,80000000,15300000,100000,25300000,80100000,10000010,93000020,10000000,10000000,10,83000020
674,667306000,667306000,10000000,10000000,6000000,6000000,634506000,634506000,6000000,6000000,10800000,10800000,16800000,16800000,32800000,32800000,10000000,10000000,6000000,6000000,0,0,6000000,6000000,10800000,10800000,16800000,16800000,10000010,20000010,10000000,10000000,10,10000010
704,696406000,697406000,10000000,10000000,17000000,18000000,634506000,634506000,18000000,18000000,16900000,16900000,34900000,34900000,61900000,62900000,10000000,10000000,17000000,18000000,0,0,18000000,18000000,16900000,16900000,34900000,34900000,10000010,31000010,10000000,10000000,10,21000010
734,674606000,730806000,10000000,10000000,6000000,6000000,634506000,634506000,6000000,80000000,18100000,300000,24100000,80300000,40100000,96300000,10000000,10000000,6000000,6000000,0,0,6000000,80000000,18100000,300000,24100000,80300000,10000010,92000030,10000000,10000000,10,82000030
764,653506000,665606000,10000000,10000000,1000000,1000000,634506000,634506000,1000000,20000000,7000000,100000,8000000,20100000,19000000,31100000,10000000,10000000,1000000,1000000,0,0,1000000,20000000,7000000,100000,8000000,20100000,10000010,30000030,10000000,10000000,10,20000030
794,657406000,726606000,10000000,10000000,1000000,1000000,634506000,634506000,1000000,81000000,10900000,100000,11900000,81100000,22900000,92100000,10000000,10000000,1000000,1000000,0,0,1000000,81000000,10900000,100000,11900000,81100000,10000010,91000040,10000000,10000000,10,81000040
824,666906000,726706000,10000000,10000000,0,1000000,634506000,634506000,1000000,81000000,21400000,200000,22400000,81200000,32400000,92200000,10000000,10000000,0,1000000,0,0,1000000,81000000,21400000,200000,22400000,81200000,10000010,91000030,10000000,10000000,10,81000030
854,673506000,692606000,10000000,10000000,8000000,9000000,634506000,634506000,8000000,39000000,13000000,100000,21000000,39100000,39000000,58100000,10000000,10000000,8000000,9000000,0,0,8000000,39000000,13000000,100000,21000000,39100000,10000010,44000030,10000000,10000000,10,34000030
884,690806000,690806000,10000000,10000000,16000000,16000000,634506000,634506000,16000000,16000000,14300000,14300000,30300000,30300000,56300000,56300000,10000000,10000000,16000000,16000000,0,0,16000000,16000000,14300000,14300000,30300000,30300000,10000010,35000030,10000000,10000000,10,25000030
914,758806000,761706000,10000000,10000000,41000000,43000000,634506000,634506000,43000000,44000000,30300000,30200000,73300000,74200000,124300000,127200000,10000000,10000000,41000000,43000000,0,0,43000000,44000000,30300000,30200000,73300000,74200000,10000010,125000080,10000000,10000000,10,115000080
944,680406000,690606000,10000000,10000000,8000000,8000000,634506000,634506000,8000000,38000000,19900000,100000,27900000,38100000,45900000,56100000,10000000,10000000,8000000,8000000,0,0,8000000,38000000,19900000,100000,27900000,38100000,10000010,54000030,10000000,10000000,10,44000030
974,703506000,15967850000,10000000,10000000,8000000,38000000,634506000,15862650000,20000000,57000000,31000000,200000,51000000,57200000,69000000,105200000,10000000,10000000,8000000,38000000,0,0,20000000,57000000,31000000,200000,51000000,57200000,10000010,57000020,10000000,10000000,10,47000020
1004,670806000,5113348000,10000000,10000000,12000000,13000000,634506000,5076048000,13000000,13000000,1300000,1300000,14300000,14300000,36300000,37300000,10000000,10000000,12000000,13000000,0,0,13000000,13000000,1300000,1300000,14300000,14300000,10000010,10000000,10000000,10000000,10,0
1034,661506000,1931518000,10000000,10000000,17000000,18000000,634506000,1903518000,0,0,0,0,0,0,27000000,28000000,10000000,10000000,17000000,18000000,0,0,0,0,0,0,0,0,10000010,10000000,10000000,10000000,10,0
1064,663506000,1299012000,10000000,10000000,19000000,20000000,634506000,1269012000,0,0,0,0,0,0,29000000,30000000,10000000,10000000,19000000,20000000,0,0,0,0,0,0,0,0,10000010,10000000,10000000,10000000,10,0
1094,698306000,4508342000,10000000,10000000,10000000,13000000,634506000,4441542000,13000000,13000000,30800000,30800000,43800000,43800000,63800000,66800000,10000000,10000000,10000000,13000000,0,0,13000000,13000000,30800000,30800000,43800000,43800000,10000010,10000000,10000000,10000000,10,0
1124,651506000,1921518000,10000000,10000000,7000000,8000000,634506000,1903518000,0,0,0,0,0,0,17000000,18000000,10000000,10000000,7000000,8000000,0,0,0,0,0,0,0,0,10000010,10000000,10000000,10000000,10,0
1154,659506000,2565024000,10000000,10000000,15000000,17000000,634506000,2538024000,0,0,0,0,0,0,25000000,27000000,10000000,10000000,15000000,17000000,0,0,0,0,0,0,0,0,10000010,10000000,10000000,10000000,10,0
1184,661606000,3200630000,10000000,10000000,8000000,9000000,634506000,3172530000,9000000,9000000,100000,100000,9100000,9100000,27100000,28100000,10000000,10000000,8000000,9000000,0,0,9000000,9000000,100000,100000,9100000,9100000,10000010,10000000,10000000,10000000,10,0
1214,759706000,1397212000,10000000,10000000,41000000,44000000,634506000,1269012000,44000000,44000000,30200000,30200000,74200000,74200000,125200000,128200000,10000000,10000000,41000000,44000000,0,0,44000000,44000000,30200000,30200000,74200000,74200000,10000010,125000080,10000000,10000000,10,115000080
1244,655506000,1292012000,10000000,10000000,11000000,13000000,634506000,1269012000,0,0,0,0,0,0,21000000,23000000,10000000,10000000,11000000,13000000,0,0,0,0,0,0,0,0,10000010,10000000,10000000,10000000,10,0
1274,684606000,2590124000,10000000,10000000,17000000,19000000,634506000,2538024000,19000000,19000000,4100000,4100000,23100000,23100000,50100000,52100000,10000000,10000000,17000000,19000000,0,0,19000000,19000000,4100000,4100000,23100000,23100000,10000010,10000000,10000000,10000000,10,0
15,708506000,721606000,10000000,10000000,19000000,20000000,634506000,634506000,20000000,57000000,25000000,100000,45000000,57100000,74000000,87100000,10000000,10000000,19000000,20000000,0,0,20000000,57000000,25000000,100000,45000000,57100000,10000010,61000030,10000000,10000000,10,51000030
45,680206000,723006000,10000000,10000000,10000000,17000000,634506000,634506000,17000000,57000000,8700000,4500000,25700000,61500000,45700000,88500000,10000000,10000000,10000000,17000000,0,0,17000000,57000000,8700000,4500000,25700000,61500000,10000010,50000010,10000000,10000000,10,40000010
75,678406000,693706000,10000000,10000000,10000000,11000000,634506000,634506000,11000000,38000000,12900000,200000,23900000,38200000,43900000,59200000,10000000,10000000,10000000,11000000,0,0,11000000,38000000,12900000,200000,23900000,38200000,10000010,44000040,10000000,10000000,10,34000040
105,687406000,687406000,10000000,10000000,18000000,18000000,634506000,634506000,18000000,18000000,6900000,6900000,24900000,24900000,52900000,52900000,10000000,10000000,18000000,18000000,0,0,18000000,18000000,6900000,6900000,24900000,24900000,10000010,35000020,10000000,10000000,10,25000020
135,671306000,674306000,10000000,10000000,1000000,4000000,634506000,634506000,4000000,4000000,21800000,21800000,25800000,25800000,36800000,39800000,10000000,10000000,1000000,4000000,0,0,4000000,4000000,21800000,21800000,25800000,25800000,10000010,29000030,10000000,10000000,10,19000030
165,689106000,727606000,10000000,10000000,7000000,9000000,634506000,634506000,9000000,74000000,28600000,100000,37600000,74100000,54600000,93100000,10000000,10000000,7000000,9000000,0,0,9000000,74000000,28600000,100000,37600000,74100000,10000010,91000040,10000000,10000000,10,81000040
195,705106000,721606000,10000000,10000000,20000000,20000000,634506000,634506000,20000000,57000000,20600000,100000,40600000,57100000,70600000,87100000,10000000,10000000,20000000,20000000,0,0,20000000,57000000,20600000,100000,40600000,57100000,10000010,61000030,10000000,10000000,10,51000030
225,705506000,706506000,10000000,10000000,19000000,20000000,634506000,634506000,20000000,20000000,22000000,22000000,42000000,42000000,71000000,72000000,10000000,10000000,19000000,20000000,0,0,20000000,20000000,22000000,22000000,42000000,42000000,10000010,32000010,10000000,10000000,10,22000010
255,683406000,684406000,10000000,10000000,8000000,9000000,634506000,634506000,9000000,9000000,21900000,21900000,30900000,30900000,48900000,49900000,10000000,10000000,8000000,9000000,0,0,9000000,9000000,21900000,21900000,30900000,30900000,10000010,26000040,10000000,10000000,10,16000040
285,679706000,679706000,10000000,10000000,9000000,9000000,634506000,634506000,9000000,9000000,17200000,17200000,26200000,26200000,45200000,45200000,10000000,10000000,9000000,9000000,0,0,9000000,9000000,17200000,17200000,26200000,26200000,10000010,26000040,10000000,10000000,10,16000040
315,685506000,692606000,10000000,10000000,8000000,9000000,634506000,634506000,9000000,39000000,24000000,100000,33000000,39100000,51000000,58100000,10000000,10000000,8000000,9000000,0,0,9000000,39000000,24000000,100000,33000000,39100000,10000010,43000020,10000000,10000000,10,33000020
345,685506000,692606000,10000000,10000000,8000000,9000000,634506000,634506000,9000000,39000000,24000000,100000,33000000,39100000,51000000,58100000,10000000,10000000,8000000,9000000,0,0,9000000,39000000,24000000,100000,33000000,39100000,10000010,43000020,10000000,10000000,10,33000020
375,671206000,677806000,10000000,10000000,9000000,9000000,634506000,634506000,9000000,20000000,8700000,4300000,17700000,24300000,36700000,43300000,10000000,10000000,9000000,9000000,0,0,9000000,20000000,8700000,4300000,17700000,24300000,10000010,26000030,10000000,10000000,10,16000030
405,700306000,701306000,10000000,10000000,12000000,13000000,634506000,634506000,13000000,13000000,30800000,30800000,43800000,43800000,65800000,66800000,10000000,10000000,12000000,13000000,0,0,13000000,13000000,30800000,30800000,43800000,43800000,10000010,12000010,10000000,10000000,10,2000010
435,684506000,685506000,10000000,10000000,11000000,12000000,634506000,634506000,12000000,12000000,17000000,17000000,29000000,29000000,50000000,51000000,10000000,10000000,11000000,12000000,0,0,12000000,12000000,17000000,17000000,29000000,29000000,10000010,36000040,10000000,10000000,10,26000040
465,675906000,692606000,10000000,10000000,11000000,11000000,634506000,634506000,11000000,37000000,9400000,100000,20400000,37100000,41400000,58100000,10000000,10000000,11000000,11000000,0,0,11000000,37000000,9400000,100000,20400000,37100000,10000010,43000020,10000000,10000000,10,33000020
495,748606000,749606000,10000000,10000000,37000000,38000000,634506000,634506000,38000000,38000000,29100000,29100000,67100000,67100000,114100000,115100000,10000000,10000000,37000000,38000000,0,0,38000000,38000000,29100000,29100000,67100000,67100000,10000010,46000040,10000000,10000000,10,36000040
525,694206000,742606000,10000000,10000000,18000000,18000000,634506000,634506000,18000000,80000000,13700000,100000,31700000,80100000,59700000,108100000,10000000,10000000,18000000,18000000,0,0,18000000,80000000,13700000,100000,31700000,80100000,10000010,72000010,10000000,10000000,10,62000010
555,681406000,682406000,10000000,10000000,7000000,8000000,634506000,634506000,8000000,8000000,21900000,21900000,29900000,29900000,46900000,47900000,10000000,10000000,7000000,8000000,0,0,8000000,8000000,21900000,21900000,29900000,29900000,10000010,32000030,10000000,10000000,10,22000030
585,761806000,762806000,10000000,10000000,43000000,44000000,634506000,634506000,44000000,44000000,30300000,30300000,74300000,74300000,127300000,128300000,10000000,10000000,43000000,44000000,0,0,44000000,44000000,30300000,30300000,74300000,74300000,10000010,127000090,10000000,10000000,10,117000090
615,686706000,734606000,10000000,10000000,9000000,10000000,634506000,634506000,10000000,80000000,23200000,100000,33200000,80100000,52200000,100100000,10000000,10000000,9000000,10000000,0,0,10000000,80000000,23200000,100000,33200000,80100000,10000010,93000020,10000000,10000000,10,83000020
645,678806000,734606000,10000000,10000000,9000000,10000000,634506000,634506000,10000000,80000000,15300000,100000,25300000,80100000,44300000,100100000,10000000,10000000,9000000,10000000,0,0,10000000,80000000,15300000,100000,25300000,80100000,10000010,93000020,10000000,10000000,10,83000020
675,667306000,667306000,10000000,10000000,6000000,6000000,634506000,634506000,6000000,6000000,10800000,10800000,16800000,16800000,32800000,32800000,10000000,10000000,6000000,6000000,0,0,6000000,6000000,10800000,10800000,16800000,16800000,10000010,22000020,10000000,10000000,10,12000020
705,696706000,700606000,10000000,10000000,17000000,18000000,634506000,634506000,18000000,38000000,17200000,100000,35200000,38100000,62200000,66100000,10000000,10000000,17000000,18000000,0,0,18000000,38000000,17200000,100000,35200000,38100000,10000010,31000010,10000000,10000000,10,21000010
735,650506000,652506000,10000000,10000000,6000000,8000000,634506000,634506000,0,0,0,0,0,0,16000000,18000000,10000000,10000000,6000000,8000000,0,0,0,0,0,0,0,0,10000010,10000000,10000000,10000000,10,0
765,649806000,656606000,10000000,10000000,1000000,1000000,634506000,634506000,1000000,11000000,3300000,100000,4300000,11100000,15300000,22100000,10000000,10000000,1000000,1000000,0,0,1000000,11000000,3300000,100000,4300000,11100000,10000010,21000030,10000000,10000000,10,11000030
795,659706000,663606000,10000000,10000000,1000000,1000000,634506000,634506000,1000000,18000000,13200000,100000,14200000,18100000,25200000,29100000,10000000,10000000,1000000,1000000,0,0,1000000,18000000,13200000,100000,14200000,18100000,10000010,28000020,10000000,10000000,10,18000020
825,666606000,726706000,10000000,10000000,0,1000000,634506000,634506000,1000000,81000000,21100000,200000,22100000,81200000,32100000,92200000,10000000,10000000,0,1000000,0,0,1000000,81000000,21100000,200000,22100000,81200000,10000010,91000030,10000000,10000000,10,81000030
855,700806000,701806000,10000000,10000000,12000000,13000000,634506000,634506000,13000000,13000000,31300000,31300000,44300000,44300000,66300000,67300000,10000000,10000000,12000000,13000000,0,0,13000000,13000000,31300000,31300000,44300000,44300000,10000010,19000010,10000000,10000000,10,9000010
885,691006000,691006000,10000000,10000000,16000000,16000000,634506000,634506000,16000000,16000000,14500000,14500000,30500000,30500000,56500000,56500000,10000000,10000000,16000000,16000000,0,0,16000000,16000000,14500000,14500000,30500000,30500000,10000010,35000030,10000000,10000000,10,25000030
915,700106000,743606000,10000000,10000000,18000000,19000000,634506000,634506000,18000000,80000000,19600000,100000,37600000,80100000,65600000,109100000,10000000,10000000,18000000,19000000,0,0,18000000,80000000,19600000,100000,37600000,80100000,10000010,72000010,10000000,10000000,10,62000010
945,674406000,690606000,10000000,10000000,8000000,8000000,634506000,634506000,8000000,38000000,13900000,100000,21900000,38100000,39900000,56100000,10000000,10000000,8000000,8000000,0,0,8000000,38000000,13900000,100000,21900000,38100000,10000010,54000030,10000000,10000000,10,44000030
975,691406000,4556942000,10000000,10000000,8000000,20000000,634506000,4441542000,19000000,85000000,19900000,400000,38900000,85400000,56900000,115400000,10000000,10000000,8000000,20000000,0,0,19000000,85000000,19900000,400000,38900000,85400000,10000010,82000020,10000000,10000000,10,72000020
1005,696306000,15975850000,10000000,10000000,7000000,18000000,634506000,15862650000,13000000,85000000,31800000,200000,44800000,85200000,61800000,113200000,10000000,10000000,7000000,18000000,0,0,13000000,85000000,31800000,200000,44800000,85200000,10000010,85000040,10000000,10000000,10,75000040
1035,771106000,4011636000,10000000,10000000,17000000,85000000,634506000,3807036000,85000000,85000000,24600000,24600000,109600000,109600000,136600000,204600000,10000000,10000000,17000000,85000000,0,0,85000000,85000000,24600000,24600000,109600000,109600000,10000010,76000030,10000000,10000000,10,66000030
1065,683906000,3857436000,10000000,10000000,19000000,20000000,634506000,3807036000,20000000,20000000,400000,400000,20400000,20400000,49400000,50400000,10000000,10000000,19000000,20000000,0,0,20000000,20000000,400000,400000,20400000,20400000,10000010,10000000,10000000,10000000,10,0
1095,686006000,3226030000,10000000,10000000,11000000,13000000,634506000,3172530000,13000000,13000000,17500000,17500000,30500000,30500000,51500000,53500000,10000000,10000000,11000000,13000000,0,0,13000000,13000000,17500000,17500000,30500000,30500000,10000010,10000000,10000000,10000000,10,0
1125,683306000,12796020000,10000000,10000000,0,10000000,634506000,12690120000,8000000,80000000,30800000,5900000,38800000,85900000,48800000,105900000,10000000,10000000,0,10000000,0,0,8000000,80000000,30800000,5900000,38800000,85900000,10000010,90000040,10000000,10000000,10,80000040
1155,666806000,1302312000,10000000,10000000,10000000,11000000,634506000,1269012000,11000000,11000000,1300000,1300000,12300000,12300000,32300000,33300000,10000000,10000000,10000000,11000000,0,0,11000000,11000000,1300000,1300000,12300000,12300000,10000010,10000000,10000000,10000000,10,0
1185,661606000,3200630000,10000000,10000000,8000000,9000000,634506000,3172530000,9000000,9000000,100000,100000,9100000,9100000,27100000,28100000,10000000,10000000,8000000,9000000,0,0,9000000,9000000,100000,100000,9100000,9100000,10000010,10000000,10000000,10000000,10,0
1215,678606000,1948618000,10000000,10000000,17000000,18000000,634506000,1903518000,17000000,17000000,100000,100000,17100000,17100000,44100000,45100000,10000000,10000000,17000000,18000000,0,0,17000000,17000000,100000,100000,17100000,17100000,10000010,10000000,10000000,10000000,10,0
1245,653506000,654506000,10000000,10000000,9000000,10000000,634506000,634506000,0,0,0,0,0,0,19000000,20000000,10000000,10000000,9000000,10000000,0,0,0,0,0,0,0,0,10000010,10000000,10000000,10000000,10,0
1275,684606000,2590124000,10000000,10000000,17000000,19000000,634506000,2538024000,19000000,19000000,4100000,4100000,23100000,23100000,50100000,52100000,10000000,10000000,17000000,19000000,0,0,19000000,19000000,4100000,4100000,23100000,23100000,10000010,10000000,10000000,10000000,10,0
16,708406000,709406000,10000000,10000000,19000000,20000000,634506000,634506000,20000000,20000000,24900000,24900000,44900000,44900000,73900000,74900000,10000000,10000000,19000000,20000000,0,0,20000000,20000000,24900000,24900000,44900000,44900000,10000010,32000010,10000000,10000000,10,22000010
46,704906000,747806000,10000000,10000000,17000000,18000000,634506000,634506000,18000000,85000000,25400000,300000,43400000,85300000,70400000,113300000,10000000,10000000,17000000,18000000,0,0,18000000,85000000,25400000,300000,43400000,85300000,10000010,78000020,10000000,10000000,10,68000020
76,689606000,713606000,10000000,10000000,10000000,11000000,634506000,634506000,11000000,58000000,24100000,100000,35100000,58100000,55100000,79100000,10000000,10000000,10000000,11000000,0,0,11000000,58000000,24100000,100000,35100000,58100000,10000010,78000040,10000000,10000000,10,68000040
106,694606000,694606000,10000000,10000000,18000000,18000000,634506000,634506000,18000000,18000000,14100000,14100000,32100000,32100000,60100000,60100000,10000000,10000000,18000000,18000000,0,0,18000000,18000000,14100000,14100000,32100000,32100000,10000010,35000040,10000000,10000000,10,25000040
136,662106000,671106000,10000000,10000000,1000000,9000000,634506000,634506000,9000000,17000000,7600000,600000,16600000,17600000,27600000,36600000,10000000,10000000,1000000,9000000,0,0,9000000,17000000,7600000,600000,16600000,17600000,10000010,21000030,10000000,10000000,10,11000030
166,700506000,700506000,10000000,10000000,20000000,20000000,634506000,634506000,20000000,20000000,16000000,16000000,36000000,36000000,66000000,66000000,10000000,10000000,20000000,20000000,0,0,20000000,20000000,16000000,16000000,36000000,36000000,10000010,37000040,10000000,10000000,10,27000040
196,705106000,721606000,10000000,10000000,20000000,20000000,634506000,634506000,20000000,57000000,20600000,100000,40600000,57100000,70600000,87100000,10000000,10000000,20000000,20000000,0,0,20000000,57000000,20600000,100000,40600000,57100000,10000010,61000030,10000000,10000000,10,51000030
226,711106000,712106000,10000000,10000000,19000000,20000000,634506000,634506000,20000000,20000000,27600000,27600000,47600000,47600000,76600000,77600000,10000000,10000000,19000000,20000000,0,0,20000000,20000000,27600000,27600000,47600000,47600000,10000010,32000010,10000000,10000000,10,22000010
256,678206000,679206000,10000000,10000000,8000000,9000000,634506000,634506000,9000000,9000000,16700000,16700000,25700000,25700000,43700000,44700000,10000000,10000000,8000000,9000000,0,0,9000000,9000000,16700000,16700000,25700000,25700000,10000010,26000040,10000000,10000000,10,16000040
286,666006000,674006000,10000000,10000000,5000000,9000000,634506000,634506000,5000000,20000000,11500000,500000,16500000,20500000,31500000,39500000,10000000,10000000,5000000,9000000,0,0,5000000,20000000,11500000,500000,16500000,20500000,10000010,27000030,10000000,10000000,10,17000030
316,685506000,692606000,10000000,10000000,8000000,9000000,634506000,634506000,9000000,39000000,24000000,100000,33000000,39100000,51000000,58100000,10000000,10000000,8000000,9000000,0,0,9000000,39000000,24000000,100000,33000000,39100000,10000010,43000020,10000000,10000000,10,33000020
346,661606000,662606000,10000000,10000000,8000000,9000000,634506000,634506000,9000000,9000000,100000,100000,9100000,9100000,27100000,28100000,10000000,10000000,8000000,9000000,0,0,9000000,9000000,100000,100000,9100000,9100000,10000010,11000010,10000000,10000000,10,1000010
376,675506000,675506000,10000000,10000000,9000000,9000000,634506000,634506000,9000000,9000000,13000000,13000000,22000000,22000000,41000000,41000000,10000000,10000000,9000000,9000000,0,0,9000000,9000000,13000000,13000000,22000000,22000000,10000010,26000030,10000000,10000000,10,16000030
406,700206000,701206000,10000000,10000000,12000000,13000000,634506000,634506000,13000000,13000000,30700000,30700000,43700000,43700000,65700000,66700000,10000000,10000000,12000000,13000000,0,0,13000000,13000000,30700000,30700000,43700000,43700000,10000010,12000010,10000000,10000000,10,2000010
436,684506000,685506000,10000000,10000000,11000000,12000000,634506000,634506000,12000000,12000000,17000000,17000000,29000000,29000000,50000000,51000000,10000000,10000000,11000000,12000000,0,0,12000000,12000000,17000000,17000000,29000000,29000000,10000010,36000040,10000000,10000000,10,26000040
466,675906000,693606000,10000000,10000000,11000000,12000000,634506000,634506000,12000000,37000000,8400000,100000,20400000,37100000,41400000,59100000,10000000,10000000,11000000,12000000,0,0,12000000,37000000,8400000,100000,20400000,37100000,10000010,43000020,10000000,10000000,10,33000020
496,750206000,753206000,10000000,10000000,37000000,40000000,634506000,634506000,40000000,40000000,28700000,28700000,68700000,68700000,115700000,118700000,10000000,10000000,37000000,40000000,0,0,40000000,40000000,28700000,28700000,68700000,68700000,10000010,40000010,10000000,10000000,10,30000010
526,702206000,743606000,10000000,10000000,18000000,19000000,634506000,634506000,19000000,80000000,20700000,100000,39700000,80100000,67700000,109100000,10000000,10000000,18000000,19000000,0,0,19000000,80000000,20700000,100000,39700000,80100000,10000010,72000010,10000000,10000000,10,62000010
556,681406000,682406000,10000000,10000000,7000000,8000000,634506000,634506000,8000000,8000000,21900000,21900000,29900000,29900000,46900000,47900000,10000000,10000000,7000000,8000000,0,0,8000000,8000000,21900000,21900000,29900000,29900000,10000010,32000030,10000000,10000000,10,22000030
586,765906000,768906000,10000000,10000000,44000000,47000000,634506000,634506000,47000000,47000000,30400000,30400000,77400000,77400000,131400000,134400000,10000000,10000000,44000000,47000000,0,0,47000000,47000000,30400000,30400000,77400000,77400000,10000010,48000050,10000000,10000000,10,38000050
616,678806000,734606000,10000000,10000000,9000000,10000000,634506000,634506000,10000000,80000000,15300000,100000,25300000,80100000,44300000,100100000,10000000,10000000,9000000,10000000,0,0,10000000,80000000,15300000,100000,25300000,80100000,10000010,93000020,10000000,10000000,10,83000020
646,683006000,692606000,10000000,10000000,10000000,10000000,634506000,634506000,10000000,38000000,18500000,100000,28500000,38100000,48500000,58100000,10000000,10000000,10000000,10000000,0,0,10000000,38000000,18500000,100000,28500000,38100000,10000010,52000020,10000000,10000000,10,42000020
676,667606000,671606000,10000000,10000000,6000000,10000000,634506000,634506000,6000000,6000000,11100000,11100000,17100000,17100000,33100000,37100000,10000000,10000000,6000000,10000000,0,0,6000000,6000000,11100000,11100000,17100000,17100000,10000010,16000040,10000000,10000000,10,6000040
706,674606000,707106000,10000000,10000000,1000000,17000000,634506000,634506000,17000000,38000000,12100000,7600000,29100000,45600000,40100000,72600000,10000000,10000000,1000000,17000000,0,0,17000000,38000000,12100000,7600000,29100000,45600000,10000010,32000020,10000000,10000000,10,22000020
736,684506000,690606000,10000000,10000000,6000000,7000000,634506000,634506000,7000000,39000000,27000000,100000,34000000,39100000,50000000,56100000,10000000,10000000,6000000,7000000,0,0,7000000,39000000,27000000,100000,34000000,39100000,10000010,48000030,10000000,10000000,10,38000030
766,653806000,665606000,10000000,10000000,1000000,1000000,634506000,634506000,1000000,20000000,7300000,100000,8300000,20100000,19300000,31100000,10000000,10000000,1000000,1000000,0,0,1000000,20000000,7300000,100000,8300000,20100000,10000010,30000030,10000000,10000000,10,20000030
796,660006000,663606000,10000000,10000000,1000000,1000000,634506000,634506000,1000000,18000000,13500000,100000,14500000,18100000,25500000,29100000,10000000,10000000,1000000,1000000,0,0,1000000,18000000,13500000,100000,14500000,18100000,10000010,28000020,10000000,10000000,10,18000020
826,661606000,726706000,10000000,10000000,0,1000000,634506000,634506000,1000000,81000000,16100000,200000,17100000,81200000,27100000,92200000,10000000,10000000,0,1000000,0,0,1000000,81000000,16100000,200000,17100000,81200000,10000010,91000030,10000000,10000000,10,81000030
856,684406000,684406000,10000000,10000000,12000000,12000000,634506000,634506000,12000000,12000000,15900000,15900000,27900000,27900000,49900000,49900000,10000000,10000000,12000000,12000000,0,0,12000000,12000000,15900000,15900000,27900000,27900000,10000010,19000010,10000000,10000000,10,9000010
886,656806000,656806000,10000000,10000000,2000000,2000000,634506000,634506000,2000000,2000000,8300000,8300000,10300000,10300000,22300000,22300000,10000000,10000000,2000000,2000000,0,0,2000000,2000000,8300000,8300000,10300000,10300000,10000010,17000020,10000000,10000000,10,7000020
916,705006000,743606000,10000000,10000000,19000000,19000000,634506000,634506000,19000000,80000000,22500000,100000,41500000,80100000,70500000,109100000,10000000,10000000,19000000,19000000,0,0,19000000,80000000,22500000,100000,41500000,80100000,10000010,72000010,10000000,10000000,10,62000010
946,685506000,692606000,10000000,10000000,8000000,9000000,634506000,634506000,9000000,39000000,24000000,100000,33000000,39100000,51000000,58100000,10000000,10000000,8000000,9000000,0,0,9000000,39000000,24000000,100000,33000000,39100000,10000010,55000040,10000000,10000000,10,45000040
976,742806000,7794372000,10000000,10000000,9000000,81000000,634506000,7614072000,81000000,81000000,8300000,8300000,89300000,89300000,108300000,180300000,10000000,10000000,9000000,81000000,0,0,81000000,81000000,8300000,8300000,89300000,89300000,10000010,62000050,10000000,10000000,10,52000050
1006,670806000,5113348000,10000000,10000000,12000000,13000000,634506000,5076048000,13000000,13000000,1300000,1300000,14300000,14300000,36300000,37300000,10000000,10000000,12000000,13000000,0,0,13000000,13000000,1300000,1300000,14300000,14300000,10000010,10000000,10000000,10000000,10,0
1036,764106000,2675624000,10000000,10000000,43000000,51000000,634506000,2538024000,47000000,47000000,29600000,29600000,76600000,76600000,129600000,137600000,10000000,10000000,43000000,51000000,0,0,47000000,47000000,29600000,29600000,76600000,76600000,10000010,46000050,10000000,10000000,10,36000050
1066,683906000,3857436000,10000000,10000000,19000000,20000000,634506000,3807036000,20000000,20000000,400000,400000,20400000,20400000,49400000,50400000,10000000,10000000,19000000,20000000,0,0,20000000,20000000,400000,400000,20400000,20400000,10000010,10000000,10000000,10000000,10,0
1096,648306000,3821836000,10000000,10000000,0,1000000,634506000,3807036000,1000000,1000000,2800000,2800000,3800000,3800000,13800000,14800000,10000000,10000000,0,1000000,0,0,1000000,1000000,2800000,2800000,3800000,3800000,10000010,10000000,10000000,10000000,10,0
1126,676806000,3855336000,10000000,10000000,7000000,13000000,634506000,3807036000,13000000,13000000,12300000,12300000,25300000,25300000,42300000,48300000,10000000,10000000,7000000,13000000,0,0,13000000,13000000,12300000,12300000,25300000,25300000,10000010,20000030,10000000,10000000,10,10000030
1156,653506000,1289012000,10000000,10000000,9000000,10000000,634506000,1269012000,0,0,0,0,0,0,19000000,20000000,10000000,10000000,9000000,10000000,0,0,0,0,0,0,0,0,10000010,10000000,10000000,10000000,10,0
1186,661606000,3200630000,10000000,10000000,8000000,9000000,634506000,3172530000,9000000,9000000,100000,100000,9100000,9100000,27100000,28100000,10000000,10000000,8000000,9000000,0,0,9000000,9000000,100000,100000,9100000,9100000,10000010,10000000,10000000,10000000,10,0
1216,684606000,2590124000,10000000,10000000,17000000,19000000,634506000,2538024000,19000000,19000000,4100000,4100000,23100000,23100000,50100000,52100000,10000000,10000000,17000000,19000000,0,0,19000000,19000000,4100000,4100000,23100000,23100000,10000010,10000000,10000000,10000000,10,0
1246,652506000,1288012000,10000000,10000000,8000000,9000000,634506000,1269012000,0,0,0,0,0,0,18000000,19000000,10000000,10000000,8000000,9000000,0,0,0,0,0,0,0,0,10000010,10000000,10000000,10000000,10,0
1276,671906000,1308412000,10000000,10000000,9000000,11000000,634506000,1269012000,11000000,11000000,7400000,7400000,18400000,18400000,37400000,39400000,10000000,10000000,9000000,11000000,0,0,11000000,11000000,7400000,7400000,18400000,18400000,10000010,10000000,10000000,10000000,10,0
17,711506000,730506000,10000000,10000000,19000000,38000000,634506000,634506000,38000000,38000000,10000000,10000000,48000000,48000000,77000000,96000000,10000000,10000000,19000000,38000000,0,0,38000000,38000000,10000000,10000000,48000000,48000000,10000010,29000030,10000000,10000000,10,19000030
47,691606000,744406000,10000000,10000000,15000000,17000000,634506000,634506000,17000000,81000000,15100000,1900000,32100000,82900000,57100000,109900000,10000000,10000000,15000000,17000000,0,0,17000000,81000000,15100000,1900000,32100000,82900000,10000010,74000010,10000000,10000000,10,64000010
77,688706000,713706000,10000000,10000000,10000000,11000000,634506000,634506000,11000000,58000000,23200000,200000,34200000,58200000,54200000,79200000,10000000,10000000,10000000,11000000,0,0,11000000,58000000,23200000,200000,34200000,58200000,10000010,78000040,10000000,10000000,10,68000040
107,687006000,747706000,10000000,10000000,18000000,18000000,634506000,634506000,18000000,85000000,6500000,200000,24500000,85200000,52500000,113200000,10000000,10000000,18000000,18000000,0,0,18000000,85000000,6500000,200000,24500000,85200000,10000010,78000020,10000000,10000000,10,68000020
137,662306000,662306000,10000000,10000000,1000000,1000000,634506000,634506000,1000000,1000000,15800000,15800000,16800000,16800000,27800000,27800000,10000000,10000000,1000000,1000000,0,0,1000000,1000000,15800000,15800000,16800000,16800000,10000010,22000030,10000000,10000000,10,12000030
167,705106000,721606000,10000000,10000000,20000000,20000000,634506000,634506000,20000000,57000000,20600000,100000,40600000,57100000,70600000,87100000,10000000,10000000,20000000,20000000,0,0,20000000,57000000,20600000,100000,40600000,57100000,10000010,61000030,10000000,10000000,10,51000030
197,705106000,721606000,10000000,10000000,20000000,20000000,634506000,634506000,20000000,57000000,20600000,100000,40600000,57100000,70600000,87100000,10000000,10000000,20000000,20000000,0,0,20000000,57000000,20600000,100000,40600000,57100000,10000010,61000030,10000000,10000000,10,51000030
227,674706000,702606000,10000000,10000000,9000000,19000000,634506000,634506000,19000000,39000000,2200000,100000,21200000,39100000,40200000,68100000,10000000,10000000,9000000,19000000,0,0,19000000,39000000,2200000,100000,21200000,39100000,10000010,33000020,10000000,10000000,10,23000020
257,677606000,678606000,10000000,10000000,8000000,9000000,634506000,634506000,9000000,9000000,16100000,16100000,25100000,25100000,43100000,44100000,10000000,10000000,8000000,9000000,0,0,9000000,9000000,16100000,16100000,25100000,25100000,10000010,21000010,10000000,10000000,10,11000010
287,679106000,679106000,10000000,10000000,9000000,9000000,634506000,634506000,9000000,9000000,16600000,16600000,25600000,25600000,44600000,44600000,10000000,10000000,9000000,9000000,0,0,9000000,9000000,16600000,16600000,25600000,25600000,10000010,26000040,10000000,10000000,10,16000040
317,674406000,727806000,10000000,10000000,8000000,9000000,634506000,634506000,9000000,74000000,12900000,300000,21900000,74300000,39900000,93300000,10000000,10000000,8000000,9000000,0,0,9000000,74000000,12900000,300000,21900000,74300000,10000010,83000040,10000000,10000000,10,73000040
347,661606000,662606000,10000000,10000000,8000000,9000000,634506000,634506000,9000000,9000000,100000,100000,9100000,9100000,27100000,28100000,10000000,10000000,8000000,9000000,0,0,9000000,9000000,100000,100000,9100000,9100000,10000010,11000010,10000000,10000000,10,1000010
377,675506000,675506000,10000000,10000000,9000000,9000000,634506000,634506000,9000000,9000000,13000000,13000000,22000000,22000000,41000000,41000000,10000000,10000000,9000000,9000000,0,0,9000000,9000000,13000000,13000000,22000000,22000000,10000010,26000030,10000000,10000000,10,16000030
407,700306000,701306000,10000000,10000000,12000000,13000000,634506000,634506000,13000000,13000000,30800000,30800000,43800000,43800000,65800000,66800000,10000000,10000000,12000000,13000000,0,0,13000000,13000000,30800000,30800000,43800000,43800000,10000010,12000010,10000000,10000000,10,2000010
437,699206000,742706000,10000000,10000000,11000000,13000000,634506000,634506000,13000000,85000000,30700000,200000,43700000,85200000,64700000,108200000,10000000,10000000,11000000,13000000,0,0,13000000,85000000,30700000,200000,43700000,85200000,10000010,106000050,10000000,10000000,10,96000050
467,675906000,692606000,10000000,10000000,11000000,11000000,634506000,634506000,11000000,37000000,9400000,100000,20400000,37100000,41400000,58100000,10000000,10000000,11000000,11000000,0,0,11000000,37000000,9400000,100000,20400000,37100000,10000010,43000020,10000000,10000000,10,33000020
497,681506000,685506000,10000000,10000000,37000000,41000000,634506000,634506000,0,0,0,0,0,0,47000000,51000000,10000000,10000000,37000000,41000000,0,0,0,0,0,0,0,0,10000010,10000000,10000000,10000000,10,0
527,678806000,745506000,10000000,10000000,9000000,18000000,634506000,634506000,18000000,80000000,7300000,3000000,25300000,83000000,44300000,111000000,10000000,10000000,9000000,18000000,0,0,18000000,80000000,7300000,3000000,25300000,83000000,10000010,72000010,10000000,10000000,10,62000010
557,681406000,682406000,10000000,10000000,7000000,8000000,634506000,634506000,8000000,8000000,21900000,21900000,29900000,29900000,46900000,47900000,10000000,10000000,7000000,8000000,0,0,8000000,8000000,21900000,21900000,29900000,29900000,10000010,32000030,10000000,10000000,10,22000030
587,739806000,739806000,10000000,10000000,47000000,47000000,634506000,634506000,47000000,47000000,1300000,1300000,48300000,48300000,105300000,105300000,10000000,10000000,47000000,47000000,0,0,47000000,47000000,1300000,1300000,48300000,48300000,10000010,47000030,10000000,10000000,10,37000030
617,683006000,692606000,10000000,10000000,10000000,10000000,634506000,634506000,10000000,38000000,18500000,100000,28500000,38100000,48500000,58100000,10000000,10000000,10000000,10000000,0,0,10000000,38000000,18500000,100000,28500000,38100000,10000010,52000020,10000000,10000000,10,42000020
647,683006000,692606000,10000000,10000000,10000000,10000000,634506000,634506000,10000000,38000000,18500000,100000,28500000,38100000,48500000,58100000,10000000,10000000,10000000,10000000,0,0,10000000,38000000,18500000,100000,28500000,38100000,10000010,52000020,10000000,10000000,10,42000020
677,667206000,667206000,10000000,10000000,6000000,6000000,634506000,634506000,6000000,6000000,10700000,10700000,16700000,16700000,32700000,32700000,10000000,10000000,6000000,6000000,0,0,6000000,6000000,10700000,10700000,16700000,16700000,10000010,20000010,10000000,10000000,10,10000010
707,705506000,706506000,10000000,10000000,17000000,18000000,634506000,634506000,18000000,18000000,26000000,26000000,44000000,44000000,71000000,72000000,10000000,10000000,17000000,18000000,0,0,18000000,18000000,26000000,26000000,44000000,44000000,10000010,31000010,10000000,10000000,10,21000010
737,650506000,652506000,10000000,10000000,6000000,8000000,634506000,634506000,0,0,0,0,0,0,16000000,18000000,10000000,10000000,6000000,8000000,0,0,0,0,0,0,0,0,10000010,10000000,10000000,10000000,10,0
767,653806000,665606000,10000000,10000000,1000000,1000000,634506000,634506000,1000000,20000000,7300000,100000,8300000,20100000,19300000,31100000,10000000,10000000,1000000,1000000,0,0,1000000,20000000,7300000,100000,8300000,20100000,10000010,30000030,10000000,10000000,10,20000030
797,680206000,703606000,10000000,10000000,1000000,2000000,634506000,634506000,2000000,57000000,32700000,100000,34700000,57100000,45700000,69100000,10000000,10000000,1000000,2000000,0,0,2000000,57000000,32700000,100000,34700000,57100000,10000010,68000030,10000000,10000000,10,58000030
827,666906000,726706000,10000000,10000000,0,1000000,634506000,634506000,1000000,81000000,21400000,200000,22400000,81200000,32400000,92200000,10000000,10000000,0,1000000,0,0,1000000,81000000,21400000,200000,22400000,81200000,10000010,91000030,10000000,10000000,10,81000030
857,693006000,694006000,10000000,10000000,12000000,13000000,634506000,634506000,13000000,13000000,23500000,23500000,36500000,36500000,58500000,59500000,10000000,10000000,12000000,13000000,0,0,13000000,13000000,23500000,23500000,36500000,36500000,10000010,19000010,10000000,10000000,10,9000010
887,670006000,671606000,10000000,10000000,9000000,9000000,634506000,634506000,9000000,18000000,7500000,100000,16500000,18100000,35500000,37100000,10000000,10000000,9000000,9000000,0,0,9000000,18000000,7500000,100000,16500000,18100000,10000010,36000030,10000000,10000000,10,26000030
917,700106000,743606000,10000000,10000000,18000000,19000000,634506000,634506000,18000000,80000000,19600000,100000,37600000,80100000,65600000,109100000,10000000,10000000,18000000,19000000,0,0,18000000,80000000,19600000,100000,37600000,80100000,10000010,72000010,10000000,10000000,10,62000010
947,674206000,690606000,10000000,10000000,8000000,8000000,634506000,634506000,8000000,38000000,13700000,100000,21700000,38100000,39700000,56100000,10000000,10000000,8000000,8000000,0,0,8000000,38000000,13700000,100000,21700000,38100000,10000010,54000030,10000000,10000000,10,44000030
977,693106000,17238862000,10000000,10000000,7000000,17000000,634506000,17131662000,11000000,80000000,30600000,200000,41600000,80200000,58600000,107200000,10000000,10000000,7000000,17000000,0,0,11000000,80000000,30600000,200000,41600000,80200000,10000010,75000030,10000000,10000000,10,65000030
1007,694406000,15945850000,10000000,10000000,8000000,15000000,634506000,15862650000,13000000,58000000,28900000,200000,41900000,58200000,59900000,83200000,10000000,10000000,8000000,15000000,0,0,13000000,58000000,28900000,200000,41900000,58200000,10000010,76000040,10000000,10000000,10,66000040
1037,734806000,1373212000,10000000,10000000,43000000,46000000,634506000,1269012000,46000000,48000000,1300000,200000,47300000,48200000,100300000,104200000,10000000,10000000,43000000,46000000,0,0,46000000,48000000,1300000,200000,47300000,48200000,10000010,46000050,10000000,10000000,10,36000050
1067,683906000,3857436000,10000000,10000000,19000000,20000000,634506000,3807036000,20000000,20000000,400000,400000,20400000,20400000,49400000,50400000,10000000,10000000,19000000,20000000,0,0,20000000,20000000,400000,400000,20400000,20400000,10000010,10000000,10000000,10000000,10,0
1097,663306000,13416726000,10000000,10000000,0,9000000,634506000,13324626000,8000000,73000000,10800000,100000,18800000,73100000,28800000,92100000,10000000,10000000,0,9000000,0,0,8000000,73000000,10800000,100000,18800000,73100000,10000010,83000040,10000000,10000000,10,73000040
1127,669006000,1382312000,10000000,10000000,4000000,18000000,634506000,1269012000,17000000,85000000,3500000,300000,20500000,85300000,34500000,113300000,10000000,10000000,4000000,18000000,0,0,17000000,85000000,3500000,300000,20500000,85300000,10000010,78000020,10000000,10000000,10,68000020
1157,654506000,656506000,10000000,10000000,10000000,12000000,634506000,634506000,0,0,0,0,0,0,20000000,22000000,10000000,10000000,10000000,12000000,0,0,0,0,0,0,0,0,10000010,10000000,10000000,10000000,10,0
1187,661606000,3200630000,10000000,10000000,8000000,9000000,634506000,3172530000,9000000,9000000,100000,100000,9100000,9100000,27100000,28100000,10000000,10000000,8000000,9000000,0,0,9000000,9000000,100000,100000,9100000,9100000,10000010,10000000,10000000,10000000,10,0
1217,662506000,663506000,10000000,10000000,18000000,19000000,634506000,634506000,0,0,0,0,0,0,28000000,29000000,10000000,10000000,18000000,19000000,0,0,0,0,0,0,0,0,10000010,10000000,10000000,10000000,10,0
1247,664506000,665506000,10000000,10000000,20000000,21000000,634506000,634506000,0,0,0,0,0,0,30000000,31000000,10000000,10000000,20000000,21000000,0,0,0,0,0,0,0,0,10000010,10000000,10000000,10000000,10,0
1277,653506000,1289012000,10000000,10000000,9000000,10000000,634506000,1269012000,0,0,0,0,0,0,19000000,20000000,10000000,10000000,9000000,10000000,0,0,0,0,0,0,0,0,10000010,10000000,10000000,10000000,10,0
18,694506000,702906000,10000000,10000000,19000000,20000000,634506000,634506000,20000000,38000000,11000000,400000,31000000,38400000,60000000,68400000,10000000,10000000,19000000,20000000,0,0,20000000,38000000,11000000,400000,31000000,38400000,10000010,33000020,10000000,10000000,10,23000020
48,751006000,815006000,10000000,10000000,17000000,81000000,634506000,634506000,81000000,81000000,8500000,8500000,89500000,89500000,116500000,180500000,10000000,10000000,17000000,81000000,0,0,81000000,81000000,8500000,8500000,89500000,89500000,10000010,78000020,10000000,10000000,10,68000020
78,689606000,714606000,10000000,10000000,10000000,12000000,634506000,634506000,12000000,58000000,23100000,100000,35100000,58100000,55100000,80100000,10000000,10000000,10000000,12000000,0,0,12000000,58000000,23100000,100000,35100000,58100000,10000010,78000040,10000000,10000000,10,68000040
108,697606000,719606000,10000000,10000000,18000000,18000000,634506000,634506000,18000000,57000000,17100000,100000,35100000,57100000,63100000,85100000,10000000,10000000,18000000,18000000,0,0,18000000,57000000,17100000,100000,35100000,57100000,10000010,57000020,10000000,10000000,10,47000020
138,662606000,662606000,10000000,10000000,1000000,1000000,634506000,634506000,1000000,1000000,16100000,16100000,17100000,17100000,28100000,28100000,10000000,10000000,1000000,1000000,0,0,1000000,1000000,16100000,16100000,17100000,17100000,10000010,22000030,10000000,10000000,10,12000030
168,688806000,688806000,10000000,10000000,20000000,20000000,634506000,634506000,20000000,20000000,4300000,4300000,24300000,24300000,54300000,54300000,10000000,10000000,20000000,20000000,0,0,20000000,20000000,4300000,4300000,24300000,24300000,10000010,11000010,10000000,10000000,10,1000010
198,692506000,721606000,10000000,10000000,19000000,20000000,634506000,634506000,19000000,57000000,10000000,100000,29000000,57100000,58000000,87100000,10000000,10000000,19000000,20000000,0,0,19000000,57000000,10000000,100000,29000000,57100000,10000010,61000030,10000000,10000000,10,51000030
228,711106000,712106000,10000000,10000000,19000000,20000000,634506000,634506000,20000000,20000000,27600000,27600000,47600000,47600000,76600000,77600000,10000000,10000000,19000000,20000000,0,0,20000000,20000000,27600000,27600000,47600000,47600000,10000010,32000010,10000000,10000000,10,22000010
258,688706000,738606000,10000000,10000000,8000000,9000000,634506000,634506000,9000000,85000000,27200000,100000,36200000,85100000,54200000,104100000,10000000,10000000,8000000,9000000,0,0,9000000,85000000,27200000,100000,36200000,85100000,10000010,95000050,10000000,10000000,10,85000050
288,680606000,680606000,10000000,10000000,9000000,9000000,634506000,634506000,9000000,9000000,18100000,18100000,27100000,27100000,46100000,46100000,10000000,10000000,9000000,9000000,0,0,9000000,9000000,18100000,18100000,27100000,27100000,10000010,26000040,10000000,10000000,10,16000040
318,658606000,674906000,10000000,10000000,0,8000000,634506000,634506000,8000000,20000000,6100000,2400000,14100000,22400000,24100000,40400000,10000000,10000000,0,8000000,0,0,8000000,20000000,6100000,2400000,14100000,22400000,10000010,22000020,10000000,10000000,10,12000020
348,661606000,662606000,10000000,10000000,8000000,9000000,634506000,634506000,9000000,9000000,100000,100000,9100000,9100000,27100000,28100000,10000000,10000000,8000000,9000000,0,0,9000000,9000000,100000,100000,9100000,9100000,10000010,11000010,10000000,10000000,10,1000010
378,669506000,675806000,10000000,10000000,9000000,10000000,634506000,634506000,10000000,20000000,6000000,1300000,16000000,21300000,35000000,41300000,10000000,10000000,9000000,10000000,0,0,10000000,20000000,6000000,1300000,16000000,21300000,10000010,22000020,10000000,10000000,10,12000020
408,700306000,701306000,10000000,10000000,12000000,13000000,634506000,634506000,13000000,13000000,30800000,30800000,43800000,43800000,65800000,66800000,10000000,10000000,12000000,13000000,0,0,13000000,13000000,30800000,30800000,43800000,43800000,10000010,12000010,10000000,10000000,10,2000010
438,684506000,685506000,10000000,10000000,11000000,12000000,634506000,634506000,12000000,12000000,17000000,17000000,29000000,29000000,50000000,51000000,10000000,10000000,11000000,12000000,0,0,12000000,12000000,17000000,17000000,29000000,29000000,10000010,36000040,10000000,10000000,10,26000040
468,675906000,692606000,10000000,10000000,11000000,11000000,634506000,634506000,11000000,37000000,9400000,100000,20400000,37100000,41400000,58100000,10000000,10000000,11000000,11000000,0,0,11000000,37000000,9400000,100000,20400000,37100000,10000010,43000020,10000000,10000000,10,33000020
498,718106000,747106000,10000000,10000000,8000000,37000000,634506000,634506000,37000000,37000000,28600000,28600000,65600000,65600000,83600000,112600000,10000000,10000000,8000000,37000000,0,0,37000000,37000000,28600000,28600000,65600000,65600000,10000010,38000050,10000000,10000000,10,28000050
528,703506000,703506000,10000000,10000000,18000000,18000000,634506000,634506000,18000000,18000000,23000000,23000000,41000000,41000000,69000000,69000000,10000000,10000000,18000000,18000000,0,0,18000000,18000000,23000000,23000000,41000000,41000000,10000010,36000040,10000000,10000000,10,26000040
558,676106000,677106000,10000000,10000000,7000000,8000000,634506000,634506000,8000000,8000000,16600000,16600000,24600000,24600000,41600000,42600000,10000000,10000000,7000000,8000000,0,0,8000000,8000000,16600000,16600000,24600000,24600000,10000010,25000020,10000000,10000000,10,15000020
588,669806000,669806000,10000000,10000000,8000000,8000000,634506000,634506000,8000000,8000000,9300000,9300000,17300000,17300000,35300000,35300000,10000000,10000000,8000000,8000000,0,0,8000000,8000000,9300000,9300000,17300000,17300000,10000010,18000020,10000000,10000000,10,8000020
618,686706000,734606000,10000000,10000000,9000000,10000000,634506000,634506000,10000000,80000000,23200000,100000,33200000,80100000,52200000,100100000,10000000,10000000,9000000,10000000,0,0,10000000,80000000,23200000,100000,33200000,80100000,10000010,93000020,10000000,10000000,10,83000020
648,679106000,740706000,10000000,10000000,10000000,11000000,634506000,634506000,11000000,85000000,13600000,200000,24600000,85200000,44600000,106200000,10000000,10000000,10000000,11000000,0,0,11000000,85000000,13600000,200000,24600000,85200000,10000010,104000040,10000000,10000000,10,94000040
678,667206000,667206000,10000000,10000000,6000000,6000000,634506000,634506000,6000000,6000000,10700000,10700000,16700000,16700000,32700000,32700000,10000000,10000000,6000000,6000000,0,0,6000000,6000000,10700000,10700000,16700000,16700000,10000010,20000010,10000000,10000000,10,10000010
708,696706000,700606000,10000000,10000000,17000000,18000000,634506000,634506000,18000000,38000000,17200000,100000,35200000,38100000,62200000,66100000,10000000,10000000,17000000,18000000,0,0,18000000,38000000,17200000,100000,35200000,38100000,10000010,31000010,10000000,10000000,10,21000010
738,659106000,693706000,10000000,10000000,0,5000000,634506000,634506000,5000000,44000000,9600000,200000,14600000,44200000,24600000,59200000,10000000,10000000,0,5000000,0,0,5000000,44000000,9600000,200000,14600000,44200000,10000010,54000050,10000000,10000000,10,44000050
768,653806000,665606000,10000000,10000000,1000000,1000000,634506000,634506000,1000000,20000000,7300000,100000,8300000,20100000,19300000,31100000,10000000,10000000,1000000,1000000,0,0,1000000,20000000,7300000,100000,8300000,20100000,10000010,30000030,10000000,10000000,10,20000030
798,670306000,703606000,10000000,10000000,1000000,2000000,634506000,634506000,2000000,57000000,22800000,100000,24800000,57100000,35800000,69100000,10000000,10000000,1000000,2000000,0,0,2000000,57000000,22800000,100000,24800000,57100000,10000010,68000030,10000000,10000000,10,58000030
828,666606000,726706000,10000000,10000000,0,1000000,634506000,634506000,1000000,81000000,21100000,200000,22100000,81200000,32100000,92200000,10000000,10000000,0,1000000,0,0,1000000,81000000,21100000,200000,22100000,81200000,10000010,91000030,10000000,10000000,10,81000030
858,680306000,681306000,10000000,10000000,12000000,13000000,634506000,634506000,13000000,13000000,10800000,10800000,23800000,23800000,45800000,46800000,10000000,10000000,12000000,13000000,0,0,13000000,13000000,10800000,10800000,23800000,23800000,10000010,19000010,10000000,10000000,10,9000010
888,695806000,712606000,10000000,10000000,9000000,11000000,634506000,634506000,11000000,57000000,31300000,100000,42300000,57100000,61300000,78100000,10000000,10000000,9000000,11000000,0,0,11000000,57000000,31300000,100000,42300000,57100000,10000010,76000040,10000000,10000000,10,66000040
918,700106000,743606000,10000000,10000000,18000000,19000000,634506000,634506000,18000000,80000000,19600000,100000,37600000,80100000,65600000,109100000,10000000,10000000,18000000,19000000,0,0,18000000,80000000,19600000,100000,37600000,80100000,10000010,72000010,10000000,10000000,10,62000010
948,677906000,693606000,10000000,10000000,12000000,12000000,634506000,634506000,12000000,37000000,9400000,100000,21400000,37100000,43400000,59100000,10000000,10000000,12000000,12000000,0,0,12000000,37000000,9400000,100000,21400000,37100000,10000010,44000030,10000000,10000000,10,34000030
978,703306000,14693438000,10000000,10000000,8000000,39000000,634506000,14593638000,20000000,20000000,30800000,30800000,50800000,50800000,68800000,99800000,10000000,10000000,8000000,39000000,0,0,20000000,20000000,30800000,30800000,50800000,50800000,10000010,18000020,10000000,10000000,10,8000020
1008,661506000,662506000,10000000,10000000,17000000,18000000,634506000,634506000,0,0,0,0,0,0,27000000,28000000,10000000,10000000,17000000,18000000,0,0,0,0,0,0,0,0,10000010,10000000,10000000,10000000,10,0
1038,736706000,2008718000,10000000,10000000,44000000,47000000,634506000,1903518000,47000000,47000000,1200000,1200000,48200000,48200000,102200000,105200000,10000000,10000000,44000000,47000000,0,0,47000000,47000000,1200000,1200000,48200000,48200000,10000010,44000020,10000000,10000000,10,34000020
1068,683906000,3857436000,10000000,10000000,19000000,20000000,634506000,3807036000,20000000,20000000,400000,400000,20400000,20400000,49400000,50400000,10000000,10000000,19000000,20000000,0,0,20000000,20000000,400000,400000,20400000,20400000,10000010,10000000,10000000,10000000,10,0
1098,670306000,7714272000,10000000,10000000,0,9000000,634506000,7614072000,9000000,81000000,16800000,200000,25800000,81200000,35800000,100200000,10000000,10000000,0,9000000,0,0,9000000,81000000,16800000,200000,25800000,81200000,10000010,91000030,10000000,10000000,10,81000030
1128,690006000,3282430000,10000000,10000000,0,17000000,634506000,3172530000,16000000,81000000,29500000,1900000,45500000,82900000,55500000,109900000,10000000,10000000,0,17000000,0,0,16000000,81000000,29500000,1900000,45500000,82900000,10000010,74000010,10000000,10000000,10,64000010
1158,653506000,1289012000,10000000,10000000,9000000,10000000,634506000,1269012000,0,0,0,0,0,0,19000000,20000000,10000000,10000000,9000000,10000000,0,0,0,0,0,0,0,0,10000010,10000000,10000000,10000000,10,0
1188,655706000,3194730000,10000000,10000000,5000000,6000000,634506000,3172530000,6000000,6000000,200000,200000,6200000,6200000,21200000,22200000,10000000,10000000,5000000,6000000,0,0,6000000,6000000,200000,200000,6200000,6200000,10000010,10000000,10000000,10000000,10,0
1218,649506000,1285012000,10000000,10000000,5000000,6000000,634506000,1269012000,0,0,0,0,0,0,15000000,16000000,10000000,10000000,5000000,6000000,0,0,0,0,0,0,0,0,10000010,10000000,10000000,10000000,10,0
1248,651506000,1921518000,10000000,10000000,7000000,8000000,634506000,1903518000,0,0,0,0,0,0,17000000,18000000,10000000,10000000,7000000,8000000,0,0,0,0,0,0,0,0,10000010,10000000,10000000,10000000,10,0
1278,672106000,3870436000,10000000,10000000,7000000,9000000,634506000,3807036000,9000000,44000000,11600000,400000,20600000,44400000,37600000,63400000,10000000,10000000,7000000,9000000,0,0,9000000,44000000,11600000,400000,20600000,44400000,10000010,47000040,10000000,10000000,10,37000040
19,708406000,709406000,10000000,10000000,19000000,20000000,634506000,634506000,20000000,20000000,24900000,24900000,44900000,44900000,73900000,74900000,10000000,10000000,19000000,20000000,0,0,20000000,20000000,24900000,24900000,44900000,44900000,10000010,32000010,10000000,10000000,10,22000010
49,675206000,700706000,10000000,10000000,9000000,17000000,634506000,634506000,17000000,39000000,4700000,200000,21700000,39200000,40700000,66200000,10000000,10000000,9000000,17000000,0,0,17000000,39000000,4700000,200000,21700000,39200000,10000010,42000040,10000000,10000000,10,32000040
79,714406000,715406000,10000000,10000000,19000000,20000000,634506000,634506000,20000000,20000000,30900000,30900000,50900000,50900000,79900000,80900000,10000000,10000000,19000000,20000000,0,0,20000000,20000000,30900000,30900000,50900000,50900000,10000010,33000020,10000000,10000000,10,23000020
109,693306000,703306000,10000000,10000000,17000000,18000000,634506000,634506000,17000000,38000000,14800000,2800000,31800000,40800000,58800000,68800000,10000000,10000000,17000000,18000000,0,0,17000000,38000000,14800000,2800000,31800000,40800000,10000010,32000040,10000000,10000000,10,22000040
139,657306000,658606000,10000000,10000000,1000000,1000000,634506000,634506000,1000000,13000000,10800000,100000,11800000,13100000,22800000,24100000,10000000,10000000,1000000,1000000,0,0,1000000,13000000,10800000,100000,11800000,13100000,10000010,22000030,10000000,10000000,10,12000030
169,705506000,706506000,10000000,10000000,19000000,20000000,634506000,634506000,20000000,20000000,22000000,22000000,42000000,42000000,71000000,72000000,10000000,10000000,19000000,20000000,0,0,20000000,20000000,22000000,22000000,42000000,42000000,10000010,32000010,10000000,10000000,10,22000010
199,702106000,721706000,10000000,10000000,20000000,20000000,634506000,634506000,20000000,57000000,17600000,200000,37600000,57200000,67600000,87200000,10000000,10000000,20000000,20000000,0,0,20000000,57000000,17600000,200000,37600000,57200000,10000010,60000040,10000000,10000000,10,50000040
229,679306000,689306000,10000000,10000000,9000000,19000000,634506000,634506000,19000000,19000000,6800000,6800000,25800000,25800000,44800000,54800000,10000000,10000000,9000000,19000000,0,0,19000000,19000000,6800000,6800000,25800000,25800000,10000010,16000030,10000000,10000000,10,6000030
259,683406000,684406000,10000000,10000000,8000000,9000000,634506000,634506000,9000000,9000000,21900000,21900000,30900000,30900000,48900000,49900000,10000000,10000000,8000000,9000000,0,0,9000000,9000000,21900000,21900000,30900000,30900000,10000010,26000040,10000000,10000000,10,16000040
289,679706000,679706000,10000000,10000000,9000000,9000000,634506000,634506000,9000000,9000000,17200000,17200000,26200000,26200000,45200000,45200000,10000000,10000000,9000000,9000000,0,0,9000000,9000000,17200000,17200000,26200000,26200000,10000010,26000040,10000000,10000000,10,16000040
319,687706000,688706000,10000000,10000000,8000000,9000000,634506000,634506000,9000000,9000000,26200000,26200000,35200000,35200000,53200000,54200000,10000000,10000000,8000000,9000000,0,0,9000000,9000000,26200000,26200000,35200000,35200000,10000010,27000030,10000000,10000000,10,17000030
349,661606000,662606000,10000000,10000000,8000000,9000000,634506000,634506000,9000000,9000000,100000,100000,9100000,9100000,27100000,28100000,10000000,10000000,8000000,9000000,0,0,9000000,9000000,100000,100000,9100000,9100000,10000010,11000010,10000000,10000000,10,1000010
379,675506000,675506000,10000000,10000000,9000000,9000000,634506000,634506000,9000000,9000000,13000000,13000000,22000000,22000000,41000000,41000000,10000000,10000000,9000000,9000000,0,0,9000000,9000000,13000000,13000000,22000000,22000000,10000010,26000030,10000000,10000000,10,16000030
409,688006000,688006000,10000000,10000000,13000000,13000000,634506000,634506000,13000000,13000000,17500000,17500000,30500000,30500000,53500000,53500000,10000000,10000000,13000000,13000000,0,0,13000000,13000000,17500000,17500000,30500000,30500000,10000010,12000010,10000000,10000000,10,2000010
439,684606000,684606000,10000000,10000000,11000000,11000000,634506000,634506000,11000000,11000000,18100000,18100000,29100000,29100000,50100000,50100000,10000000,10000000,11000000,11000000,0,0,11000000,11000000,18100000,18100000,29100000,29100000,10000010,36000040,10000000,10000000,10,26000040
469,675906000,693606000,10000000,10000000,11000000,12000000,634506000,634506000,12000000,37000000,8400000,100000,20400000,37100000,41400000,59100000,10000000,10000000,11000000,12000000,0,0,12000000,37000000,8400000,100000,20400000,37100000,10000010,43000020,10000000,10000000,10,33000020
499,723906000,731706000,10000000,10000000,38000000,40000000,634506000,634506000,40000000,47000000,1400000,200000,41400000,47200000,89400000,97200000,10000000,10000000,38000000,40000000,0,0,40000000,47000000,1400000,200000,41400000,47200000,10000010,21000030,10000000,10000000,10,11000030
529,694206000,742606000,10000000,10000000,18000000,18000000,634506000,634506000,18000000,80000000,13700000,100000,31700000,80100000,59700000,108100000,10000000,10000000,18000000,18000000,0,0,18000000,80000000,13700000,100000,31700000,80100000,10000010,72000010,10000000,10000000,10,62000010
559,681406000,682406000,10000000,10000000,7000000,8000000,634506000,634506000,8000000,8000000,21900000,21900000,29900000,29900000,46900000,47900000,10000000,10000000,7000000,8000000,0,0,8000000,8000000,21900000,21900000,29900000,29900000,10000010,32000030,10000000,10000000,10,22000030
589,690706000,691706000,10000000,10000000,7000000,8000000,634506000,634506000,8000000,8000000,31200000,31200000,39200000,39200000,56200000,57200000,10000000,10000000,7000000,8000000,0,0,8000000,8000000,31200000,31200000,39200000,39200000,10000010,36000040,10000000,10000000,10,26000040
619,675406000,675406000,10000000,10000000,9000000,9000000,634506000,634506000,9000000,9000000,12900000,12900000,21900000,21900000,40900000,40900000,10000000,10000000,9000000,9000000,0,0,9000000,9000000,12900000,12900000,21900000,21900000,10000010,35000040,10000000,10000000,10,25000040
649,677606000,692606000,10000000,10000000,10000000,10000000,634506000,634506000,10000000,38000000,13100000,100000,23100000,38100000,43100000,58100000,10000000,10000000,10000000,10000000,0,0,10000000,38000000,13100000,100000,23100000,38100000,10000010,52000020,10000000,10000000,10,42000020
679,667206000,667206000,10000000,10000000,6000000,6000000,634506000,634506000,6000000,6000000,10700000,10700000,16700000,16700000,32700000,32700000,10000000,10000000,6000000,6000000,0,0,6000000,6000000,10700000,10700000,16700000,16700000,10000010,20000010,10000000,10000000,10,10000010
709,705506000,706506000,10000000,10000000,17000000,18000000,634506000,634506000,18000000,18000000,26000000,26000000,44000000,44000000,71000000,72000000,10000000,10000000,17000000,18000000,0,0,18000000,18000000,26000000,26000000,44000000,44000000,10000010,31000010,10000000,10000000,10,21000010
739,674106000,730606000,10000000,10000000,5000000,6000000,634506000,634506000,6000000,80000000,18600000,100000,24600000,80100000,39600000,96100000,10000000,10000000,5000000,6000000,0,0,6000000,80000000,18600000,100000,24600000,80100000,10000010,92000040,10000000,10000000,10,82000040
769,653506000,665606000,10000000,10000000,1000000,1000000,634506000,634506000,1000000,20000000,7000000,100000,8000000,20100000,19000000,31100000,10000000,10000000,1000000,1000000,0,0,1000000,20000000,7000000,100000,8000000,20100000,10000010,30000030,10000000,10000000,10,20000030
799,660306000,663106000,10000000,10000000,0,1000000,634506000,634506000,1000000,17000000,14800000,600000,15800000,17600000,25800000,28600000,10000000,10000000,0,1000000,0,0,1000000,17000000,14800000,600000,15800000,17600000,10000010,27000020,10000000,10000000,10,17000020
829,666906000,726706000,10000000,10000000,0,1000000,634506000,634506000,1000000,81000000,21400000,200000,22400000,81200000,32400000,92200000,10000000,10000000,0,1000000,0,0,1000000,81000000,21400000,200000,22400000,81200000,10000010,91000030,10000000,10000000,10,81000030
859,692906000,693906000,10000000,10000000,12000000,13000000,634506000,634506000,13000000,13000000,23400000,23400000,36400000,36400000,58400000,59400000,10000000,10000000,12000000,13000000,0,0,13000000,13000000,23400000,23400000,36400000,36400000,10000010,19000010,10000000,10000000,10,9000010
889,681506000,681506000,10000000,10000000,9000000,9000000,634506000,634506000,9000000,9000000,19000000,19000000,28000000,28000000,47000000,47000000,10000000,10000000,9000000,9000000,0,0,9000000,9000000,19000000,19000000,28000000,28000000,10000010,38000040,10000000,10000000,10,28000040
919,700106000,743606000,10000000,10000000,18000000,19000000,634506000,634506000,18000000,80000000,19600000,100000,37600000,80100000,65600000,109100000,10000000,10000000,18000000,19000000,0,0,18000000,80000000,19600000,100000,37600000,80100000,10000010,72000010,10000000,10000000,10,62000010
949,682506000,694706000,10000000,10000000,11000000,12000000,634506000,634506000,12000000,38000000,15000000,200000,27000000,38200000,48000000,60200000,10000000,10000000,11000000,12000000,0,0,12000000,38000000,15000000,200000,27000000,38200000,10000010,54000030,10000000,10000000,10,44000030
979,682906000,4556942000,10000000,10000000,11000000,20000000,634506000,4441542000,18000000,85000000,9400000,400000,27400000,85400000,48400000,115400000,10000000,10000000,11000000,20000000,0,0,18000000,85000000,9400000,400000,27400000,85400000,10000010,83000030,10000000,10000000,10,73000030
1009,661606000,3200630000,10000000,10000000,8000000,9000000,634506000,3172530000,9000000,9000000,100000,100000,9100000,9100000,27100000,28100000,10000000,10000000,8000000,9000000,0,0,9000000,9000000,100000,100000,9100000,9100000,10000010,10000000,10000000,10000000,10,0
1039,690506000,695506000,10000000,10000000,46000000,51000000,634506000,634506000,0,0,0,0,0,0,56000000,61000000,10000000,10000000,46000000,51000000,0,0,0,0,0,0,0,0,10000010,10000000,10000000,10000000,10,0
1069,663506000,1933518000,10000000,10000000,19000000,20000000,634506000,1903518000,0,0,0,0,0,0,29000000,30000000,10000000,10000000,19000000,20000000,0,0,0,0,0,0,0,0,10000010,10000000,10000000,10000000,10,0
1099,670906000,15338444000,10000000,10000000,0,17000000,634506000,15228144000,17000000,81000000,9400000,2300000,26400000,83300000,36400000,110300000,10000000,10000000,0,17000000,0,0,17000000,81000000,9400000,2300000,26400000,83300000,10000010,75000040,10000000,10000000,10,65000040
1129,748106000,1446612000,10000000,10000000,17000000,81000000,634506000,1269012000,81000000,81000000,5600000,5600000,86600000,86600000,113600000,177600000,10000000,10000000,17000000,81000000,0,0,81000000,81000000,5600000,5600000,86600000,86600000,10000010,78000020,10000000,10000000,10,68000020
1159,653506000,1289012000,10000000,10000000,9000000,10000000,634506000,1269012000,0,0,0,0,0,0,19000000,20000000,10000000,10000000,9000000,10000000,0,0,0,0,0,0,0,0,10000010,10000000,10000000,10000000,10,0
1189,660006000,3202030000,10000000,10000000,5000000,9000000,634506000,3172530000,9000000,9000000,1500000,1500000,10500000,10500000,25500000,29500000,10000000,10000000,5000000,9000000,0,0,9000000,9000000,1500000,1500000,10500000,10500000,10000010,10000000,10000000,10000000,10,0
1219,649506000,651506000,10000000,10000000,5000000,7000000,634506000,634506000,0,0,0,0,0,0,15000000,17000000,10000000,10000000,5000000,7000000,0,0,0,0,0,0,0,0,10000010,10000000,10000000,10000000,10,0
1249,651506000,1921518000,10000000,10000000,7000000,8000000,634506000,1903518000,0,0,0,0,0,0,17000000,18000000,10000000,10000000,7000000,8000000,0,0,0,0,0,0,0,0,10000010,10000000,10000000,10000000,10,0
1279,668006000,1304512000,10000000,10000000,9000000,11000000,634506000,1269012000,11000000,11000000,3500000,3500000,14500000,14500000,33500000,35500000,10000000,10000000,9000000,11000000,0,0,11000000,11000000,3500000,3500000,14500000,14500000,10000010,10000000,10000000,10000000,10,0
20,708406000,709406000,10000000,10000000,19000000,20000000,634506000,634506000,20000000,20000000,24900000,24900000,44900000,44900000,73900000,74900000,10000000,10000000,19000000,20000000,0,0,20000000,20000000,24900000,24900000,44900000,44900000,10000010,32000010,10000000,10000000,10,22000010
50,708306000,719606000,10000000,10000000,17000000,18000000,634506000,634506000,18000000,57000000,28800000,100000,46800000,57100000,73800000,85100000,10000000,10000000,17000000,18000000,0,0,18000000,57000000,28800000,100000,46800000,57100000,10000010,71000050,10000000,10000000,10,61000050
80,708306000,709306000,10000000,10000000,19000000,20000000,634506000,634506000,20000000,20000000,24800000,24800000,44800000,44800000,73800000,74800000,10000000,10000000,19000000,20000000,0,0,20000000,20000000,24800000,24800000,44800000,44800000,10000010,32000010,10000000,10000000,10,22000010
110,662506000,663506000,10000000,10000000,18000000,19000000,634506000,634506000,0,0,0,0,0,0,28000000,29000000,10000000,10000000,18000000,19000000,0,0,0,0,0,0,0,0,10000010,10000000,10000000,10000000,10,0
140,662306000,662306000,10000000,10000000,1000000,1000000,634506000,634506000,1000000,1000000,15800000,15800000,16800000,16800000,27800000,27800000,10000000,10000000,1000000,1000000,0,0,1000000,1000000,15800000,15800000,16800000,16800000,10000010,22000030,10000000,10000000,10,12000030
170,691606000,703906000,10000000,10000000,19000000,20000000,634506000,634506000,20000000,39000000,8100000,400000,28100000,39400000,57100000,69400000,10000000,10000000,19000000,20000000,0,0,20000000,39000000,8100000,400000,28100000,39400000,10000010,33000020,10000000,10000000,10,23000020
200,705106000,721606000,10000000,10000000,20000000,20000000,634506000,634506000,20000000,57000000,20600000,100000,40600000,57100000,70600000,87100000,10000000,10000000,20000000,20000000,0,0,20000000,57000000,20600000,100000,40600000,57100000,10000010,61000030,10000000,10000000,10,51000030
230,705606000,706606000,10000000,10000000,19000000,20000000,634506000,634506000,20000000,20000000,22100000,22100000,42100000,42100000,71100000,72100000,10000000,10000000,19000000,20000000,0,0,20000000,20000000,22100000,22100000,42100000,42100000,10000010,33000020,10000000,10000000,10,23000020
260,678206000,679206000,10000000,10000000,8000000,9000000,634506000,634506000,9000000,9000000,16700000,16700000,25700000,25700000,43700000,44700000,10000000,10000000,8000000,9000000,0,0,9000000,9000000,16700000,16700000,25700000,25700000,10000010,26000040,10000000,10000000,10,16000040
290,679706000,679706000,10000000,10000000,9000000,9000000,634506000,634506000,9000000,9000000,17200000,17200000,26200000,26200000,45200000,45200000,10000000,10000000,9000000,9000000,0,0,9000000,9000000,17200000,17200000,26200000,26200000,10000010,26000040,10000000,10000000,10,16000040
320,683206000,727606000,10000000,10000000,8000000,9000000,634506000,634506000,9000000,74000000,21700000,100000,30700000,74100000,48700000,93100000,10000000,10000000,8000000,9000000,0,0,9000000,74000000,21700000,100000,30700000,74100000,10000010,83000040,10000000,10000000,10,73000040
350,661606000,662606000,10000000,10000000,8000000,9000000,634506000,634506000,9000000,9000000,100000,100000,9100000,9100000,27100000,28100000,10000000,10000000,8000000,9000000,0,0,9000000,9000000,100000,100000,9100000,9100000,10000010,11000010,10000000,10000000,10,1000010
380,667006000,674306000,10000000,10000000,6000000,9000000,634506000,634506000,6000000,20000000,10500000,800000,16500000,20800000,32500000,39800000,10000000,10000000,6000000,9000000,0,0,6000000,20000000,10500000,800000,16500000,20800000,10000010,27000030,10000000,10000000,10,17000030
410,700306000,701306000,10000000,10000000,12000000,13000000,634506000,634506000,13000000,13000000,30800000,30800000,43800000,43800000,65800000,66800000,10000000,10000000,12000000,13000000,0,0,13000000,13000000,30800000,30800000,43800000,43800000,10000010,12000010,10000000,10000000,10,2000010
440,684506000,685506000,10000000,10000000,11000000,12000000,634506000,634506000,12000000,12000000,17000000,17000000,29000000,29000000,50000000,51000000,10000000,10000000,11000000,12000000,0,0,12000000,12000000,17000000,17000000,29000000,29000000,10000010,36000040,10000000,10000000,10,26000040
470,675906000,693606000,10000000,10000000,11000000,12000000,634506000,634506000,12000000,37000000,8400000,100000,20400000,37100000,41400000,59100000,10000000,10000000,11000000,12000000,0,0,12000000,37000000,8400000,100000,20400000,37100000,10000010,43000020,10000000,10000000,10,33000020
500,784706000,787706000,10000000,10000000,38000000,41000000,634506000,634506000,41000000,41000000,61200000,61200000,102200000,102200000,150200000,153200000,10000000,10000000,38000000,41000000,0,0,41000000,41000000,61200000,61200000,102200000,102200000,10000010,122000070,10000000,10000000,10,112000070
530,703506000,703506000,10000000,10000000,18000000,18000000,634506000,634506000,18000000,18000000,23000000,23000000,41000000,41000000,69000000,69000000,10000000,10000000,18000000,18000000,0,0,18000000,18000000,23000000,23000000,41000000,41000000,10000010,36000040,10000000,10000000,10,26000040
560,681406000,682406000,10000000,10000000,7000000,8000000,634506000,634506000,8000000,8000000,21900000,21900000,29900000,29900000,46900000,47900000,10000000,10000000,7000000,8000000,0,0,8000000,8000000,21900000,21900000,29900000,29900000,10000010,32000030,10000000,10000000,10,22000030
590,673406000,692606000,10000000,10000000,8000000,9000000,634506000,634506000,8000000,39000000,12900000,100000,20900000,39100000,38900000,58100000,10000000,10000000,8000000,9000000,0,0,8000000,39000000,12900000,100000,20900000,39100000,10000010,44000030,10000000,10000000,10,34000030
620,681706000,693606000,10000000,10000000,9000000,10000000,634506000,634506000,10000000,39000000,18200000,100000,28200000,39100000,47200000,59100000,10000000,10000000,9000000,10000000,0,0,10000000,39000000,18200000,100000,28200000,39100000,10000010,53000030,10000000,10000000,10,43000030
650,694706000,736706000,10000000,10000000,10000000,11000000,634506000,634506000,11000000,81000000,29200000,200000,40200000,81200000,60200000,102200000,10000000,10000000,10000000,11000000,0,0,11000000,81000000,29200000,200000,40200000,81200000,10000010,96000050,10000000,10000000,10,86000050
680,667306000,667306000,10000000,10000000,6000000,6000000,634506000,634506000,6000000,6000000,10800000,10800000,16800000,16800000,32800000,32800000,10000000,10000000,6000000,6000000,0,0,6000000,6000000,10800000,10800000,16800000,16800000,10000010,20000010,10000000,10000000,10,10000010
710,696706000,700606000,10000000,10000000,17000000,18000000,634506000,634506000,18000000,38000000,17200000,100000,35200000,38100000,62200000,66100000,10000000,10000000,17000000,18000000,0,0,18000000,38000000,17200000,100000,35200000,38100000,10000010,31000010,10000000,10000000,10,21000010
740,674006000,730606000,10000000,10000000,5000000,6000000,634506000,634506000,6000000,80000000,18500000,100000,24500000,80100000,39500000,96100000,10000000,10000000,5000000,6000000,0,0,6000000,80000000,18500000,100000,24500000,80100000,10000010,92000040,10000000,10000000,10,82000040
770,653506000,665606000,10000000,10000000,1000000,1000000,634506000,634506000,1000000,20000000,7000000,100000,8000000,20100000,19000000,31100000,10000000,10000000,1000000,1000000,0,0,1000000,20000000,7000000,100000,8000000,20100000,10000010,30000030,10000000,10000000,10,20000030
800,670306000,703606000,10000000,10000000,1000000,2000000,634506000,634506000,2000000,57000000,22800000,100000,24800000,57100000,35800000,69100000,10000000,10000000,1000000,2000000,0,0,2000000,57000000,22800000,100000,24800000,57100000,10000010,68000030,10000000,10000000,10,58000030
830,666606000,726706000,10000000,10000000,0,1000000,634506000,634506000,1000000,81000000,21100000,200000,22100000,81200000,32100000,92200000,10000000,10000000,0,1000000,0,0,1000000,81000000,21100000,200000,22100000,81200000,10000010,91000030,10000000,10000000,10,81000030
860,680006000,685006000,10000000,10000000,8000000,13000000,634506000,634506000,13000000,13000000,14500000,14500000,27500000,27500000,45500000,50500000,10000000,10000000,8000000,13000000,0,0,13000000,13000000,14500000,14500000,27500000,27500000,10000010,12000020,10000000,10000000,10,2000020
890,687406000,711606000,10000000,10000000,9000000,10000000,634506000,634506000,10000000,57000000,23900000,100000,33900000,57100000,52900000,77100000,10000000,10000000,9000000,10000000,0,0,10000000,57000000,23900000,100000,33900000,57100000,10000010,76000040,10000000,10000000,10,66000040
920,700106000,743606000,10000000,10000000,18000000,19000000,634506000,634506000,18000000,80000000,19600000,100000,37600000,80100000,65600000,109100000,10000000,10000000,18000000,19000000,0,0,18000000,80000000,19600000,100000,37600000,80100000,10000010,72000010,10000000,10000000,10,62000010
950,680906000,681906000,10000000,10000000,11000000,12000000,634506000,634506000,12000000,12000000,13400000,13400000,25400000,25400000,46400000,47400000,10000000,10000000,11000000,12000000,0,0,12000000,12000000,13400000,13400000,25400000,25400000,10000010,35000040,10000000,10000000,10,25000040
980,661506000,1297012000,10000000,10000000,17000000,18000000,634506000,1269012000,0,0,0,0,0,0,27000000,28000000,10000000,10000000,17000000,18000000,0,0,0,0,0,0,0,0,10000010,10000000,10000000,10000000,10,0
1010,647506000,1283012000,10000000,10000000,3000000,4000000,634506000,1269012000,0,0,0,0,0,0,13000000,14000000,10000000,10000000,3000000,4000000,0,0,0,0,0,0,0,0,10000010,10000000,10000000,10000000,10,0
1040,651506000,1287012000,10000000,10000000,7000000,8000000,634506000,1269012000,0,0,0,0,0,0,17000000,18000000,10000000,10000000,7000000,8000000,0,0,0,0,0,0,0,0,10000010,10000000,10000000,10000000,10,0
1070,673606000,1953618000,10000000,10000000,8000000,19000000,634506000,1903518000,19000000,19000000,2100000,2100000,21100000,21100000,39100000,50100000,10000000,10000000,8000000,19000000,0,0,19000000,19000000,2100000,2100000,21100000,21100000,10000010,10000000,10000000,10000000,10,0
1100,679106000,18480474000,10000000,10000000,0,10000000,634506000,18400674000,2000000,57000000,32600000,2800000,34600000,59800000,44600000,79800000,10000000,10000000,0,10000000,0,0,2000000,57000000,32600000,2800000,34600000,59800000,10000010,59000020,10000000,10000000,10,49000020
1130,679906000,3283930000,10000000,10000000,5000000,17000000,634506000,3172530000,16000000,81000000,14400000,3400000,30400000,84400000,45400000,111400000,10000000,10000000,5000000,17000000,0,0,16000000,81000000,14400000,3400000,30400000,84400000,10000010,76000030,10000000,10000000,10,66000030
1160,653506000,1289012000,10000000,10000000,9000000,10000000,634506000,1269012000,0,0,0,0,0,0,19000000,20000000,10000000,10000000,9000000,10000000,0,0,0,0,0,0,0,0,10000010,10000000,10000000,10000000,10,0
1190,655706000,2560224000,10000000,10000000,5000000,6000000,634506000,2538024000,6000000,6000000,200000,200000,6200000,6200000,21200000,22200000,10000000,10000000,5000000,6000000,0,0,6000000,6000000,200000,200000,6200000,6200000,10000010,10000000,10000000,10000000,10,0
1220,791906000,2077918000,10000000,10000000,57000000,74000000,634506000,1903518000,74000000,74000000,16400000,16400000,90400000,90400000,157400000,174400000,10000000,10000000,57000000,74000000,0,0,74000000,74000000,16400000,16400000,90400000,90400000,10000010,114000020,10000000,10000000,10,104000020
1250,661106000,2565624000,10000000,10000000,7000000,8000000,634506000,2538024000,7000000,7000000,2600000,2600000,9600000,9600000,26600000,27600000,10000000,10000000,7000000,8000000,0,0,7000000,7000000,2600000,2600000,9600000,9600000,10000010,10000000,10000000,10000000,10,0
1280,737206000,1375712000,10000000,10000000,44000000,48000000,634506000,1269012000,47000000,47000000,1700000,1700000,48700000,48700000,102700000,106700000,10000000,10000000,44000000,48000000,0,0,47000000,47000000,1700000,1700000,48700000,48700000,10000010,10000000,10000000,10000000,10,0
21,708406000,709406000,10000000,10000000,19000000,20000000,634506000,634506000,20000000,20000000,24900000,24900000,44900000,44900000,73900000,74900000,10000000,10000000,19000000,20000000,0,0,20000000,20000000,24900000,24900000,44900000,44900000,10000010,32000010,10000000,10000000,10,22000010
51,689606000,742606000,10000000,10000000,16000000,17000000,634506000,634506000,16000000,80000000,13100000,1100000,29100000,81100000,55100000,108100000,10000000,10000000,16000000,17000000,0,0,16000000,80000000,13100000,1100000,29100000,81100000,10000010,76000030,10000000,10000000,10,66000030
81,713306000,733306000,10000000,10000000,19000000,39000000,634506000,634506000,39000000,39000000,10800000,10800000,49800000,49800000,78800000,98800000,10000000,10000000,19000000,39000000,0,0,39000000,39000000,10800000,10800000,49800000,49800000,10000010,29000030,10000000,10000000,10,19000030
111,693306000,694306000,10000000,10000000,17000000,18000000,634506000,634506000,17000000,17000000,14800000,14800000,31800000,31800000,58800000,59800000,10000000,10000000,17000000,18000000,0,0,17000000,17000000,14800000,14800000,31800000,31800000,10000010,32000040,10000000,10000000,10,22000040
141,662606000,662606000,10000000,10000000,1000000,1000000,634506000,634506000,1000000,1000000,16100000,16100000,17100000,17100000,28100000,28100000,10000000,10000000,1000000,1000000,0,0,1000000,1000000,16100000,16100000,17100000,17100000,10000010,22000030,10000000,10000000,10,12000030
171,707806000,707806000,10000000,10000000,20000000,20000000,634506000,634506000,20000000,20000000,23300000,23300000,43300000,43300000,73300000,73300000,10000000,10000000,20000000,20000000,0,0,20000000,20000000,23300000,23300000,43300000,43300000,10000010,37000040,10000000,10000000,10,27000040
201,664506000,665506000,10000000,10000000,20000000,21000000,634506000,634506000,0,0,0,0,0,0,30000000,31000000,10000000,10000000,20000000,21000000,0,0,0,0,0,0,0,0,10000010,10000000,10000000,10000000,10,0
231,694606000,707806000,10000000,10000000,8000000,19000000,634506000,634506000,19000000,39000000,23100000,5300000,42100000,44300000,60100000,73300000,10000000,10000000,8000000,19000000,0,0,19000000,39000000,23100000,5300000,42100000,44300000,10000010,32000010,10000000,10000000,10,22000010
261,678206000,679206000,10000000,10000000,8000000,9000000,634506000,634506000,9000000,9000000,16700000,16700000,25700000,25700000,43700000,44700000,10000000,10000000,8000000,9000000,0,0,9000000,9000000,16700000,16700000,25700000,25700000,10000010,26000040,10000000,10000000,10,16000040
291,672806000,728106000,10000000,10000000,7000000,9000000,634506000,634506000,7000000,74000000,14300000,600000,21300000,74600000,38300000,93600000,10000000,10000000,7000000,9000000,0,0,7000000,74000000,14300000,600000,21300000,74600000,10000010,84000030,10000000,10000000,10,74000030
321,656406000,672706000,10000000,10000000,1000000,8000000,634506000,634506000,8000000,20000000,2900000,200000,10900000,20200000,21900000,38200000,10000000,10000000,1000000,8000000,0,0,8000000,20000000,2900000,200000,10900000,20200000,10000010,22000020,10000000,10000000,10,12000020
351,661606000,662606000,10000000,10000000,8000000,9000000,634506000,634506000,9000000,9000000,100000,100000,9100000,9100000,27100000,28100000,10000000,10000000,8000000,9000000,0,0,9000000,9000000,100000,100000,9100000,9100000,10000010,11000010,10000000,10000000,10,1000010
381,675506000,675506000,10000000,10000000,9000000,9000000,634506000,634506000,9000000,9000000,13000000,13000000,22000000,22000000,41000000,41000000,10000000,10000000,9000000,9000000,0,0,9000000,9000000,13000000,13000000,22000000,22000000,10000010,26000030,10000000,10000000,10,16000030
411,700406000,701406000,10000000,10000000,12000000,13000000,634506000,634506000,13000000,13000000,30900000,30900000,43900000,43900000,65900000,66900000,10000000,10000000,12000000,13000000,0,0,13000000,13000000,30900000,30900000,43900000,43900000,10000010,12000010,10000000,10000000,10,2000010
441,698806000,742706000,10000000,10000000,11000000,13000000,634506000,634506000,13000000,85000000,30300000,200000,43300000,85200000,64300000,108200000,10000000,10000000,11000000,13000000,0,0,13000000,85000000,30300000,200000,43300000,85200000,10000010,106000050,10000000,10000000,10,96000050
471,675906000,692606000,10000000,10000000,11000000,11000000,634506000,634506000,11000000,37000000,9400000,100000,20400000,37100000,41400000,58100000,10000000,10000000,11000000,11000000,0,0,11000000,37000000,9400000,100000,20400000,37100000,10000010,43000020,10000000,10000000,10,33000020
501,736806000,742806000,10000000,10000000,38000000,44000000,634506000,634506000,44000000,44000000,10300000,10300000,54300000,54300000,102300000,108300000,10000000,10000000,38000000,44000000,0,0,44000000,44000000,10300000,10300000,54300000,54300000,10000010,42000040,10000000,10000000,10,32000040
531,694206000,742606000,10000000,10000000,18000000,18000000,634506000,634506000,18000000,80000000,13700000,100000,31700000,80100000,59700000,108100000,10000000,10000000,18000000,18000000,0,0,18000000,80000000,13700000,100000,31700000,80100000,10000010,72000010,10000000,10000000,10,62000010
561,681206000,682206000,10000000,10000000,7000000,8000000,634506000,634506000,8000000,8000000,21700000,21700000,29700000,29700000,46700000,47700000,10000000,10000000,7000000,8000000,0,0,8000000,8000000,21700000,21700000,29700000,29700000,10000010,32000030,10000000,10000000,10,22000030
591,681606000,682606000,10000000,10000000,7000000,8000000,634506000,634506000,8000000,8000000,22100000,22100000,30100000,30100000,47100000,48100000,10000000,10000000,7000000,8000000,0,0,8000000,8000000,22100000,22100000,30100000,30100000,10000010,33000030,10000000,10000000,10,23000030
621,675106000,733606000,10000000,10000000,8000000,9000000,634506000,634506000,8000000,80000000,14600000,100000,22600000,80100000,40600000,99100000,10000000,10000000,8000000,9000000,0,0,8000000,80000000,14600000,100000,22600000,80100000,10000010,93000020,10000000,10000000,10,83000020
651,676306000,692606000,10000000,10000000,10000000,10000000,634506000,634506000,10000000,38000000,11800000,100000,21800000,38100000,41800000,58100000,10000000,10000000,10000000,10000000,0,0,10000000,38000000,11800000,100000,21800000,38100000,10000010,52000020,10000000,10000000,10,42000020
681,677206000,678206000,10000000,10000000,6000000,7000000,634506000,634506000,7000000,7000000,19700000,19700000,26700000,26700000,42700000,43700000,10000000,10000000,6000000,7000000,0,0,7000000,7000000,19700000,19700000,26700000,26700000,10000010,20000010,10000000,10000000,10,10000010
711,696706000,700606000,10000000,10000000,17000000,18000000,634506000,634506000,18000000,38000000,17200000,100000,35200000,38100000,62200000,66100000,10000000,10000000,17000000,18000000,0,0,18000000,38000000,17200000,100000,35200000,38100000,10000010,31000010,10000000,10000000,10,21000010
741,678306000,730606000,10000000,10000000,5000000,6000000,634506000,634506000,6000000,80000000,22800000,100000,28800000,80100000,43800000,96100000,10000000,10000000,5000000,6000000,0,0,6000000,80000000,22800000,100000,28800000,80100000,10000010,92000040,10000000,10000000,10,82000040
771,647206000,647206000,10000000,10000000,1000000,1000000,634506000,634506000,1000000,1000000,700000,700000,1700000,1700000,12700000,12700000,10000000,10000000,1000000,1000000,0,0,1000000,1000000,700000,700000,1700000,1700000,10000010,11000010,10000000,10000000,10,1000010
801,660006000,663606000,10000000,10000000,1000000,1000000,634506000,634506000,1000000,18000000,13500000,100000,14500000,18100000,25500000,29100000,10000000,10000000,1000000,1000000,0,0,1000000,18000000,13500000,100000,14500000,18100000,10000010,28000020,10000000,10000000,10,18000020
831,668006000,668006000,10000000,10000000,10000000,10000000,634506000,634506000,10000000,10000000,3500000,3500000,13500000,13500000,33500000,33500000,10000000,10000000,10000000,10000000,0,0,10000000,10000000,3500000,3500000,13500000,13500000,10000010,21000020,10000000,10000000,10,11000020
861,677506000,678506000,10000000,10000000,11000000,12000000,634506000,634506000,12000000,12000000,10000000,10000000,22000000,22000000,43000000,44000000,10000000,10000000,11000000,12000000,0,0,12000000,12000000,10000000,10000000,22000000,22000000,10000010,22000030,10000000,10000000,10,12000030
891,676206000,676206000,10000000,10000000,8000000,8000000,634506000,634506000,8000000,8000000,15700000,15700000,23700000,23700000,41700000,41700000,10000000,10000000,8000000,8000000,0,0,8000000,8000000,15700000,15700000,23700000,23700000,10000010,16000030,10000000,10000000,10,6000030
921,700106000,743606000,10000000,10000000,18000000,19000000,634506000,634506000,18000000,80000000,19600000,100000,37600000,80100000,65600000,109100000,10000000,10000000,18000000,19000000,0,0,18000000,80000000,19600000,100000,37600000,80100000,10000010,72000010,10000000,10000000,10,62000010
951,687506000,688506000,10000000,10000000,12000000,13000000,634506000,634506000,13000000,13000000,18000000,18000000,31000000,31000000,53000000,54000000,10000000,10000000,12000000,13000000,0,0,13000000,13000000,18000000,18000000,31000000,31000000,10000010,35000040,10000000,10000000,10,25000040
981,696406000,5799354000,10000000,10000000,17000000,20000000,634506000,5710554000,18000000,57000000,16900000,1800000,34900000,58800000,61900000,88800000,10000000,10000000,17000000,20000000,0,0,18000000,57000000,16900000,1800000,34900000,58800000,10000010,50000010,10000000,10000000,10,40000010
1011,675406000,7081466000,10000000,10000000,0,10000000,634506000,6979566000,4000000,81000000,26900000,900000,30900000,81900000,40900000,101900000,10000000,10000000,0,10000000,0,0,4000000,81000000,26900000,900000,30900000,81900000,10000010,90000040,10000000,10000000,10,80000040
1041,668706000,2574224000,10000000,10000000,7000000,9000000,634506000,2538024000,8000000,8000000,9200000,9200000,17200000,17200000,34200000,36200000,10000000,10000000,7000000,9000000,0,0,8000000,8000000,9200000,9200000,17200000,17200000,10000010,11000010,10000000,10000000,10,1000010
1071,663506000,1933518000,10000000,10000000,19000000,20000000,634506000,1903518000,0,0,0,0,0,0,29000000,30000000,10000000,10000000,19000000,20000000,0,0,0,0,0,0,0,0,10000010,10000000,10000000,10000000,10,0
1101,680006000,18508774000,10000000,10000000,0,15000000,634506000,18400674000,15000000,81000000,20500000,2100000,35500000,83100000,45500000,108100000,10000000,10000000,0,15000000,0,0,15000000,81000000,20500000,2100000,35500000,83100000,10000010,76000020,10000000,10000000,10,66000020
1131,648306000,3187330000,10000000,10000000,0,1000000,634506000,3172530000,1000000,1000000,2800000,2800000,3800000,3800000,13800000,14800000,10000000,10000000,0,1000000,0,0,1000000,1000000,2800000,2800000,3800000,3800000,10000010,10000000,10000000,10000000,10,0
1161,653506000,1289012000,10000000,10000000,9000000,10000000,634506000,1269012000,0,0,0,0,0,0,19000000,20000000,10000000,10000000,9000000,10000000,0,0,0,0,0,0,0,0,10000010,10000000,10000000,10000000,10,0
1191,656706000,1926718000,10000000,10000000,6000000,7000000,634506000,1903518000,6000000,6000000,200000,200000,6200000,6200000,22200000,23200000,10000000,10000000,6000000,7000000,0,0,6000000,6000000,200000,200000,6200000,6200000,10000010,10000000,10000000,10000000,10,0
1221,747306000,1437812000,10000000,10000000,18000000,74000000,634506000,1269012000,73000000,73000000,11800000,11800000,84800000,84800000,112800000,168800000,10000000,10000000,18000000,74000000,0,0,73000000,73000000,11800000,11800000,84800000,84800000,10000010,73000020,10000000,10000000,10,63000020
1251,672006000,3214030000,10000000,10000000,7000000,11000000,634506000,3172530000,11000000,11000000,9500000,9500000,20500000,20500000,37500000,41500000,10000000,10000000,7000000,11000000,0,0,11000000,11000000,9500000,9500000,20500000,20500000,10000010,35000030,10000000,10000000,10,25000030
1281,682206000,1331112000,10000000,10000000,11000000,13000000,634506000,1269012000,13000000,39000000,13700000,100000,26700000,39100000,47700000,62100000,10000000,10000000,11000000,13000000,0,0,13000000,39000000,13700000,100000,26700000,39100000,10000010,55000040,10000000,10000000,10,45000040
22,714006000,715006000,10000000,10000000,19000000,20000000,634506000,634506000,20000000,20000000,30500000,30500000,50500000,50500000,79500000,80500000,10000000,10000000,19000000,20000000,0,0,20000000,20000000,30500000,30500000,50500000,50500000,10000010,32000010,10000000,10000000,10,22000010
52,745506000,787606000,10000000,10000000,17000000,57000000,634506000,634506000,57000000,85000000,27000000,1100000,84000000,86100000,111000000,153100000,10000000,10000000,17000000,57000000,0,0,57000000,85000000,27000000,1100000,84000000,86100000,10000010,76000030,10000000,10000000,10,66000030
82,686206000,701606000,10000000,10000000,19000000,19000000,634506000,634506000,19000000,38000000,3700000,100000,22700000,38100000,51700000,67100000,10000000,10000000,19000000,19000000,0,0,19000000,38000000,3700000,100000,22700000,38100000,10000010,32000010,10000000,10000000,10,22000010
112,686306000,723106000,10000000,10000000,18000000,20000000,634506000,634506000,20000000,57000000,3800000,1600000,23800000,58600000,51800000,88600000,10000000,10000000,18000000,20000000,0,0,20000000,57000000,3800000,1600000,23800000,58600000,10000010,57000020,10000000,10000000,10,47000020
142,662306000,662306000,10000000,10000000,1000000,1000000,634506000,634506000,1000000,1000000,15800000,15800000,16800000,16800000,27800000,27800000,10000000,10000000,1000000,1000000,0,0,1000000,1000000,15800000,15800000,16800000,16800000,10000010,22000030,10000000,10000000,10,12000030
172,700606000,700606000,10000000,10000000,20000000,20000000,634506000,634506000,20000000,20000000,16100000,16100000,36100000,36100000,66100000,66100000,10000000,10000000,20000000,20000000,0,0,20000000,20000000,16100000,16100000,36100000,36100000,10000010,37000040,10000000,10000000,10,27000040
202,705106000,721606000,10000000,10000000,20000000,20000000,634506000,634506000,20000000,57000000,20600000,100000,40600000,57100000,70600000,87100000,10000000,10000000,20000000,20000000,0,0,20000000,57000000,20600000,100000,40600000,57100000,10000010,61000030,10000000,10000000,10,51000030
232,688106000,702606000,10000000,10000000,19000000,19000000,634506000,634506000,19000000,39000000,5600000,100000,24600000,39100000,53600000,68100000,10000000,10000000,19000000,19000000,0,0,19000000,39000000,5600000,100000,24600000,39100000,10000010,32000010,10000000,10000000,10,22000010
262,670006000,726606000,10000000,10000000,8000000,8000000,634506000,634506000,8000000,74000000,9500000,100000,17500000,74100000,35500000,92100000,10000000,10000000,8000000,8000000,0,0,8000000,74000000,9500000,100000,17500000,74100000,10000010,83000040,10000000,10000000,10,73000040
292,673506000,727906000,10000000,10000000,8000000,9000000,634506000,634506000,9000000,74000000,12000000,400000,21000000,74400000,39000000,93400000,10000000,10000000,8000000,9000000,0,0,9000000,74000000,12000000,400000,21000000,74400000,10000010,83000040,10000000,10000000,10,73000040
322,690706000,692606000,10000000,10000000,8000000,9000000,634506000,634506000,9000000,39000000,29200000,100000,38200000,39100000,56200000,58100000,10000000,10000000,8000000,9000000,0,0,9000000,39000000,29200000,100000,38200000,39100000,10000010,43000020,10000000,10000000,10,33000020
352,660506000,662506000,10000000,10000000,6000000,8000000,634506000,634506000,8000000,8000000,2000000,2000000,10000000,10000000,26000000,28000000,10000000,10000000,6000000,8000000,0,0,8000000,8000000,2000000,2000000,10000000,10000000,10000010,12000020,10000000,10000000,10,2000020
382,681906000,685906000,10000000,10000000,9000000,13000000,634506000,634506000,13000000,13000000,15400000,15400000,28400000,28400000,47400000,51400000,10000000,10000000,9000000,13000000,0,0,13000000,13000000,15400000,15400000,28400000,28400000,10000010,30000040,10000000,10000000,10,20000040
412,700406000,701406000,10000000,10000000,12000000,13000000,634506000,634506000,13000000,13000000,30900000,30900000,43900000,43900000,65900000,66900000,10000000,10000000,12000000,13000000,0,0,13000000,13000000,30900000,30900000,43900000,43900000,10000010,12000010,10000000,10000000,10,2000010
442,684606000,684606000,10000000,10000000,11000000,11000000,634506000,634506000,11000000,11000000,18100000,18100000,29100000,29100000,50100000,50100000,10000000,10000000,11000000,11000000,0,0,11000000,11000000,18100000,18100000,29100000,29100000,10000010,36000040,10000000,10000000,10,26000040
472,674406000,692706000,10000000,10000000,11000000,11000000,634506000,634506000,11000000,37000000,7900000,200000,18900000,37200000,39900000,58200000,10000000,10000000,11000000,11000000,0,0,11000000,37000000,7900000,200000,18900000,37200000,10000010,43000020,10000000,10000000,10,33000020
502,748106000,749106000,10000000,10000000,37000000,38000000,634506000,634506000,38000000,38000000,28600000,28600000,66600000,66600000,113600000,114600000,10000000,10000000,37000000,38000000,0,0,38000000,38000000,28600000,28600000,66600000,66600000,10000010,48000040,10000000,10000000,10,38000040
532,694206000,742606000,10000000,10000000,18000000,18000000,634506000,634506000,18000000,80000000,13700000,100000,31700000,80100000,59700000,108100000,10000000,10000000,18000000,18000000,0,0,18000000,80000000,13700000,100000,31700000,80100000,10000010,72000010,10000000,10000000,10,62000010
562,677206000,682206000,10000000,10000000,7000000,12000000,634506000,634506000,12000000,12000000,13700000,13700000,25700000,25700000,42700000,47700000,10000000,10000000,7000000,12000000,0,0,12000000,12000000,13700000,13700000,25700000,25700000,10000010,33000030,10000000,10000000,10,23000030
592,685006000,686006000,10000000,10000000,7000000,8000000,634506000,634506000,8000000,8000000,25500000,25500000,33500000,33500000,50500000,51500000,10000000,10000000,7000000,8000000,0,0,8000000,8000000,25500000,25500000,33500000,33500000,10000010,36000040,10000000,10000000,10,26000040
622,675306000,693706000,10000000,10000000,9000000,10000000,634506000,634506000,10000000,39000000,11800000,200000,21800000,39200000,40800000,59200000,10000000,10000000,9000000,10000000,0,0,10000000,39000000,11800000,200000,21800000,39200000,10000010,53000030,10000000,10000000,10,43000030
652,675206000,692706000,10000000,10000000,10000000,10000000,634506000,634506000,10000000,38000000,10700000,200000,20700000,38200000,40700000,58200000,10000000,10000000,10000000,10000000,0,0,10000000,38000000,10700000,200000,20700000,38200000,10000010,52000020,10000000,10000000,10,42000020
682,669606000,730606000,10000000,10000000,5000000,6000000,634506000,634506000,6000000,80000000,14100000,100000,20100000,80100000,35100000,96100000,10000000,10000000,5000000,6000000,0,0,6000000,80000000,14100000,100000,20100000,80100000,10000010,92000040,10000000,10000000,10,82000040
712,696706000,700606000,10000000,10000000,17000000,18000000,634506000,634506000,18000000,38000000,17200000,100000,35200000,38100000,62200000,66100000,10000000,10000000,17000000,18000000,0,0,18000000,38000000,17200000,100000,35200000,38100000,10000010,31000010,10000000,10000000,10,21000010
742,674206000,730606000,10000000,10000000,5000000,6000000,634506000,634506000,6000000,80000000,18700000,100000,24700000,80100000,39700000,96100000,10000000,10000000,5000000,6000000,0,0,6000000,80000000,18700000,100000,24700000,80100000,10000010,92000040,10000000,10000000,10,82000040
772,659306000,663706000,10000000,10000000,1000000,1000000,634506000,634506000,1000000,18000000,12800000,200000,13800000,18200000,24800000,29200000,10000000,10000000,1000000,1000000,0,0,1000000,18000000,12800000,200000,13800000,18200000,10000010,28000020,10000000,10000000,10,18000020
802,670306000,703606000,10000000,10000000,1000000,2000000,634506000,634506000,2000000,57000000,22800000,100000,24800000,57100000,35800000,69100000,10000000,10000000,1000000,2000000,0,0,2000000,57000000,22800000,100000,24800000,57100000,10000010,68000030,10000000,10000000,10,58000030
832,678406000,678406000,10000000,10000000,10000000,10000000,634506000,634506000,10000000,10000000,13900000,13900000,23900000,23900000,43900000,43900000,10000000,10000000,10000000,10000000,0,0,10000000,10000000,13900000,13900000,23900000,23900000,10000010,35000030,10000000,10000000,10,25000030
862,675606000,675606000,10000000,10000000,11000000,11000000,634506000,634506000,11000000,11000000,9100000,9100000,20100000,20100000,41100000,41100000,10000000,10000000,11000000,11000000,0,0,11000000,11000000,9100000,9100000,20100000,20100000,10000010,21000020,10000000,10000000,10,11000020
892,682906000,683906000,10000000,10000000,7000000,8000000,634506000,634506000,8000000,8000000,23400000,23400000,31400000,31400000,48400000,49400000,10000000,10000000,7000000,8000000,0,0,8000000,8000000,23400000,23400000,31400000,31400000,10000010,17000010,10000000,10000000,10,7000010
922,700106000,743606000,10000000,10000000,18000000,19000000,634506000,634506000,18000000,80000000,19600000,100000,37600000,80100000,65600000,109100000,10000000,10000000,18000000,19000000,0,0,18000000,80000000,19600000,100000,37600000,80100000,10000010,72000010,10000000,10000000,10,62000010
952,808006000,809006000,10000000,10000000,73000000,74000000,634506000,634506000,74000000,74000000,16500000,16500000,90500000,90500000,173500000,174500000,10000000,10000000,73000000,74000000,0,0,74000000,74000000,16500000,16500000,90500000,90500000,10000010,130000030,10000000,10000000,10,120000030
982,661506000,1297012000,10000000,10000000,17000000,18000000,634506000,1269012000,0,0,0,0,0,0,27000000,28000000,10000000,10000000,17000000,18000000,0,0,0,0,0,0,0,0,10000010,10000000,10000000,10000000,10,0
1012,676306000,7073766000,10000000,10000000,1000000,11000000,634506000,6979566000,4000000,73000000,26800000,200000,30800000,73200000,41800000,94200000,10000000,10000000,1000000,11000000,0,0,4000000,73000000,26800000,200000,30800000,73200000,10000010,83000040,10000000,10000000,10,73000040
1042,687806000,12119914000,10000000,10000000,1000000,12000000,634506000,12055614000,8000000,8000000,34300000,34300000,42300000,42300000,53300000,64300000,10000000,10000000,1000000,12000000,0,0,8000000,8000000,34300000,34300000,42300000,42300000,10000010,29000040,10000000,10000000,10,19000040
1072,678206000,3861736000,10000000,10000000,8000000,19000000,634506000,3807036000,19000000,19000000,6700000,6700000,25700000,25700000,43700000,54700000,10000000,10000000,8000000,19000000,0,0,19000000,19000000,6700000,6700000,25700000,25700000,10000010,10000000,10000000,10000000,10,0
1102,648306000,3821836000,10000000,10000000,0,1000000,634506000,3807036000,1000000,1000000,2800000,2800000,3800000,3800000,13800000,14800000,10000000,10000000,0,1000000,0,0,1000000,1000000,2800000,2800000,3800000,3800000,10000010,10000000,10000000,10000000,10,0
1132,657006000,1933018000,10000000,10000000,1000000,8000000,634506000,1903518000,8000000,8000000,3500000,3500000,11500000,11500000,22500000,29500000,10000000,10000000,1000000,8000000,0,0,8000000,8000000,3500000,3500000,11500000,11500000,10000010,11000010,10000000,10000000,10,1000010
1162,653506000,1934518000,10000000,10000000,9000000,21000000,634506000,1903518000,0,0,0,0,0,0,19000000,31000000,10000000,10000000,9000000,21000000,0,0,0,0,0,0,0,0,10000010,10000000,10000000,10000000,10,0
1192,660606000,3837136000,10000000,10000000,5000000,9000000,634506000,3807036000,6000000,6000000,5100000,5100000,11100000,11100000,26100000,30100000,10000000,10000000,5000000,9000000,0,0,6000000,6000000,5100000,5100000,11100000,11100000,10000010,10000000,10000000,10000000,10,0
1222,727106000,2050118000,10000000,10000000,19000000,73000000,634506000,1903518000,57000000,57000000,6600000,6600000,63600000,63600000,92600000,146600000,10000000,10000000,19000000,73000000,0,0,57000000,57000000,6600000,6600000,63600000,63600000,10000010,10000000,10000000,10000000,10,0
1252,655506000,657506000,10000000,10000000,11000000,13000000,634506000,634506000,0,0,0,0,0,0,21000000,23000000,10000000,10000000,11000000,13000000,0,0,0,0,0,0,0,0,10000010,10000000,10000000,10000000,10,0
1282,756506000,2091518000,10000000,10000000,19000000,85000000,634506000,1903518000,85000000,85000000,8000000,8000000,93000000,93000000,122000000,188000000,10000000,10000000,19000000,85000000,0,0,85000000,85000000,8000000,8000000,93000000,93000000,10000010,72000010,10000000,10000000,10,62000010
23,714006000,715006000,10000000,10000000,19000000,20000000,634506000,634506000,20000000,20000000,30500000,30500000,50500000,50500000,79500000,80500000,10000000,10000000,19000000,20000000,0,0,20000000,20000000,30500000,30500000,50500000,50500000,10000010,32000010,10000000,10000000,10,22000010
53,677906000,677906000,10000000,10000000,10000000,10000000,634506000,634506000,10000000,10000000,13400000,13400000,23400000,23400000,43400000,43400000,10000000,10000000,10000000,10000000,0,0,10000000,10000000,13400000,13400000,23400000,23400000,10000010,35000040,10000000,10000000,10,25000040
83,694606000,703906000,10000000,10000000,19000000,20000000,634506000,634506000,20000000,39000000,11100000,400000,31100000,39400000,60100000,69400000,10000000,10000000,19000000,20000000,0,0,20000000,39000000,11100000,400000,31100000,39400000,10000010,33000020,10000000,10000000,10,23000020
113,691306000,691306000,10000000,10000000,18000000,18000000,634506000,634506000,18000000,18000000,10800000,10800000,28800000,28800000,56800000,56800000,10000000,10000000,18000000,18000000,0,0,18000000,18000000,10800000,10800000,28800000,28800000,10000010,34000030,10000000,10000000,10,24000030
143,679906000,735306000,10000000,10000000,8000000,10000000,634506000,634506000,10000000,80000000,17400000,800000,27400000,80800000,45400000,100800000,10000000,10000000,8000000,10000000,0,0,10000000,80000000,17400000,800000,27400000,80800000,10000010,96000040,10000000,10000000,10,86000040
173,700506000,700506000,10000000,10000000,20000000,20000000,634506000,634506000,20000000,20000000,16000000,16000000,36000000,36000000,66000000,66000000,10000000,10000000,20000000,20000000,0,0,20000000,20000000,16000000,16000000,36000000,36000000,10000010,37000040,10000000,10000000,10,27000040
203,705106000,721606000,10000000,10000000,20000000,20000000,634506000,634506000,20000000,57000000,20600000,100000,40600000,57100000,70600000,87100000,10000000,10000000,20000000,20000000,0,0,20000000,57000000,20600000,100000,40600000,57100000,10000010,61000030,10000000,10000000,10,51000030
233,705506000,706506000,10000000,10000000,19000000,20000000,634506000,634506000,20000000,20000000,22000000,22000000,42000000,42000000,71000000,72000000,10000000,10000000,19000000,20000000,0,0,20000000,20000000,22000000,22000000,42000000,42000000,10000010,32000010,10000000,10000000,10,22000010
263,678206000,679206000,10000000,10000000,8000000,9000000,634506000,634506000,9000000,9000000,16700000,16700000,25700000,25700000,43700000,44700000,10000000,10000000,8000000,9000000,0,0,9000000,9000000,16700000,16700000,25700000,25700000,10000010,26000040,10000000,10000000,10,16000040
293,669406000,672606000,10000000,10000000,6000000,9000000,634506000,634506000,6000000,19000000,12900000,100000,18900000,19100000,34900000,38100000,10000000,10000000,6000000,9000000,0,0,6000000,19000000,12900000,100000,18900000,19100000,10000010,27000030,10000000,10000000,10,17000030
323,685506000,692606000,10000000,10000000,8000000,9000000,634506000,634506000,9000000,39000000,24000000,100000,33000000,39100000,51000000,58100000,10000000,10000000,8000000,9000000,0,0,9000000,39000000,24000000,100000,33000000,39100000,10000010,43000020,10000000,10000000,10,33000020
353,661606000,662606000,10000000,10000000,8000000,9000000,634506000,634506000,9000000,9000000,100000,100000,9100000,9100000,27100000,28100000,10000000,10000000,8000000,9000000,0,0,9000000,9000000,100000,100000,9100000,9100000,10000010,11000010,10000000,10000000,10,1000010
383,673906000,673906000,10000000,10000000,9000000,9000000,634506000,634506000,9000000,9000000,11400000,11400000,20400000,20400000,39400000,39400000,10000000,10000000,9000000,9000000,0,0,9000000,9000000,11400000,11400000,20400000,20400000,10000010,26000030,10000000,10000000,10,16000030
413,700406000,701406000,10000000,10000000,12000000,13000000,634506000,634506000,13000000,13000000,30900000,30900000,43900000,43900000,65900000,66900000,10000000,10000000,12000000,13000000,0,0,13000000,13000000,30900000,30900000,43900000,43900000,10000010,12000010,10000000,10000000,10,2000010
443,684606000,684606000,10000000,10000000,11000000,11000000,634506000,634506000,11000000,11000000,18100000,18100000,29100000,29100000,50100000,50100000,10000000,10000000,11000000,11000000,0,0,11000000,11000000,18100000,18100000,29100000,29100000,10000010,36000040,10000000,10000000,10,26000040
473,675906000,692606000,10000000,10000000,11000000,11000000,634506000,634506000,11000000,37000000,9400000,100000,20400000,37100000,41400000,58100000,10000000,10000000,11000000,11000000,0,0,11000000,37000000,9400000,100000,20400000,37100000,10000010,43000020,10000000,10000000,10,33000020
503,682506000,686506000,10000000,10000000,38000000,42000000,634506000,634506000,0,0,0,0,0,0,48000000,52000000,10000000,10000000,38000000,42000000,0,0,0,0,0,0,0,0,10000010,10000000,10000000,10000000,10,0
533,694206000,742606000,10000000,10000000,18000000,18000000,634506000,634506000,18000000,80000000,13700000,100000,31700000,80100000,59700000,108100000,10000000,10000000,18000000,18000000,0,0,18000000,80000000,13700000,100000,31700000,80100000,10000010,72000010,10000000,10000000,10,62000010
563,695106000,719606000,10000000,10000000,18000000,18000000,634506000,634506000,18000000,57000000,14600000,100000,32600000,57100000,60600000,85100000,10000000,10000000,18000000,18000000,0,0,18000000,57000000,14600000,100000,32600000,57100000,10000010,50000010,10000000,10000000,10,40000010
593,687006000,688006000,10000000,10000000,7000000,8000000,634506000,634506000,8000000,8000000,27500000,27500000,35500000,35500000,52500000,53500000,10000000,10000000,7000000,8000000,0,0,8000000,8000000,27500000,27500000,35500000,35500000,10000010,36000040,10000000,10000000,10,26000040
623,671606000,733606000,10000000,10000000,7000000,9000000,634506000,634506000,7000000,80000000,13100000,100000,20100000,80100000,37100000,99100000,10000000,10000000,7000000,9000000,0,0,7000000,80000000,13100000,100000,20100000,80100000,10000010,93000020,10000000,10000000,10,83000020
653,683006000,692606000,10000000,10000000,10000000,10000000,634506000,634506000,10000000,38000000,18500000,100000,28500000,38100000,48500000,58100000,10000000,10000000,10000000,10000000,0,0,10000000,38000000,18500000,100000,28500000,38100000,10000010,52000020,10000000,10000000,10,42000020
683,663606000,663606000,10000000,10000000,6000000,6000000,634506000,634506000,6000000,6000000,7100000,7100000,13100000,13100000,29100000,29100000,10000000,10000000,6000000,6000000,0,0,6000000,6000000,7100000,7100000,13100000,13100000,10000010,20000010,10000000,10000000,10,10000010
713,696706000,700606000,10000000,10000000,17000000,18000000,634506000,634506000,18000000,38000000,17200000,100000,35200000,38100000,62200000,66100000,10000000,10000000,17000000,18000000,0,0,18000000,38000000,17200000,100000,35200000,38100000,10000010,31000010,10000000,10000000,10,21000010
743,649506000,651506000,10000000,10000000,5000000,7000000,634506000,634506000,0,0,0,0,0,0,15000000,17000000,10000000,10000000,5000000,7000000,0,0,0,0,0,0,0,0,10000010,10000000,10000000,10000000,10,0
773,666206000,727006000,10000000,10000000,0,1000000,634506000,634506000,1000000,81000000,20700000,500000,21700000,81500000,31700000,92500000,10000000,10000000,0,1000000,0,0,1000000,81000000,20700000,500000,21700000,81500000,10000010,91000030,10000000,10000000,10,81000030
803,660006000,663606000,10000000,10000000,1000000,1000000,634506000,634506000,1000000,18000000,13500000,100000,14500000,18100000,25500000,29100000,10000000,10000000,1000000,1000000,0,0,1000000,18000000,13500000,100000,14500000,18100000,10000010,28000020,10000000,10000000,10,18000020
833,673306000,747806000,10000000,10000000,4000000,18000000,634506000,634506000,18000000,85000000,6800000,300000,24800000,85300000,38800000,113300000,10000000,10000000,4000000,18000000,0,0,18000000,85000000,6800000,300000,24800000,85300000,10000010,79000030,10000000,10000000,10,69000030
863,673106000,676106000,10000000,10000000,8000000,11000000,634506000,634506000,11000000,11000000,9600000,9600000,20600000,20600000,38600000,41600000,10000000,10000000,8000000,11000000,0,0,11000000,11000000,9600000,9600000,20600000,20600000,10000010,36000040,10000000,10000000,10,26000040
893,660706000,660706000,10000000,10000000,8000000,8000000,634506000,634506000,8000000,8000000,200000,200000,8200000,8200000,26200000,26200000,10000000,10000000,8000000,8000000,0,0,8000000,8000000,200000,200000,8200000,8200000,10000010,11000010,10000000,10000000,10,1000010
923,700106000,743606000,10000000,10000000,18000000,19000000,634506000,634506000,18000000,80000000,19600000,100000,37600000,80100000,65600000,109100000,10000000,10000000,18000000,19000000,0,0,18000000,80000000,19600000,100000,37600000,80100000,10000010,72000010,10000000,10000000,10,62000010
953,775606000,790606000,10000000,10000000,58000000,73000000,634506000,634506000,73000000,73000000,100000,100000,73100000,73100000,141100000,156100000,10000000,10000000,58000000,73000000,0,0,73000000,73000000,100000,100000,73100000,73100000,10000010,10000000,10000000,10000000,10,0
983,693506000,3232530000,10000000,10000000,17000000,18000000,634506000,3172530000,18000000,18000000,14000000,14000000,32000000,32000000,59000000,60000000,10000000,10000000,17000000,18000000,0,0,18000000,18000000,14000000,14000000,32000000,32000000,10000010,33000030,10000000,10000000,10,23000030
1013,721006000,3292030000,10000000,10000000,8000000,41000000,634506000,3172530000,40000000,40000000,28500000,28500000,68500000,68500000,86500000,119500000,10000000,10000000,8000000,41000000,0,0,40000000,40000000,28500000,28500000,68500000,68500000,10000010,21000030,10000000,10000000,10,11000030
1043,668606000,1938618000,10000000,10000000,10000000,11000000,634506000,1903518000,11000000,11000000,3100000,3100000,14100000,14100000,34100000,35100000,10000000,10000000,10000000,11000000,0,0,11000000,11000000,3100000,3100000,14100000,14100000,10000010,10000000,10000000,10000000,10,0
1073,683906000,3222930000,10000000,10000000,19000000,20000000,634506000,3172530000,20000000,20000000,400000,400000,20400000,20400000,49400000,50400000,10000000,10000000,19000000,20000000,0,0,20000000,20000000,400000,400000,20400000,20400000,10000010,10000000,10000000,10000000,10,0
1103,661706000,4478642000,10000000,10000000,3000000,10000000,634506000,4441542000,6000000,17000000,8200000,100000,14200000,17100000,27200000,37100000,10000000,10000000,3000000,10000000,0,0,6000000,17000000,8200000,100000,14200000,17100000,10000010,27000030,10000000,10000000,10,17000030
1133,645506000,1281012000,10000000,10000000,1000000,2000000,634506000,1269012000,0,0,0,0,0,0,11000000,12000000,10000000,10000000,1000000,2000000,0,0,0,0,0,0,0,0,10000010,10000000,10000000,10000000,10,0
1163,653506000,1289012000,10000000,10000000,9000000,10000000,634506000,1269012000,0,0,0,0,0,0,19000000,20000000,10000000,10000000,9000000,10000000,0,0,0,0,0,0,0,0,10000010,10000000,10000000,10000000,10,0
1193,644506000,645506000,10000000,10000000,0,1000000,634506000,634506000,0,0,0,0,0,0,10000000,11000000,10000000,10000000,0,1000000,0,0,0,0,0,0,0,0,10000010,10000000,10000000,10000000,10,0
1223,689806000,3888136000,10000000,10000000,10000000,13000000,634506000,3807036000,13000000,58000000,22300000,100000,35300000,58100000,55300000,81100000,10000000,10000000,10000000,13000000,0,0,13000000,58000000,22300000,100000,35300000,58100000,10000010,78000040,10000000,10000000,10,68000040
1253,761606000,1402012000,10000000,10000000,41000000,46000000,634506000,1269012000,46000000,47000000,30100000,30000000,76100000,77000000,127100000,133000000,10000000,10000000,41000000,46000000,0,0,46000000,47000000,30100000,30000000,76100000,77000000,10000010,125000080,10000000,10000000,10,115000080
1283,701506000,1364012000,10000000,10000000,57000000,85000000,634506000,1269012000,0,0,0,0,0,0,67000000,95000000,10000000,10000000,57000000,85000000,0,0,0,0,0,0,0,0,10000010,10000000,10000000,10000000,10,0
24,708506000,721606000,10000000,10000000,19000000,20000000,634506000,634506000,20000000,57000000,25000000,100000,45000000,57100000,74000000,87100000,10000000,10000000,19000000,20000000,0,0,20000000,57000000,25000000,100000,45000000,57100000,10000010,61000030,10000000,10000000,10,51000030
54,689606000,714606000,10000000,10000000,10000000,12000000,634506000,634506000,12000000,58000000,23100000,100000,35100000,58100000,55100000,80100000,10000000,10000000,10000000,12000000,0,0,12000000,58000000,23100000,100000,35100000,58100000,10000010,78000040,10000000,10000000,10,68000040
84,713806000,714806000,10000000,10000000,19000000,20000000,634506000,634506000,20000000,20000000,30300000,30300000,50300000,50300000,79300000,80300000,10000000,10000000,19000000,20000000,0,0,20000000,20000000,30300000,30300000,50300000,50300000,10000010,32000010,10000000,10000000,10,22000010
114,662306000,662306000,10000000,10000000,1000000,1000000,634506000,634506000,1000000,1000000,15800000,15800000,16800000,16800000,27800000,27800000,10000000,10000000,1000000,1000000,0,0,1000000,1000000,15800000,15800000,16800000,16800000,10000010,22000030,10000000,10000000,10,12000030
144,726806000,768406000,10000000,10000000,10000000,43000000,634506000,634506000,43000000,80000000,29300000,900000,72300000,80900000,92300000,133900000,10000000,10000000,10000000,43000000,0,0,43000000,80000000,29300000,900000,72300000,80900000,10000010,98000050,10000000,10000000,10,88000050
174,700506000,700506000,10000000,10000000,20000000,20000000,634506000,634506000,20000000,20000000,16000000,16000000,36000000,36000000,66000000,66000000,10000000,10000000,20000000,20000000,0,0,20000000,20000000,16000000,16000000,36000000,36000000,10000010,37000040,10000000,10000000,10,27000040
204,705106000,721606000,10000000,10000000,20000000,20000000,634506000,634506000,20000000,57000000,20600000,100000,40600000,57100000,70600000,87100000,10000000,10000000,20000000,20000000,0,0,20000000,57000000,20600000,100000,40600000,57100000,10000010,61000030,10000000,10000000,10,51000030
234,702506000,703606000,10000000,10000000,19000000,20000000,634506000,634506000,20000000,39000000,19000000,100000,39000000,39100000,68000000,69100000,10000000,10000000,19000000,20000000,0,0,20000000,39000000,19000000,100000,39000000,39100000,10000010,32000010,10000000,10000000,10,22000010
264,678206000,679206000,10000000,10000000,8000000,9000000,634506000,634506000,9000000,9000000,16700000,16700000,25700000,25700000,43700000,44700000,10000000,10000000,8000000,9000000,0,0,9000000,9000000,16700000,16700000,25700000,25700000,10000010,26000040,10000000,10000000,10,16000040
294,679706000,679706000,10000000,10000000,9000000,9000000,634506000,634506000,9000000,9000000,17200000,17200000,26200000,26200000,45200000,45200000,10000000,10000000,9000000,9000000,0,0,9000000,9000000,17200000,17200000,26200000,26200000,10000010,26000040,10000000,10000000,10,16000040
324,685006000,692706000,10000000,10000000,8000000,9000000,634506000,634506000,9000000,39000000,23500000,200000,32500000,39200000,50500000,58200000,10000000,10000000,8000000,9000000,0,0,9000000,39000000,23500000,200000,32500000,39200000,10000010,43000020,10000000,10000000,10,33000020
354,661606000,662606000,10000000,10000000,8000000,9000000,634506000,634506000,9000000,9000000,100000,100000,9100000,9100000,27100000,28100000,10000000,10000000,8000000,9000000,0,0,9000000,9000000,100000,100000,9100000,9100000,10000010,11000010,10000000,10000000,10,1000010
384,676406000,676406000,10000000,10000000,9000000,9000000,634506000,634506000,9000000,9000000,13900000,13900000,22900000,22900000,41900000,41900000,10000000,10000000,9000000,9000000,0,0,9000000,9000000,13900000,13900000,22900000,22900000,10000010,26000030,10000000,10000000,10,16000030
414,688106000,688106000,10000000,10000000,13000000,13000000,634506000,634506000,13000000,13000000,17600000,17600000,30600000,30600000,53600000,53600000,10000000,10000000,13000000,13000000,0,0,13000000,13000000,17600000,17600000,30600000,30600000,10000010,12000010,10000000,10000000,10,2000010
444,684606000,684606000,10000000,10000000,11000000,11000000,634506000,634506000,11000000,11000000,18100000,18100000,29100000,29100000,50100000,50100000,10000000,10000000,11000000,11000000,0,0,11000000,11000000,18100000,18100000,29100000,29100000,10000010,36000040,10000000,10000000,10,26000040
474,679906000,693606000,10000000,10000000,11000000,12000000,634506000,634506000,12000000,37000000,12400000,100000,24400000,37100000,45400000,59100000,10000000,10000000,11000000,12000000,0,0,12000000,37000000,12400000,100000,24400000,37100000,10000010,43000020,10000000,10000000,10,33000020
504,750706000,753706000,10000000,10000000,37000000,40000000,634506000,634506000,40000000,40000000,29200000,29200000,69200000,69200000,116200000,119200000,10000000,10000000,37000000,40000000,0,0,40000000,40000000,29200000,29200000,69200000,69200000,10000010,48000040,10000000,10000000,10,38000040
534,694206000,742606000,10000000,10000000,18000000,18000000,634506000,634506000,18000000,80000000,13700000,100000,31700000,80100000,59700000,108100000,10000000,10000000,18000000,18000000,0,0,18000000,80000000,13700000,100000,31700000,80100000,10000010,72000010,10000000,10000000,10,62000010
564,685506000,728206000,10000000,10000000,10000000,18000000,634506000,634506000,18000000,57000000,13000000,8700000,31000000,65700000,51000000,93700000,10000000,10000000,10000000,18000000,0,0,18000000,57000000,13000000,8700000,31000000,65700000,10000010,50000010,10000000,10000000,10,40000010
594,665706000,667806000,10000000,10000000,7000000,7000000,634506000,634506000,7000000,13000000,7200000,3300000,14200000,16300000,31200000,33300000,10000000,10000000,7000000,7000000,0,0,7000000,13000000,7200000,3300000,14200000,16300000,10000010,18000020,10000000,10000000,10,8000020
624,671906000,675106000,10000000,10000000,9000000,10000000,634506000,634506000,10000000,20000000,8400000,600000,18400000,20600000,37400000,40600000,10000000,10000000,9000000,10000000,0,0,10000000,20000000,8400000,600000,18400000,20600000,10000010,34000030,10000000,10000000,10,24000030
654,682506000,689506000,10000000,10000000,10000000,17000000,634506000,634506000,17000000,17000000,11000000,11000000,28000000,28000000,48000000,55000000,10000000,10000000,10000000,17000000,0,0,17000000,17000000,11000000,11000000,28000000,28000000,10000010,15000030,10000000,10000000,10,5000030
684,650506000,656506000,10000000,10000000,6000000,12000000,634506000,634506000,0,0,0,0,0,0,16000000,22000000,10000000,10000000,6000000,12000000,0,0,0,0,0,0,0,0,10000010,10000000,10000000,10000000,10,0
714,696706000,700606000,10000000,10000000,17000000,18000000,634506000,634506000,18000000,38000000,17200000,100000,35200000,38100000,62200000,66100000,10000000,10000000,17000000,18000000,0,0,18000000,38000000,17200000,100000,35200000,38100000,10000010,31000010,10000000,10000000,10,21000010
744,669006000,730606000,10000000,10000000,5000000,6000000,634506000,634506000,6000000,80000000,13500000,100000,19500000,80100000,34500000,96100000,10000000,10000000,5000000,6000000,0,0,6000000,80000000,13500000,100000,19500000,80100000,10000010,92000040,10000000,10000000,10,82000040
774,657006000,726706000,10000000,10000000,1000000,1000000,634506000,634506000,1000000,81000000,10500000,200000,11500000,81200000,22500000,92200000,10000000,10000000,1000000,1000000,0,0,1000000,81000000,10500000,200000,11500000,81200000,10000010,91000040,10000000,10000000,10,81000040
804,660006000,663606000,10000000,10000000,1000000,1000000,634506000,634506000,1000000,18000000,13500000,100000,14500000,18100000,25500000,29100000,10000000,10000000,1000000,1000000,0,0,1000000,18000000,13500000,100000,14500000,18100000,10000010,28000020,10000000,10000000,10,18000020
834,671006000,675006000,10000000,10000000,8000000,12000000,634506000,634506000,12000000,12000000,6500000,6500000,18500000,18500000,36500000,40500000,10000000,10000000,8000000,12000000,0,0,12000000,12000000,6500000,6500000,18500000,18500000,10000010,20000030,10000000,10000000,10,10000030
864,655506000,657506000,10000000,10000000,11000000,13000000,634506000,634506000,0,0,0,0,0,0,21000000,23000000,10000000,10000000,11000000,13000000,0,0,0,0,0,0,0,0,10000010,10000000,10000000,10000000,10,0
894,676206000,676206000,10000000,10000000,8000000,8000000,634506000,634506000,8000000,8000000,15700000,15700000,23700000,23700000,41700000,41700000,10000000,10000000,8000000,8000000,0,0,8000000,8000000,15700000,15700000,23700000,23700000,10000010,16000030,10000000,10000000,10,6000030
924,700106000,743606000,10000000,10000000,18000000,19000000,634506000,634506000,18000000,80000000,19600000,100000,37600000,80100000,65600000,109100000,10000000,10000000,18000000,19000000,0,0,18000000,80000000,19600000,100000,37600000,80100000,10000010,72000010,10000000,10000000,10,62000010
954,690906000,715606000,10000000,10000000,11000000,13000000,634506000,634506000,13000000,58000000,22400000,100000,35400000,58100000,56400000,81100000,10000000,10000000,11000000,13000000,0,0,13000000,58000000,22400000,100000,35400000,58100000,10000010,79000050,10000000,10000000,10,69000050
984,677806000,19143580000,10000000,10000000,0,17000000,634506000,19035180000,2000000,81000000,31300000,400000,33300000,81400000,43300000,108400000,10000000,10000000,0,17000000,0,0,2000000,81000000,31300000,400000,33300000,81400000,10000010,77000020,10000000,10000000,10,67000020
1014,783306000,3962836000,10000000,10000000,37000000,44000000,634506000,3807036000,41000000,41000000,60800000,60800000,101800000,101800000,148800000,155800000,10000000,10000000,37000000,44000000,0,0,41000000,41000000,60800000,60800000,101800000,101800000,10000010,121000060,10000000,10000000,10,111000060
1044,653506000,655506000,10000000,10000000,9000000,11000000,634506000,634506000,0,0,0,0,0,0,19000000,21000000,10000000,10000000,9000000,11000000,0,0,0,0,0,0,0,0,10000010,10000000,10000000,10000000,10,0
1074,689006000,4508042000,10000000,10000000,8000000,20000000,634506000,4441542000,20000000,20000000,16500000,16500000,36500000,36500000,54500000,66500000,10000000,10000000,8000000,20000000,0,0,20000000,20000000,16500000,16500000,36500000,36500000,10000010,10000000,10000000,10000000,10,0
1104,647506000,1283012000,10000000,10000000,3000000,4000000,634506000,1269012000,0,0,0,0,0,0,13000000,14000000,10000000,10000000,3000000,4000000,0,0,0,0,0,0,0,0,10000010,10000000,10000000,10000000,10,0
1134,645506000,1281012000,10000000,10000000,1000000,2000000,634506000,1269012000,0,0,0,0,0,0,11000000,12000000,10000000,10000000,1000000,2000000,0,0,0,0,0,0,0,0,10000010,10000000,10000000,10000000,10,0
1164,661606000,3200630000,10000000,10000000,8000000,9000000,634506000,3172530000,9000000,9000000,100000,100000,9100000,9100000,27100000,28100000,10000000,10000000,8000000,9000000,0,0,9000000,9000000,100000,100000,9100000,9100000,10000010,10000000,10000000,10000000,10,0
1194,652506000,1288012000,10000000,10000000,8000000,9000000,634506000,1269012000,0,0,0,0,0,0,18000000,19000000,10000000,10000000,8000000,9000000,0,0,0,0,0,0,0,0,10000010,10000000,10000000,10000000,10,0
1224,668606000,1938618000,10000000,10000000,10000000,11000000,634506000,1903518000,11000000,11000000,3100000,3100000,14100000,14100000,34100000,35100000,10000000,10000000,10000000,11000000,0,0,11000000,11000000,3100000,3100000,14100000,14100000,10000010,10000000,10000000,10000000,10,0
1254,763606000,1403112000,10000000,10000000,42000000,47000000,634506000,1269012000,47000000,47000000,30100000,30100000,77100000,77100000,129100000,134100000,10000000,10000000,42000000,47000000,0,0,47000000,47000000,30100000,30100000,77100000,77100000,10000010,126000090,10000000,10000000,10,116000090
1284,651506000,1287012000,10000000,10000000,7000000,8000000,634506000,1269012000,0,0,0,0,0,0,17000000,18000000,10000000,10000000,7000000,8000000,0,0,0,0,0,0,0,0,10000010,10000000,10000000,10000000,10,0
25,692606000,703606000,10000000,10000000,8000000,19000000,634506000,634506000,19000000,19000000,21100000,21100000,40100000,40100000,58100000,69100000,10000000,10000000,8000000,19000000,0,0,19000000,19000000,21100000,21100000,40100000,40100000,10000010,32000010,10000000,10000000,10,22000010
55,689606000,713606000,10000000,10000000,10000000,11000000,634506000,634506000,11000000,58000000,24100000,100000,35100000,58100000,55100000,79100000,10000000,10000000,10000000,11000000,0,0,11000000,58000000,24100000,100000,35100000,58100000,10000010,78000040,10000000,10000000,10,68000040
85,713806000,714806000,10000000,10000000,19000000,20000000,634506000,634506000,20000000,20000000,30300000,30300000,50300000,50300000,79300000,80300000,10000000,10000000,19000000,20000000,0,0,20000000,20000000,30300000,30300000,50300000,50300000,10000010,32000010,10000000,10000000,10,22000010
115,662306000,662306000,10000000,10000000,1000000,1000000,634506000,634506000,1000000,1000000,15800000,15800000,16800000,16800000,27800000,27800000,10000000,10000000,1000000,1000000,0,0,1000000,1000000,15800000,15800000,16800000,16800000,10000010,22000030,10000000,10000000,10,12000030
145,674806000,702606000,10000000,10000000,9000000,10000000,634506000,634506000,10000000,48000000,11300000,100000,21300000,48100000,40300000,68100000,10000000,10000000,9000000,10000000,0,0,10000000,48000000,11300000,100000,21300000,48100000,10000010,50000050,10000000,10000000,10,40000050
175,700506000,700506000,10000000,10000000,20000000,20000000,634506000,634506000,20000000,20000000,16000000,16000000,36000000,36000000,66000000,66000000,10000000,10000000,20000000,20000000,0,0,20000000,20000000,16000000,16000000,36000000,36000000,10000010,37000040,10000000,10000000,10,27000040
205,701406000,703606000,10000000,10000000,19000000,20000000,634506000,634506000,20000000,39000000,17900000,100000,37900000,39100000,66900000,69100000,10000000,10000000,19000000,20000000,0,0,20000000,39000000,17900000,100000,37900000,39100000,10000010,33000020,10000000,10000000,10,23000020
235,705506000,706506000,10000000,10000000,19000000,20000000,634506000,634506000,20000000,20000000,22000000,22000000,42000000,42000000,71000000,72000000,10000000,10000000,19000000,20000000,0,0,20000000,20000000,22000000,22000000,42000000,42000000,10000010,32000010,10000000,10000000,10,22000010
265,678206000,679206000,10000000,10000000,8000000,9000000,634506000,634506000,9000000,9000000,16700000,16700000,25700000,25700000,43700000,44700000,10000000,10000000,8000000,9000000,0,0,9000000,9000000,16700000,16700000,25700000,25700000,10000010,26000040,10000000,10000000,10,16000040
295,680406000,683406000,10000000,10000000,9000000,12000000,634506000,634506000,12000000,12000000,14900000,14900000,26900000,26900000,45900000,48900000,10000000,10000000,9000000,12000000,0,0,12000000,12000000,14900000,14900000,26900000,26900000,10000010,29000020,10000000,10000000,10,19000020
325,686406000,687406000,10000000,10000000,8000000,9000000,634506000,634506000,9000000,9000000,24900000,24900000,33900000,33900000,51900000,52900000,10000000,10000000,8000000,9000000,0,0,9000000,9000000,24900000,24900000,33900000,33900000,10000010,26000030,10000000,10000000,10,16000030
355,661606000,662606000,10000000,10000000,8000000,9000000,634506000,634506000,9000000,9000000,100000,100000,9100000,9100000,27100000,28100000,10000000,10000000,8000000,9000000,0,0,9000000,9000000,100000,100000,9100000,9100000,10000010,11000010,10000000,10000000,10,1000010
385,653506000,661506000,10000000,10000000,9000000,17000000,634506000,634506000,0,0,0,0,0,0,19000000,27000000,10000000,10000000,9000000,17000000,0,0,0,0,0,0,0,0,10000010,10000000,10000000,10000000,10,0
415,700406000,701406000,10000000,10000000,12000000,13000000,634506000,634506000,13000000,13000000,30900000,30900000,43900000,43900000,65900000,66900000,10000000,10000000,12000000,13000000,0,0,13000000,13000000,30900000,30900000,43900000,43900000,10000010,12000010,10000000,10000000,10,2000010
445,700206000,701206000,10000000,10000000,12000000,13000000,634506000,634506000,13000000,13000000,30700000,30700000,43700000,43700000,65700000,66700000,10000000,10000000,12000000,13000000,0,0,13000000,13000000,30700000,30700000,43700000,43700000,10000010,12000010,10000000,10000000,10,2000010
475,678606000,729606000,10000000,10000000,3000000,4000000,634506000,634506000,4000000,81000000,27100000,100000,31100000,81100000,44100000,95100000,10000000,10000000,3000000,4000000,0,0,4000000,81000000,27100000,100000,31100000,81100000,10000010,93000050,10000000,10000000,10,83000050
505,756106000,759806000,10000000,10000000,40000000,41000000,634506000,634506000,41000000,74000000,30600000,300000,71600000,74300000,121600000,125300000,10000000,10000000,40000000,41000000,0,0,41000000,74000000,30600000,300000,71600000,74300000,10000010,124000070,10000000,10000000,10,114000070
535,694206000,742606000,10000000,10000000,18000000,18000000,634506000,634506000,18000000,80000000,13700000,100000,31700000,80100000,59700000,108100000,10000000,10000000,18000000,18000000,0,0,18000000,80000000,13700000,100000,31700000,80100000,10000010,72000010,10000000,10000000,10,62000010
565,695106000,719606000,10000000,10000000,18000000,18000000,634506000,634506000,18000000,57000000,14600000,100000,32600000,57100000,60600000,85100000,10000000,10000000,18000000,18000000,0,0,18000000,57000000,14600000,100000,32600000,57100000,10000010,50000010,10000000,10000000,10,40000010
595,687006000,688006000,10000000,10000000,7000000,8000000,634506000,634506000,8000000,8000000,27500000,27500000,35500000,35500000,52500000,53500000,10000000,10000000,7000000,8000000,0,0,8000000,8000000,27500000,27500000,35500000,35500000,10000010,36000040,10000000,10000000,10,26000040
625,686706000,734606000,10000000,10000000,9000000,10000000,634506000,634506000,10000000,80000000,23200000,100000,33200000,80100000,52200000,100100000,10000000,10000000,9000000,10000000,0,0,10000000,80000000,23200000,100000,33200000,80100000,10000010,93000020,10000000,10000000,10,83000020
655,682406000,683406000,10000000,10000000,9000000,10000000,634506000,634506000,9000000,9000000,19900000,19900000,28900000,28900000,47900000,48900000,10000000,10000000,9000000,10000000,0,0,9000000,9000000,19900000,19900000,28900000,28900000,10000010,35000040,10000000,10000000,10,25000040
685,674106000,730706000,10000000,10000000,5000000,6000000,634506000,634506000,6000000,80000000,18600000,200000,24600000,80200000,39600000,96200000,10000000,10000000,5000000,6000000,0,0,6000000,80000000,18600000,200000,24600000,80200000,10000010,92000040,10000000,10000000,10,82000040
715,696706000,700606000,10000000,10000000,17000000,18000000,634506000,634506000,18000000,38000000,17200000,100000,35200000,38100000,62200000,66100000,10000000,10000000,17000000,18000000,0,0,18000000,38000000,17200000,100000,35200000,38100000,10000010,31000010,10000000,10000000,10,21000010
745,669906000,744906000,10000000,10000000,5000000,16000000,634506000,634506000,16000000,81000000,4400000,3400000,20400000,84400000,35400000,110400000,10000000,10000000,5000000,16000000,0,0,16000000,81000000,4400000,3400000,20400000,84400000,10000010,78000040,10000000,10000000,10,68000040
775,645506000,646506000,10000000,10000000,1000000,2000000,634506000,634506000,0,0,0,0,0,0,11000000,12000000,10000000,10000000,1000000,2000000,0,0,0,0,0,0,0,0,10000010,10000000,10000000,10000000,10,0
805,660006000,663606000,10000000,10000000,1000000,1000000,634506000,634506000,1000000,18000000,13500000,100000,14500000,18100000,25500000,29100000,10000000,10000000,1000000,1000000,0,0,1000000,18000000,13500000,100000,14500000,18100000,10000010,28000020,10000000,10000000,10,18000020
835,666806000,666806000,10000000,10000000,8000000,8000000,634506000,634506000,8000000,8000000,6300000,6300000,14300000,14300000,32300000,32300000,10000000,10000000,8000000,8000000,0,0,8000000,8000000,6300000,6300000,14300000,14300000,10000010,22000020,10000000,10000000,10,12000020
865,682006000,732606000,10000000,10000000,7000000,8000000,634506000,634506000,8000000,80000000,22500000,100000,30500000,80100000,47500000,98100000,10000000,10000000,7000000,8000000,0,0,8000000,80000000,22500000,100000,30500000,80100000,10000010,95000030,10000000,10000000,10,85000030
895,676306000,676306000,10000000,10000000,8000000,8000000,634506000,634506000,8000000,8000000,15800000,15800000,23800000,23800000,41800000,41800000,10000000,10000000,8000000,8000000,0,0,8000000,8000000,15800000,15800000,23800000,23800000,10000010,16000030,10000000,10000000,10,6000030
925,732906000,782606000,10000000,10000000,19000000,58000000,634506000,634506000,58000000,80000000,11400000,100000,69400000,80100000,98400000,148100000,10000000,10000000,19000000,58000000,0,0,58000000,80000000,11400000,100000,69400000,80100000,10000010,72000010,10000000,10000000,10,62000010
955,655506000,657506000,10000000,10000000,11000000,13000000,634506000,634506000,0,0,0,0,0,0,21000000,23000000,10000000,10000000,11000000,13000000,0,0,0,0,0,0,0,0,10000010,10000000,10000000,10000000,10,0
985,663506000,1299012000,10000000,10000000,19000000,20000000,634506000,1269012000,0,0,0,0,0,0,29000000,30000000,10000000,10000000,19000000,20000000,0,0,0,0,0,0,0,0,10000010,10000000,10000000,10000000,10,0
1015,753006000,2663324000,10000000,10000000,37000000,41000000,634506000,2538024000,41000000,74000000,30500000,300000,71500000,74300000,118500000,125300000,10000000,10000000,37000000,41000000,0,0,41000000,74000000,30500000,300000,71500000,74300000,10000010,121000060,10000000,10000000,10,111000060
1045,674506000,8305578000,10000000,10000000,0,17000000,634506000,8248578000,10000000,10000000,20000000,20000000,30000000,30000000,40000000,57000000,10000000,10000000,0,17000000,0,0,10000000,10000000,20000000,20000000,30000000,30000000,10000010,22000030,10000000,10000000,10,12000030
1075,683906000,3857436000,10000000,10000000,19000000,20000000,634506000,3807036000,20000000,20000000,400000,400000,20400000,20400000,49400000,50400000,10000000,10000000,19000000,20000000,0,0,20000000,20000000,400000,400000,20400000,20400000,10000010,10000000,10000000,10000000,10,0
1105,647506000,648506000,10000000,10000000,3000000,4000000,634506000,634506000,0,0,0,0,0,0,13000000,14000000,10000000,10000000,3000000,4000000,0,0,0,0,0,0,0,0,10000010,10000000,10000000,10000000,10,0
1135,648306000,3187330000,10000000,10000000,0,1000000,634506000,3172530000,1000000,1000000,2800000,2800000,3800000,3800000,13800000,14800000,10000000,10000000,0,1000000,0,0,1000000,1000000,2800000,2800000,3800000,3800000,10000010,10000000,10000000,10000000,10,0
1165,661606000,3200630000,10000000,10000000,8000000,9000000,634506000,3172530000,9000000,9000000,100000,100000,9100000,9100000,27100000,28100000,10000000,10000000,8000000,9000000,0,0,9000000,9000000,100000,100000,9100000,9100000,10000010,10000000,10000000,10000000,10,0
1195,687706000,5141748000,10000000,10000000,1000000,11000000,634506000,5076048000,11000000,44000000,31200000,700000,42200000,44700000,53200000,65700000,10000000,10000000,1000000,11000000,0,0,11000000,44000000,31200000,700000,42200000,44700000,10000010,48000050,10000000,10000000,10,38000050
1225,668606000,1938618000,10000000,10000000,10000000,11000000,634506000,1903518000,11000000,11000000,3100000,3100000,14100000,14100000,34100000,35100000,10000000,10000000,10000000,11000000,0,0,11000000,11000000,3100000,3100000,14100000,14100000,10000010,10000000,10000000,10000000,10,0
1255,655506000,657506000,10000000,10000000,11000000,13000000,634506000,634506000,0,0,0,0,0,0,21000000,23000000,10000000,10000000,11000000,13000000,0,0,0,0,0,0,0,0,10000010,10000000,10000000,10000000,10,0
1285,651506000,1287012000,10000000,10000000,7000000,8000000,634506000,1269012000,0,0,0,0,0,0,17000000,18000000,10000000,10000000,7000000,8000000,0,0,0,0,0,0,0,0,10000010,10000000,10000000,10000000,10,0
26,692606000,702706000,10000000,10000000,19000000,20000000,634506000,634506000,20000000,38000000,9100000,200000,29100000,38200000,58100000,68200000,10000000,10000000,19000000,20000000,0,0,20000000,38000000,9100000,200000,29100000,38200000,10000010,32000010,10000000,10000000,10,22000010
56,654506000,655506000,10000000,10000000,10000000,11000000,634506000,634506000,0,0,0,0,0,0,20000000,21000000,10000000,10000000,10000000,11000000,0,0,0,0,0,0,0,0,10000010,10000000,10000000,10000000,10,0
86,708306000,709306000,10000000,10000000,19000000,20000000,634506000,634506000,20000000,20000000,24800000,24800000,44800000,44800000,73800000,74800000,10000000,10000000,19000000,20000000,0,0,20000000,20000000,24800000,24800000,44800000,44800000,10000010,32000010,10000000,10000000,10,22000010
116,663806000,672806000,10000000,10000000,1000000,7000000,634506000,634506000,7000000,20000000,11300000,1300000,18300000,21300000,29300000,38300000,10000000,10000000,1000000,7000000,0,0,7000000,20000000,11300000,1300000,18300000,21300000,10000010,30000040,10000000,10000000,10,20000040
146,668506000,710506000,10000000,10000000,1000000,8000000,634506000,634506000,8000000,57000000,15000000,1000000,23000000,58000000,34000000,76000000,10000000,10000000,1000000,8000000,0,0,8000000,57000000,15000000,1000000,23000000,58000000,10000010,68000030,10000000,10000000,10,58000030
176,679206000,703606000,10000000,10000000,8000000,20000000,634506000,634506000,20000000,39000000,6700000,100000,26700000,39100000,44700000,69100000,10000000,10000000,8000000,20000000,0,0,20000000,39000000,6700000,100000,26700000,39100000,10000010,33000020,10000000,10000000,10,23000020
206,688806000,688806000,10000000,10000000,20000000,20000000,634506000,634506000,20000000,20000000,4300000,4300000,24300000,24300000,54300000,54300000,10000000,10000000,20000000,20000000,0,0,20000000,20000000,4300000,4300000,24300000,24300000,10000010,11000010,10000000,10000000,10,1000010
236,705506000,706506000,10000000,10000000,19000000,20000000,634506000,634506000,20000000,20000000,22000000,22000000,42000000,42000000,71000000,72000000,10000000,10000000,19000000,20000000,0,0,20000000,20000000,22000000,22000000,42000000,42000000,10000010,32000010,10000000,10000000,10,22000010
266,666306000,674206000,10000000,10000000,8000000,9000000,634506000,634506000,9000000,19000000,4800000,1700000,13800000,20700000,31800000,39700000,10000000,10000000,8000000,9000000,0,0,9000000,19000000,4800000,1700000,13800000,20700000,10000010,25000030,10000000,10000000,10,15000030
296,680406000,683406000,10000000,10000000,9000000,12000000,634506000,634506000,12000000,12000000,14900000,14900000,26900000,26900000,45900000,48900000,10000000,10000000,9000000,12000000,0,0,12000000,12000000,14900000,14900000,26900000,26900000,10000010,29000020,10000000,10000000,10,19000020
326,653706000,672606000,10000000,10000000,1000000,8000000,634506000,634506000,8000000,20000000,200000,100000,8200000,20100000,19200000,38100000,10000000,10000000,1000000,8000000,0,0,8000000,20000000,200000,100000,8200000,20100000,10000010,22000020,10000000,10000000,10,12000020
356,661606000,662606000,10000000,10000000,8000000,9000000,634506000,634506000,9000000,9000000,100000,100000,9100000,9100000,27100000,28100000,10000000,10000000,8000000,9000000,0,0,9000000,9000000,100000,100000,9100000,9100000,10000010,11000010,10000000,10000000,10,1000010
386,675106000,675106000,10000000,10000000,9000000,9000000,634506000,634506000,9000000,9000000,12600000,12600000,21600000,21600000,40600000,40600000,10000000,10000000,9000000,9000000,0,0,9000000,9000000,12600000,12600000,21600000,21600000,10000010,26000030,10000000,10000000,10,16000030
416,700006000,701006000,10000000,10000000,12000000,13000000,634506000,634506000,13000000,13000000,30500000,30500000,43500000,43500000,65500000,66500000,10000000,10000000,12000000,13000000,0,0,13000000,13000000,30500000,30500000,43500000,43500000,10000010,12000010,10000000,10000000,10,2000010
446,700106000,701106000,10000000,10000000,12000000,13000000,634506000,634506000,13000000,13000000,30600000,30600000,43600000,43600000,65600000,66600000,10000000,10000000,12000000,13000000,0,0,13000000,13000000,30600000,30600000,43600000,43600000,10000010,12000010,10000000,10000000,10,2000010
476,679506000,679506000,10000000,10000000,4000000,4000000,634506000,634506000,4000000,4000000,27000000,27000000,31000000,31000000,45000000,45000000,10000000,10000000,4000000,4000000,0,0,4000000,4000000,27000000,27000000,31000000,31000000,10000010,25000040,10000000,10000000,10,15000040
506,717506000,746506000,10000000,10000000,8000000,37000000,634506000,634506000,37000000,37000000,28000000,28000000,65000000,65000000,83000000,112000000,10000000,10000000,8000000,37000000,0,0,37000000,37000000,28000000,28000000,65000000,65000000,10000010,13000010,10000000,10000000,10,3000010
536,687806000,688806000,10000000,10000000,17000000,18000000,634506000,634506000,18000000,18000000,8300000,8300000,26300000,26300000,53300000,54300000,10000000,10000000,17000000,18000000,0,0,18000000,18000000,8300000,8300000,26300000,26300000,10000010,31000010,10000000,10000000,10,21000010
566,730306000,786706000,10000000,10000000,18000000,57000000,634506000,634506000,57000000,85000000,10800000,200000,67800000,85200000,95800000,152200000,10000000,10000000,18000000,57000000,0,0,57000000,85000000,10800000,200000,67800000,85200000,10000010,38000010,10000000,10000000,10,28000010
596,687006000,688006000,10000000,10000000,7000000,8000000,634506000,634506000,8000000,8000000,27500000,27500000,35500000,35500000,52500000,53500000,10000000,10000000,7000000,8000000,0,0,8000000,8000000,27500000,27500000,35500000,35500000,10000010,36000040,10000000,10000000,10,26000040
626,686706000,734606000,10000000,10000000,9000000,10000000,634506000,634506000,10000000,80000000,23200000,100000,33200000,80100000,52200000,100100000,10000000,10000000,9000000,10000000,0,0,10000000,80000000,23200000,100000,33200000,80100000,10000010,93000020,10000000,10000000,10,83000020
656,673106000,734606000,10000000,10000000,8000000,10000000,634506000,634506000,8000000,80000000,12600000,100000,20600000,80100000,38600000,100100000,10000000,10000000,8000000,10000000,0,0,8000000,80000000,12600000,100000,20600000,80100000,10000010,94000030,10000000,10000000,10,84000030
686,674506000,731106000,10000000,10000000,6000000,6000000,634506000,634506000,6000000,80000000,18000000,600000,24000000,80600000,40000000,96600000,10000000,10000000,6000000,6000000,0,0,6000000,80000000,18000000,600000,24000000,80600000,10000010,92000030,10000000,10000000,10,82000030
716,696706000,700606000,10000000,10000000,17000000,18000000,634506000,634506000,18000000,38000000,17200000,100000,35200000,38100000,62200000,66100000,10000000,10000000,17000000,18000000,0,0,18000000,38000000,17200000,100000,35200000,38100000,10000010,31000010,10000000,10000000,10,21000010
746,671306000,671306000,10000000,10000000,9000000,9000000,634506000,634506000,9000000,9000000,8800000,8800000,17800000,17800000,36800000,36800000,10000000,10000000,9000000,9000000,0,0,9000000,9000000,8800000,8800000,17800000,17800000,10000010,26000040,10000000,10000000,10,16000040
776,671506000,734706000,10000000,10000000,1000000,9000000,634506000,634506000,9000000,81000000,17000000,200000,26000000,81200000,37000000,100200000,10000000,10000000,1000000,9000000,0,0,9000000,81000000,17000000,200000,26000000,81200000,10000010,92000040,10000000,10000000,10,82000040
806,660006000,663606000,10000000,10000000,1000000,1000000,634506000,634506000,1000000,18000000,13500000,100000,14500000,18100000,25500000,29100000,10000000,10000000,1000000,1000000,0,0,1000000,18000000,13500000,100000,14500000,18100000,10000010,28000020,10000000,10000000,10,18000020
836,663506000,665606000,10000000,10000000,8000000,8000000,634506000,634506000,8000000,13000000,3000000,100000,11000000,13100000,29000000,31100000,10000000,10000000,8000000,8000000,0,0,8000000,13000000,3000000,100000,11000000,13100000,10000010,20000030,10000000,10000000,10,10000030
866,682006000,732606000,10000000,10000000,7000000,8000000,634506000,634506000,8000000,80000000,22500000,100000,30500000,80100000,47500000,98100000,10000000,10000000,7000000,8000000,0,0,8000000,80000000,22500000,100000,30500000,80100000,10000010,95000030,10000000,10000000,10,85000030
896,675506000,675506000,10000000,10000000,8000000,8000000,634506000,634506000,8000000,8000000,15000000,15000000,23000000,23000000,41000000,41000000,10000000,10000000,8000000,8000000,0,0,8000000,8000000,15000000,15000000,23000000,23000000,10000010,13000010,10000000,10000000,10,3000010
926,694106000,744606000,10000000,10000000,18000000,19000000,634506000,634506000,18000000,80000000,13600000,1100000,31600000,81100000,59600000,110100000,10000000,10000000,18000000,19000000,0,0,18000000,80000000,13600000,1100000,31600000,81100000,10000010,72000010,10000000,10000000,10,62000010
956,832006000,833006000,10000000,10000000,80000000,81000000,634506000,634506000,81000000,81000000,26500000,26500000,107500000,107500000,197500000,198500000,10000000,10000000,80000000,81000000,0,0,81000000,81000000,26500000,26500000,107500000,107500000,10000010,143000040,10000000,10000000,10,133000040
986,724706000,2671724000,10000000,10000000,8000000,43000000,634506000,2538024000,43000000,80000000,29200000,700000,72200000,80700000,90200000,133700000,10000000,10000000,8000000,43000000,0,0,43000000,80000000,29200000,700000,72200000,80700000,10000010,96000040,10000000,10000000,10,86000040
1016,681506000,685506000,10000000,10000000,37000000,41000000,634506000,634506000,0,0,0,0,0,0,47000000,51000000,10000000,10000000,37000000,41000000,0,0,0,0,0,0,0,0,10000010,10000000,10000000,10000000,10,0
1046,653506000,1923518000,10000000,10000000,9000000,10000000,634506000,1903518000,0,0,0,0,0,0,19000000,20000000,10000000,10000000,9000000,10000000,0,0,0,0,0,0,0,0,10000010,10000000,10000000,10000000,10,0
1076,690506000,4551842000,10000000,10000000,18000000,20000000,634506000,4441542000,18000000,80000000,10000000,300000,28000000,80300000,56000000,110300000,10000000,10000000,18000000,20000000,0,0,18000000,80000000,10000000,300000,28000000,80300000,10000010,73000020,10000000,10000000,10,63000020
1106,672206000,2016818000,10000000,10000000,3000000,18000000,634506000,1903518000,18000000,85000000,6700000,300000,24700000,85300000,37700000,113300000,10000000,10000000,3000000,18000000,0,0,18000000,85000000,6700000,300000,24700000,85300000,10000010,79000030,10000000,10000000,10,69000030
1136,645506000,1281012000,10000000,10000000,1000000,2000000,634506000,1269012000,0,0,0,0,0,0,11000000,12000000,10000000,10000000,1000000,2000000,0,0,0,0,0,0,0,0,10000010,10000000,10000000,10000000,10,0
1166,757706000,1396212000,10000000,10000000,40000000,43000000,634506000,1269012000,43000000,74000000,30200000,200000,73200000,74200000,123200000,127200000,10000000,10000000,40000000,43000000,0,0,43000000,74000000,30200000,200000,73200000,74200000,10000010,124000070,10000000,10000000,10,114000070
1196,678606000,5770054000,10000000,10000000,1000000,10000000,634506000,5710554000,9000000,38000000,24100000,1500000,33100000,39500000,44100000,59500000,10000000,10000000,1000000,10000000,0,0,9000000,38000000,24100000,1500000,33100000,39500000,10000010,49000030,10000000,10000000,10,39000030
1226,668606000,2575124000,10000000,10000000,10000000,13000000,634506000,2538024000,11000000,11000000,3100000,3100000,14100000,14100000,34100000,37100000,10000000,10000000,10000000,13000000,0,0,11000000,11000000,3100000,3100000,14100000,14100000,10000010,10000000,10000000,10000000,10,0
1256,684606000,2590124000,10000000,10000000,17000000,19000000,634506000,2538024000,19000000,19000000,4100000,4100000,23100000,23100000,50100000,52100000,10000000,10000000,17000000,19000000,0,0,19000000,19000000,4100000,4100000,23100000,23100000,10000010,10000000,10000000,10000000,10,0
1286,662506000,664506000,10000000,10000000,18000000,20000000,634506000,634506000,0,0,0,0,0,0,28000000,30000000,10000000,10000000,18000000,20000000,0,0,0,0,0,0,0,0,10000010,10000000,10000000,10000000,10,0
27,690606000,704206000,10000000,10000000,8000000,19000000,634506000,634506000,19000000,39000000,19100000,1700000,38100000,40700000,56100000,69700000,10000000,10000000,8000000,19000000,0,0,19000000,39000000,19100000,1700000,38100000,40700000,10000010,33000020,10000000,10000000,10,23000020
57,689606000,714606000,10000000,10000000,10000000,12000000,634506000,634506000,12000000,58000000,23100000,100000,35100000,58100000,55100000,80100000,10000000,10000000,10000000,12000000,0,0,12000000,58000000,23100000,100000,35100000,58100000,10000010,78000040,10000000,10000000,10,68000040
87,672606000,702606000,10000000,10000000,9000000,19000000,634506000,634506000,19000000,39000000,100000,100000,19100000,39100000,38100000,68100000,10000000,10000000,9000000,19000000,0,0,19000000,39000000,100000,100000,19100000,39100000,10000010,32000010,10000000,10000000,10,22000010
117,655106000,664706000,10000000,10000000,1000000,1000000,634506000,634506000,1000000,19000000,8600000,200000,9600000,19200000,20600000,30200000,10000000,10000000,1000000,1000000,0,0,1000000,19000000,8600000,200000,9600000,19200000,10000010,29000030,10000000,10000000,10,19000030
147,670706000,670706000,10000000,10000000,8000000,8000000,634506000,634506000,8000000,8000000,10200000,10200000,18200000,18200000,36200000,36200000,10000000,10000000,8000000,8000000,0,0,8000000,8000000,10200000,10200000,18200000,18200000,10000010,35000030,10000000,10000000,10,25000030
177,697406000,708406000,10000000,10000000,9000000,20000000,634506000,634506000,20000000,20000000,23900000,23900000,43900000,43900000,62900000,73900000,10000000,10000000,9000000,20000000,0,0,20000000,20000000,23900000,23900000,43900000,43900000,10000010,27000030,10000000,10000000,10,17000030
207,688806000,688806000,10000000,10000000,20000000,20000000,634506000,634506000,20000000,20000000,4300000,4300000,24300000,24300000,54300000,54300000,10000000,10000000,20000000,20000000,0,0,20000000,20000000,4300000,4300000,24300000,24300000,10000010,11000010,10000000,10000000,10,1000010
237,705506000,706506000,10000000,10000000,19000000,20000000,634506000,634506000,20000000,20000000,22000000,22000000,42000000,42000000,71000000,72000000,10000000,10000000,19000000,20000000,0,0,20000000,20000000,22000000,22000000,42000000,42000000,10000010,32000010,10000000,10000000,10,22000010
267,678206000,679206000,10000000,10000000,8000000,9000000,634506000,634506000,9000000,9000000,16700000,16700000,25700000,25700000,43700000,44700000,10000000,10000000,8000000,9000000,0,0,9000000,9000000,16700000,16700000,25700000,25700000,10000010,26000040,10000000,10000000,10,16000040
297,661606000,663606000,10000000,10000000,8000000,9000000,634506000,634506000,9000000,10000000,100000,100000,9100000,10100000,27100000,29100000,10000000,10000000,8000000,9000000,0,0,9000000,10000000,100000,100000,9100000,10100000,10000010,12000010,10000000,10000000,10,2000010
327,690706000,692606000,10000000,10000000,8000000,9000000,634506000,634506000,9000000,39000000,29200000,100000,38200000,39100000,56200000,58100000,10000000,10000000,8000000,9000000,0,0,9000000,39000000,29200000,100000,38200000,39100000,10000010,43000020,10000000,10000000,10,33000020
357,661606000,662606000,10000000,10000000,8000000,9000000,634506000,634506000,9000000,9000000,100000,100000,9100000,9100000,27100000,28100000,10000000,10000000,8000000,9000000,0,0,9000000,9000000,100000,100000,9100000,9100000,10000010,11000010,10000000,10000000,10,1000010
387,675506000,675506000,10000000,10000000,9000000,9000000,634506000,634506000,9000000,9000000,13000000,13000000,22000000,22000000,41000000,41000000,10000000,10000000,9000000,9000000,0,0,9000000,9000000,13000000,13000000,22000000,22000000,10000010,26000030,10000000,10000000,10,16000030
417,700106000,701106000,10000000,10000000,12000000,13000000,634506000,634506000,13000000,13000000,30600000,30600000,43600000,43600000,65600000,66600000,10000000,10000000,12000000,13000000,0,0,13000000,13000000,30600000,30600000,43600000,43600000,10000010,12000010,10000000,10000000,10,2000010
447,700006000,701006000,10000000,10000000,12000000,13000000,634506000,634506000,13000000,13000000,30500000,30500000,43500000,43500000,65500000,66500000,10000000,10000000,12000000,13000000,0,0,13000000,13000000,30500000,30500000,43500000,43500000,10000010,12000010,10000000,10000000,10,2000010
477,663406000,671606000,10000000,10000000,3000000,10000000,634506000,634506000,10000000,17000000,5900000,100000,15900000,17100000,28900000,37100000,10000000,10000000,3000000,10000000,0,0,10000000,17000000,5900000,100000,15900000,17100000,10000010,28000030,10000000,10000000,10,18000030
507,688906000,718006000,10000000,10000000,7000000,8000000,634506000,634506000,8000000,37000000,29400000,28500000,37400000,65500000,54400000,83500000,10000000,10000000,7000000,8000000,0,0,8000000,37000000,29400000,28500000,37400000,65500000,10000010,46000030,10000000,10000000,10,36000030
537,694206000,742606000,10000000,10000000,18000000,18000000,634506000,634506000,18000000,80000000,13700000,100000,31700000,80100000,59700000,108100000,10000000,10000000,18000000,18000000,0,0,18000000,80000000,13700000,100000,31700000,80100000,10000010,72000010,10000000,10000000,10,62000010
567,680606000,680606000,10000000,10000000,18000000,18000000,634506000,634506000,18000000,18000000,100000,100000,18100000,18100000,46100000,46100000,10000000,10000000,18000000,18000000,0,0,18000000,18000000,100000,100000,18100000,18100000,10000010,10000000,10000000,10000000,10,0
597,687006000,688006000,10000000,10000000,7000000,8000000,634506000,634506000,8000000,8000000,27500000,27500000,35500000,35500000,52500000,53500000,10000000,10000000,7000000,8000000,0,0,8000000,8000000,27500000,27500000,35500000,35500000,10000010,36000040,10000000,10000000,10,26000040
627,686706000,734606000,10000000,10000000,9000000,10000000,634506000,634506000,10000000,80000000,23200000,100000,33200000,80100000,52200000,100100000,10000000,10000000,9000000,10000000,0,0,10000000,80000000,23200000,100000,33200000,80100000,10000010,93000020,10000000,10000000,10,83000020
657,683006000,692606000,10000000,10000000,10000000,10000000,634506000,634506000,10000000,38000000,18500000,100000,28500000,38100000,48500000,58100000,10000000,10000000,10000000,10000000,0,0,10000000,38000000,18500000,100000,28500000,38100000,10000010,52000020,10000000,10000000,10,42000020
687,691906000,692906000,10000000,10000000,19000000,20000000,634506000,634506000,20000000,20000000,8400000,8400000,28400000,28400000,57400000,58400000,10000000,10000000,19000000,20000000,0,0,20000000,20000000,8400000,8400000,28400000,28400000,10000010,12000010,10000000,10000000,10,2000010
717,692706000,700606000,10000000,10000000,17000000,18000000,634506000,634506000,18000000,38000000,13200000,100000,31200000,38100000,58200000,66100000,10000000,10000000,17000000,18000000,0,0,18000000,38000000,13200000,100000,31200000,38100000,10000010,31000010,10000000,10000000,10,21000010
747,675006000,712606000,10000000,10000000,9000000,11000000,634506000,634506000,9000000,57000000,12500000,100000,21500000,57100000,40500000,78100000,10000000,10000000,9000000,11000000,0,0,9000000,57000000,12500000,100000,21500000,57100000,10000010,67000040,10000000,10000000,10,57000040
777,647206000,647206000,10000000,10000000,1000000,1000000,634506000,634506000,1000000,1000000,700000,700000,1700000,1700000,12700000,12700000,10000000,10000000,1000000,1000000,0,0,1000000,1000000,700000,700000,1700000,1700000,10000010,11000010,10000000,10000000,10,1000010
807,668606000,710806000,10000000,10000000,1000000,9000000,634506000,634506000,9000000,57000000,14100000,300000,23100000,57300000,34100000,76300000,10000000,10000000,1000000,9000000,0,0,9000000,57000000,14100000,300000,23100000,57300000,10000010,68000030,10000000,10000000,10,58000030
837,663506000,665606000,10000000,10000000,8000000,8000000,634506000,634506000,8000000,13000000,3000000,100000,11000000,13100000,29000000,31100000,10000000,10000000,8000000,8000000,0,0,8000000,13000000,3000000,100000,11000000,13100000,10000010,20000030,10000000,10000000,10,10000030
867,682106000,732606000,10000000,10000000,7000000,8000000,634506000,634506000,8000000,80000000,22600000,100000,30600000,80100000,47600000,98100000,10000000,10000000,7000000,8000000,0,0,8000000,80000000,22600000,100000,30600000,80100000,10000010,95000030,10000000,10000000,10,85000030
897,676306000,676306000,10000000,10000000,8000000,8000000,634506000,634506000,8000000,8000000,15800000,15800000,23800000,23800000,41800000,41800000,10000000,10000000,8000000,8000000,0,0,8000000,8000000,15800000,15800000,23800000,23800000,10000010,16000030,10000000,10000000,10,6000030
927,732906000,795506000,10000000,10000000,19000000,58000000,634506000,634506000,58000000,85000000,11400000,8000000,69400000,93000000,98400000,161000000,10000000,10000000,19000000,58000000,0,0,58000000,85000000,11400000,8000000,69400000,93000000,10000010,72000010,10000000,10000000,10,62000010
957,767706000,768706000,10000000,10000000,46000000,47000000,634506000,634506000,47000000,47000000,30200000,30200000,77200000,77200000,133200000,134200000,10000000,10000000,46000000,47000000,0,0,47000000,47000000,30200000,30200000,77200000,77200000,10000010,130000100,10000000,10000000,10,120000100
987,681906000,8983884000,10000000,10000000,1000000,10000000,634506000,8883084000,9000000,80000000,27400000,800000,36400000,80800000,47400000,100800000,10000000,10000000,1000000,10000000,0,0,9000000,80000000,27400000,800000,36400000,80800000,10000010,91000040,10000000,10000000,10,81000040
1017,717006000,2040518000,10000000,10000000,7000000,37000000,634506000,1903518000,37000000,40000000,28500000,50000000,65500000,90000000,82500000,137000000,10000000,10000000,7000000,37000000,0,0,37000000,40000000,28500000,50000000,65500000,90000000,10000010,37000040,10000000,10000000,10,27000040
1047,690106000,10897402000,10000000,10000000,7000000,18000000,634506000,10786602000,10000000,80000000,28600000,2800000,38600000,82800000,55600000,110800000,10000000,10000000,7000000,18000000,0,0,10000000,80000000,28600000,2800000,38600000,82800000,10000010,74000030,10000000,10000000,10,64000030
1077,683906000,3857436000,10000000,10000000,19000000,20000000,634506000,3807036000,20000000,20000000,400000,400000,20400000,20400000,49400000,50400000,10000000,10000000,19000000,20000000,0,0,20000000,20000000,400000,400000,20400000,20400000,10000010,10000000,10000000,10000000,10,0
1107,647506000,1283012000,10000000,10000000,3000000,4000000,634506000,1269012000,0,0,0,0,0,0,13000000,14000000,10000000,10000000,3000000,4000000,0,0,0,0,0,0,0,0,10000010,10000000,10000000,10000000,10,0
1137,648306000,3187330000,10000000,10000000,0,1000000,634506000,3172530000,1000000,1000000,2800000,2800000,3800000,3800000,13800000,14800000,10000000,10000000,0,1000000,0,0,1000000,1000000,2800000,2800000,3800000,3800000,10000010,10000000,10000000,10000000,10,0
1167,655706000,1291212000,10000000,10000000,1000000,2000000,634506000,1269012000,2000000,2000000,8200000,8200000,10200000,10200000,21200000,22200000,10000000,10000000,1000000,2000000,0,0,2000000,2000000,8200000,8200000,10200000,10200000,10000010,10000000,10000000,10000000,10,0
1197,660306000,1936318000,10000000,10000000,4000000,11000000,634506000,1903518000,10000000,10000000,1800000,1800000,11800000,11800000,25800000,32800000,10000000,10000000,4000000,11000000,0,0,10000000,10000000,1800000,1800000,11800000,11800000,10000010,10000000,10000000,10000000,10,0
1227,668606000,1938618000,10000000,10000000,10000000,11000000,634506000,1903518000,11000000,11000000,3100000,3100000,14100000,14100000,34100000,35100000,10000000,10000000,10000000,11000000,0,0,11000000,11000000,3100000,3100000,14100000,14100000,10000010,10000000,10000000,10000000,10,0
1257,652506000,1289012000,10000000,10000000,8000000,10000000,634506000,1269012000,0,0,0,0,0,0,18000000,20000000,10000000,10000000,8000000,10000000,0,0,0,0,0,0,0,0,10000010,10000000,10000000,10000000,10,0
1287,682506000,686506000,10000000,10000000,38000000,42000000,634506000,634506000,0,0,0,0,0,0,48000000,52000000,10000000,10000000,38000000,42000000,0,0,0,0,0,0,0,0,10000010,10000000,10000000,10000000,10,0
28,691006000,701606000,10000000,10000000,19000000,19000000,634506000,634506000,19000000,38000000,8500000,100000,27500000,38100000,56500000,67100000,10000000,10000000,19000000,19000000,0,0,19000000,38000000,8500000,100000,27500000,38100000,10000010,32000010,10000000,10000000,10,22000010
58,696106000,697106000,10000000,10000000,10000000,11000000,634506000,634506000,11000000,11000000,30600000,30600000,41600000,41600000,61600000,62600000,10000000,10000000,10000000,11000000,0,0,11000000,11000000,30600000,30600000,41600000,41600000,10000010,56000040,10000000,10000000,10,46000040
88,692706000,703706000,10000000,10000000,19000000,20000000,634506000,634506000,20000000,39000000,9200000,200000,29200000,39200000,58200000,69200000,10000000,10000000,19000000,20000000,0,0,20000000,39000000,9200000,200000,29200000,39200000,10000010,32000010,10000000,10000000,10,22000010
118,678706000,727606000,10000000,10000000,1000000,2000000,634506000,634506000,2000000,81000000,31200000,100000,33200000,81100000,44200000,93100000,10000000,10000000,1000000,2000000,0,0,2000000,81000000,31200000,100000,33200000,81100000,10000010,92000030,10000000,10000000,10,82000030
148,670706000,670706000,10000000,10000000,8000000,8000000,634506000,634506000,8000000,8000000,10200000,10200000,18200000,18200000,36200000,36200000,10000000,10000000,8000000,8000000,0,0,8000000,8000000,10200000,10200000,18200000,18200000,10000010,35000030,10000000,10000000,10,25000030
178,700506000,700506000,10000000,10000000,20000000,20000000,634506000,634506000,20000000,20000000,16000000,16000000,36000000,36000000,66000000,66000000,10000000,10000000,20000000,20000000,0,0,20000000,20000000,16000000,16000000,36000000,36000000,10000010,37000040,10000000,10000000,10,27000040
208,688806000,688806000,10000000,10000000,20000000,20000000,634506000,634506000,20000000,20000000,4300000,4300000,24300000,24300000,54300000,54300000,10000000,10000000,20000000,20000000,0,0,20000000,20000000,4300000,4300000,24300000,24300000,10000010,11000010,10000000,10000000,10,1000010
238,678206000,679206000,10000000,10000000,8000000,9000000,634506000,634506000,9000000,9000000,16700000,16700000,25700000,25700000,43700000,44700000,10000000,10000000,8000000,9000000,0,0,9000000,9000000,16700000,16700000,25700000,25700000,10000010,26000040,10000000,10000000,10,16000040
268,661106000,661606000,10000000,10000000,8000000,8000000,634506000,634506000,8000000,9000000,600000,100000,8600000,9100000,26600000,27100000,10000000,10000000,8000000,8000000,0,0,8000000,9000000,600000,100000,8600000,9100000,10000010,11000010,10000000,10000000,10,1000010
298,679706000,679706000,10000000,10000000,9000000,9000000,634506000,634506000,9000000,9000000,17200000,17200000,26200000,26200000,45200000,45200000,10000000,10000000,9000000,9000000,0,0,9000000,9000000,17200000,17200000,26200000,26200000,10000010,26000040,10000000,10000000,10,16000040
328,685506000,692606000,10000000,10000000,8000000,9000000,634506000,634506000,9000000,39000000,24000000,100000,33000000,39100000,51000000,58100000,10000000,10000000,8000000,9000000,0,0,9000000,39000000,24000000,100000,33000000,39100000,10000010,43000020,10000000,10000000,10,33000020
358,661606000,662606000,10000000,10000000,8000000,9000000,634506000,634506000,9000000,9000000,100000,100000,9100000,9100000,27100000,28100000,10000000,10000000,8000000,9000000,0,0,9000000,9000000,100000,100000,9100000,9100000,10000010,11000010,10000000,10000000,10,1000010
388,675506000,675506000,10000000,10000000,9000000,9000000,634506000,634506000,9000000,9000000,13000000,13000000,22000000,22000000,41000000,41000000,10000000,10000000,9000000,9000000,0,0,9000000,9000000,13000000,13000000,22000000,22000000,10000010,26000030,10000000,10000000,10,16000030
418,700206000,701206000,10000000,10000000,12000000,13000000,634506000,634506000,13000000,13000000,30700000,30700000,43700000,43700000,65700000,66700000,10000000,10000000,12000000,13000000,0,0,13000000,13000000,30700000,30700000,43700000,43700000,10000010,12000010,10000000,10000000,10,2000010
448,700206000,701206000,10000000,10000000,12000000,13000000,634506000,634506000,13000000,13000000,30700000,30700000,43700000,43700000,65700000,66700000,10000000,10000000,12000000,13000000,0,0,13000000,13000000,30700000,30700000,43700000,43700000,10000010,12000010,10000000,10000000,10,2000010
478,678606000,729606000,10000000,10000000,3000000,4000000,634506000,634506000,4000000,81000000,27100000,100000,31100000,81100000,44100000,95100000,10000000,10000000,3000000,4000000,0,0,4000000,81000000,27100000,100000,31100000,81100000,10000010,93000050,10000000,10000000,10,83000050
508,718006000,747006000,10000000,10000000,8000000,37000000,634506000,634506000,37000000,37000000,28500000,28500000,65500000,65500000,83500000,112500000,10000000,10000000,8000000,37000000,0,0,37000000,37000000,28500000,28500000,65500000,65500000,10000010,20000040,10000000,10000000,10,10000040
538,694206000,742606000,10000000,10000000,18000000,18000000,634506000,634506000,18000000,80000000,13700000,100000,31700000,80100000,59700000,108100000,10000000,10000000,18000000,18000000,0,0,18000000,80000000,13700000,100000,31700000,80100000,10000010,72000010,10000000,10000000,10,62000010
568,671206000,713306000,10000000,10000000,1000000,10000000,634506000,634506000,10000000,57000000,15700000,1800000,25700000,58800000,36700000,78800000,10000000,10000000,1000000,10000000,0,0,10000000,57000000,15700000,1800000,25700000,58800000,10000010,59000020,10000000,10000000,10,49000020
598,680806000,681806000,10000000,10000000,7000000,8000000,634506000,634506000,8000000,8000000,21300000,21300000,29300000,29300000,46300000,47300000,10000000,10000000,7000000,8000000,0,0,8000000,8000000,21300000,21300000,29300000,29300000,10000010,33000030,10000000,10000000,10,23000030
628,689906000,734606000,10000000,10000000,9000000,10000000,634506000,634506000,10000000,80000000,26400000,100000,36400000,80100000,55400000,100100000,10000000,10000000,9000000,10000000,0,0,10000000,80000000,26400000,100000,36400000,80100000,10000010,93000020,10000000,10000000,10,83000020
658,683006000,692606000,10000000,10000000,10000000,10000000,634506000,634506000,10000000,38000000,18500000,100000,28500000,38100000,48500000,58100000,10000000,10000000,10000000,10000000,0,0,10000000,38000000,18500000,100000,28500000,38100000,10000010,52000020,10000000,10000000,10,42000020
688,711406000,713406000,10000000,10000000,17000000,19000000,634506000,634506000,19000000,19000000,30900000,30900000,49900000,49900000,76900000,78900000,10000000,10000000,17000000,19000000,0,0,19000000,19000000,30900000,30900000,49900000,49900000,10000010,31000010,10000000,10000000,10,21000010
718,696706000,700606000,10000000,10000000,17000000,18000000,634506000,634506000,18000000,38000000,17200000,100000,35200000,38100000,62200000,66100000,10000000,10000000,17000000,18000000,0,0,18000000,38000000,17200000,100000,35200000,38100000,10000010,31000010,10000000,10000000,10,21000010
748,674106000,694606000,10000000,10000000,11000000,11000000,634506000,634506000,11000000,39000000,7600000,100000,18600000,39100000,39600000,60100000,10000000,10000000,11000000,11000000,0,0,11000000,39000000,7600000,100000,18600000,39100000,10000010,55000040,10000000,10000000,10,45000040
778,647206000,647206000,10000000,10000000,1000000,1000000,634506000,634506000,1000000,1000000,700000,700000,1700000,1700000,12700000,12700000,10000000,10000000,1000000,1000000,0,0,1000000,1000000,700000,700000,1700000,1700000,10000010,11000010,10000000,10000000,10,1000010
808,659706000,663606000,10000000,10000000,1000000,1000000,634506000,634506000,1000000,18000000,13200000,100000,14200000,18100000,25200000,29100000,10000000,10000000,1000000,1000000,0,0,1000000,18000000,13200000,100000,14200000,18100000,10000010,28000020,10000000,10000000,10,18000020
838,663506000,665606000,10000000,10000000,8000000,8000000,634506000,634506000,8000000,13000000,3000000,100000,11000000,13100000,29000000,31100000,10000000,10000000,8000000,8000000,0,0,8000000,13000000,3000000,100000,11000000,13100000,10000010,20000030,10000000,10000000,10,10000030
868,681006000,732606000,10000000,10000000,7000000,8000000,634506000,634506000,8000000,80000000,21500000,100000,29500000,80100000,46500000,98100000,10000000,10000000,7000000,8000000,0,0,8000000,80000000,21500000,100000,29500000,80100000,10000010,95000030,10000000,10000000,10,85000030
898,676106000,676106000,10000000,10000000,8000000,8000000,634506000,634506000,8000000,8000000,15600000,15600000,23600000,23600000,41600000,41600000,10000000,10000000,8000000,8000000,0,0,8000000,8000000,15600000,15600000,23600000,23600000,10000010,16000030,10000000,10000000,10,6000030
928,700106000,743606000,10000000,10000000,18000000,19000000,634506000,634506000,18000000,80000000,19600000,100000,37600000,80100000,65600000,109100000,10000000,10000000,18000000,19000000,0,0,18000000,80000000,19600000,100000,37600000,80100000,10000010,72000010,10000000,10000000,10,62000010
958,767806000,771806000,10000000,10000000,44000000,48000000,634506000,634506000,48000000,48000000,31300000,31300000,79300000,79300000,133300000,137300000,10000000,10000000,44000000,48000000,0,0,48000000,48000000,31300000,31300000,79300000,79300000,10000010,48000050,10000000,10000000,10,38000050
988,732706000,2675624000,10000000,10000000,10000000,47000000,634506000,2538024000,47000000,80000000,31200000,600000,78200000,80600000,98200000,137600000,10000000,10000000,10000000,47000000,0,0,47000000,80000000,31200000,600000,78200000,80600000,10000010,98000050,10000000,10000000,10,88000050
1018,721606000,2657124000,10000000,10000000,8000000,40000000,634506000,2538024000,40000000,40000000,29100000,29100000,69100000,69100000,87100000,119100000,10000000,10000000,8000000,40000000,0,0,40000000,40000000,29100000,29100000,69100000,69100000,10000010,19000030,10000000,10000000,10,9000030
1048,678806000,10267496000,10000000,10000000,6000000,19000000,634506000,10152096000,10000000,80000000,18300000,6400000,28300000,86400000,44300000,115400000,10000000,10000000,6000000,19000000,0,0,10000000,80000000,18300000,6400000,28300000,86400000,10000010,82000020,10000000,10000000,10,72000020
1078,683906000,3857436000,10000000,10000000,19000000,20000000,634506000,3807036000,20000000,20000000,400000,400000,20400000,20400000,49400000,50400000,10000000,10000000,19000000,20000000,0,0,20000000,20000000,400000,400000,20400000,20400000,10000010,10000000,10000000,10000000,10,0
1108,647506000,1283012000,10000000,10000000,3000000,4000000,634506000,1269012000,0,0,0,0,0,0,13000000,14000000,10000000,10000000,3000000,4000000,0,0,0,0,0,0,0,0,10000010,10000000,10000000,10000000,10,0
1138,648306000,3187330000,10000000,10000000,0,1000000,634506000,3172530000,1000000,1000000,2800000,2800000,3800000,3800000,13800000,14800000,10000000,10000000,0,1000000,0,0,1000000,1000000,2800000,2800000,3800000,3800000,10000010,10000000,10000000,10000000,10,0
1168,684606000,2590124000,10000000,10000000,17000000,19000000,634506000,2538024000,19000000,19000000,4100000,4100000,23100000,23100000,50100000,52100000,10000000,10000000,17000000,19000000,0,0,19000000,19000000,4100000,4100000,23100000,23100000,10000010,10000000,10000000,10000000,10,0
1198,670606000,3907436000,10000000,10000000,4000000,10000000,634506000,3807036000,9000000,80000000,13100000,400000,22100000,80400000,36100000,100400000,10000000,10000000,4000000,10000000,0,0,9000000,80000000,13100000,400000,22100000,80400000,10000010,93000020,10000000,10000000,10,83000020
1228,668606000,1938618000,10000000,10000000,10000000,11000000,634506000,1903518000,11000000,11000000,3100000,3100000,14100000,14100000,34100000,35100000,10000000,10000000,10000000,11000000,0,0,11000000,11000000,3100000,3100000,14100000,14100000,10000010,10000000,10000000,10000000,10,0
1258,684606000,2590124000,10000000,10000000,17000000,19000000,634506000,2538024000,19000000,19000000,4100000,4100000,23100000,23100000,50100000,52100000,10000000,10000000,17000000,19000000,0,0,19000000,19000000,4100000,4100000,23100000,23100000,10000010,10000000,10000000,10000000,10,0
29,708406000,709406000,10000000,10000000,19000000,20000000,634506000,634506000,20000000,20000000,24900000,24900000,44900000,44900000,73900000,74900000,10000000,10000000,19000000,20000000,0,0,20000000,20000000,24900000,24900000,44900000,44900000,10000010,32000010,10000000,10000000,10,22000010
59,671106000,695406000,10000000,10000000,7000000,10000000,634506000,634506000,10000000,38000000,9600000,2900000,19600000,40900000,36600000,60900000,10000000,10000000,7000000,10000000,0,0,10000000,38000000,9600000,2900000,19600000,40900000,10000010,41000030,10000000,10000000,10,31000030
89,692606000,704406000,10000000,10000000,8000000,19000000,634506000,634506000,19000000,39000000,21100000,1900000,40100000,40900000,58100000,69900000,10000000,10000000,8000000,19000000,0,0,19000000,39000000,21100000,1900000,40100000,40900000,10000010,32000010,10000000,10000000,10,22000010
119,675506000,727606000,10000000,10000000,1000000,2000000,634506000,634506000,2000000,81000000,28000000,100000,30000000,81100000,41000000,93100000,10000000,10000000,1000000,2000000,0,0,2000000,81000000,28000000,100000,30000000,81100000,10000010,92000030,10000000,10000000,10,82000030
149,689006000,710606000,10000000,10000000,8000000,9000000,634506000,634506000,9000000,57000000,27500000,100000,36500000,57100000,54500000,76100000,10000000,10000000,8000000,9000000,0,0,9000000,57000000,27500000,100000,36500000,57100000,10000010,75000040,10000000,10000000,10,65000040
179,664506000,666506000,10000000,10000000,20000000,22000000,634506000,634506000,0,0,0,0,0,0,30000000,32000000,10000000,10000000,20000000,22000000,0,0,0,0,0,0,0,0,10000010,10000000,10000000,10000000,10,0
209,688806000,688806000,10000000,10000000,20000000,20000000,634506000,634506000,20000000,20000000,4300000,4300000,24300000,24300000,54300000,54300000,10000000,10000000,20000000,20000000,0,0,20000000,20000000,4300000,4300000,24300000,24300000,10000010,11000010,10000000,10000000,10,1000010
239,679706000,679706000,10000000,10000000,9000000,9000000,634506000,634506000,9000000,9000000,17200000,17200000,26200000,26200000,45200000,45200000,10000000,10000000,9000000,9000000,0,0,9000000,9000000,17200000,17200000,26200000,26200000,10000010,26000040,10000000,10000000,10,16000040
269,678206000,679206000,10000000,10000000,8000000,9000000,634506000,634506000,9000000,9000000,16700000,16700000,25700000,25700000,43700000,44700000,10000000,10000000,8000000,9000000,0,0,9000000,9000000,16700000,16700000,25700000,25700000,10000010,26000040,10000000,10000000,10,16000040
299,679706000,679706000,10000000,10000000,9000000,9000000,634506000,634506000,9000000,9000000,17200000,17200000,26200000,26200000,45200000,45200000,10000000,10000000,9000000,9000000,0,0,9000000,9000000,17200000,17200000,26200000,26200000,10000010,26000040,10000000,10000000,10,16000040
329,685506000,692606000,10000000,10000000,8000000,9000000,634506000,634506000,9000000,39000000,24000000,100000,33000000,39100000,51000000,58100000,10000000,10000000,8000000,9000000,0,0,9000000,39000000,24000000,100000,33000000,39100000,10000010,43000020,10000000,10000000,10,33000020
359,687906000,689906000,10000000,10000000,8000000,10000000,634506000,634506000,8000000,8000000,27400000,27400000,35400000,35400000,53400000,55400000,10000000,10000000,8000000,10000000,0,0,8000000,8000000,27400000,27400000,35400000,35400000,10000010,34000030,10000000,10000000,10,24000030
389,660506000,675106000,10000000,10000000,1000000,9000000,634506000,634506000,9000000,20000000,6000000,1600000,15000000,21600000,26000000,40600000,10000000,10000000,1000000,9000000,0,0,9000000,20000000,6000000,1600000,15000000,21600000,10000010,22000020,10000000,10000000,10,12000020
419,700206000,701206000,10000000,10000000,12000000,13000000,634506000,634506000,13000000,13000000,30700000,30700000,43700000,43700000,65700000,66700000,10000000,10000000,12000000,13000000,0,0,13000000,13000000,30700000,30700000,43700000,43700000,10000010,12000010,10000000,10000000,10,2000010
449,700206000,701206000,10000000,10000000,12000000,13000000,634506000,634506000,13000000,13000000,30700000,30700000,43700000,43700000,65700000,66700000,10000000,10000000,12000000,13000000,0,0,13000000,13000000,30700000,30700000,43700000,43700000,10000010,12000010,10000000,10000000,10,2000010
479,647506000,648506000,10000000,10000000,3000000,4000000,634506000,634506000,0,0,0,0,0,0,13000000,14000000,10000000,10000000,3000000,4000000,0,0,0,0,0,0,0,0,10000010,10000000,10000000,10000000,10,0
509,689606000,726606000,10000000,10000000,7000000,8000000,634506000,634506000,8000000,74000000,30100000,100000,38100000,74100000,55100000,92100000,10000000,10000000,7000000,8000000,0,0,8000000,74000000,30100000,100000,38100000,74100000,10000010,91000040,10000000,10000000,10,81000040
539,761906000,817906000,10000000,10000000,18000000,74000000,634506000,634506000,74000000,74000000,25400000,25400000,99400000,99400000,127400000,183400000,10000000,10000000,18000000,74000000,0,0,74000000,74000000,25400000,25400000,99400000,99400000,10000010,74000030,10000000,10000000,10,64000030
569,686806000,711606000,10000000,10000000,10000000,10000000,634506000,634506000,10000000,57000000,22300000,100000,32300000,57100000,52300000,77100000,10000000,10000000,10000000,10000000,0,0,10000000,57000000,22300000,100000,32300000,57100000,10000010,59000020,10000000,10000000,10,49000020
599,687006000,688006000,10000000,10000000,7000000,8000000,634506000,634506000,8000000,8000000,27500000,27500000,35500000,35500000,52500000,53500000,10000000,10000000,7000000,8000000,0,0,8000000,8000000,27500000,27500000,35500000,35500000,10000010,36000040,10000000,10000000,10,26000040
629,686706000,734606000,10000000,10000000,9000000,10000000,634506000,634506000,10000000,80000000,23200000,100000,33200000,80100000,52200000,100100000,10000000,10000000,9000000,10000000,0,0,10000000,80000000,23200000,100000,33200000,80100000,10000010,93000020,10000000,10000000,10,83000020
659,683006000,692606000,10000000,10000000,10000000,10000000,634506000,634506000,10000000,38000000,18500000,100000,28500000,38100000,48500000,58100000,10000000,10000000,10000000,10000000,0,0,10000000,38000000,18500000,100000,28500000,38100000,10000010,52000020,10000000,10000000,10,42000020
689,711706000,713706000,10000000,10000000,17000000,19000000,634506000,634506000,19000000,19000000,31200000,31200000,50200000,50200000,77200000,79200000,10000000,10000000,17000000,19000000,0,0,19000000,19000000,31200000,31200000,50200000,50200000,10000010,32000020,10000000,10000000,10,22000020
719,696706000,700606000,10000000,10000000,17000000,18000000,634506000,634506000,18000000,38000000,17200000,100000,35200000,38100000,62200000,66100000,10000000,10000000,17000000,18000000,0,0,18000000,38000000,17200000,100000,35200000,38100000,10000010,31000010,10000000,10000000,10,21000010
749,653506000,665606000,10000000,10000000,1000000,1000000,634506000,634506000,1000000,20000000,7000000,100000,8000000,20100000,19000000,31100000,10000000,10000000,1000000,1000000,0,0,1000000,20000000,7000000,100000,8000000,20100000,10000010,30000030,10000000,10000000,10,20000030
779,647206000,647206000,10000000,10000000,1000000,1000000,634506000,634506000,1000000,1000000,700000,700000,1700000,1700000,12700000,12700000,10000000,10000000,1000000,1000000,0,0,1000000,1000000,700000,700000,1700000,1700000,10000010,11000010,10000000,10000000,10,1000010
809,654706000,663606000,10000000,10000000,1000000,1000000,634506000,634506000,1000000,18000000,8200000,100000,9200000,18100000,20200000,29100000,10000000,10000000,1000000,1000000,0,0,1000000,18000000,8200000,100000,9200000,18100000,10000010,28000020,10000000,10000000,10,18000020
839,663506000,665606000,10000000,10000000,8000000,8000000,634506000,634506000,8000000,13000000,3000000,100000,11000000,13100000,29000000,31100000,10000000,10000000,8000000,8000000,0,0,8000000,13000000,3000000,100000,11000000,13100000,10000010,20000030,10000000,10000000,10,10000030
869,688806000,726706000,10000000,10000000,7000000,8000000,634506000,634506000,8000000,74000000,29300000,200000,37300000,74200000,54300000,92200000,10000000,10000000,7000000,8000000,0,0,8000000,74000000,29300000,200000,37300000,74200000,10000010,91000040,10000000,10000000,10,81000040
899,667806000,668806000,10000000,10000000,7000000,8000000,634506000,634506000,8000000,8000000,8300000,8300000,16300000,16300000,33300000,34300000,10000000,10000000,7000000,8000000,0,0,8000000,8000000,8300000,8300000,16300000,16300000,10000010,17000010,10000000,10000000,10,7000010
929,700106000,743606000,10000000,10000000,18000000,19000000,634506000,634506000,18000000,80000000,19600000,100000,37600000,80100000,65600000,109100000,10000000,10000000,18000000,19000000,0,0,18000000,80000000,19600000,100000,37600000,80100000,10000010,72000010,10000000,10000000,10,62000010
959,676606000,676606000,10000000,10000000,9000000,9000000,634506000,634506000,9000000,9000000,14100000,14100000,23100000,23100000,42100000,42100000,10000000,10000000,9000000,9000000,0,0,9000000,9000000,14100000,14100000,23100000,23100000,10000010,17000040,10000000,10000000,10,7000040
989,692106000,3266630000,10000000,10000000,7000000,37000000,634506000,3172530000,37000000,47000000,3600000,100000,40600000,47100000,57600000,94100000,10000000,10000000,7000000,37000000,0,0,37000000,47000000,3600000,100000,40600000,47100000,10000010,20000040,10000000,10000000,10,10000040
1019,716906000,2015918000,10000000,10000000,7000000,37000000,634506000,1903518000,37000000,37000000,28400000,28400000,65400000,65400000,82400000,112400000,10000000,10000000,7000000,37000000,0,0,37000000,37000000,28400000,28400000,65400000,65400000,10000010,20000040,10000000,10000000,10,10000040
1049,692606000,12167814000,10000000,10000000,8000000,17000000,634506000,12055614000,11000000,85000000,29100000,200000,40100000,85200000,58100000,112200000,10000000,10000000,8000000,17000000,0,0,11000000,85000000,29100000,200000,40100000,85200000,10000010,84000040,10000000,10000000,10,74000040
1079,683906000,3857436000,10000000,10000000,19000000,20000000,634506000,3807036000,20000000,20000000,400000,400000,20400000,20400000,49400000,50400000,10000000,10000000,19000000,20000000,0,0,20000000,20000000,400000,400000,20400000,20400000,10000010,10000000,10000000,10000000,10,0
1109,647506000,1283012000,10000000,10000000,3000000,4000000,634506000,1269012000,0,0,0,0,0,0,13000000,14000000,10000000,10000000,3000000,4000000,0,0,0,0,0,0,0,0,10000010,10000000,10000000,10000000,10,0
1139,648306000,3187330000,10000000,10000000,0,1000000,634506000,3172530000,1000000,1000000,2800000,2800000,3800000,3800000,13800000,14800000,10000000,10000000,0,1000000,0,0,1000000,1000000,2800000,2800000,3800000,3800000,10000010,10000000,10000000,10000000,10,0
1169,753006000,12879620000,10000000,10000000,9000000,80000000,634506000,12690120000,80000000,80000000,19500000,19500000,99500000,99500000,118500000,189500000,10000000,10000000,9000000,80000000,0,0,80000000,80000000,19500000,19500000,99500000,99500000,10000010,49000050,10000000,10000000,10,39000050
1199,648506000,649506000,10000000,10000000,4000000,5000000,634506000,634506000,0,0,0,0,0,0,14000000,15000000,10000000,10000000,4000000,5000000,0,0,0,0,0,0,0,0,10000010,10000000,10000000,10000000,10,0
1229,668606000,1938618000,10000000,10000000,10000000,11000000,634506000,1903518000,11000000,11000000,3100000,3100000,14100000,14100000,34100000,35100000,10000000,10000000,10000000,11000000,0,0,11000000,11000000,3100000,3100000,14100000,14100000,10000010,10000000,10000000,10000000,10,0
1259,668606000,2573124000,10000000,10000000,12000000,13000000,634506000,2538024000,12000000,12000000,100000,100000,12100000,12100000,34100000,35100000,10000000,10000000,12000000,13000000,0,0,12000000,12000000,100000,100000,12100000,12100000,10000010,10000000,10000000,10000000,10,0
30,705406000,721606000,10000000,10000000,19000000,20000000,634506000,634506000,20000000,57000000,21900000,100000,41900000,57100000,70900000,87100000,10000000,10000000,19000000,20000000,0,0,20000000,57000000,21900000,100000,41900000,57100000,10000010,60000040,10000000,10000000,10,50000040
60,689606000,714606000,10000000,10000000,10000000,12000000,634506000,634506000,12000000,58000000,23100000,100000,35100000,58100000,55100000,80100000,10000000,10000000,10000000,12000000,0,0,12000000,58000000,23100000,100000,35100000,58100000,10000010,78000040,10000000,10000000,10,68000040
90,690506000,704206000,10000000,10000000,8000000,19000000,634506000,634506000,19000000,39000000,19000000,1700000,38000000,40700000,56000000,69700000,10000000,10000000,8000000,19000000,0,0,19000000,39000000,19000000,1700000,38000000,40700000,10000010,33000020,10000000,10000000,10,23000020
120,654906000,685706000,10000000,10000000,0,1000000,634506000,634506000,1000000,40000000,9400000,200000,10400000,40200000,20400000,51200000,10000000,10000000,0,1000000,0,0,1000000,40000000,9400000,200000,10400000,40200000,10000010,50000040,10000000,10000000,10,40000040
150,670806000,670806000,10000000,10000000,8000000,8000000,634506000,634506000,8000000,8000000,10300000,10300000,18300000,18300000,36300000,36300000,10000000,10000000,8000000,8000000,0,0,8000000,8000000,10300000,10300000,18300000,18300000,10000010,35000030,10000000,10000000,10,25000030
180,664506000,665506000,10000000,10000000,20000000,21000000,634506000,634506000,0,0,0,0,0,0,30000000,31000000,10000000,10000000,20000000,21000000,0,0,0,0,0,0,0,0,10000010,10000000,10000000,10000000,10,0
210,688806000,688806000,10000000,10000000,20000000,20000000,634506000,634506000,20000000,20000000,4300000,4300000,24300000,24300000,54300000,54300000,10000000,10000000,20000000,20000000,0,0,20000000,20000000,4300000,4300000,24300000,24300000,10000010,11000010,10000000,10000000,10,1000010
240,685506000,692606000,10000000,10000000,8000000,9000000,634506000,634506000,9000000,39000000,24000000,100000,33000000,39100000,51000000,58100000,10000000,10000000,8000000,9000000,0,0,9000000,39000000,24000000,100000,33000000,39100000,10000010,43000020,10000000,10000000,10,33000020
270,678206000,679206000,10000000,10000000,8000000,9000000,634506000,634506000,9000000,9000000,16700000,16700000,25700000,25700000,43700000,44700000,10000000,10000000,8000000,9000000,0,0,9000000,9000000,16700000,16700000,25700000,25700000,10000010,26000040,10000000,10000000,10,16000040
300,679706000,679706000,10000000,10000000,9000000,9000000,634506000,634506000,9000000,9000000,17200000,17200000,26200000,26200000,45200000,45200000,10000000,10000000,9000000,9000000,0,0,9000000,9000000,17200000,17200000,26200000,26200000,10000010,26000040,10000000,10000000,10,16000040
330,688706000,690706000,10000000,10000000,8000000,10000000,634506000,634506000,10000000,10000000,26200000,26200000,36200000,36200000,54200000,56200000,10000000,10000000,8000000,10000000,0,0,10000000,10000000,26200000,26200000,36200000,36200000,10000010,27000030,10000000,10000000,10,17000030
360,661606000,662606000,10000000,10000000,8000000,9000000,634506000,634506000,9000000,9000000,100000,100000,9100000,9100000,27100000,28100000,10000000,10000000,8000000,9000000,0,0,9000000,9000000,100000,100000,9100000,9100000,10000010,11000010,10000000,10000000,10,1000010
390,675506000,675506000,10000000,10000000,9000000,9000000,634506000,634506000,9000000,9000000,13000000,13000000,22000000,22000000,41000000,41000000,10000000,10000000,9000000,9000000,0,0,9000000,9000000,13000000,13000000,22000000,22000000,10000010,26000030,10000000,10000000,10,16000030
420,700206000,701206000,10000000,10000000,12000000,13000000,634506000,634506000,13000000,13000000,30700000,30700000,43700000,43700000,65700000,66700000,10000000,10000000,12000000,13000000,0,0,13000000,13000000,30700000,30700000,43700000,43700000,10000010,12000010,10000000,10000000,10,2000010
450,700206000,701206000,10000000,10000000,12000000,13000000,634506000,634506000,13000000,13000000,30700000,30700000,43700000,43700000,65700000,66700000,10000000,10000000,12000000,13000000,0,0,13000000,13000000,30700000,30700000,43700000,43700000,10000010,12000010,10000000,10000000,10,2000010
480,655906000,658706000,10000000,10000000,3000000,4000000,634506000,634506000,4000000,10000000,4400000,200000,8400000,10200000,21400000,24200000,10000000,10000000,3000000,4000000,0,0,4000000,10000000,4400000,200000,8400000,10200000,10000010,20000020,10000000,10000000,10,10000020
510,671406000,698606000,10000000,10000000,8000000,8000000,634506000,634506000,8000000,46000000,10900000,100000,18900000,46100000,36900000,64100000,10000000,10000000,8000000,8000000,0,0,8000000,46000000,10900000,100000,18900000,46100000,10000010,49000050,10000000,10000000,10,39000050
540,691506000,743306000,10000000,10000000,18000000,18000000,634506000,634506000,18000000,80000000,11000000,800000,29000000,80800000,57000000,108800000,10000000,10000000,18000000,18000000,0,0,18000000,80000000,11000000,800000,29000000,80800000,10000010,72000010,10000000,10000000,10,62000010
570,654506000,656506000,10000000,10000000,10000000,12000000,634506000,634506000,0,0,0,0,0,0,20000000,22000000,10000000,10000000,10000000,12000000,0,0,0,0,0,0,0,0,10000010,10000000,10000000,10000000,10,0
600,687006000,688006000,10000000,10000000,7000000,8000000,634506000,634506000,8000000,8000000,27500000,27500000,35500000,35500000,52500000,53500000,10000000,10000000,7000000,8000000,0,0,8000000,8000000,27500000,27500000,35500000,35500000,10000010,36000040,10000000,10000000,10,26000040
630,686706000,734606000,10000000,10000000,9000000,10000000,634506000,634506000,10000000,80000000,23200000,100000,33200000,80100000,52200000,100100000,10000000,10000000,9000000,10000000,0,0,10000000,80000000,23200000,100000,33200000,80100000,10000010,93000020,10000000,10000000,10,83000020
660,682506000,702906000,10000000,10000000,10000000,17000000,634506000,634506000,17000000,38000000,11000000,3400000,28000000,41400000,48000000,68400000,10000000,10000000,10000000,17000000,0,0,17000000,38000000,11000000,3400000,28000000,41400000,10000010,32000020,10000000,10000000,10,22000020
690,696406000,697406000,10000000,10000000,17000000,18000000,634506000,634506000,18000000,18000000,16900000,16900000,34900000,34900000,61900000,62900000,10000000,10000000,17000000,18000000,0,0,18000000,18000000,16900000,16900000,34900000,34900000,10000010,31000010,10000000,10000000,10,21000010
720,661506000,669506000,10000000,10000000,1000000,9000000,634506000,634506000,9000000,9000000,7000000,7000000,16000000,16000000,27000000,35000000,10000000,10000000,1000000,9000000,0,0,9000000,9000000,7000000,7000000,16000000,16000000,10000010,11000010,10000000,10000000,10,1000010
750,647206000,647206000,10000000,10000000,1000000,1000000,634506000,634506000,1000000,1000000,700000,700000,1700000,1700000,12700000,12700000,10000000,10000000,1000000,1000000,0,0,1000000,1000000,700000,700000,1700000,1700000,10000010,11000010,10000000,10000000,10,1000010
780,657406000,726606000,10000000,10000000,1000000,1000000,634506000,634506000,1000000,81000000,10900000,100000,11900000,81100000,22900000,92100000,10000000,10000000,1000000,1000000,0,0,1000000,81000000,10900000,100000,11900000,81100000,10000010,91000040,10000000,10000000,10,81000040
810,660006000,663606000,10000000,10000000,1000000,1000000,634506000,634506000,1000000,18000000,13500000,100000,14500000,18100000,25500000,29100000,10000000,10000000,1000000,1000000,0,0,1000000,18000000,13500000,100000,14500000,18100000,10000010,28000020,10000000,10000000,10,18000020
840,663506000,665606000,10000000,10000000,8000000,8000000,634506000,634506000,8000000,13000000,3000000,100000,11000000,13100000,29000000,31100000,10000000,10000000,8000000,8000000,0,0,8000000,13000000,3000000,100000,11000000,13100000,10000010,20000030,10000000,10000000,10,10000030
870,682106000,732606000,10000000,10000000,7000000,8000000,634506000,634506000,8000000,80000000,22600000,100000,30600000,80100000,47600000,98100000,10000000,10000000,7000000,8000000,0,0,8000000,80000000,22600000,100000,30600000,80100000,10000010,95000030,10000000,10000000,10,85000030
900,677106000,732606000,10000000,10000000,8000000,8000000,634506000,634506000,8000000,80000000,16600000,100000,24600000,80100000,42600000,98100000,10000000,10000000,8000000,8000000,0,0,8000000,80000000,16600000,100000,24600000,80100000,10000010,95000030,10000000,10000000,10,85000030
930,763106000,824106000,10000000,10000000,19000000,80000000,634506000,634506000,80000000,80000000,19600000,19600000,99600000,99600000,128600000,189600000,10000000,10000000,19000000,80000000,0,0,80000000,80000000,19600000,19600000,99600000,99600000,10000010,82000020,10000000,10000000,10,72000020
960,673206000,674206000,10000000,10000000,8000000,9000000,634506000,634506000,9000000,9000000,11700000,11700000,20700000,20700000,38700000,39700000,10000000,10000000,8000000,9000000,0,0,9000000,9000000,11700000,11700000,20700000,20700000,10000010,16000030,10000000,10000000,10,6000030
990,683906000,3857436000,10000000,10000000,19000000,20000000,634506000,3807036000,20000000,20000000,400000,400000,20400000,20400000,49400000,50400000,10000000,10000000,19000000,20000000,0,0,20000000,20000000,400000,400000,20400000,20400000,10000010,10000000,10000000,10000000,10,0
1020,655506000,659506000,10000000,10000000,11000000,15000000,634506000,634506000,0,0,0,0,0,0,21000000,25000000,10000000,10000000,11000000,15000000,0,0,0,0,0,0,0,0,10000010,10000000,10000000,10000000,10,0
1050,650506000,1287012000,10000000,10000000,6000000,8000000,634506000,1269012000,0,0,0,0,0,0,16000000,18000000,10000000,10000000,6000000,8000000,0,0,0,0,0,0,0,0,10000010,10000000,10000000,10000000,10,0
1080,655706000,2560224000,10000000,10000000,5000000,6000000,634506000,2538024000,6000000,6000000,200000,200000,6200000,6200000,21200000,22200000,10000000,10000000,5000000,6000000,0,0,6000000,6000000,200000,200000,6200000,6200000,10000010,10000000,10000000,10000000,10,0
1110,670206000,10192796000,10000000,10000000,7000000,12000000,634506000,10152096000,12000000,12000000,6700000,6700000,18700000,18700000,35700000,40700000,10000000,10000000,7000000,12000000,0,0,12000000,12000000,6700000,6700000,18700000,18700000,10000010,17000010,10000000,10000000,10,7000010
1140,648306000,3187330000,10000000,10000000,0,1000000,634506000,3172530000,1000000,1000000,2800000,2800000,3800000,3800000,13800000,14800000,10000000,10000000,0,1000000,0,0,1000000,1000000,2800000,2800000,3800000,3800000,10000010,10000000,10000000,10000000,10,0
1170,687506000,5132048000,10000000,10000000,8000000,11000000,634506000,5076048000,8000000,8000000,27000000,27000000,35000000,35000000,53000000,56000000,10000000,10000000,8000000,11000000,0,0,8000000,8000000,27000000,27000000,35000000,35000000,10000010,28000040,10000000,10000000,10,18000040
1200,655506000,1291012000,10000000,10000000,11000000,12000000,634506000,1269012000,0,0,0,0,0,0,21000000,22000000,10000000,10000000,11000000,12000000,0,0,0,0,0,0,0,0,10000010,10000000,10000000,10000000,10,0
1230,681406000,3274730000,10000000,10000000,10000000,12000000,634506000,3172530000,12000000,80000000,14900000,200000,26900000,80200000,46900000,102200000,10000000,10000000,10000000,12000000,0,0,12000000,80000000,14900000,200000,26900000,80200000,10000010,94000030,10000000,10000000,10,84000030
1260,665606000,3208630000,10000000,10000000,8000000,13000000,634506000,3172530000,13000000,13000000,100000,100000,13100000,13100000,31100000,36100000,10000000,10000000,8000000,13000000,0,0,13000000,13000000,100000,100000,13100000,13100000,10000010,11000010,10000000,10000000,10,1000010
