,ssdn_lo,ssdn_hi,ssdn_detection_lo,ssdn_detection_hi,ssdn_notification_lo,ssdn_notification_hi,ssdn_computation_lo,ssdn_computation_hi,ssdn_transference_lo,ssdn_transference_hi,ssdn_installation_lo,ssdn_installation_hi,ssdn_update_lo,ssdn_update_hi,pcsdn_lo,pcsdn_hi,pcsdn_detection_lo,pcsdn_detection_hi,pcsdn_notification_lo,pcsdn_notification_hi,pcsdn_computation_lo,pcsdn_computation_hi,pcsdn_transference_lo,pcsdn_transference_hi,pcsdn_installation_lo,pcsdn_installation_hi,pcsdn_update_lo,pcsdn_update_hi,felix_lo,felix_hi,felix_detection_lo,felix_detection_hi,felix_coordination_lo,felix_coordination_hi
1,298458000,299283000,10000000,10000000,2919000,3744000,263395000,263395000,3744000,3744000,18400000,18400000,22144000,22144000,35063000,35888000,10000000,10000000,2919000,3744000,0,0,3744000,3744000,18400000,18400000,22144000,22144000,10000010,11650020,10000000,10000000,10,1650020
31,318355000,338975000,10000000,10000000,13135000,14625000,263395000,263395000,14625000,17055000,17200000,33900000,31825000,50955000,54960000,75580000,10000000,10000000,13135000,14625000,0,0,14625000,17055000,17200000,33900000,31825000,50955000,10000010,14278060,10000000,10000000,10,4278060
61,304096000,304409000,10000000,10000000,10944000,11257000,263395000,263395000,11257000,11257000,8500000,8500000,19757000,19757000,40701000,41014000,10000000,10000000,10944000,11257000,0,0,11257000,11257000,8500000,8500000,19757000,19757000,10000010,22063070,10000000,10000000,10,12063070
91,299770000,299923000,10000000,10000000,3711000,3864000,263395000,263395000,3864000,3864000,18800000,18800000,22664000,22664000,36375000,36528000,10000000,10000000,3711000,3864000,0,0,3864000,3864000,18800000,18800000,22664000,22664000,10000010,14682130,10000000,10000000,10,4682130
121,295448000,295803000,10000000,10000000,1299000,1654000,263395000,263395000,1654000,1654000,19100000,19100000,20754000,20754000,32053000,32408000,10000000,10000000,1299000,1654000,0,0,1654000,1654000,19100000,19100000,20754000,20754000,10000010,13228120,10000000,10000000,10,3228120
151,291604000,292222000,10000000,10000000,18209000,18827000,263395000,263395000,0,0,0,0,0,0,28209000,28827000,10000000,10000000,18209000,18827000,0,0,0,0,0,0,0,0,10000010,10000000,10000000,10000000,10,0
181,320614000,336970000,10000000,10000000,15549000,16170000,263395000,263395000,16170000,17905000,15500000,29500000,31670000,47405000,57219000,73575000,10000000,10000000,15549000,16170000,0,0,16170000,17905000,15500000,29500000,31670000,47405000,10000010,15446070,10000000,10000000,10,5446070
211,284113000,284170000,10000000,10000000,10718000,10775000,263395000,263395000,0,0,0,0,0,0,20718000,20775000,10000000,10000000,10718000,10775000,0,0,0,0,0,0,0,0,10000010,10000000,10000000,10000000,10,0
241,276252000,276674000,10000000,10000000,2857000,3279000,263395000,263395000,0,0,0,0,0,0,12857000,13279000,10000000,10000000,2857000,3279000,0,0,0,0,0,0,0,0,10000010,10000000,10000000,10000000,10,0
271,275170000,538998000,10000000,10000000,1775000,2208000,263395000,526790000,0,0,0,0,0,0,11775000,12208000,10000000,10000000,1775000,2208000,0,0,0,0,0,0,0,0,10000010,10000000,10000000,10000000,10,0
301,296942000,560974000,10000000,10000000,3155000,3792000,263395000,526790000,3792000,3792000,16600000,16600000,20392000,20392000,33547000,34184000,10000000,10000000,3155000,3792000,0,0,3792000,3792000,16600000,16600000,20392000,20392000,10000010,14355140,10000000,10000000,10,4355140
331,318783000,846465000,10000000,10000000,13748000,14640000,263395000,790185000,14640000,14640000,17000000,17000000,31640000,31640000,55388000,56280000,10000000,10000000,13748000,14640000,0,0,14640000,14640000,17000000,17000000,31640000,31640000,10000010,25225120,10000000,10000000,10,15225120
361,301305000,565070000,10000000,10000000,4120000,4490000,263395000,526790000,4490000,4490000,19300000,19300000,23790000,23790000,37910000,38280000,10000000,10000000,4120000,4490000,0,0,4490000,4490000,19300000,19300000,23790000,23790000,10000010,10825010,10000000,10000000,10,825010
391,275887000,803502000,10000000,10000000,978000,1803000,263395000,790185000,1314000,1314000,200000,200000,1514000,1514000,12492000,13317000,10000000,10000000,978000,1803000,0,0,1314000,1314000,200000,200000,1514000,1514000,10000010,10000000,10000000,10000000,10,0
421,273933000,801988000,10000000,10000000,538000,1803000,263395000,790185000,0,0,0,0,0,0,10538000,11803000,10000000,10000000,538000,1803000,0,0,0,0,0,0,0,0,10000010,10000000,10000000,10000000,10,0
2,297302000,298358000,10000000,10000000,2488000,2919000,263395000,263395000,2919000,3744000,18500000,18300000,21419000,22044000,33907000,34963000,10000000,10000000,2488000,2919000,0,0,2919000,3744000,18500000,18300000,21419000,22044000,10000010,11950020,10000000,10000000,10,1950020
32,314116000,333939000,10000000,10000000,12486000,13135000,263395000,263395000,13135000,18209000,15100000,29200000,28235000,47409000,50721000,70544000,10000000,10000000,12486000,13135000,0,0,13135000,18209000,15100000,29200000,28235000,47409000,10000010,15074070,10000000,10000000,10,5074070
62,303014000,309714000,10000000,10000000,10475000,10944000,263395000,263395000,10944000,11175000,8200000,14200000,19144000,25375000,39619000,46319000,10000000,10000000,10475000,10944000,0,0,10944000,11175000,8200000,14200000,19144000,25375000,10000010,22215100,10000000,10000000,10,12215100
92,321637000,321839000,10000000,10000000,15370000,15572000,263395000,263395000,15572000,15572000,17300000,17300000,32872000,32872000,58242000,58444000,10000000,10000000,15370000,15572000,0,0,15572000,15572000,17300000,17300000,32872000,32872000,10000010,15112070,10000000,10000000,10,5112070
122,292844000,311216000,10000000,10000000,950000,1299000,263395000,263395000,1299000,2322000,17200000,34200000,18499000,36522000,29449000,47821000,10000000,10000000,950000,1299000,0,0,1299000,2322000,17200000,34200000,18499000,36522000,10000010,12879110,10000000,10000000,10,2879110
152,313539000,313613000,10000000,10000000,18135000,18209000,263395000,263395000,18209000,18209000,3800000,3800000,22009000,22009000,50144000,50218000,10000000,10000000,18135000,18209000,0,0,18209000,18209000,3800000,3800000,22009000,22009000,10000010,18629120,10000000,10000000,10,8629120
182,320743000,336249000,10000000,10000000,14799000,15549000,263395000,263395000,15549000,17905000,17000000,29400000,32549000,47305000,57348000,72854000,10000000,10000000,14799000,15549000,0,0,15549000,17905000,17000000,29400000,32549000,47305000,10000010,15699080,10000000,10000000,10,5699080
212,312521000,321027000,10000000,10000000,9310000,17816000,263395000,263395000,17816000,17816000,12000000,12000000,29816000,29816000,49126000,57632000,10000000,10000000,9310000,17816000,0,0,17816000,17816000,12000000,12000000,29816000,29816000,10000010,18772010,10000000,10000000,10,8772010
242,275818000,276252000,10000000,10000000,2423000,2857000,263395000,263395000,0,0,0,0,0,0,12423000,12857000,10000000,10000000,2423000,2857000,0,0,0,0,0,0,0,0,10000010,10000000,10000000,10000000,10,0
272,296627000,831553000,10000000,10000000,1775000,2857000,263395000,790185000,2857000,3711000,18600000,24800000,21457000,28511000,33232000,41368000,10000000,10000000,1775000,2857000,0,0,2857000,3711000,18600000,24800000,21457000,28511000,10000010,13704140,10000000,10000000,10,3704140
302,299272000,563218000,10000000,10000000,3313000,3864000,263395000,526790000,3864000,3864000,18700000,18700000,22564000,22564000,35877000,36428000,10000000,10000000,3313000,3864000,0,0,3864000,3864000,18700000,18700000,22564000,22564000,10000010,14284120,10000000,10000000,10,4284120
332,317562000,582418000,10000000,10000000,12979000,14088000,263395000,526790000,14088000,14640000,17100000,16900000,31188000,31540000,54167000,55628000,10000000,10000000,12979000,14088000,0,0,14088000,14640000,17100000,16900000,31188000,31540000,10000010,24456110,10000000,10000000,10,14456110
362,300930000,564750000,10000000,10000000,4065000,4270000,263395000,526790000,4270000,4490000,19200000,19200000,23470000,23690000,37535000,37960000,10000000,10000000,4065000,4270000,0,0,4270000,4490000,19200000,19200000,23470000,23690000,10000010,11045020,10000000,10000000,10,1045020
392,310081000,838521000,10000000,10000000,10718000,12368000,263395000,790185000,12368000,12368000,13600000,13600000,25968000,25968000,46686000,48336000,10000000,10000000,10718000,12368000,0,0,12368000,12368000,13600000,13600000,25968000,25968000,10000010,22195080,10000000,10000000,10,12195080
422,290745000,291138000,10000000,10000000,17350000,17743000,263395000,263395000,0,0,0,0,0,0,27350000,27743000,10000000,10000000,17350000,17743000,0,0,0,0,0,0,0,0,10000010,10000000,10000000,10000000,10,0
3,297470000,299535000,10000000,10000000,2215000,3560000,263395000,263395000,3560000,4280000,18300000,18300000,21860000,22580000,34075000,36140000,10000000,10000000,2215000,3560000,0,0,3560000,4280000,18300000,18300000,21860000,22580000,10000010,10720020,10000000,10000000,10,720020
33,286009000,286343000,10000000,10000000,12614000,12948000,263395000,263395000,0,0,0,0,0,0,22614000,22948000,10000000,10000000,12614000,12948000,0,0,0,0,0,0,0,0,10000010,10000000,10000000,10000000,10,0
63,307343000,308045000,10000000,10000000,9773000,10475000,263395000,263395000,10475000,10475000,13700000,13700000,24175000,24175000,43948000,44650000,10000000,10000000,9773000,10475000,0,0,10475000,10475000,13700000,13700000,24175000,24175000,10000010,21513110,10000000,10000000,10,11513110
93,320938000,321537000,10000000,10000000,14973000,15370000,263395000,263395000,15370000,15572000,17200000,17200000,32570000,32772000,57543000,58142000,10000000,10000000,14973000,15370000,0,0,15370000,15572000,17200000,17200000,32570000,32772000,10000010,14753070,10000000,10000000,10,4753070
123,288035000,288149000,10000000,10000000,14640000,14754000,263395000,263395000,0,0,0,0,0,0,24640000,24754000,10000000,10000000,14640000,14754000,0,0,0,0,0,0,0,0,10000010,10000000,10000000,10000000,10,0
153,328035000,328265000,10000000,10000000,17905000,18135000,263395000,263395000,18135000,18135000,18600000,18600000,36735000,36735000,64640000,64870000,10000000,10000000,17905000,18135000,0,0,18135000,18135000,18600000,18600000,36735000,36735000,10000010,18399110,10000000,10000000,10,8399110
183,320719000,335399000,10000000,10000000,14625000,14799000,263395000,263395000,14799000,17905000,17900000,29300000,32699000,47205000,57324000,72004000,10000000,10000000,14625000,14799000,0,0,14799000,17905000,17900000,29300000,32699000,47205000,10000010,15768070,10000000,10000000,10,5768070
213,303830000,303945000,10000000,10000000,9310000,9425000,263395000,263395000,9425000,9425000,11700000,11700000,21125000,21125000,40435000,40550000,10000000,10000000,9310000,9425000,0,0,9425000,9425000,11700000,11700000,21125000,21125000,10000010,22838060,10000000,10000000,10,12838060
243,308584000,316627000,10000000,10000000,9773000,17816000,263395000,263395000,17816000,17816000,7600000,7600000,25416000,25416000,45189000,53232000,10000000,10000000,9773000,17816000,0,0,17816000,17816000,7600000,7600000,25416000,25416000,10000010,10000000,10000000,10000000,10,0
273,294069000,559239000,10000000,10000000,1299000,1775000,263395000,526790000,1775000,3474000,17600000,17200000,19375000,20674000,30674000,32449000,10000000,10000000,1299000,1775000,0,0,1775000,3474000,17600000,17200000,19375000,20674000,10000010,13228120,10000000,10000000,10,3228120
303,283698000,547246000,10000000,10000000,3711000,3864000,263395000,526790000,3792000,3792000,2800000,2800000,6592000,6592000,20303000,20456000,10000000,10000000,3711000,3864000,0,0,3792000,3792000,2800000,2800000,6592000,6592000,10000010,13569080,10000000,10000000,10,3569080
333,306320000,571034000,10000000,10000000,12453000,13772000,263395000,526790000,13772000,13772000,6700000,6700000,20472000,20472000,42925000,44244000,10000000,10000000,12453000,13772000,0,0,13772000,13772000,6700000,6700000,20472000,20472000,10000010,22453060,10000000,10000000,10,12453060
363,281724000,545944000,10000000,10000000,3744000,4569000,263395000,526790000,4385000,4385000,200000,200000,4585000,4585000,18329000,19154000,10000000,10000000,3744000,4569000,0,0,4385000,4385000,200000,200000,4585000,4585000,10000010,10000000,10000000,10000000,10,0
393,303083000,832542000,10000000,10000000,13516000,14780000,263395000,790185000,13772000,17377000,2400000,200000,16172000,17577000,39688000,42357000,10000000,10000000,13516000,14780000,0,0,13772000,17377000,2400000,200000,16172000,17577000,10000010,15788080,10000000,10000000,10,5788080
423,307039000,835150000,10000000,10000000,16422000,17743000,263395000,790185000,16422000,16422000,800000,800000,17222000,17222000,43644000,44965000,10000000,10000000,16422000,17743000,0,0,16422000,16422000,800000,800000,17222000,17222000,10000010,10000000,10000000,10000000,10,0
4,281799000,282308000,10000000,10000000,3560000,3744000,263395000,263395000,3744000,4569000,1100000,600000,4844000,5169000,18404000,18913000,10000000,10000000,3560000,3744000,0,0,3744000,4569000,1100000,600000,4844000,5169000,10000010,11461020,10000000,10000000,10,1461020
34,312681000,315028000,10000000,10000000,12033000,12453000,263395000,263395000,12453000,14780000,14800000,14400000,27253000,29180000,49286000,51633000,10000000,10000000,12033000,12453000,0,0,12453000,14780000,14800000,14400000,27253000,29180000,10000010,23773120,10000000,10000000,10,13773120
64,305509000,306845000,10000000,10000000,9239000,10575000,263395000,263395000,10575000,10575000,12300000,12300000,22875000,22875000,42114000,43450000,10000000,10000000,9239000,10575000,0,0,10575000,10575000,12300000,12300000,22875000,22875000,10000010,10600010,10000000,10000000,10,600010
94,308337000,311174000,10000000,10000000,15572000,16170000,263395000,263395000,16170000,18209000,3200000,3400000,19370000,21609000,44942000,47779000,10000000,10000000,15572000,16170000,0,0,16170000,18209000,3200000,3400000,19370000,21609000,10000010,15314080,10000000,10000000,10,5314080
124,304735000,305812000,10000000,10000000,14300000,14640000,263395000,263395000,14640000,17377000,2400000,400000,17040000,17777000,41340000,42417000,10000000,10000000,14300000,14640000,0,0,14640000,17377000,2400000,400000,17040000,17777000,10000010,17771110,10000000,10000000,10,7771110
154,325141000,325249000,10000000,10000000,17269000,17377000,263395000,263395000,17377000,17377000,17100000,17100000,34477000,34477000,61746000,61854000,10000000,10000000,17269000,17377000,0,0,17377000,17377000,17100000,17100000,34477000,34477000,10000010,18169110,10000000,10000000,10,8169110
184,289373000,289865000,10000000,10000000,1649000,1929000,263395000,263395000,1929000,14341000,12400000,200000,14329000,14541000,25978000,26470000,10000000,10000000,1649000,1929000,0,0,1929000,14341000,12400000,200000,14329000,14541000,10000010,25801140,10000000,10000000,10,15801140
214,288343000,300730000,10000000,10000000,538000,9310000,263395000,263395000,9310000,9425000,5100000,8600000,14410000,18025000,24948000,37335000,10000000,10000000,538000,9310000,0,0,9310000,9425000,5100000,8600000,14410000,18025000,10000010,18506010,10000000,10000000,10,8506010
244,297927000,562578000,10000000,10000000,2488000,3744000,263395000,526790000,3744000,3744000,18300000,18300000,22044000,22044000,34532000,35788000,10000000,10000000,2488000,3744000,0,0,3744000,3744000,18300000,18300000,22044000,22044000,10000010,10273010,10000000,10000000,10,273010
274,312515000,841198000,10000000,10000000,11287000,12033000,263395000,790185000,12033000,14780000,15800000,14200000,27833000,28980000,49120000,51013000,10000000,10000000,11287000,12033000,0,0,12033000,14780000,15800000,14200000,27833000,28980000,10000010,23027100,10000000,10000000,10,13027100
304,321140000,585134000,10000000,10000000,14973000,15572000,263395000,526790000,15572000,15572000,17200000,17200000,32772000,32772000,57745000,58344000,10000000,10000000,14973000,15572000,0,0,15572000,15572000,17200000,17200000,32772000,32772000,10000010,14715060,10000000,10000000,10,4715060
334,276267000,277092000,10000000,10000000,2872000,3697000,263395000,263395000,0,0,0,0,0,0,12872000,13697000,10000000,10000000,2872000,3697000,0,0,0,0,0,0,0,0,10000010,10000000,10000000,10000000,10,0
364,282350000,545965000,10000000,10000000,4270000,4490000,263395000,526790000,4385000,4385000,300000,300000,4685000,4685000,18955000,19175000,10000000,10000000,4270000,4490000,0,0,4385000,4385000,300000,300000,4685000,4685000,10000010,10205020,10000000,10000000,10,205020
394,310483000,838667000,10000000,10000000,12947000,14341000,263395000,790185000,14341000,14341000,9800000,9800000,24141000,24141000,47088000,48482000,10000000,10000000,12947000,14341000,0,0,14341000,14341000,9800000,9800000,24141000,24141000,10000010,23778080,10000000,10000000,10,13778080
424,291604000,292222000,10000000,10000000,18209000,18827000,263395000,263395000,0,0,0,0,0,0,28209000,28827000,10000000,10000000,18209000,18827000,0,0,0,0,0,0,0,0,10000010,10000000,10000000,10000000,10,0
5,300136000,300856000,10000000,10000000,3560000,3881000,263395000,263395000,3881000,4280000,19300000,19300000,23181000,23580000,36741000,37461000,10000000,10000000,3560000,3881000,0,0,3881000,4280000,19300000,19300000,23181000,23580000,10000010,11650020,10000000,10000000,10,1650020
35,313070000,314508000,10000000,10000000,11742000,12033000,263395000,263395000,12033000,14780000,15900000,14300000,27933000,29080000,49675000,51113000,10000000,10000000,11742000,12033000,0,0,12033000,14780000,15900000,14300000,27933000,29080000,10000010,23482110,10000000,10000000,10,13482110
65,278723000,278825000,10000000,10000000,2514000,2616000,263395000,263395000,2514000,2514000,300000,300000,2814000,2814000,15328000,15430000,10000000,10000000,2514000,2616000,0,0,2514000,2514000,300000,300000,2814000,2814000,10000010,10000000,10000000,10000000,10,0
95,288967000,289363000,10000000,10000000,15572000,15968000,263395000,263395000,0,0,0,0,0,0,25572000,25968000,10000000,10000000,15572000,15968000,0,0,0,0,0,0,0,0,10000010,10000000,10000000,10000000,10,0
125,319223000,319775000,10000000,10000000,14088000,14640000,263395000,263395000,14640000,14640000,17100000,17100000,31740000,31740000,55828000,56380000,10000000,10000000,14088000,14640000,0,0,14640000,14640000,17100000,17100000,31740000,31740000,10000010,17860110,10000000,10000000,10,7860110
155,325406000,325433000,10000000,10000000,17242000,17269000,263395000,263395000,17269000,17269000,17500000,17500000,34769000,34769000,62011000,62038000,10000000,10000000,17242000,17269000,0,0,17269000,17269000,17500000,17500000,34769000,34769000,10000010,18385100,10000000,10000000,10,8385100
185,291180000,291309000,10000000,10000000,1478000,1607000,263395000,263395000,1607000,1607000,14700000,14700000,16307000,16307000,27785000,27914000,10000000,10000000,1478000,1607000,0,0,1607000,1607000,14700000,14700000,16307000,16307000,10000010,22126070,10000000,10000000,10,12126070
215,300145000,301268000,10000000,10000000,9425000,9757000,263395000,263395000,9425000,17816000,7900000,300000,17325000,18116000,36750000,37873000,10000000,10000000,9425000,9757000,0,0,9425000,17816000,7900000,300000,17325000,18116000,10000010,22953060,10000000,10000000,10,12953060
245,298995000,1354840000,10000000,10000000,2215000,4385000,263395000,1316975000,4385000,4280000,19000000,19200000,23385000,23480000,35600000,37865000,10000000,10000000,2215000,4385000,0,0,4385000,4280000,19000000,19200000,23385000,23480000,10000010,11140020,10000000,10000000,10,1140020
275,284339000,284926000,10000000,10000000,10944000,11531000,263395000,263395000,0,0,0,0,0,0,20944000,21531000,10000000,10000000,10944000,11531000,0,0,0,0,0,0,0,0,10000010,10000000,10000000,10000000,10,0
305,307435000,837264000,10000000,10000000,15370000,16170000,263395000,790185000,16170000,18209000,2500000,2700000,18670000,20909000,44040000,47079000,10000000,10000000,15370000,16170000,0,0,16170000,18209000,2500000,2700000,18670000,20909000,10000010,15112070,10000000,10000000,10,5112070
335,288768000,552528000,10000000,10000000,1104000,1469000,263395000,526790000,1469000,1469000,12800000,12800000,14269000,14269000,25373000,25738000,10000000,10000000,1104000,1469000,0,0,1469000,1469000,12800000,12800000,14269000,14269000,10000010,21820050,10000000,10000000,10,11820050
365,289363000,553449000,10000000,10000000,15968000,16659000,263395000,526790000,0,0,0,0,0,0,25968000,26659000,10000000,10000000,15968000,16659000,0,0,0,0,0,0,0,0,10000010,10000000,10000000,10000000,10,0
395,284458000,284664000,10000000,10000000,11063000,11269000,263395000,263395000,0,0,0,0,0,0,21063000,21269000,10000000,10000000,11063000,11269000,0,0,0,0,0,0,0,0,10000010,10000000,10000000,10000000,10,0
425,296708000,1096930000,10000000,10000000,538000,10575000,263395000,1053580000,10575000,10575000,12200000,12200000,22775000,22775000,33313000,43350000,10000000,10000000,538000,10575000,0,0,10575000,10575000,12200000,12200000,22775000,22775000,10000010,15007090,10000000,10000000,10,5007090
6,300060000,300790000,10000000,10000000,3560000,3905000,263395000,263395000,3905000,4490000,19200000,19000000,23105000,23490000,36665000,37395000,10000000,10000000,3560000,3905000,0,0,3905000,4490000,19200000,19000000,23105000,23490000,10000010,11650020,10000000,10000000,10,1650020
36,318095000,318589000,10000000,10000000,12453000,12947000,263395000,263395000,12947000,12947000,19300000,19300000,32247000,32247000,54700000,55194000,10000000,10000000,12453000,12947000,0,0,12947000,12947000,19300000,19300000,32247000,32247000,10000010,24193120,10000000,10000000,10,14193120
66,296914000,297723000,10000000,10000000,1705000,2514000,263395000,263395000,2514000,2514000,19300000,19300000,21814000,21814000,33519000,34328000,10000000,10000000,1705000,2514000,0,0,2514000,2514000,19300000,19300000,21814000,21814000,10000010,10052010,10000000,10000000,10,52010
96,317430000,318255000,10000000,10000000,13955000,14780000,263395000,263395000,14780000,14780000,15300000,15300000,30080000,30080000,54035000,54860000,10000000,10000000,13955000,14780000,0,0,14780000,14780000,15300000,15300000,30080000,30080000,10000010,25387120,10000000,10000000,10,15387120
126,317522000,318683000,10000000,10000000,12979000,13748000,263395000,263395000,13748000,14640000,17400000,16900000,31148000,31540000,54127000,55288000,10000000,10000000,12979000,13748000,0,0,13748000,14640000,17400000,16900000,31148000,31540000,10000010,24456110,10000000,10000000,10,14456110
156,325292000,325479000,10000000,10000000,17055000,17242000,263395000,263395000,17242000,17242000,17600000,17600000,34842000,34842000,61897000,62084000,10000000,10000000,17055000,17242000,0,0,17242000,17242000,17600000,17600000,34842000,34842000,10000010,18198090,10000000,10000000,10,8198090
186,282412000,282679000,10000000,10000000,1225000,1492000,263395000,263395000,1492000,1492000,6300000,6300000,7792000,7792000,19017000,19284000,10000000,10000000,1225000,1492000,0,0,1492000,1492000,6300000,6300000,7792000,7792000,10000010,10825010,10000000,10000000,10,825010
216,304909000,304971000,10000000,10000000,9757000,9819000,263395000,263395000,9757000,9757000,12000000,12000000,21757000,21757000,41514000,41576000,10000000,10000000,9757000,9819000,0,0,9757000,9757000,12000000,12000000,21757000,21757000,10000010,21091060,10000000,10000000,10,11091060
246,294853000,558576000,10000000,10000000,915000,1243000,263395000,526790000,1243000,1243000,19300000,19300000,20543000,20543000,31458000,31786000,10000000,10000000,915000,1243000,0,0,1243000,1243000,19300000,19300000,20543000,20543000,10000010,21563040,10000000,10000000,10,11563040
276,309824000,839093000,10000000,10000000,10944000,11585000,263395000,790185000,11585000,13723000,13900000,13600000,25485000,27323000,46429000,48908000,10000000,10000000,10944000,11585000,0,0,11585000,13723000,13900000,13600000,25485000,27323000,10000010,12138040,10000000,10000000,10,2138040
306,316891000,844945000,10000000,10000000,13516000,14780000,263395000,790185000,14780000,14780000,15200000,15200000,29980000,29980000,53496000,54760000,10000000,10000000,13516000,14780000,0,0,14780000,14780000,15200000,15200000,29980000,29980000,10000010,24948110,10000000,10000000,10,14948110
336,298608000,1089916000,10000000,10000000,445000,1568000,263395000,1053580000,1568000,1568000,23200000,23200000,24768000,24768000,35213000,36336000,10000000,10000000,445000,1568000,0,0,1568000,1568000,23200000,23200000,24768000,24768000,10000010,21161040,10000000,10000000,10,11161040
366,288967000,553083000,10000000,10000000,15572000,16293000,263395000,526790000,0,0,0,0,0,0,25572000,26293000,10000000,10000000,15572000,16293000,0,0,0,0,0,0,0,0,10000010,10000000,10000000,10000000,10,0
396,291289000,1097390000,10000000,10000000,915000,11269000,263395000,1053580000,10979000,14341000,6000000,8200000,16979000,22541000,27894000,43810000,10000000,10000000,915000,11269000,0,0,10979000,14341000,6000000,8200000,16979000,22541000,10000010,14011060,10000000,10000000,10,4011060
426,276675000,276816000,10000000,10000000,3280000,3421000,263395000,263395000,0,0,0,0,0,0,13280000,13421000,10000000,10000000,3280000,3421000,0,0,0,0,0,0,0,0,10000010,10000000,10000000,10000000,10,0
7,300440000,301265000,10000000,10000000,3560000,4385000,263395000,263395000,4385000,4385000,19100000,19100000,23485000,23485000,37045000,37870000,10000000,10000000,3560000,4385000,0,0,4385000,4385000,19100000,19100000,23485000,23485000,10000010,11618020,10000000,10000000,10,1618020
37,314731000,315658000,10000000,10000000,12453000,12983000,263395000,263395000,12983000,14780000,15900000,14500000,28883000,29280000,51336000,52263000,10000000,10000000,12453000,12983000,0,0,12983000,14780000,15900000,14500000,28883000,29280000,10000010,24193120,10000000,10000000,10,14193120
67,297068000,297927000,10000000,10000000,1757000,2616000,263395000,263395000,2616000,2616000,19300000,19300000,21916000,21916000,33673000,34532000,10000000,10000000,1757000,2616000,0,0,2616000,2616000,19300000,19300000,21916000,21916000,10000010,10052010,10000000,10000000,10,52010
97,305250000,305595000,10000000,10000000,13955000,14300000,263395000,263395000,14300000,14300000,3600000,3600000,17900000,17900000,41855000,42200000,10000000,10000000,13955000,14300000,0,0,14300000,14300000,3600000,3600000,17900000,17900000,10000010,16586090,10000000,10000000,10,6586090
127,308742000,310115000,10000000,10000000,12368000,12979000,263395000,263395000,12979000,14341000,10000000,9400000,22979000,23741000,45347000,46720000,10000000,10000000,12368000,12979000,0,0,12979000,14341000,10000000,9400000,22979000,23741000,10000010,23845100,10000000,10000000,10,13845100
157,324674000,326105000,10000000,10000000,15624000,17055000,263395000,263395000,17055000,17055000,18600000,18600000,35655000,35655000,61279000,62710000,10000000,10000000,15624000,17055000,0,0,17055000,17055000,18600000,18600000,35655000,35655000,10000010,16767080,10000000,10000000,10,6767080
187,296386000,296589000,10000000,10000000,1844000,2047000,263395000,263395000,2047000,2047000,19100000,19100000,21147000,21147000,32991000,33194000,10000000,10000000,1844000,2047000,0,0,2047000,2047000,19100000,19100000,21147000,21147000,10000010,22492080,10000000,10000000,10,12492080
217,284452000,293733000,10000000,10000000,538000,9819000,263395000,263395000,9819000,9819000,700000,700000,10519000,10519000,21057000,30338000,10000000,10000000,538000,9819000,0,0,9819000,9819000,700000,700000,10519000,10519000,10000010,10000000,10000000,10000000,10,0
247,289610000,557309000,10000000,10000000,915000,1200000,263395000,526790000,1200000,2119000,14100000,17200000,15300000,19319000,26215000,30519000,10000000,10000000,915000,1200000,0,0,1200000,2119000,14100000,17200000,15300000,19319000,10000010,24806080,10000000,10000000,10,14806080
277,284603000,284750000,10000000,10000000,11208000,11355000,263395000,263395000,0,0,0,0,0,0,21208000,21355000,10000000,10000000,11208000,11355000,0,0,0,0,0,0,0,0,10000010,10000000,10000000,10000000,10,0
307,317233000,849206000,10000000,10000000,12983000,14341000,263395000,790185000,13955000,14780000,16900000,19900000,30855000,34680000,53838000,59021000,10000000,10000000,12983000,14341000,0,0,13955000,14780000,16900000,19900000,30855000,34680000,10000010,24723130,10000000,10000000,10,14723130
337,274499000,274794000,10000000,10000000,1104000,1399000,263395000,263395000,0,0,0,0,0,0,11104000,11399000,10000000,10000000,1104000,1399000,0,0,0,0,0,0,0,0,10000010,10000000,10000000,10000000,10,0
367,290054000,818303000,10000000,10000000,16659000,18118000,263395000,790185000,0,0,0,0,0,0,26659000,28118000,10000000,10000000,16659000,18118000,0,0,0,0,0,0,0,0,10000010,10000000,10000000,10000000,10,0
397,306370000,833699000,10000000,10000000,10718000,11257000,263395000,790185000,11257000,11257000,11000000,11000000,22257000,22257000,42975000,43514000,10000000,10000000,10718000,11257000,0,0,11257000,11257000,11000000,11000000,22257000,22257000,10000010,21850060,10000000,10000000,10,11850060
427,293345000,2426395000,10000000,10000000,0,10718000,263395000,2370555000,1050000,2322000,18900000,32800000,19950000,35122000,29950000,55840000,10000000,10000000,0,10718000,0,0,1050000,2322000,18900000,32800000,19950000,35122000,10000010,13911050,10000000,10000000,10,3911050
8,295011000,295281000,10000000,10000000,973000,1243000,263395000,263395000,1243000,1243000,19400000,19400000,20643000,20643000,31616000,31886000,10000000,10000000,973000,1243000,0,0,1243000,1243000,19400000,19400000,20643000,20643000,10000010,21621050,10000000,10000000,10,11621050
38,307827000,308914000,10000000,10000000,12453000,12979000,263395000,263395000,12979000,14640000,9000000,7900000,21979000,22540000,44432000,45519000,10000000,10000000,12453000,12979000,0,0,12979000,14640000,9000000,7900000,21979000,22540000,10000010,23180070,10000000,10000000,10,13180070
68,276011000,276675000,10000000,10000000,2616000,3280000,263395000,263395000,0,0,0,0,0,0,12616000,13280000,10000000,10000000,2616000,3280000,0,0,0,0,0,0,0,0,10000010,10000000,10000000,10000000,10,0
98,317866000,318305000,10000000,10000000,13516000,13955000,263395000,263395000,13955000,13955000,17000000,17000000,30955000,30955000,54471000,54910000,10000000,10000000,13516000,13955000,0,0,13955000,13955000,17000000,17000000,30955000,30955000,10000010,25256140,10000000,10000000,10,15256140
128,310446000,311239000,10000000,10000000,12979000,13772000,263395000,263395000,13772000,13772000,10300000,10300000,24072000,24072000,47051000,47844000,10000000,10000000,12979000,13772000,0,0,13772000,13772000,10300000,10300000,24072000,24072000,10000010,24456110,10000000,10000000,10,14456110
158,308700000,308995000,10000000,10000000,17055000,17350000,263395000,263395000,17350000,17350000,900000,900000,18250000,18250000,45305000,45600000,10000000,10000000,17055000,17350000,0,0,17350000,17350000,900000,900000,18250000,18250000,10000010,12271060,10000000,10000000,10,2271060
188,304995000,306469000,10000000,10000000,1844000,2256000,263395000,263395000,2256000,2618000,27500000,28200000,29756000,30818000,41600000,43074000,10000000,10000000,1844000,2256000,0,0,2256000,2618000,27500000,28200000,29756000,30818000,10000010,15189130,10000000,10000000,10,5189130
218,309087000,309133000,10000000,10000000,9773000,9819000,263395000,263395000,9819000,9819000,16100000,16100000,25919000,25919000,45692000,45738000,10000000,10000000,9773000,9819000,0,0,9819000,9819000,16100000,16100000,25919000,25919000,10000010,11728020,10000000,10000000,10,1728020
248,292656000,836126000,10000000,10000000,1039000,1522000,263395000,790185000,1522000,2119000,16700000,32300000,18222000,34419000,29261000,45941000,10000000,10000000,1039000,1522000,0,0,1522000,2119000,16700000,32300000,18222000,34419000,10000010,24930090,10000000,10000000,10,14930090
278,284339000,284820000,10000000,10000000,10944000,11425000,263395000,263395000,0,0,0,0,0,0,20944000,21425000,10000000,10000000,10944000,11425000,0,0,0,0,0,0,0,0,10000010,10000000,10000000,10000000,10,0
308,318067000,1109633000,10000000,10000000,12983000,14364000,263395000,1053580000,13989000,13989000,17700000,17700000,31689000,31689000,54672000,56053000,10000000,10000000,12983000,14364000,0,0,13989000,13989000,17700000,17700000,31689000,31689000,10000010,14605080,10000000,10000000,10,4605080
338,290073000,554648000,10000000,10000000,1299000,2479000,263395000,526790000,2479000,2479000,12900000,12900000,15379000,15379000,26678000,27858000,10000000,10000000,1299000,2479000,0,0,2479000,2479000,12900000,12900000,15379000,15379000,10000010,11906070,10000000,10000000,10,1906070
368,289688000,554392000,10000000,10000000,16293000,17602000,263395000,526790000,0,0,0,0,0,0,26293000,27602000,10000000,10000000,16293000,17602000,0,0,0,0,0,0,0,0,10000010,10000000,10000000,10000000,10,0
398,301083000,1365761000,10000000,10000000,445000,11543000,263395000,1316975000,11543000,11543000,15700000,15700000,27243000,27243000,37688000,48786000,10000000,10000000,445000,11543000,0,0,11543000,11543000,15700000,15700000,27243000,27243000,10000010,13911050,10000000,10000000,10,3911050
428,280785000,556460000,10000000,10000000,445000,790000,263395000,526790000,445000,14780000,6500000,4100000,6945000,18880000,17390000,29670000,10000000,10000000,445000,790000,0,0,445000,14780000,6500000,4100000,6945000,18880000,10000010,24242090,10000000,10000000,10,14242090
9,294683000,294911000,10000000,10000000,915000,973000,263395000,263395000,973000,1243000,19400000,19300000,20373000,20543000,31288000,31516000,10000000,10000000,915000,973000,0,0,973000,1243000,19400000,19300000,20373000,20543000,10000010,21563040,10000000,10000000,10,11563040
39,296258000,296592000,10000000,10000000,1904000,2159000,263395000,263395000,2159000,2338000,18800000,18700000,20959000,21038000,32863000,33197000,10000000,10000000,1904000,2159000,0,0,2159000,2338000,18800000,18700000,20959000,21038000,10000010,12065070,10000000,10000000,10,2065070
69,296157000,296968000,10000000,10000000,1705000,1757000,263395000,263395000,1757000,2616000,19300000,19200000,21057000,21816000,32762000,33573000,10000000,10000000,1705000,1757000,0,0,1757000,2616000,19300000,19200000,21057000,21816000,10000010,10859010,10000000,10000000,10,859010
99,317294000,317827000,10000000,10000000,12983000,13516000,263395000,263395000,13516000,13516000,17400000,17400000,30916000,30916000,53899000,54432000,10000000,10000000,12983000,13516000,0,0,13516000,13516000,17400000,17400000,30916000,30916000,10000010,24723130,10000000,10000000,10,14723130
129,311206000,312031000,10000000,10000000,11543000,12368000,263395000,263395000,12368000,12368000,13900000,13900000,26268000,26268000,47811000,48636000,10000000,10000000,11543000,12368000,0,0,12368000,12368000,13900000,13900000,26268000,26268000,10000010,23020090,10000000,10000000,10,13020090
159,324041000,325667000,10000000,10000000,15624000,16422000,263395000,263395000,16422000,17350000,18600000,18500000,35022000,35850000,60646000,62272000,10000000,10000000,15624000,16422000,0,0,16422000,17350000,18600000,18500000,35022000,35850000,10000010,14327050,10000000,10000000,10,4327050
189,295217000,295583000,10000000,10000000,1478000,1844000,263395000,263395000,1844000,1844000,18500000,18500000,20344000,20344000,31822000,32188000,10000000,10000000,1478000,1844000,0,0,1844000,1844000,18500000,18500000,20344000,20344000,10000010,22126070,10000000,10000000,10,12126070
219,288159000,297533000,10000000,10000000,445000,9819000,263395000,263395000,9819000,9819000,4500000,4500000,14319000,14319000,24764000,34138000,10000000,10000000,445000,9819000,0,0,9819000,9819000,4500000,4500000,14319000,14319000,10000010,13553030,10000000,10000000,10,3553030
249,281746000,552691000,10000000,10000000,1522000,1929000,263395000,526790000,1929000,13772000,4900000,200000,6829000,13972000,18351000,25901000,10000000,10000000,1522000,1929000,0,0,1929000,13772000,4900000,200000,6829000,13972000,10000010,24588100,10000000,10000000,10,14588100
279,309981000,574174000,10000000,10000000,10944000,11742000,263395000,526790000,11742000,11742000,13900000,13900000,25642000,25642000,46586000,47384000,10000000,10000000,10944000,11742000,0,0,11742000,11742000,13900000,13900000,25642000,25642000,10000010,22684090,10000000,10000000,10,12684090
309,287118000,551239000,10000000,10000000,13723000,14449000,263395000,526790000,0,0,0,0,0,0,23723000,24449000,10000000,10000000,13723000,14449000,0,0,0,0,0,0,0,0,10000010,10000000,10000000,10000000,10,0
339,282642000,546948000,10000000,10000000,1568000,2479000,263395000,526790000,2479000,2479000,5200000,5200000,7679000,7679000,19247000,20158000,10000000,10000000,1568000,2479000,0,0,2479000,2479000,5200000,5200000,7679000,7679000,10000010,12872100,10000000,10000000,10,2872100
369,290997000,291309000,10000000,10000000,17602000,17914000,263395000,263395000,0,0,0,0,0,0,27602000,27914000,10000000,10000000,17602000,17914000,0,0,0,0,0,0,0,0,10000010,10000000,10000000,10000000,10,0
399,303649000,1111112000,10000000,10000000,538000,17816000,263395000,1053580000,17816000,17816000,11900000,11900000,29716000,29716000,40254000,57532000,10000000,10000000,538000,17816000,0,0,17816000,17816000,11900000,11900000,29716000,29716000,10000010,14235050,10000000,10000000,10,4235050
429,291522000,555330000,10000000,10000000,807000,1220000,263395000,526790000,1220000,1220000,16100000,16100000,17320000,17320000,28127000,28540000,10000000,10000000,807000,1220000,0,0,1220000,1220000,16100000,16100000,17320000,17320000,10000010,24959120,10000000,10000000,10,14959120
10,289834000,294114000,10000000,10000000,1039000,1200000,263395000,263395000,1200000,2119000,14200000,17400000,15400000,19519000,26439000,30719000,10000000,10000000,1039000,1200000,0,0,1200000,2119000,14200000,17400000,15400000,19519000,10000010,24930090,10000000,10000000,10,14930090
40,296692000,296871000,10000000,10000000,2159000,2338000,263395000,263395000,2338000,2338000,18800000,18800000,21138000,21138000,33297000,33476000,10000000,10000000,2159000,2338000,0,0,2338000,2338000,18800000,18800000,21138000,21138000,10000010,12040060,10000000,10000000,10,2040060
70,274615000,275100000,10000000,10000000,1220000,1705000,263395000,263395000,0,0,0,0,0,0,11220000,11705000,10000000,10000000,1220000,1705000,0,0,0,0,0,0,0,0,10000010,10000000,10000000,10000000,10,0
100,308752000,309577000,10000000,10000000,13516000,14341000,263395000,263395000,14341000,14341000,7500000,7500000,21841000,21841000,45357000,46182000,10000000,10000000,13516000,14341000,0,0,14341000,14341000,7500000,7500000,21841000,21841000,10000010,25256140,10000000,10000000,10,15256140
130,284938000,285763000,10000000,10000000,11543000,12368000,263395000,263395000,0,0,0,0,0,0,21543000,22368000,10000000,10000000,11543000,12368000,0,0,0,0,0,0,0,0,10000010,10000000,10000000,10000000,10,0
160,322144000,324769000,10000000,10000000,14625000,15624000,263395000,263395000,15624000,17350000,18500000,18400000,34124000,35750000,58749000,61374000,10000000,10000000,14625000,15624000,0,0,15624000,17350000,18500000,18400000,34124000,35750000,10000010,15768070,10000000,10000000,10,5768070
190,277164000,277363000,10000000,10000000,3769000,3968000,263395000,263395000,0,0,0,0,0,0,13769000,13968000,10000000,10000000,3769000,3968000,0,0,0,0,0,0,0,0,10000010,10000000,10000000,10000000,10,0
220,274002000,274064000,10000000,10000000,607000,669000,263395000,263395000,0,0,0,0,0,0,10607000,10669000,10000000,10000000,607000,669000,0,0,0,0,0,0,0,0,10000010,10000000,10000000,10000000,10,0
250,298214000,825923000,10000000,10000000,1200000,2119000,263395000,790185000,2119000,2119000,21500000,21500000,23619000,23619000,34819000,35738000,10000000,10000000,1200000,2119000,0,0,2119000,2119000,21500000,21500000,23619000,23619000,10000010,25091100,10000000,10000000,10,15091100
280,301645000,565740000,10000000,10000000,10475000,11175000,263395000,526790000,10575000,10575000,7200000,7200000,17775000,17775000,38250000,38950000,10000000,10000000,10475000,11175000,0,0,10575000,10575000,7200000,7200000,17775000,17775000,10000010,10000000,10000000,10000000,10,0
310,303073000,566928000,10000000,10000000,13989000,14449000,263395000,526790000,13989000,13989000,1700000,1700000,15689000,15689000,39678000,40138000,10000000,10000000,13989000,14449000,0,0,13989000,13989000,1700000,1700000,15689000,15689000,10000010,10000000,10000000,10000000,10,0
340,293383000,822766000,10000000,10000000,1104000,3697000,263395000,790185000,1784000,1784000,17100000,17100000,18884000,18884000,29988000,32581000,10000000,10000000,1104000,3697000,0,0,1784000,1784000,17100000,17100000,18884000,18884000,10000010,20385020,10000000,10000000,10,10385020
370,290997000,291513000,10000000,10000000,17602000,18118000,263395000,263395000,0,0,0,0,0,0,27602000,28118000,10000000,10000000,17602000,18118000,0,0,0,0,0,0,0,0,10000010,10000000,10000000,10000000,10,0
400,300315000,564663000,10000000,10000000,9310000,9757000,263395000,526790000,9310000,17816000,8300000,300000,17610000,18116000,36920000,37873000,10000000,10000000,9310000,9757000,0,0,9310000,17816000,8300000,300000,17610000,18116000,10000010,22838060,10000000,10000000,10,12838060
430,286368000,813802000,10000000,10000000,0,538000,263395000,790185000,73000,12979000,12900000,100000,12973000,13079000,22973000,23617000,10000000,10000000,0,538000,0,0,73000,12979000,12900000,100000,12973000,13079000,10000010,22496060,10000000,10000000,10,12496060
11,289949000,293753000,10000000,10000000,915000,1039000,263395000,263395000,1039000,2119000,14600000,17200000,15639000,19319000,26554000,30358000,10000000,10000000,915000,1039000,0,0,1039000,2119000,14600000,17200000,15639000,19319000,10000010,24806080,10000000,10000000,10,14806080
41,296274000,296403000,10000000,10000000,1775000,1904000,263395000,263395000,1904000,1904000,19200000,19200000,21104000,21104000,32879000,33008000,10000000,10000000,1775000,1904000,0,0,1904000,1904000,19200000,19200000,21104000,21104000,10000010,12089060,10000000,10000000,10,2089060
71,294916000,295139000,10000000,10000000,1199000,1422000,263395000,263395000,1422000,1422000,18900000,18900000,20322000,20322000,31521000,31744000,10000000,10000000,1199000,1422000,0,0,1422000,1422000,18900000,18900000,20322000,20322000,10000010,21173060,10000000,10000000,10,11173060
101,318907000,319173000,10000000,10000000,13723000,13989000,263395000,263395000,13989000,13989000,17800000,17800000,31789000,31789000,55512000,55778000,10000000,10000000,13723000,13989000,0,0,13989000,13989000,17800000,17800000,31789000,31789000,10000010,14830070,10000000,10000000,10,4830070
131,285763000,285949000,10000000,10000000,12368000,12554000,263395000,263395000,0,0,0,0,0,0,22368000,22554000,10000000,10000000,12368000,12554000,0,0,0,0,0,0,0,0,10000010,10000000,10000000,10000000,10,0
161,325767000,326695000,10000000,10000000,16422000,17350000,263395000,263395000,17350000,17350000,18600000,18600000,35950000,35950000,62372000,63300000,10000000,10000000,16422000,17350000,0,0,17350000,17350000,18600000,18600000,35950000,35950000,10000010,15125060,10000000,10000000,10,5125060
191,297714000,298539000,10000000,10000000,2047000,2872000,263395000,263395000,2872000,2872000,19400000,19400000,22272000,22272000,34319000,35144000,10000000,10000000,2047000,2872000,0,0,2872000,2872000,19400000,19400000,22272000,22272000,10000010,22695090,10000000,10000000,10,12695090
221,286201000,294577000,10000000,10000000,299000,607000,263395000,263395000,607000,10475000,11900000,10100000,12507000,20575000,22806000,31182000,10000000,10000000,299000,607000,0,0,607000,10475000,11900000,10100000,12507000,20575000,10000010,24451090,10000000,10000000,10,14451090
251,293732000,821944000,10000000,10000000,1522000,2944000,263395000,790185000,2215000,2215000,16600000,16600000,18815000,18815000,30337000,31759000,10000000,10000000,1522000,2944000,0,0,2215000,2215000,16600000,16600000,18815000,18815000,10000010,25413110,10000000,10000000,10,15413110
281,308957000,1646710000,10000000,10000000,10475000,11531000,263395000,1580370000,11287000,18209000,13800000,26600000,25087000,44809000,45562000,66340000,10000000,10000000,10475000,11531000,0,0,11287000,18209000,13800000,26600000,25087000,44809000,10000010,22215100,10000000,10000000,10,12215100
311,320967000,849007000,10000000,10000000,13723000,14973000,263395000,790185000,14449000,14449000,19400000,19400000,33849000,33849000,57572000,58822000,10000000,10000000,13723000,14973000,0,0,14449000,14449000,19400000,19400000,33849000,33849000,10000010,14828080,10000000,10000000,10,4828080
341,274963000,540487000,10000000,10000000,1568000,3697000,263395000,526790000,0,0,0,0,0,0,11568000,13697000,10000000,10000000,1568000,3697000,0,0,0,0,0,0,0,0,10000010,10000000,10000000,10000000,10,0
371,319764000,600265000,10000000,10000000,14799000,16170000,263395000,526790000,16170000,17905000,15400000,29400000,31570000,47305000,56369000,73475000,10000000,10000000,14799000,16170000,0,0,16170000,17905000,15400000,29400000,31570000,47305000,10000010,13573060,10000000,10000000,10,3573060
401,299945000,827920000,10000000,10000000,9425000,9819000,263395000,790185000,9425000,17816000,7700000,100000,17125000,17916000,36550000,37735000,10000000,10000000,9425000,9819000,0,0,9425000,17816000,7700000,100000,17125000,17916000,10000010,20734090,10000000,10000000,10,10734090
431,279795000,548168000,10000000,10000000,0,299000,263395000,526790000,0,10979000,6400000,100000,6400000,11079000,16400000,21378000,10000000,10000000,0,299000,0,0,0,10979000,6400000,100000,6400000,11079000,10000010,20979030,10000000,10000000,10,10979030
12,293417000,311736000,10000000,10000000,1200000,1522000,263395000,263395000,1522000,2119000,17300000,34700000,18822000,36819000,30022000,48341000,10000000,10000000,1200000,1522000,0,0,1522000,2119000,17300000,34700000,18822000,36819000,10000010,25091100,10000000,10000000,10,15091100
42,297357000,297563000,10000000,10000000,2778000,2984000,263395000,263395000,2984000,2984000,18200000,18200000,21184000,21184000,33962000,34168000,10000000,10000000,2778000,2984000,0,0,2984000,2984000,18200000,18200000,21184000,21184000,10000010,11537060,10000000,10000000,10,1537060
72,291206000,291373000,10000000,10000000,1422000,1589000,263395000,263395000,1589000,1589000,14800000,14800000,16389000,16389000,27811000,27978000,10000000,10000000,1422000,1589000,0,0,1589000,1589000,14800000,14800000,16389000,16389000,10000010,21396070,10000000,10000000,10,11396070
102,318782000,319423000,10000000,10000000,13723000,14364000,263395000,263395000,14364000,14364000,17300000,17300000,31664000,31664000,55387000,56028000,10000000,10000000,13723000,14364000,0,0,14364000,14364000,17300000,17300000,31664000,31664000,10000010,14722060,10000000,10000000,10,4722060
132,317583000,317795000,10000000,10000000,14088000,14300000,263395000,263395000,14300000,14300000,15800000,15800000,30100000,30100000,54188000,54400000,10000000,10000000,14088000,14300000,0,0,14300000,14300000,15800000,15800000,30100000,30100000,10000010,15513070,10000000,10000000,10,5513070
162,326900000,327935000,10000000,10000000,17100000,17905000,263395000,263395000,17905000,18135000,18500000,18500000,36405000,36635000,63505000,64540000,10000000,10000000,17100000,17905000,0,0,17905000,18135000,18500000,18500000,36405000,36635000,10000010,17594100,10000000,10000000,10,7594100
192,284095000,284783000,10000000,10000000,2256000,2944000,263395000,263395000,2944000,2944000,5500000,5500000,8444000,8444000,20700000,21388000,10000000,10000000,2256000,2944000,0,0,2944000,2944000,5500000,5500000,8444000,8444000,10000010,15601140,10000000,10000000,10,5601140
222,292664000,292864000,10000000,10000000,607000,662000,263395000,263395000,662000,807000,18000000,18000000,18662000,18807000,29269000,29469000,10000000,10000000,607000,662000,0,0,662000,807000,18000000,18000000,18662000,18807000,10000010,24759090,10000000,10000000,10,14759090
252,294237000,1349590000,10000000,10000000,2119000,3892000,263395000,1316975000,2423000,2423000,16300000,16300000,18723000,18723000,30842000,32615000,10000000,10000000,2119000,3892000,0,0,2423000,2423000,16300000,16300000,18723000,18723000,10000010,26010120,10000000,10000000,10,16010120
282,302212000,836276000,10000000,10000000,9773000,11175000,263395000,790185000,10944000,17816000,8100000,7100000,19044000,24916000,38817000,46091000,10000000,10000000,9773000,11175000,0,0,10944000,17816000,8100000,7100000,19044000,24916000,10000010,21513110,10000000,10000000,10,11513110
312,316664000,844724000,10000000,10000000,12453000,13723000,263395000,790185000,13516000,13516000,17300000,17300000,30816000,30816000,53269000,54539000,10000000,10000000,12453000,13723000,0,0,13516000,13516000,17300000,17300000,30816000,30816000,10000010,24193120,10000000,10000000,10,14193120
342,279553000,544170000,10000000,10000000,1929000,2423000,263395000,526790000,1929000,1057000,2300000,3900000,4229000,4957000,16158000,17380000,10000000,10000000,1929000,2423000,0,0,1929000,1057000,2300000,3900000,4229000,4957000,10000010,11267060,10000000,10000000,10,1267060
372,324544000,853720000,10000000,10000000,15549000,17100000,263395000,790185000,17100000,18135000,18500000,18300000,35600000,36435000,61149000,63535000,10000000,10000000,15549000,17100000,0,0,17100000,18135000,18500000,18300000,35600000,36435000,10000010,15314080,10000000,10000000,10,5314080
402,295497000,1095056000,10000000,10000000,445000,9819000,263395000,1053580000,9757000,9757000,11900000,11900000,21657000,21657000,32102000,41476000,10000000,10000000,445000,9819000,0,0,9757000,9757000,11900000,11900000,21657000,21657000,10000010,11728020,10000000,10000000,10,1728020
432,280151000,544038000,10000000,10000000,2778000,2984000,263395000,526790000,2778000,3864000,1200000,400000,3978000,4264000,16756000,17248000,10000000,10000000,2778000,2984000,0,0,2778000,3864000,1200000,400000,3978000,4264000,10000010,11354050,10000000,10000000,10,1354050
13,290073000,290351000,10000000,10000000,1200000,1478000,263395000,263395000,1478000,1478000,14000000,14000000,15478000,15478000,26678000,26956000,10000000,10000000,1200000,1478000,0,0,1478000,1478000,14000000,14000000,15478000,15478000,10000010,21848060,10000000,10000000,10,11848060
43,296811000,297257000,10000000,10000000,2338000,2778000,263395000,263395000,2778000,2984000,18300000,18100000,21078000,21084000,33416000,33862000,10000000,10000000,2338000,2778000,0,0,2778000,2984000,18300000,18100000,21078000,21084000,10000010,12219070,10000000,10000000,10,2219070
73,287370000,290890000,10000000,10000000,1199000,1376000,263395000,263395000,1376000,9819000,11400000,6300000,12776000,16119000,23975000,27495000,10000000,10000000,1199000,1376000,0,0,1376000,9819000,11400000,6300000,12776000,16119000,10000010,23374100,10000000,10000000,10,13374100
103,302561000,305473000,10000000,10000000,12983000,13723000,263395000,263395000,12983000,17055000,3200000,1300000,16183000,18355000,39166000,42078000,10000000,10000000,12983000,13723000,0,0,12983000,17055000,3200000,1300000,16183000,18355000,10000010,15246080,10000000,10000000,10,5246080
133,318431000,319123000,10000000,10000000,13748000,14088000,263395000,263395000,14088000,14640000,17200000,17000000,31288000,31640000,55036000,55728000,10000000,10000000,13748000,14088000,0,0,14088000,14640000,17200000,17000000,31288000,31640000,10000010,25225120,10000000,10000000,10,15225120
163,325265000,327030000,10000000,10000000,16170000,17100000,263395000,263395000,17100000,18135000,18600000,18400000,35700000,36535000,61870000,63635000,10000000,10000000,16170000,17100000,0,0,17100000,18135000,18600000,18400000,35700000,36535000,10000010,16664090,10000000,10000000,10,6664090
193,297429000,297791000,10000000,10000000,2256000,2478000,263395000,263395000,2478000,2618000,19300000,19300000,21778000,21918000,34034000,34396000,10000000,10000000,2256000,2478000,0,0,2478000,2618000,19300000,19300000,21778000,21918000,10000010,12269050,10000000,10000000,10,2269050
223,280141000,284773000,10000000,10000000,73000,299000,263395000,263395000,73000,10979000,6600000,100000,6673000,11079000,16746000,21378000,10000000,10000000,73000,299000,0,0,73000,10979000,6600000,100000,6673000,11079000,10000010,21052040,10000000,10000000,10,11052040
253,296929000,561653000,10000000,10000000,2215000,2919000,263395000,526790000,2919000,3744000,18400000,18200000,21319000,21944000,33534000,34863000,10000000,10000000,2215000,2919000,0,0,2919000,3744000,18400000,18200000,21319000,21944000,10000010,11677010,10000000,10000000,10,1677010
283,305409000,570740000,10000000,10000000,9239000,11175000,263395000,526790000,11175000,11175000,11600000,11600000,22775000,22775000,42014000,43950000,10000000,10000000,9239000,11175000,0,0,11175000,11175000,11600000,11600000,22775000,22775000,10000010,10000000,10000000,10000000,10,0
313,320229000,848227000,10000000,10000000,14364000,15370000,263395000,790185000,15370000,15572000,17100000,17100000,32470000,32672000,56834000,58042000,10000000,10000000,14364000,15370000,0,0,15370000,15572000,17100000,17100000,32470000,32672000,10000010,14753070,10000000,10000000,10,4753070
343,283349000,549297000,10000000,10000000,1265000,1689000,263395000,526790000,1689000,10718000,7000000,100000,8689000,10818000,19954000,22507000,10000000,10000000,1265000,1689000,0,0,1689000,10718000,7000000,100000,8689000,10818000,10000010,21093030,10000000,10000000,10,11093030
373,320554000,851459000,10000000,10000000,13135000,15624000,263395000,790185000,15624000,17350000,18400000,18300000,34024000,35650000,57159000,61274000,10000000,10000000,13135000,15624000,0,0,15624000,17350000,18400000,18300000,34024000,35650000,10000010,14278060,10000000,10000000,10,4278060
403,284113000,284170000,10000000,10000000,10718000,10775000,263395000,263395000,0,0,0,0,0,0,20718000,20775000,10000000,10000000,10718000,10775000,0,0,0,0,0,0,0,0,10000010,10000000,10000000,10000000,10,0
433,276011000,540211000,10000000,10000000,2616000,3421000,263395000,526790000,0,0,0,0,0,0,12616000,13421000,10000000,10000000,2616000,3421000,0,0,0,0,0,0,0,0,10000010,10000000,10000000,10000000,10,0
14,282101000,289296000,10000000,10000000,1777000,1929000,263395000,263395000,1929000,13772000,5000000,200000,6929000,13972000,18706000,25901000,10000000,10000000,1777000,1929000,0,0,1929000,13772000,5000000,200000,6929000,13972000,10000010,24843110,10000000,10000000,10,14843110
44,275335000,275603000,10000000,10000000,1940000,2208000,263395000,263395000,0,0,0,0,0,0,11940000,12208000,10000000,10000000,1940000,2208000,0,0,0,0,0,0,0,0,10000010,10000000,10000000,10000000,10,0
74,285939000,290313000,10000000,10000000,845000,1199000,263395000,263395000,1199000,9819000,10500000,5900000,11699000,15719000,22544000,26918000,10000000,10000000,845000,1199000,0,0,1199000,9819000,10500000,5900000,11699000,15719000,10000010,23551110,10000000,10000000,10,13551110
104,303173000,303633000,10000000,10000000,13989000,14449000,263395000,263395000,13989000,13989000,1800000,1800000,15789000,15789000,39778000,40238000,10000000,10000000,13989000,14449000,0,0,13989000,13989000,1800000,1800000,15789000,15789000,10000010,10085010,10000000,10000000,10,85010
134,306914000,307739000,10000000,10000000,12947000,13772000,263395000,263395000,13772000,13772000,6800000,6800000,20572000,20572000,43519000,44344000,10000000,10000000,12947000,13772000,0,0,13772000,13772000,6800000,6800000,20572000,20572000,10000010,22947070,10000000,10000000,10,12947070
164,281533000,281538000,10000000,10000000,2719000,2724000,263395000,263395000,2719000,2719000,2700000,2700000,5419000,5419000,18138000,18143000,10000000,10000000,2719000,2724000,0,0,2719000,2719000,2700000,2700000,5419000,5419000,10000010,12118050,10000000,10000000,10,2118050
194,276339000,277164000,10000000,10000000,2944000,3769000,263395000,263395000,0,0,0,0,0,0,12944000,13769000,10000000,10000000,2944000,3769000,0,0,0,0,0,0,0,0,10000010,10000000,10000000,10000000,10,0
224,285139000,289859000,10000000,10000000,299000,845000,263395000,263395000,845000,9819000,10600000,5800000,11445000,15619000,21744000,26464000,10000000,10000000,299000,845000,0,0,845000,9819000,10600000,5800000,11445000,15619000,10000010,23905100,10000000,10000000,10,13905100
254,317295000,581720000,10000000,10000000,11785000,12815000,263395000,526790000,12815000,12815000,19300000,19300000,32115000,32115000,53900000,54930000,10000000,10000000,11785000,12815000,0,0,12815000,12815000,19300000,19300000,32115000,32115000,10000010,10000000,10000000,10000000,10,0
284,275100000,539406000,10000000,10000000,1705000,2616000,263395000,526790000,0,0,0,0,0,0,11705000,12616000,10000000,10000000,1705000,2616000,0,0,0,0,0,0,0,0,10000010,10000000,10000000,10000000,10,0
314,291590000,555661000,10000000,10000000,445000,950000,263395000,526790000,950000,1221000,16800000,16700000,17750000,17921000,28195000,28871000,10000000,10000000,445000,950000,0,0,950000,1221000,16800000,16700000,17750000,17921000,10000010,12842080,10000000,10000000,10,2842080
344,282933000,549642000,10000000,10000000,1469000,1689000,263395000,526790000,1469000,11063000,6600000,100000,8069000,11163000,19538000,22852000,10000000,10000000,1469000,1689000,0,0,1469000,11063000,6600000,100000,8069000,11163000,10000010,21242050,10000000,10000000,10,11242050
374,320469000,599544000,10000000,10000000,14625000,15549000,263395000,526790000,15549000,17905000,16900000,29300000,32449000,47205000,57074000,72754000,10000000,10000000,14625000,15549000,0,0,15549000,17905000,16900000,29300000,32449000,47205000,10000010,15525070,10000000,10000000,10,5525070
404,302618000,567456000,10000000,10000000,10944000,11257000,263395000,526790000,10979000,18209000,7300000,1200000,18279000,19409000,39223000,40666000,10000000,10000000,10944000,11257000,0,0,10979000,18209000,7300000,1200000,18279000,19409000,10000010,21618060,10000000,10000000,10,11618060
434,277287000,277975000,10000000,10000000,3892000,4580000,263395000,263395000,0,0,0,0,0,0,13892000,14580000,10000000,10000000,3892000,4580000,0,0,0,0,0,0,0,0,10000010,10000000,10000000,10000000,10,0
15,294894000,295149000,10000000,10000000,1522000,1777000,263395000,263395000,1777000,1777000,18200000,18200000,19977000,19977000,31499000,31754000,10000000,10000000,1522000,1777000,0,0,1777000,1777000,18200000,18200000,19977000,19977000,10000010,25413110,10000000,10000000,10,15413110
45,296778000,297603000,10000000,10000000,2479000,3304000,263395000,263395000,3304000,3304000,17600000,17600000,20904000,20904000,33383000,34208000,10000000,10000000,2479000,3304000,0,0,3304000,3304000,17600000,17600000,20904000,20904000,10000010,13913120,10000000,10000000,10,3913120
75,280647000,281158000,10000000,10000000,978000,1474000,263395000,263395000,1474000,1589000,4800000,4700000,6274000,6289000,17252000,17763000,10000000,10000000,978000,1474000,0,0,1474000,1589000,4800000,4700000,6274000,6289000,10000010,12242050,10000000,10000000,10,2242050
105,321708000,321793000,10000000,10000000,14364000,14449000,263395000,263395000,14449000,14449000,19500000,19500000,33949000,33949000,58313000,58398000,10000000,10000000,14364000,14449000,0,0,14449000,14449000,19500000,19500000,33949000,33949000,10000010,15437080,10000000,10000000,10,5437080
135,276267000,277092000,10000000,10000000,2872000,3697000,263395000,263395000,0,0,0,0,0,0,12872000,13697000,10000000,10000000,2872000,3697000,0,0,0,0,0,0,0,0,10000010,10000000,10000000,10000000,10,0
165,297837000,297943000,10000000,10000000,2618000,2724000,263395000,263395000,2724000,2724000,19100000,19100000,21824000,21824000,34442000,34548000,10000000,10000000,2618000,2724000,0,0,2724000,2724000,19100000,19100000,21824000,21824000,10000010,12631070,10000000,10000000,10,2631070
195,297891000,298031000,10000000,10000000,2478000,2618000,263395000,263395000,2618000,2618000,19400000,19400000,22018000,22018000,34496000,34636000,10000000,10000000,2478000,2618000,0,0,2618000,2618000,19400000,19400000,22018000,22018000,10000010,12491060,10000000,10000000,10,2491060
225,293847000,294623000,10000000,10000000,538000,1314000,263395000,263395000,1314000,1314000,18600000,18600000,19914000,19914000,30452000,31228000,10000000,10000000,538000,1314000,0,0,1314000,1314000,18600000,18600000,19914000,19914000,10000010,10000000,10000000,10000000,10,0
255,285407000,549605000,10000000,10000000,12012000,12815000,263395000,526790000,0,0,0,0,0,0,22012000,22815000,10000000,10000000,12012000,12815000,0,0,0,0,0,0,0,0,10000010,10000000,10000000,10000000,10,0
285,275152000,803465000,10000000,10000000,1757000,3280000,263395000,790185000,0,0,0,0,0,0,11757000,13280000,10000000,10000000,1757000,3280000,0,0,0,0,0,0,0,0,10000010,10000000,10000000,10000000,10,0
315,278033000,541699000,10000000,10000000,950000,1221000,263395000,526790000,1088000,1088000,2600000,2600000,3688000,3688000,14638000,14909000,10000000,10000000,950000,1221000,0,0,1088000,1088000,2600000,2600000,3688000,3688000,10000010,10265010,10000000,10000000,10,265010
345,310449000,838689000,10000000,10000000,17377000,18827000,263395000,790185000,17377000,17377000,2300000,2300000,19677000,19677000,47054000,48504000,10000000,10000000,17377000,18827000,0,0,17377000,17377000,2300000,2300000,19677000,19677000,10000010,17411100,10000000,10000000,10,7411100
375,293973000,821243000,10000000,10000000,1649000,2129000,263395000,790185000,2129000,2129000,16800000,16800000,18929000,18929000,30578000,31058000,10000000,10000000,1649000,2129000,0,0,2129000,2129000,16800000,16800000,18929000,18929000,10000010,25668120,10000000,10000000,10,15668120
405,274002000,274064000,10000000,10000000,607000,669000,263395000,263395000,0,0,0,0,0,0,10607000,10669000,10000000,10000000,607000,669000,0,0,0,0,0,0,0,0,10000010,10000000,10000000,10000000,10,0
435,275610000,804765000,10000000,10000000,2215000,4580000,263395000,790185000,0,0,0,0,0,0,12215000,14580000,10000000,10000000,2215000,4580000,0,0,0,0,0,0,0,0,10000010,10000000,10000000,10000000,10,0
16,297336000,297933000,10000000,10000000,1522000,2119000,263395000,263395000,2119000,2119000,20300000,20300000,22419000,22419000,33941000,34538000,10000000,10000000,1522000,2119000,0,0,2119000,2119000,20300000,20300000,22419000,22419000,10000010,25413110,10000000,10000000,10,15413110
46,284057000,284380000,10000000,10000000,2981000,3304000,263395000,263395000,2981000,2981000,4700000,4700000,7681000,7681000,20662000,20985000,10000000,10000000,2981000,3304000,0,0,2981000,2981000,4700000,4700000,7681000,7681000,10000010,13443090,10000000,10000000,10,3443090
76,291143000,291258000,10000000,10000000,1474000,1589000,263395000,263395000,1474000,1474000,14800000,14800000,16274000,16274000,27748000,27863000,10000000,10000000,1474000,1589000,0,0,1474000,1474000,14800000,14800000,16274000,16274000,10000010,21646060,10000000,10000000,10,11646060
106,319332000,319941000,10000000,10000000,14364000,14973000,263395000,263395000,14973000,14973000,16600000,16600000,31573000,31573000,55937000,56546000,10000000,10000000,14364000,14973000,0,0,14973000,14973000,16600000,16600000,31573000,31573000,10000010,14828080,10000000,10000000,10,4828080
136,289029000,289233000,10000000,10000000,1265000,1469000,263395000,263395000,1469000,1469000,12900000,12900000,14369000,14369000,25634000,25838000,10000000,10000000,1265000,1469000,0,0,1469000,1469000,12900000,12900000,14369000,14369000,10000010,21981060,10000000,10000000,10,11981060
166,295061000,295733000,10000000,10000000,2047000,2719000,263395000,263395000,2719000,2719000,16900000,16900000,19619000,19619000,31666000,32338000,10000000,10000000,2047000,2719000,0,0,2719000,2719000,16900000,16900000,19619000,19619000,10000010,12062070,10000000,10000000,10,2062070
196,290864000,291293000,10000000,10000000,1220000,1649000,263395000,263395000,1649000,1649000,14600000,14600000,16249000,16249000,27469000,27898000,10000000,10000000,1220000,1649000,0,0,1649000,1649000,14600000,14600000,16249000,16249000,10000010,25372140,10000000,10000000,10,15372140
226,288072000,301514000,10000000,10000000,538000,9239000,263395000,263395000,9239000,14780000,4900000,4100000,14139000,18880000,24677000,38119000,10000000,10000000,538000,9239000,0,0,9239000,14780000,4900000,4100000,14139000,18880000,10000010,15541100,10000000,10000000,10,5541100
256,312288000,857979000,10000000,10000000,11208000,11785000,263395000,790185000,11785000,18209000,15900000,27800000,27685000,46009000,48893000,67794000,10000000,10000000,11208000,11785000,0,0,11785000,18209000,15900000,27800000,27685000,46009000,10000010,16424090,10000000,10000000,10,6424090
286,277229000,805313000,10000000,10000000,1220000,2514000,263395000,790185000,2514000,2514000,100000,100000,2614000,2614000,13834000,15128000,10000000,10000000,1220000,2514000,0,0,2514000,2514000,100000,100000,2614000,2614000,10000010,10000000,10000000,10000000,10,0
316,277641000,541434000,10000000,10000000,823000,1221000,263395000,526790000,823000,823000,2600000,2600000,3423000,3423000,14246000,14644000,10000000,10000000,823000,1221000,0,0,823000,823000,2600000,2600000,3423000,3423000,10000010,10271010,10000000,10000000,10,271010
346,313209000,576908000,10000000,10000000,17905000,18209000,263395000,526790000,18209000,18209000,3700000,3700000,21909000,21909000,49814000,50118000,10000000,10000000,17905000,18209000,0,0,18209000,18209000,3700000,3700000,21909000,21909000,10000010,18399110,10000000,10000000,10,8399110
376,288962000,552568000,10000000,10000000,1478000,1689000,263395000,526790000,1689000,1689000,12400000,12400000,14089000,14089000,25567000,25778000,10000000,10000000,1478000,1689000,0,0,1689000,1689000,12400000,12400000,14089000,14089000,10000010,22126070,10000000,10000000,10,12126070
406,292156000,1086870000,10000000,10000000,299000,915000,263395000,1053580000,662000,10475000,17800000,11900000,18462000,22375000,28761000,33290000,10000000,10000000,299000,915000,0,0,662000,10475000,17800000,11900000,18462000,22375000,10000010,24451090,10000000,10000000,10,14451090
436,276252000,276674000,10000000,10000000,2857000,3279000,263395000,263395000,0,0,0,0,0,0,12857000,13279000,10000000,10000000,2857000,3279000,0,0,0,0,0,0,0,0,10000010,10000000,10000000,10000000,10,0
17,294429000,294525000,10000000,10000000,2119000,2215000,263395000,263395000,2215000,2215000,16700000,16700000,18915000,18915000,31034000,31130000,10000000,10000000,2119000,2215000,0,0,2215000,2215000,16700000,16700000,18915000,18915000,10000010,26010120,10000000,10000000,10,16010120
47,275170000,275335000,10000000,10000000,1775000,1940000,263395000,263395000,0,0,0,0,0,0,11775000,11940000,10000000,10000000,1775000,1940000,0,0,0,0,0,0,0,0,10000010,10000000,10000000,10000000,10,0
77,290881000,301021000,10000000,10000000,1376000,9310000,263395000,263395000,9310000,17816000,6800000,500000,16110000,18316000,27486000,37626000,10000000,10000000,1376000,9310000,0,0,9310000,17816000,6800000,500000,16110000,18316000,10000010,18506010,10000000,10000000,10,8506010
107,306155000,306445000,10000000,10000000,14780000,14973000,263395000,263395000,14780000,17377000,3200000,700000,17980000,18077000,42760000,43050000,10000000,10000000,14780000,14973000,0,0,14780000,17377000,3200000,700000,17980000,18077000,10000010,15150060,10000000,10000000,10,5150060
137,289264000,289425000,10000000,10000000,1104000,1265000,263395000,263395000,1265000,1265000,13500000,13500000,14765000,14765000,25869000,26030000,10000000,10000000,1104000,1265000,0,0,1265000,1265000,13500000,13500000,14765000,14765000,10000010,21820050,10000000,10000000,10,11820050
167,300956000,301355000,10000000,10000000,3881000,4280000,263395000,263395000,4280000,4280000,19400000,19400000,23680000,23680000,37561000,37960000,10000000,10000000,3881000,4280000,0,0,4280000,4280000,19400000,19400000,23680000,23680000,10000010,11971030,10000000,10000000,10,1971030
197,291872000,292035000,10000000,10000000,1057000,1220000,263395000,263395000,1220000,1220000,16200000,16200000,17420000,17420000,28477000,28640000,10000000,10000000,1057000,1220000,0,0,1220000,1220000,16200000,16200000,17420000,17420000,10000010,25209130,10000000,10000000,10,15209130
227,282223000,293165000,10000000,10000000,538000,790000,263395000,263395000,790000,14780000,7500000,4200000,8290000,18980000,18828000,29770000,10000000,10000000,538000,790000,0,0,790000,14780000,7500000,4200000,8290000,18980000,10000010,24242090,10000000,10000000,10,14242090
257,312966000,1122403000,10000000,10000000,11585000,12614000,263395000,1053580000,12486000,18209000,15500000,28000000,27986000,46209000,49571000,68823000,10000000,10000000,11585000,12614000,0,0,12486000,18209000,15500000,28000000,27986000,46209000,10000010,15723080,10000000,10000000,10,5723080
287,296916000,561222000,10000000,10000000,1705000,2616000,263395000,526790000,2616000,2616000,19200000,19200000,21816000,21816000,33521000,34432000,10000000,10000000,1705000,2616000,0,0,2616000,2616000,19200000,19200000,21816000,21816000,10000010,10000000,10000000,10000000,10,0
317,291919000,555766000,10000000,10000000,636000,1088000,263395000,526790000,1088000,1088000,16800000,16800000,17888000,17888000,28524000,28976000,10000000,10000000,636000,1088000,0,0,1088000,1088000,16800000,16800000,17888000,17888000,10000010,10191010,10000000,10000000,10,191010
347,325014000,588544000,10000000,10000000,17242000,17377000,263395000,526790000,17377000,17377000,17000000,17000000,34377000,34377000,61619000,61754000,10000000,10000000,17242000,17377000,0,0,17377000,17377000,17000000,17000000,34377000,34377000,10000010,18142100,10000000,10000000,10,8142100
377,282002000,545974000,10000000,10000000,915000,1492000,263395000,526790000,1492000,1492000,6200000,6200000,7692000,7692000,18607000,19184000,10000000,10000000,915000,1492000,0,0,1492000,1492000,6200000,6200000,7692000,7692000,10000010,10000000,10000000,10000000,10,0
407,285875000,821605000,10000000,10000000,73000,845000,263395000,790185000,607000,10475000,11800000,10100000,12407000,20575000,22480000,31420000,10000000,10000000,73000,845000,0,0,607000,10475000,11800000,10100000,12407000,20575000,10000010,23905100,10000000,10000000,10,13905100
437,275818000,540069000,10000000,10000000,2423000,3279000,263395000,526790000,0,0,0,0,0,0,12423000,13279000,10000000,10000000,2423000,3279000,0,0,0,0,0,0,0,0,10000010,10000000,10000000,10000000,10,0
18,292358000,293183000,10000000,10000000,2119000,2944000,263395000,263395000,2944000,2944000,13900000,13900000,16844000,16844000,28963000,29788000,10000000,10000000,2119000,2944000,0,0,2944000,2944000,13900000,13900000,16844000,16844000,10000010,11691060,10000000,10000000,10,1691060
48,298092000,304228000,10000000,10000000,1775000,2322000,263395000,263395000,2322000,3711000,20600000,24800000,22922000,28511000,34697000,40833000,10000000,10000000,1775000,2322000,0,0,2322000,3711000,20600000,24800000,22922000,28511000,10000010,13704140,10000000,10000000,10,3704140
78,290810000,298673000,10000000,10000000,1376000,9239000,263395000,263395000,9239000,9239000,6800000,6800000,16039000,16039000,27415000,35278000,10000000,10000000,1376000,9239000,0,0,9239000,9239000,6800000,6800000,16039000,16039000,10000010,15102090,10000000,10000000,10,5102090
108,291531000,292107000,10000000,10000000,445000,791000,263395000,263395000,791000,1221000,16900000,16700000,17691000,17921000,28136000,28712000,10000000,10000000,445000,791000,0,0,791000,1221000,16900000,16700000,17691000,17921000,10000010,13001090,10000000,10000000,10,3001090
138,300167000,300631000,10000000,10000000,1104000,1568000,263395000,263395000,1568000,1568000,24100000,24100000,25668000,25668000,36772000,37236000,10000000,10000000,1104000,1568000,0,0,1568000,1568000,24100000,24100000,25668000,25668000,10000010,20385020,10000000,10000000,10,10385020
168,282279000,282667000,10000000,10000000,3892000,4280000,263395000,263395000,3892000,3892000,1100000,1100000,4992000,4992000,18884000,19272000,10000000,10000000,3892000,4280000,0,0,3892000,3892000,1100000,1100000,4992000,4992000,10000010,12370040,10000000,10000000,10,2370040
198,304277000,305952000,10000000,10000000,14341000,14780000,263395000,263395000,14341000,17377000,2200000,400000,16541000,17777000,40882000,42557000,10000000,10000000,14341000,14780000,0,0,14341000,17377000,2200000,400000,16541000,17777000,10000010,15788080,10000000,10000000,10,5788080
228,286895000,288374000,10000000,10000000,0,538000,263395000,263395000,0,14341000,13500000,100000,13500000,14441000,23500000,24979000,10000000,10000000,0,538000,0,0,0,14341000,13500000,100000,13500000,14441000,10000010,23803080,10000000,10000000,10,13803080
258,317606000,865565000,10000000,10000000,12486000,14625000,263395000,790185000,14625000,17055000,17100000,33700000,31725000,50755000,54211000,75380000,10000000,10000000,12486000,14625000,0,0,14625000,17055000,17100000,33700000,31725000,50755000,10000010,13690050,10000000,10000000,10,3690050
288,290883000,554668000,10000000,10000000,1199000,1589000,263395000,526790000,1589000,1589000,14700000,14700000,16289000,16289000,27488000,27878000,10000000,10000000,1199000,1589000,0,0,1589000,1589000,14700000,14700000,16289000,16289000,10000010,21173060,10000000,10000000,10,11173060
318,291463000,555401000,10000000,10000000,445000,823000,263395000,526790000,823000,1088000,16800000,16700000,17623000,17788000,28068000,28611000,10000000,10000000,445000,823000,0,0,823000,1088000,16800000,16700000,17623000,17788000,10000010,10346010,10000000,10000000,10,346010
348,324473000,588808000,10000000,10000000,17269000,18209000,263395000,526790000,18209000,18209000,15600000,15600000,33809000,33809000,61078000,62018000,10000000,10000000,17269000,18209000,0,0,18209000,18209000,15600000,15600000,33809000,33809000,10000010,16471100,10000000,10000000,10,6471100
378,296120000,823688000,10000000,10000000,1478000,2256000,263395000,790185000,2047000,2047000,19200000,19200000,21247000,21247000,32725000,33503000,10000000,10000000,1478000,2256000,0,0,2047000,2047000,19200000,19200000,21247000,21247000,10000010,22126070,10000000,10000000,10,12126070
408,285293000,553608000,10000000,10000000,299000,1199000,263395000,526790000,1199000,9819000,10400000,5800000,11599000,15619000,21898000,26818000,10000000,10000000,299000,1199000,0,0,1199000,9819000,10400000,5800000,11599000,15619000,10000010,23551110,10000000,10000000,10,13551110
438,280053000,807699000,10000000,10000000,2129000,2857000,263395000,790185000,2129000,1057000,2400000,3600000,4529000,4657000,16658000,17514000,10000000,10000000,2129000,2857000,0,0,2129000,1057000,2400000,3600000,4529000,4657000,10000010,11746030,10000000,10000000,10,1746030
19,295933000,296141000,10000000,10000000,2215000,2423000,263395000,263395000,2423000,2423000,17900000,17900000,20323000,20323000,32538000,32746000,10000000,10000000,2215000,2423000,0,0,2423000,2423000,17900000,17900000,20323000,20323000,10000010,26106130,10000000,10000000,10,16106130
49,294512000,295944000,10000000,10000000,1642000,1775000,263395000,263395000,1775000,3474000,17700000,17300000,19475000,20774000,31117000,32549000,10000000,10000000,1642000,1775000,0,0,1775000,3474000,17700000,17300000,19475000,20774000,10000010,13571130,10000000,10000000,10,3571130
79,276387000,276723000,10000000,10000000,978000,1314000,263395000,263395000,1314000,1314000,700000,700000,2014000,2014000,12992000,13328000,10000000,10000000,978000,1314000,0,0,1314000,1314000,700000,700000,2014000,2014000,10000010,11438050,10000000,10000000,10,1438050
109,292036000,292366000,10000000,10000000,791000,950000,263395000,263395000,950000,1221000,16900000,16800000,17850000,18021000,28641000,28971000,10000000,10000000,791000,950000,0,0,950000,1221000,16900000,16800000,17850000,18021000,10000010,12842080,10000000,10000000,10,2842080
139,274499000,274794000,10000000,10000000,1104000,1399000,263395000,263395000,0,0,0,0,0,0,11104000,11399000,10000000,10000000,1104000,1399000,0,0,0,0,0,0,0,0,10000010,10000000,10000000,10000000,10,0
169,300465000,301050000,10000000,10000000,3905000,4065000,263395000,263395000,4065000,4490000,19100000,19100000,23165000,23590000,37070000,37655000,10000000,10000000,3905000,4065000,0,0,4065000,4490000,19100000,19100000,23165000,23590000,10000010,10425030,10000000,10000000,10,425030
199,283152000,283188000,10000000,10000000,9757000,9793000,263395000,263395000,0,0,0,0,0,0,19757000,19793000,10000000,10000000,9757000,9793000,0,0,0,0,0,0,0,0,10000010,10000000,10000000,10000000,10,0
229,274445000,275036000,10000000,10000000,1050000,1641000,263395000,263395000,0,0,0,0,0,0,11050000,11641000,10000000,10000000,1050000,1641000,0,0,0,0,0,0,0,0,10000010,10000000,10000000,10000000,10,0
259,313315000,597134000,10000000,10000000,11785000,13135000,263395000,526790000,13135000,18209000,15000000,29000000,28135000,47209000,49920000,70344000,10000000,10000000,11785000,13135000,0,0,13135000,18209000,15000000,29000000,28135000,47209000,10000010,15074070,10000000,10000000,10,5074070
289,294462000,821829000,10000000,10000000,845000,1422000,263395000,790185000,1422000,1422000,18800000,18800000,20222000,20222000,31067000,31644000,10000000,10000000,845000,1422000,0,0,1422000,1422000,18800000,18800000,20222000,20222000,10000010,23374100,10000000,10000000,10,13374100
319,288332000,552774000,10000000,10000000,445000,1492000,263395000,526790000,1492000,1492000,13000000,13000000,14492000,14492000,24937000,25984000,10000000,10000000,445000,1492000,0,0,1492000,1492000,13000000,13000000,14492000,14492000,10000010,21161040,10000000,10000000,10,11161040
349,323761000,852277000,10000000,10000000,15624000,17350000,263395000,790185000,17242000,17242000,17500000,17500000,34742000,34742000,60366000,62092000,10000000,10000000,15624000,17350000,0,0,17242000,17242000,17500000,17500000,34742000,34742000,10000010,16767080,10000000,10000000,10,6767080
379,294839000,822273000,10000000,10000000,1200000,1844000,263395000,790185000,1844000,1844000,18400000,18400000,20244000,20244000,31444000,32088000,10000000,10000000,1200000,1844000,0,0,1844000,1844000,18400000,18400000,20244000,20244000,10000010,21848060,10000000,10000000,10,11848060
409,299109000,1889298000,10000000,10000000,0,9819000,263395000,1843765000,1314000,1314000,24400000,24400000,25714000,25714000,35714000,45533000,10000000,10000000,0,9819000,0,0,1314000,1314000,24400000,24400000,25714000,25714000,10000010,15372080,10000000,10000000,10,5372080
439,282705000,554606000,10000000,10000000,9310000,17816000,263395000,526790000,0,0,0,0,0,0,19310000,27816000,10000000,10000000,9310000,17816000,0,0,0,0,0,0,0,0,10000010,10000000,10000000,10000000,10,0
20,297902000,299579000,10000000,10000000,2215000,3892000,263395000,263395000,3892000,3892000,18400000,18400000,22292000,22292000,34507000,36184000,10000000,10000000,2215000,3892000,0,0,3892000,3892000,18400000,18400000,22292000,22292000,10000010,10704020,10000000,10000000,10,704020
50,297274000,297809000,10000000,10000000,2322000,2857000,263395000,263395000,2857000,2857000,18700000,18700000,21557000,21557000,33879000,34414000,10000000,10000000,2322000,2857000,0,0,2857000,2857000,18700000,18700000,21557000,21557000,10000010,13522120,10000000,10000000,10,3522120
80,288976000,289801000,10000000,10000000,978000,1803000,263395000,263395000,1803000,1803000,12800000,12800000,14603000,14603000,25581000,26406000,10000000,10000000,978000,1803000,0,0,1803000,1803000,12800000,12800000,14603000,14603000,10000010,23674080,10000000,10000000,10,13674080
110,278271000,278404000,10000000,10000000,1088000,1221000,263395000,263395000,1088000,1088000,2700000,2700000,3788000,3788000,14876000,15009000,10000000,10000000,1088000,1221000,0,0,1088000,1088000,2700000,2700000,3788000,3788000,10000010,10452020,10000000,10000000,10,452020
140,287444000,288103000,10000000,10000000,445000,1104000,263395000,263395000,1104000,1104000,12500000,12500000,13604000,13604000,24049000,24708000,10000000,10000000,445000,1104000,0,0,1104000,1104000,12500000,12500000,13604000,13604000,10000010,21161040,10000000,10000000,10,11161040
170,300780000,301205000,10000000,10000000,4065000,4120000,263395000,263395000,4120000,4490000,19200000,19200000,23320000,23690000,37385000,37810000,10000000,10000000,4065000,4120000,0,0,4120000,4490000,19200000,19200000,23320000,23690000,10000010,11195030,10000000,10000000,10,1195030
200,301476000,303099000,10000000,10000000,10818000,11063000,263395000,263395000,11063000,14341000,6200000,4300000,17263000,18641000,38081000,39704000,10000000,10000000,10818000,11063000,0,0,11063000,14341000,6200000,4300000,17263000,18641000,10000010,23332060,10000000,10000000,10,13332060
230,293890000,294495000,10000000,10000000,445000,1050000,263395000,263395000,1050000,1050000,19000000,19000000,20050000,20050000,30495000,31100000,10000000,10000000,445000,1050000,0,0,1050000,1050000,19000000,19000000,20050000,20050000,10000010,24184060,10000000,10000000,10,14184060
260,285180000,813133000,10000000,10000000,11785000,12948000,263395000,790185000,0,0,0,0,0,0,21785000,22948000,10000000,10000000,11785000,12948000,0,0,0,0,0,0,0,0,10000010,10000000,10000000,10000000,10,0
290,280662000,544668000,10000000,10000000,978000,1589000,263395000,526790000,1589000,1589000,4700000,4700000,6289000,6289000,17267000,17878000,10000000,10000000,978000,1589000,0,0,1589000,1589000,4700000,4700000,6289000,6289000,10000010,12242050,10000000,10000000,10,2242050
320,275960000,539874000,10000000,10000000,973000,1492000,263395000,526790000,1492000,1492000,100000,100000,1592000,1592000,12565000,13084000,10000000,10000000,973000,1492000,0,0,1492000,1492000,100000,100000,1592000,1592000,10000010,10000000,10000000,10000000,10,0
350,325119000,588728000,10000000,10000000,17055000,17269000,263395000,526790000,17269000,17269000,17400000,17400000,34669000,34669000,61724000,61938000,10000000,10000000,17055000,17269000,0,0,17269000,17269000,17400000,17400000,34669000,34669000,10000010,18198090,10000000,10000000,10,8198090
380,277164000,277363000,10000000,10000000,3769000,3968000,263395000,263395000,0,0,0,0,0,0,13769000,13968000,10000000,10000000,3769000,3968000,0,0,0,0,0,0,0,0,10000010,10000000,10000000,10000000,10,0
410,282143000,813067000,10000000,10000000,445000,1803000,263395000,790185000,1803000,10979000,6500000,100000,8303000,11079000,18748000,22882000,10000000,10000000,445000,1803000,0,0,1803000,10979000,6500000,100000,8303000,11079000,10000010,20534020,10000000,10000000,10,10534020
440,307950000,1106712000,10000000,10000000,9239000,17816000,263395000,1053580000,17816000,17816000,7500000,7500000,25316000,25316000,44555000,53132000,10000000,10000000,9239000,17816000,0,0,17816000,17816000,7500000,7500000,25316000,25316000,10000010,20979110,10000000,10000000,10,10979110
21,297398000,297827000,10000000,10000000,2215000,2488000,263395000,263395000,2488000,3744000,19300000,18200000,21788000,21944000,34003000,34432000,10000000,10000000,2215000,2488000,0,0,2488000,3744000,19300000,18200000,21788000,21944000,10000010,11677010,10000000,10000000,10,1677010
51,296790000,304679000,10000000,10000000,2322000,2473000,263395000,263395000,2473000,3711000,18600000,25100000,21073000,28811000,33395000,41284000,10000000,10000000,2322000,2473000,0,0,2473000,3711000,18600000,25100000,21073000,28811000,10000010,14251150,10000000,10000000,10,4251150
81,299511000,299951000,10000000,10000000,538000,978000,263395000,263395000,978000,978000,24600000,24600000,25578000,25578000,36116000,36556000,10000000,10000000,538000,978000,0,0,978000,978000,24600000,24600000,25578000,25578000,10000010,23234070,10000000,10000000,10,13234070
111,294866000,295137000,10000000,10000000,950000,1221000,263395000,263395000,1221000,1221000,19300000,19300000,20521000,20521000,31471000,31742000,10000000,10000000,950000,1221000,0,0,1221000,1221000,19300000,19300000,20521000,20521000,10000010,10505020,10000000,10000000,10,505020
141,290528000,291353000,10000000,10000000,1654000,2479000,263395000,263395000,2479000,2479000,13000000,13000000,15479000,15479000,27133000,27958000,10000000,10000000,1654000,2479000,0,0,2479000,2479000,13000000,13000000,15479000,15479000,10000010,12261080,10000000,10000000,10,2261080
171,301555000,301775000,10000000,10000000,4270000,4490000,263395000,263395000,4490000,4490000,19400000,19400000,23890000,23890000,38160000,38380000,10000000,10000000,4270000,4490000,0,0,4490000,4490000,19400000,19400000,23890000,23890000,10000010,10825010,10000000,10000000,10,825010
201,308331000,308431000,10000000,10000000,10718000,10818000,263395000,263395000,10818000,10818000,13400000,13400000,24218000,24218000,44936000,45036000,10000000,10000000,10718000,10818000,0,0,10818000,10818000,13400000,13400000,24218000,24218000,10000010,23577050,10000000,10000000,10,13577050
231,292875000,293020000,10000000,10000000,662000,718000,263395000,263395000,718000,807000,18100000,18100000,18818000,18907000,29480000,29625000,10000000,10000000,662000,718000,0,0,718000,807000,18100000,18100000,18818000,18907000,10000010,24814100,10000000,10000000,10,14814100
261,286009000,286343000,10000000,10000000,12614000,12948000,263395000,263395000,0,0,0,0,0,0,22614000,22948000,10000000,10000000,12614000,12948000,0,0,0,0,0,0,0,0,10000010,10000000,10000000,10000000,10,0
291,290991000,554553000,10000000,10000000,1422000,1589000,263395000,526790000,1474000,1474000,14700000,14700000,16174000,16174000,27596000,27763000,10000000,10000000,1422000,1589000,0,0,1474000,1474000,14700000,14700000,16174000,16174000,10000010,21396070,10000000,10000000,10,11396070
321,294527000,1358563000,10000000,10000000,607000,11063000,263395000,1316975000,1225000,1225000,19300000,19300000,20525000,20525000,31132000,41588000,10000000,10000000,607000,11063000,0,0,1225000,1225000,19300000,19300000,20525000,20525000,10000010,14399140,10000000,10000000,10,4399140
351,322942000,852990000,10000000,10000000,14625000,17055000,263395000,790185000,16422000,17350000,18500000,18400000,34922000,35750000,59547000,62805000,10000000,10000000,14625000,17055000,0,0,16422000,17350000,18500000,18400000,34922000,35750000,10000010,15768070,10000000,10000000,10,5768070
381,297411000,825229000,10000000,10000000,1844000,2872000,263395000,790185000,2872000,2872000,19300000,19300000,22172000,22172000,34016000,35044000,10000000,10000000,1844000,2872000,0,0,2872000,2872000,19300000,19300000,22172000,22172000,10000010,22492080,10000000,10000000,10,12492080
411,292720000,556315000,10000000,10000000,607000,718000,263395000,526790000,718000,807000,18000000,18000000,18718000,18807000,29325000,29525000,10000000,10000000,607000,718000,0,0,718000,807000,18000000,18000000,18718000,18807000,10000010,24759090,10000000,10000000,10,14759090
22,317622000,318425000,10000000,10000000,12012000,12815000,263395000,263395000,12815000,12815000,19400000,19400000,32215000,32215000,54227000,55030000,10000000,10000000,12012000,12815000,0,0,12815000,12815000,19400000,19400000,32215000,32215000,10000010,10227010,10000000,10000000,10,227010
52,293936000,295711000,10000000,10000000,1299000,1642000,263395000,263395000,1642000,3474000,17600000,17200000,19242000,20674000,30541000,32316000,10000000,10000000,1299000,1642000,0,0,1642000,3474000,17600000,17200000,19242000,20674000,10000010,13228120,10000000,10000000,10,3228120
82,298524000,298843000,10000000,10000000,3155000,3474000,263395000,263395000,3474000,3474000,18500000,18500000,21974000,21974000,35129000,35448000,10000000,10000000,3155000,3474000,0,0,3474000,3474000,18500000,18500000,21974000,21974000,10000010,14355140,10000000,10000000,10,4355140
112,292206000,292471000,10000000,10000000,823000,1088000,263395000,263395000,1088000,1088000,16900000,16900000,17988000,17988000,28811000,29076000,10000000,10000000,823000,1088000,0,0,1088000,1088000,16900000,16900000,17988000,17988000,10000010,10437020,10000000,10000000,10,437020
142,293947000,294163000,10000000,10000000,1568000,1784000,263395000,263395000,1784000,1784000,17200000,17200000,18984000,18984000,30552000,30768000,10000000,10000000,1568000,1784000,0,0,1784000,1784000,17200000,17200000,18984000,18984000,10000010,13626080,10000000,10000000,10,3626080
172,301085000,301455000,10000000,10000000,4120000,4270000,263395000,263395000,4270000,4490000,19300000,19300000,23570000,23790000,37690000,38060000,10000000,10000000,4120000,4270000,0,0,4270000,4490000,19300000,19300000,23570000,23790000,10000010,11045020,10000000,10000000,10,1045020
202,282948000,286277000,10000000,10000000,1050000,1803000,263395000,263395000,1803000,10979000,6700000,100000,8503000,11079000,19553000,22882000,10000000,10000000,1050000,1803000,0,0,1803000,10979000,6700000,100000,8503000,11079000,10000010,21139030,10000000,10000000,10,11139030
232,293120000,293209000,10000000,10000000,718000,807000,263395000,263395000,807000,807000,18200000,18200000,19007000,19007000,29725000,29814000,10000000,10000000,718000,807000,0,0,807000,807000,18200000,18200000,19007000,19007000,10000010,24870110,10000000,10000000,10,14870110
262,312290000,578323000,10000000,10000000,11742000,12453000,263395000,526790000,12453000,14780000,14700000,14300000,27153000,29080000,48895000,51533000,10000000,10000000,11742000,12453000,0,0,12453000,14780000,14700000,14300000,27153000,29080000,10000010,23482110,10000000,10000000,10,13482110
292,290404000,825614000,10000000,10000000,1199000,9310000,263395000,790185000,9310000,9819000,6500000,6300000,15810000,16119000,27009000,35429000,10000000,10000000,1199000,9310000,0,0,9310000,9819000,6500000,6300000,15810000,16119000,10000010,15102090,10000000,10000000,10,5102090
322,294999000,822493000,10000000,10000000,950000,1654000,263395000,790185000,1654000,1654000,19000000,19000000,20654000,20654000,31604000,32308000,10000000,10000000,950000,1654000,0,0,1654000,1654000,19000000,19000000,20654000,20654000,10000010,12879110,10000000,10000000,10,2879110
352,324869000,589990000,10000000,10000000,15624000,17350000,263395000,526790000,17350000,17350000,18500000,18500000,35850000,35850000,61474000,63200000,10000000,10000000,15624000,17350000,0,0,17350000,17350000,18500000,18500000,35850000,35850000,10000010,14327050,10000000,10000000,10,4327050
382,296917000,824947000,10000000,10000000,1844000,2944000,263395000,790185000,2478000,2618000,19200000,19200000,21678000,21818000,33522000,34762000,10000000,10000000,1844000,2944000,0,0,2478000,2618000,19200000,19200000,21678000,21818000,10000010,15189130,10000000,10000000,10,5189130
412,292964000,556504000,10000000,10000000,662000,807000,263395000,526790000,807000,807000,18100000,18100000,18907000,18907000,29569000,29714000,10000000,10000000,662000,807000,0,0,807000,807000,18100000,18100000,18907000,18907000,10000010,24814100,10000000,10000000,10,14814100
23,316692000,317522000,10000000,10000000,11785000,12012000,263395000,263395000,12012000,12815000,19500000,19300000,31512000,32115000,53297000,54127000,10000000,10000000,11785000,12012000,0,0,12012000,12815000,19500000,19300000,31512000,32115000,10000010,10829010,10000000,10000000,10,829010
53,310424000,310879000,10000000,10000000,11287000,11742000,263395000,263395000,11742000,11742000,14000000,14000000,25742000,25742000,47029000,47484000,10000000,10000000,11287000,11742000,0,0,11742000,11742000,14000000,14000000,25742000,25742000,10000010,23027100,10000000,10000000,10,13027100
83,298407000,298705000,10000000,10000000,2857000,3155000,263395000,263395000,3155000,3155000,19000000,19000000,22155000,22155000,35012000,35310000,10000000,10000000,2857000,3155000,0,0,3155000,3155000,19000000,19000000,22155000,22155000,10000010,14057130,10000000,10000000,10,4057130
113,291754000,292106000,10000000,10000000,636000,823000,263395000,263395000,823000,1088000,16900000,16800000,17723000,17888000,28359000,28711000,10000000,10000000,636000,823000,0,0,823000,1088000,16900000,16800000,17723000,17888000,10000010,10537020,10000000,10000000,10,537020
143,282958000,283653000,10000000,10000000,1784000,2479000,263395000,263395000,2479000,2479000,5300000,5300000,7779000,7779000,19563000,20258000,10000000,10000000,1784000,2479000,0,0,2479000,2479000,5300000,5300000,7779000,7779000,10000010,13088110,10000000,10000000,10,3088110
173,300808000,301633000,10000000,10000000,3744000,4569000,263395000,263395000,4569000,4569000,19100000,19100000,23669000,23669000,37413000,38238000,10000000,10000000,3744000,4569000,0,0,4569000,4569000,19100000,19100000,23669000,23669000,10000010,11529020,10000000,10000000,10,1529020
203,276612000,277101000,10000000,10000000,1314000,1803000,263395000,263395000,1803000,1803000,100000,100000,1903000,1903000,13217000,13706000,10000000,10000000,1314000,1803000,0,0,1803000,1803000,100000,100000,1903000,1903000,10000010,10000000,10000000,10000000,10,0
233,291459000,291772000,10000000,10000000,807000,1057000,263395000,263395000,1057000,1220000,16200000,16100000,17257000,17320000,28064000,28377000,10000000,10000000,807000,1057000,0,0,1057000,1220000,16200000,16100000,17257000,17320000,10000010,24959120,10000000,10000000,10,14959120
263,317575000,1108710000,10000000,10000000,12033000,12983000,263395000,1053580000,12947000,12947000,19200000,19200000,32147000,32147000,54180000,55130000,10000000,10000000,12033000,12983000,0,0,12947000,12947000,19200000,19200000,32147000,32147000,10000010,23773120,10000000,10000000,10,13773120
293,288436000,1079886000,10000000,10000000,538000,1803000,263395000,1053580000,1803000,1803000,12700000,12700000,14503000,14503000,25041000,26306000,10000000,10000000,538000,1803000,0,0,1803000,1803000,12700000,12700000,14503000,14503000,10000010,23234070,10000000,10000000,10,13234070
323,294607000,837806000,10000000,10000000,791000,1299000,263395000,790185000,1221000,2322000,19200000,34000000,20421000,36322000,31212000,47621000,10000000,10000000,791000,1299000,0,0,1221000,2322000,19200000,34000000,20421000,36322000,10000010,12720100,10000000,10000000,10,2720100
353,327130000,591560000,10000000,10000000,17100000,18135000,263395000,526790000,18135000,18135000,18500000,18500000,36635000,36635000,63735000,64770000,10000000,10000000,17100000,18135000,0,0,18135000,18135000,18500000,18500000,36635000,36635000,10000010,17594100,10000000,10000000,10,7594100
383,276339000,540758000,10000000,10000000,2944000,3968000,263395000,526790000,0,0,0,0,0,0,12944000,13968000,10000000,10000000,2944000,3968000,0,0,0,0,0,0,0,0,10000010,10000000,10000000,10000000,10,0
413,291270000,555067000,10000000,10000000,718000,1057000,263395000,526790000,1057000,1220000,16100000,16000000,17157000,17220000,27875000,28277000,10000000,10000000,718000,1057000,0,0,1057000,1220000,16100000,16000000,17157000,17220000,10000010,24870110,10000000,10000000,10,14870110
24,299024000,299225000,10000000,10000000,12614000,12815000,263395000,263395000,12815000,12815000,200000,200000,13015000,13015000,35629000,35830000,10000000,10000000,12614000,12815000,0,0,12815000,12815000,200000,200000,13015000,13015000,10000010,10000000,10000000,10000000,10,0
54,284339000,284926000,10000000,10000000,10944000,11531000,263395000,263395000,0,0,0,0,0,0,20944000,21531000,10000000,10000000,10944000,11531000,0,0,0,0,0,0,0,0,10000010,10000000,10000000,10000000,10,0
84,280636000,280763000,10000000,10000000,2857000,2984000,263395000,263395000,2984000,2984000,1400000,1400000,4384000,4384000,17241000,17368000,10000000,10000000,2857000,2984000,0,0,2984000,2984000,1400000,1400000,4384000,4384000,10000010,12528050,10000000,10000000,10,2528050
114,293776000,293967000,10000000,10000000,445000,636000,263395000,263395000,636000,636000,19300000,19300000,19936000,19936000,30381000,30572000,10000000,10000000,445000,636000,0,0,636000,636000,19300000,19300000,19936000,19936000,10000010,10505020,10000000,10000000,10,505020
144,282760000,287111000,10000000,10000000,1568000,3697000,263395000,263395000,3697000,9819000,4100000,200000,7797000,10019000,19365000,23716000,10000000,10000000,1568000,3697000,0,0,3697000,9819000,4100000,200000,7797000,10019000,10000010,20849030,10000000,10000000,10,10849030
174,283449000,283633000,10000000,10000000,4385000,4569000,263395000,263395000,4569000,4569000,1100000,1100000,5669000,5669000,20054000,20238000,10000000,10000000,4385000,4569000,0,0,4569000,4569000,1100000,1100000,5669000,5669000,10000010,11250030,10000000,10000000,10,1250030
204,311556000,312381000,10000000,10000000,10718000,11543000,263395000,263395000,11543000,11543000,15900000,15900000,27443000,27443000,48161000,48986000,10000000,10000000,10718000,11543000,0,0,11543000,11543000,15900000,15900000,27443000,27443000,10000010,22195080,10000000,10000000,10,12195080
234,290745000,291138000,10000000,10000000,17350000,17743000,263395000,263395000,0,0,0,0,0,0,27350000,27743000,10000000,10000000,17350000,17743000,0,0,0,0,0,0,0,0,10000010,10000000,10000000,10000000,10,0
264,296337000,560166000,10000000,10000000,1904000,2338000,263395000,526790000,2338000,2338000,18700000,18700000,21038000,21038000,32942000,33376000,10000000,10000000,1904000,2338000,0,0,2338000,2338000,18700000,18700000,21038000,21038000,10000010,11785050,10000000,10000000,10,1785050
294,298126000,562138000,10000000,10000000,2857000,3474000,263395000,526790000,3474000,3474000,18400000,18400000,21874000,21874000,34731000,35348000,10000000,10000000,2857000,3474000,0,0,3474000,3474000,18400000,18400000,21874000,21874000,10000010,14057130,10000000,10000000,10,4057130
324,287483000,814939000,10000000,10000000,14088000,14754000,263395000,790185000,0,0,0,0,0,0,24088000,24754000,10000000,10000000,14088000,14754000,0,0,0,0,0,0,0,0,10000010,10000000,10000000,10000000,10,0
354,325870000,591230000,10000000,10000000,16170000,17905000,263395000,526790000,17905000,18135000,18400000,18400000,36305000,36535000,62475000,64440000,10000000,10000000,16170000,17905000,0,0,17905000,18135000,18400000,18400000,36305000,36535000,10000010,16664090,10000000,10000000,10,6664090
384,297597000,561238000,10000000,10000000,2478000,2724000,263395000,526790000,2724000,2724000,19000000,19000000,21724000,21724000,34202000,34448000,10000000,10000000,2478000,2724000,0,0,2724000,2724000,19000000,19000000,21724000,21724000,10000010,12491060,10000000,10000000,10,2491060
414,274445000,275036000,10000000,10000000,1050000,1641000,263395000,263395000,0,0,0,0,0,0,11050000,11641000,10000000,10000000,1050000,1641000,0,0,0,0,0,0,0,0,10000010,10000000,10000000,10000000,10,0
25,310288000,312503000,10000000,10000000,11208000,11585000,263395000,263395000,11585000,13723000,14100000,13800000,25685000,27523000,46893000,49108000,10000000,10000000,11208000,11585000,0,0,11585000,13723000,14100000,13800000,25685000,27523000,10000010,12262050,10000000,10000000,10,2262050
55,284603000,284750000,10000000,10000000,11208000,11355000,263395000,263395000,0,0,0,0,0,0,21208000,21355000,10000000,10000000,11208000,11355000,0,0,0,0,0,0,0,0,10000010,10000000,10000000,10000000,10,0
85,299002000,299172000,10000000,10000000,3194000,3313000,263395000,263395000,3313000,3864000,19100000,18600000,22413000,22464000,35607000,35777000,10000000,10000000,3194000,3313000,0,0,3313000,3864000,19100000,18600000,22413000,22464000,10000010,14165110,10000000,10000000,10,4165110
115,288654000,289479000,10000000,10000000,667000,1492000,263395000,263395000,1492000,1492000,13100000,13100000,14592000,14592000,25259000,26084000,10000000,10000000,667000,1492000,0,0,1492000,1492000,13100000,13100000,14592000,14592000,10000010,21383050,10000000,10000000,10,11383050
145,295464000,296289000,10000000,10000000,2872000,3697000,263395000,263395000,3697000,3697000,15500000,15500000,19197000,19197000,32069000,32894000,10000000,10000000,2872000,3697000,0,0,3697000,3697000,15500000,15500000,19197000,19197000,10000010,23520080,10000000,10000000,10,13520080
175,282565000,282670000,10000000,10000000,4385000,4490000,263395000,263395000,4385000,4385000,400000,400000,4785000,4785000,19170000,19275000,10000000,10000000,4385000,4490000,0,0,4385000,4385000,400000,400000,4785000,4785000,10000010,10425030,10000000,10000000,10,425030
205,311408000,311977000,10000000,10000000,13772000,14341000,263395000,263395000,14341000,14341000,9900000,9900000,24241000,24241000,48013000,48582000,10000000,10000000,13772000,14341000,0,0,14341000,14341000,9900000,9900000,24241000,24241000,10000010,24603090,10000000,10000000,10,14603090
235,304707000,305241000,10000000,10000000,9239000,9773000,263395000,263395000,9773000,9773000,12300000,12300000,22073000,22073000,41312000,41846000,10000000,10000000,9239000,9773000,0,0,9773000,9773000,12300000,12300000,22073000,22073000,10000010,22747060,10000000,10000000,10,12747060
265,296029000,559887000,10000000,10000000,1775000,2159000,263395000,526790000,2159000,2338000,18700000,18600000,20859000,20938000,32634000,33097000,10000000,10000000,1775000,2159000,0,0,2159000,2338000,18700000,18600000,20859000,20938000,10000010,11936060,10000000,10000000,10,1936060
295,297772000,825395000,10000000,10000000,2322000,3155000,263395000,790185000,3155000,3155000,18900000,18900000,22055000,22055000,34377000,35210000,10000000,10000000,2322000,3155000,0,0,3155000,3155000,18900000,18900000,22055000,22055000,10000010,13522120,10000000,10000000,10,3522120
325,288035000,288149000,10000000,10000000,14640000,14754000,263395000,263395000,0,0,0,0,0,0,24640000,24754000,10000000,10000000,14640000,14754000,0,0,0,0,0,0,0,0,10000010,10000000,10000000,10000000,10,0
355,281332000,544833000,10000000,10000000,2618000,2724000,263395000,526790000,2719000,2719000,2600000,2600000,5319000,5319000,17937000,18043000,10000000,10000000,2618000,2724000,0,0,2719000,2719000,2600000,2600000,5319000,5319000,10000010,12012040,10000000,10000000,10,2012040
385,297569000,561326000,10000000,10000000,2256000,2618000,263395000,526790000,2618000,2618000,19300000,19300000,21918000,21918000,34174000,34536000,10000000,10000000,2256000,2618000,0,0,2618000,2618000,19300000,19300000,21918000,21918000,10000010,12269050,10000000,10000000,10,2269050
415,295853000,824293000,10000000,10000000,1654000,3304000,263395000,790185000,3304000,3304000,17500000,17500000,20804000,20804000,32458000,34108000,10000000,10000000,1654000,3304000,0,0,3304000,3304000,17500000,17500000,20804000,20804000,10000010,13088110,10000000,10000000,10,3088110
26,312765000,331389000,10000000,10000000,11585000,11785000,263395000,263395000,11785000,18209000,16000000,28000000,27785000,46209000,49370000,67994000,10000000,10000000,11585000,11785000,0,0,11785000,18209000,16000000,28000000,27785000,46209000,10000010,16424090,10000000,10000000,10,6424090
56,309547000,311926000,10000000,10000000,10944000,11208000,263395000,263395000,11208000,13723000,14000000,13600000,25208000,27323000,46152000,48531000,10000000,10000000,10944000,11208000,0,0,11208000,13723000,14000000,13600000,25208000,27323000,10000010,12515050,10000000,10000000,10,2515050
86,298570000,298953000,10000000,10000000,2981000,3194000,263395000,263395000,3194000,3864000,19000000,18500000,22194000,22364000,35175000,35558000,10000000,10000000,2981000,3194000,0,0,3194000,3864000,19000000,18500000,22194000,22364000,10000010,13952100,10000000,10000000,10,3952100
116,293807000,294029000,10000000,10000000,445000,667000,263395000,263395000,667000,667000,19300000,19300000,19967000,19967000,30412000,30634000,10000000,10000000,445000,667000,0,0,667000,667000,19300000,19300000,19967000,19967000,10000010,21161040,10000000,10000000,10,11161040
146,280353000,280775000,10000000,10000000,2129000,2423000,263395000,263395000,2129000,1057000,2700000,3900000,4829000,4957000,16958000,17380000,10000000,10000000,2129000,2423000,0,0,2129000,1057000,2700000,3900000,4829000,4957000,10000010,11954040,10000000,10000000,10,1954040
176,289363000,289688000,10000000,10000000,15968000,16293000,263395000,263395000,0,0,0,0,0,0,25968000,26293000,10000000,10000000,15968000,16293000,0,0,0,0,0,0,0,0,10000010,10000000,10000000,10000000,10,0
206,284458000,284664000,10000000,10000000,11063000,11269000,263395000,263395000,0,0,0,0,0,0,21063000,21269000,10000000,10000000,11063000,11269000,0,0,0,0,0,0,0,0,10000010,10000000,10000000,10000000,10,0
236,276675000,276816000,10000000,10000000,3280000,3421000,263395000,263395000,0,0,0,0,0,0,13280000,13421000,10000000,10000000,3280000,3421000,0,0,0,0,0,0,0,0,10000010,10000000,10000000,10000000,10,0
266,296817000,560858000,10000000,10000000,2338000,2984000,263395000,526790000,2984000,2984000,18100000,18100000,21084000,21084000,33422000,34068000,10000000,10000000,2338000,2984000,0,0,2984000,2984000,18100000,18100000,21084000,21084000,10000010,11537060,10000000,10000000,10,1537060
296,298689000,562467000,10000000,10000000,2981000,3313000,263395000,526790000,3313000,3864000,19000000,18500000,22313000,22364000,35294000,35677000,10000000,10000000,2981000,3313000,0,0,3313000,3864000,19000000,18500000,22313000,22364000,10000010,13952100,10000000,10000000,10,3952100
326,316811000,1108792000,10000000,10000000,12368000,13772000,263395000,1053580000,13748000,14640000,17300000,16800000,31048000,31440000,53416000,55212000,10000000,10000000,12368000,13772000,0,0,13748000,14640000,17300000,16800000,31048000,31440000,10000010,23845100,10000000,10000000,10,13845100
356,278566000,542638000,10000000,10000000,2047000,2724000,263395000,526790000,2724000,2724000,400000,400000,3124000,3124000,15171000,15848000,10000000,10000000,2047000,2724000,0,0,2724000,2724000,400000,400000,3124000,3124000,10000010,10000000,10000000,10000000,10,0
386,288844000,553260000,10000000,10000000,1220000,1929000,263395000,526790000,1929000,14341000,12300000,200000,14229000,14541000,25449000,26470000,10000000,10000000,1220000,1929000,0,0,1929000,14341000,12300000,200000,14229000,14541000,10000010,25372140,10000000,10000000,10,15372140
416,294439000,822879000,10000000,10000000,2047000,3697000,263395000,790185000,3697000,3697000,15300000,15300000,18997000,18997000,31044000,32694000,10000000,10000000,2047000,3697000,0,0,3697000,3697000,15300000,15300000,18997000,18997000,10000010,22695090,10000000,10000000,10,12695090
27,299422000,303446000,10000000,10000000,11585000,11742000,263395000,263395000,11742000,18209000,2700000,100000,14442000,18309000,36027000,40051000,10000000,10000000,11585000,11742000,0,0,11742000,18209000,2700000,100000,14442000,18309000,10000010,16624100,10000000,10000000,10,6624100
57,284339000,284820000,10000000,10000000,10944000,11425000,263395000,263395000,0,0,0,0,0,0,20944000,21425000,10000000,10000000,10944000,11425000,0,0,0,0,0,0,0,0,10000010,10000000,10000000,10000000,10,0
87,299219000,299670000,10000000,10000000,3313000,3711000,263395000,263395000,3711000,3864000,18800000,18700000,22511000,22564000,35824000,36275000,10000000,10000000,3313000,3711000,0,0,3711000,3864000,18800000,18700000,22511000,22564000,10000010,14284120,10000000,10000000,10,4284120
117,276330000,276579000,10000000,10000000,1243000,1492000,263395000,263395000,1492000,1492000,200000,200000,1692000,1692000,12935000,13184000,10000000,10000000,1243000,1492000,0,0,1492000,1492000,200000,200000,1692000,1692000,10000010,10825010,10000000,10000000,10,825010
147,294353000,294553000,10000000,10000000,1929000,2129000,263395000,263395000,2129000,2129000,16900000,16900000,19029000,19029000,30958000,31158000,10000000,10000000,1929000,2129000,0,0,2129000,2129000,16900000,16900000,19029000,19029000,10000010,26081130,10000000,10000000,10,16081130
177,289688000,290054000,10000000,10000000,16293000,16659000,263395000,263395000,0,0,0,0,0,0,26293000,26659000,10000000,10000000,16293000,16659000,0,0,0,0,0,0,0,0,10000010,10000000,10000000,10000000,10,0
207,303037000,303121000,10000000,10000000,10979000,11063000,263395000,263395000,11063000,11063000,7600000,7600000,18663000,18663000,39642000,39726000,10000000,10000000,10979000,11063000,0,0,11063000,11063000,7600000,7600000,18663000,18663000,10000010,21363060,10000000,10000000,10,11363060
237,286730000,293065000,10000000,10000000,445000,790000,263395000,263395000,790000,14780000,12100000,4100000,12890000,18880000,23335000,29670000,10000000,10000000,445000,790000,0,0,790000,14780000,12100000,4100000,12890000,18880000,10000010,24652080,10000000,10000000,10,14652080
267,296532000,560552000,10000000,10000000,2159000,2778000,263395000,526790000,2778000,2984000,18200000,18000000,20978000,20984000,33137000,33762000,10000000,10000000,2159000,2778000,0,0,2778000,2984000,18200000,18000000,20978000,20984000,10000010,12040060,10000000,10000000,10,2040060
297,299000000,562965000,10000000,10000000,3194000,3711000,263395000,526790000,3711000,3864000,18700000,18600000,22411000,22464000,35605000,36175000,10000000,10000000,3194000,3711000,0,0,3711000,3864000,18700000,18600000,22411000,22464000,10000010,14165110,10000000,10000000,10,4165110
327,307817000,573410000,10000000,10000000,11543000,12979000,263395000,526790000,12979000,14341000,9900000,9300000,22879000,23641000,44422000,46620000,10000000,10000000,11543000,12979000,0,0,12979000,14341000,9900000,9300000,22879000,23641000,10000010,23020090,10000000,10000000,10,13020090
357,282168000,545962000,10000000,10000000,3881000,4280000,263395000,526790000,3892000,3892000,1000000,1000000,4892000,4892000,18773000,19172000,10000000,10000000,3881000,4280000,0,0,3892000,3892000,1000000,1000000,4892000,4892000,10000010,11971030,10000000,10000000,10,1971030
387,290001000,817439000,10000000,10000000,1057000,1705000,263395000,790185000,1649000,1649000,13900000,13900000,15549000,15549000,26606000,27254000,10000000,10000000,1057000,1705000,0,0,1649000,1649000,13900000,13900000,15549000,15549000,10000010,25209130,10000000,10000000,10,15209130
417,275405000,803020000,10000000,10000000,667000,1492000,263395000,790185000,1243000,1243000,100000,100000,1343000,1343000,12010000,12835000,10000000,10000000,667000,1492000,0,0,1243000,1243000,100000,100000,1343000,1343000,10000010,10000000,10000000,10000000,10,0
28,317194000,318023000,10000000,10000000,11785000,12614000,263395000,263395000,12614000,12614000,19400000,19400000,32014000,32014000,53799000,54628000,10000000,10000000,11785000,12614000,0,0,12614000,12614000,19400000,19400000,32014000,32014000,10000010,10227010,10000000,10000000,10,227010
58,309726000,310324000,10000000,10000000,10944000,11287000,263395000,263395000,11287000,11742000,14100000,13900000,25387000,25642000,46331000,46929000,10000000,10000000,10944000,11287000,0,0,11287000,11742000,14100000,13900000,25387000,25642000,10000010,22684090,10000000,10000000,10,12684090
88,293249000,305287000,10000000,10000000,2473000,2981000,263395000,263395000,2981000,3711000,14400000,25200000,17381000,28911000,29854000,41892000,10000000,10000000,2473000,2981000,0,0,2981000,3711000,14400000,25200000,17381000,28911000,10000010,14402140,10000000,10000000,10,4402140
118,291573000,306999000,10000000,10000000,915000,11063000,263395000,263395000,11063000,14341000,6200000,8200000,17263000,22541000,28178000,43604000,10000000,10000000,915000,11063000,0,0,11063000,14341000,6200000,8200000,17263000,22541000,10000010,14256070,10000000,10000000,10,4256070
148,283653000,286247000,10000000,10000000,1469000,1689000,263395000,263395000,1689000,11063000,7100000,100000,8789000,11163000,20258000,22852000,10000000,10000000,1469000,1689000,0,0,1689000,11063000,7100000,100000,8789000,11163000,10000010,21363060,10000000,10000000,10,11363060
178,290054000,290997000,10000000,10000000,16659000,17602000,263395000,263395000,0,0,0,0,0,0,26659000,27602000,10000000,10000000,16659000,17602000,0,0,0,0,0,0,0,0,10000010,10000000,10000000,10000000,10,0
208,306731000,307009000,10000000,10000000,10979000,11257000,263395000,263395000,11257000,11257000,11100000,11100000,22357000,22357000,43336000,43614000,10000000,10000000,10979000,11257000,0,0,11257000,11257000,11100000,11100000,22357000,22357000,10000010,22105070,10000000,10000000,10,12105070
238,279695000,287019000,10000000,10000000,0,445000,263395000,263395000,0,12979000,6300000,200000,6300000,13179000,16300000,23624000,10000000,10000000,0,445000,0,0,0,12979000,6300000,200000,6300000,13179000,10000010,22534040,10000000,10000000,10,12534040
268,275335000,275603000,10000000,10000000,1940000,2208000,263395000,263395000,0,0,0,0,0,0,11940000,12208000,10000000,10000000,1940000,2208000,0,0,0,0,0,0,0,0,10000010,10000000,10000000,10000000,10,0
298,292998000,568582000,10000000,10000000,2322000,2981000,263395000,526790000,2981000,3711000,14300000,25100000,17281000,28811000,29603000,41792000,10000000,10000000,2322000,2981000,0,0,2981000,3711000,14300000,25100000,17281000,28811000,10000010,14251150,10000000,10000000,10,4251150
328,284938000,549344000,10000000,10000000,11543000,12554000,263395000,526790000,0,0,0,0,0,0,21543000,22554000,10000000,10000000,11543000,12554000,0,0,0,0,0,0,0,0,10000010,10000000,10000000,10000000,10,0
358,300535000,564650000,10000000,10000000,3560000,4280000,263395000,526790000,4280000,4280000,19300000,19300000,23580000,23580000,37140000,37860000,10000000,10000000,3560000,4280000,0,0,4280000,4280000,19300000,19300000,23580000,23580000,10000010,11650020,10000000,10000000,10,1650020
388,303791000,833135000,10000000,10000000,13955000,14973000,263395000,790185000,14341000,17377000,2100000,600000,16441000,17977000,40396000,42950000,10000000,10000000,13955000,14973000,0,0,14341000,17377000,2100000,600000,16441000,17977000,10000010,14963070,10000000,10000000,10,4963070
418,279870000,808673000,10000000,10000000,2119000,3769000,263395000,790185000,2256000,2719000,2100000,2000000,4356000,4719000,16475000,18488000,10000000,10000000,2119000,3769000,0,0,2256000,2719000,2100000,2000000,4356000,4719000,10000010,10774030,10000000,10000000,10,774030
29,313666000,333090000,10000000,10000000,11785000,12486000,263395000,263395000,12486000,18209000,16000000,29000000,28486000,47209000,50271000,69695000,10000000,10000000,11785000,12486000,0,0,12486000,18209000,16000000,29000000,28486000,47209000,10000010,15723080,10000000,10000000,10,5723080
59,302945000,303645000,10000000,10000000,10475000,11175000,263395000,263395000,11175000,11175000,7900000,7900000,19075000,19075000,39550000,40250000,10000000,10000000,10475000,11175000,0,0,11175000,11175000,7900000,7900000,19075000,19075000,10000010,10702010,10000000,10000000,10,702010
89,297361000,297679000,10000000,10000000,3474000,3792000,263395000,263395000,3792000,3792000,16700000,16700000,20492000,20492000,33966000,34284000,10000000,10000000,3474000,3792000,0,0,3792000,3792000,16700000,16700000,20492000,20492000,10000010,14674150,10000000,10000000,10,4674150
119,287817000,288125000,10000000,10000000,607000,915000,263395000,263395000,915000,915000,12900000,12900000,13815000,13815000,24422000,24730000,10000000,10000000,607000,915000,0,0,915000,915000,12900000,12900000,13815000,13815000,10000010,21593070,10000000,10000000,10,11593070
149,289191000,289273000,10000000,10000000,1607000,1689000,263395000,263395000,1689000,1689000,12500000,12500000,14189000,14189000,25796000,25878000,10000000,10000000,1607000,1689000,0,0,1689000,1689000,12500000,12500000,14189000,14189000,10000010,22255080,10000000,10000000,10,12255080
179,290997000,291309000,10000000,10000000,17602000,17914000,263395000,263395000,0,0,0,0,0,0,27602000,27914000,10000000,10000000,17602000,17914000,0,0,0,0,0,0,0,0,10000010,10000000,10000000,10000000,10,0
209,305331000,305592000,10000000,10000000,10718000,10979000,263395000,263395000,10718000,10718000,10500000,10500000,21218000,21218000,41936000,42197000,10000000,10000000,10718000,10979000,0,0,10718000,10718000,10500000,10500000,21218000,21218000,10000010,21500060,10000000,10000000,10,11500060
239,286468000,286547000,10000000,10000000,0,73000,263395000,263395000,73000,12979000,13000000,100000,13073000,13079000,23073000,23152000,10000000,10000000,0,73000,0,0,73000,12979000,13000000,100000,13073000,13079000,10000010,22979050,10000000,10000000,10,12979050
269,283455000,547675000,10000000,10000000,2479000,3304000,263395000,526790000,2981000,2981000,4600000,4600000,7581000,7581000,20060000,20885000,10000000,10000000,2479000,3304000,0,0,2981000,2981000,4600000,4600000,7581000,7581000,10000010,12618080,10000000,10000000,10,2618080
299,297962000,825753000,10000000,10000000,2473000,3304000,263395000,790185000,3194000,3864000,18900000,18400000,22094000,22264000,34567000,35568000,10000000,10000000,2473000,3304000,0,0,3194000,3864000,18900000,18400000,22094000,22264000,10000010,13443090,10000000,10000000,10,3443090
329,285763000,285949000,10000000,10000000,12368000,12554000,263395000,263395000,0,0,0,0,0,0,22368000,22554000,10000000,10000000,12368000,12554000,0,0,0,0,0,0,0,0,10000010,10000000,10000000,10000000,10,0
359,300520000,564500000,10000000,10000000,3905000,4120000,263395000,526790000,4120000,4490000,19100000,19100000,23220000,23590000,37125000,37710000,10000000,10000000,3905000,4120000,0,0,4120000,4490000,19100000,19100000,23220000,23590000,10000010,10370020,10000000,10000000,10,370020
389,283152000,283188000,10000000,10000000,9757000,9793000,263395000,263395000,0,0,0,0,0,0,19757000,19793000,10000000,10000000,9757000,9793000,0,0,0,0,0,0,0,0,10000010,10000000,10000000,10000000,10,0
419,282524000,810323000,10000000,10000000,3560000,4569000,263395000,790185000,4569000,4569000,1000000,1000000,5569000,5569000,19129000,20138000,10000000,10000000,3560000,4569000,0,0,4569000,4569000,1000000,1000000,5569000,5569000,10000010,10425030,10000000,10000000,10,425030
30,315953000,316541000,10000000,10000000,13135000,13723000,263395000,263395000,13723000,13723000,15700000,15700000,29423000,29423000,52558000,53146000,10000000,10000000,13135000,13723000,0,0,13723000,13723000,15700000,15700000,29423000,29423000,10000010,14242060,10000000,10000000,10,4242060
60,306845000,307445000,10000000,10000000,10575000,11175000,263395000,263395000,11175000,11175000,11700000,11700000,22875000,22875000,43450000,44050000,10000000,10000000,10575000,11175000,0,0,11175000,11175000,11700000,11700000,22875000,22875000,10000010,11336010,10000000,10000000,10,1336010
90,283879000,283951000,10000000,10000000,3792000,3864000,263395000,263395000,3792000,3792000,2900000,2900000,6692000,6692000,20484000,20556000,10000000,10000000,3792000,3864000,0,0,3792000,3792000,2900000,2900000,6692000,6692000,10000010,13722090,10000000,10000000,10,3722090
120,294935000,295245000,10000000,10000000,915000,1225000,263395000,263395000,1225000,1225000,19400000,19400000,20625000,20625000,31540000,31850000,10000000,10000000,915000,1225000,0,0,1225000,1225000,19400000,19400000,20625000,20625000,10000010,21563040,10000000,10000000,10,11563040
150,324681000,325513000,10000000,10000000,17377000,18209000,263395000,263395000,18209000,18209000,15700000,15700000,33909000,33909000,61286000,62118000,10000000,10000000,17377000,18209000,0,0,18209000,18209000,15700000,15700000,33909000,33909000,10000010,17493110,10000000,10000000,10,7493110
180,290997000,291513000,10000000,10000000,17602000,18118000,263395000,263395000,0,0,0,0,0,0,27602000,28118000,10000000,10000000,17602000,18118000,0,0,0,0,0,0,0,0,10000010,10000000,10000000,10000000,10,0
210,289658000,302554000,10000000,10000000,445000,10718000,263395000,263395000,10718000,14341000,5100000,4100000,15818000,18441000,26263000,39159000,10000000,10000000,445000,10718000,0,0,10718000,14341000,5100000,4100000,15818000,18441000,10000010,13911050,10000000,10000000,10,3911050
240,277287000,277975000,10000000,10000000,3892000,4580000,263395000,263395000,0,0,0,0,0,0,13892000,14580000,10000000,10000000,3892000,4580000,0,0,0,0,0,0,0,0,10000010,10000000,10000000,10000000,10,0
270,295841000,1086706000,10000000,10000000,1642000,2322000,263395000,1053580000,1904000,1904000,18900000,18900000,20804000,20804000,32446000,33126000,10000000,10000000,1642000,2322000,0,0,1904000,1904000,18900000,18900000,20804000,20804000,10000010,13571130,10000000,10000000,10,3571130
300,281433000,545218000,10000000,10000000,3474000,3864000,263395000,526790000,3864000,3864000,700000,700000,4564000,4564000,18038000,18428000,10000000,10000000,3474000,3864000,0,0,3864000,3864000,700000,700000,4564000,4564000,10000010,13258080,10000000,10000000,10,3258080
330,304290000,832402000,10000000,10000000,13955000,14640000,263395000,790185000,14640000,17377000,2300000,200000,16940000,17577000,40895000,42217000,10000000,10000000,13955000,14640000,0,0,14640000,17377000,2300000,200000,16940000,17577000,10000010,16478100,10000000,10000000,10,6478100
360,300020000,564345000,10000000,10000000,3560000,4065000,263395000,526790000,4065000,4490000,19000000,19000000,23065000,23490000,36625000,37555000,10000000,10000000,3560000,4065000,0,0,4065000,4490000,19000000,19000000,23065000,23490000,10000010,10425030,10000000,10000000,10,425030
390,301276000,566494000,10000000,10000000,10718000,11063000,263395000,526790000,11063000,14341000,6100000,4300000,17163000,18641000,37881000,39704000,10000000,10000000,10718000,11063000,0,0,11063000,14341000,6100000,4300000,17163000,18641000,10000010,23332060,10000000,10000000,10,13332060
420,299883000,828323000,10000000,10000000,2919000,4569000,263395000,790185000,4569000,4569000,19000000,19000000,23569000,23569000,36488000,38138000,10000000,10000000,2919000,4569000,0,0,4569000,4569000,19000000,19000000,23569000,23569000,10000010,10825010,10000000,10000000,10,825010
