,ssdn_lo,ssdn_hi,ssdn_detection_lo,ssdn_detection_hi,ssdn_notification_lo,ssdn_notification_hi,ssdn_computation_lo,ssdn_computation_hi,ssdn_transference_lo,ssdn_transference_hi,ssdn_installation_lo,ssdn_installation_hi,ssdn_update_lo,ssdn_update_hi,pcsdn_lo,pcsdn_hi,pcsdn_detection_lo,pcsdn_detection_hi,pcsdn_notification_lo,pcsdn_notification_hi,pcsdn_computation_lo,pcsdn_computation_hi,pcsdn_transference_lo,pcsdn_transference_hi,pcsdn_installation_lo,pcsdn_installation_hi,pcsdn_update_lo,pcsdn_update_hi,felix_lo,felix_hi,felix_detection_lo,felix_detection_hi,felix_coordination_lo,felix_coordination_hi
1,1088606000,1090606000,100000,100000,17000000,19000000,634506000,634506000,17000000,17000000,420000000,420000000,437000000,437000000,454100000,456100000,100000,100000,17000000,19000000,0,0,17000000,17000000,420000000,420000000,437000000,437000000,100010,47100020,100000,100000,10,47000020
31,722606000,722606000,100000,100000,19000000,19000000,634506000,634506000,19000000,19000000,50000000,50000000,69000000,69000000,88100000,88100000,100000,100000,19000000,19000000,0,0,19000000,19000000,50000000,50000000,69000000,69000000,100010,22100010,100000,100000,10,22000010
61,3015606000,3016606000,100000,100000,10000000,11000000,634506000,634506000,11000000,11000000,2360000000,2360000000,2371000000,2371000000,2381100000,2382100000,100000,100000,10000000,11000000,0,0,11000000,11000000,2360000000,2360000000,2371000000,2371000000,100010,86100040,100000,100000,10,86000040
91,3153606000,3154606000,100000,100000,19000000,20000000,634506000,634506000,20000000,20000000,2480000000,2480000000,2500000000,2500000000,2519100000,2520100000,100000,100000,19000000,20000000,0,0,20000000,20000000,2480000000,2480000000,2500000000,2500000000,100010,22100010,100000,100000,10,22000010
121,3437606000,3438606000,100000,100000,1000000,2000000,634506000,634506000,2000000,2000000,2800000000,2800000000,2802000000,2802000000,2803100000,2804100000,100000,100000,1000000,2000000,0,0,2000000,2000000,2800000000,2800000000,2802000000,2802000000,100010,82100030,100000,100000,10,82000030
151,1429606000,1430606000,100000,100000,7000000,8000000,634506000,634506000,8000000,8000000,780000000,780000000,788000000,788000000,795100000,796100000,100000,100000,7000000,8000000,0,0,8000000,8000000,780000000,780000000,788000000,788000000,100010,8100020,100000,100000,10,8000020
181,2284606000,2284606000,100000,100000,20000000,20000000,634506000,634506000,20000000,20000000,1610000000,1610000000,1630000000,1630000000,1650100000,1650100000,100000,100000,20000000,20000000,0,0,20000000,20000000,1610000000,1610000000,1630000000,1630000000,100010,27100040,100000,100000,10,27000040
211,1104606000,1104606000,100000,100000,20000000,20000000,634506000,634506000,20000000,20000000,430000000,430000000,450000000,450000000,470100000,470100000,100000,100000,20000000,20000000,0,0,20000000,20000000,430000000,430000000,450000000,450000000,100010,1100010,100000,100000,10,1000010
241,680606000,681606000,100000,100000,8000000,9000000,634506000,634506000,8000000,8000000,30000000,30000000,38000000,38000000,46100000,47100000,100000,100000,8000000,9000000,0,0,8000000,8000000,30000000,30000000,38000000,38000000,100010,1100010,100000,100000,10,1000010
271,2321606000,2322606000,100000,100000,8000000,9000000,634506000,634506000,9000000,9000000,1670000000,1670000000,1679000000,1679000000,1687100000,1688100000,100000,100000,8000000,9000000,0,0,9000000,9000000,1670000000,1670000000,1679000000,1679000000,100010,16100040,100000,100000,10,16000040
301,2593606000,2594606000,100000,100000,9000000,10000000,634506000,634506000,10000000,10000000,1940000000,1940000000,1950000000,1950000000,1959100000,1960100000,100000,100000,9000000,10000000,0,0,10000000,10000000,1940000000,1940000000,1950000000,1950000000,100010,16100040,100000,100000,10,16000040
331,3051606000,3052606000,100000,100000,8000000,9000000,634506000,634506000,9000000,9000000,2400000000,2400000000,2409000000,2409000000,2417100000,2418100000,100000,100000,8000000,9000000,0,0,9000000,9000000,2400000000,2400000000,2409000000,2409000000,100010,33100020,100000,100000,10,33000020
361,680606000,681606000,100000,100000,8000000,9000000,634506000,634506000,8000000,8000000,30000000,30000000,38000000,38000000,46100000,47100000,100000,100000,8000000,9000000,0,0,8000000,8000000,30000000,30000000,38000000,38000000,100010,1100010,100000,100000,10,1000010
391,1952606000,1952606000,100000,100000,9000000,9000000,634506000,634506000,9000000,9000000,1300000000,1300000000,1309000000,1309000000,1318100000,1318100000,100000,100000,9000000,9000000,0,0,9000000,9000000,1300000000,1300000000,1309000000,1309000000,100010,16100030,100000,100000,10,16000030
421,2400606000,2400606000,100000,100000,13000000,13000000,634506000,634506000,13000000,13000000,1740000000,1740000000,1753000000,1753000000,1766100000,1766100000,100000,100000,13000000,13000000,0,0,13000000,13000000,1740000000,1740000000,1753000000,1753000000,100010,2100010,100000,100000,10,2000010
451,2400606000,2400606000,100000,100000,13000000,13000000,634506000,634506000,13000000,13000000,1740000000,1740000000,1753000000,1753000000,1766100000,1766100000,100000,100000,13000000,13000000,0,0,13000000,13000000,1740000000,1740000000,1753000000,1753000000,100010,2100010,100000,100000,10,2000010
481,2637606000,2640606000,100000,100000,0,3000000,634506000,634506000,3000000,3000000,2000000000,2000000000,2003000000,2003000000,2003100000,2006100000,100000,100000,0,3000000,0,0,3000000,3000000,2000000000,2000000000,2003000000,2003000000,100010,44100050,100000,100000,10,44000050
511,3757606000,3758606000,100000,100000,46000000,47000000,634506000,634506000,47000000,47000000,3030000000,3030000000,3077000000,3077000000,3123100000,3124100000,100000,100000,46000000,47000000,0,0,47000000,47000000,3030000000,3030000000,3077000000,3077000000,100010,13100050,100000,100000,10,13000050
541,1740606000,1741606000,100000,100000,18000000,19000000,634506000,634506000,18000000,18000000,1070000000,1070000000,1088000000,1088000000,1106100000,1107100000,100000,100000,18000000,19000000,0,0,18000000,18000000,1070000000,1070000000,1088000000,1088000000,100010,72100020,100000,100000,10,72000020
571,2884606000,2884606000,100000,100000,10000000,10000000,634506000,634506000,10000000,10000000,2230000000,2230000000,2240000000,2240000000,2250100000,2250100000,100000,100000,10000000,10000000,0,0,10000000,10000000,2230000000,2230000000,2240000000,2240000000,100010,49100020,100000,100000,10,49000020
601,3399606000,3400606000,100000,100000,7000000,8000000,634506000,634506000,8000000,8000000,2750000000,2750000000,2758000000,2758000000,2765100000,2766100000,100000,100000,7000000,8000000,0,0,8000000,8000000,2750000000,2750000000,2758000000,2758000000,100010,26100040,100000,100000,10,26000040
631,2973606000,2974606000,100000,100000,9000000,10000000,634506000,634506000,10000000,10000000,2320000000,2320000000,2330000000,2330000000,2339100000,2340100000,100000,100000,9000000,10000000,0,0,10000000,10000000,2320000000,2320000000,2330000000,2330000000,100010,83100020,100000,100000,10,83000020
661,2504606000,2504606000,100000,100000,10000000,10000000,634506000,634506000,10000000,10000000,1850000000,1850000000,1860000000,1860000000,1870100000,1870100000,100000,100000,10000000,10000000,0,0,10000000,10000000,1850000000,1850000000,1860000000,1860000000,100010,42100020,100000,100000,10,42000020
691,1862606000,1878606000,100000,100000,1000000,17000000,634506000,634506000,17000000,17000000,1210000000,1210000000,1227000000,1227000000,1228100000,1244100000,100000,100000,1000000,17000000,0,0,17000000,17000000,1210000000,1210000000,1227000000,1227000000,100010,9100020,100000,100000,10,9000020
721,1456606000,1456606000,100000,100000,1000000,1000000,634506000,634506000,1000000,1000000,820000000,820000000,821000000,821000000,822100000,822100000,100000,100000,1000000,1000000,0,0,1000000,1000000,820000000,820000000,821000000,821000000,100010,18100020,100000,100000,10,18000020
751,1726606000,1726606000,100000,100000,1000000,1000000,634506000,634506000,1000000,1000000,1090000000,1090000000,1091000000,1091000000,1092100000,1092100000,100000,100000,1000000,1000000,0,0,1000000,1000000,1090000000,1090000000,1091000000,1091000000,100010,81100040,100000,100000,10,81000040
781,2155606000,2156606000,100000,100000,0,1000000,634506000,634506000,1000000,1000000,1520000000,1520000000,1521000000,1521000000,1521100000,1522100000,100000,100000,0,1000000,0,0,1000000,1000000,1520000000,1520000000,1521000000,1521000000,100010,44100050,100000,100000,10,44000050
811,1956606000,1956606000,100000,100000,1000000,1000000,634506000,634506000,1000000,1000000,1320000000,1320000000,1321000000,1321000000,1322100000,1322100000,100000,100000,1000000,1000000,0,0,1000000,1000000,1320000000,1320000000,1321000000,1321000000,100010,18100020,100000,100000,10,18000020
841,1304606000,1308606000,100000,100000,8000000,12000000,634506000,634506000,12000000,12000000,650000000,650000000,662000000,662000000,670100000,674100000,100000,100000,8000000,12000000,0,0,12000000,12000000,650000000,650000000,662000000,662000000,100010,10100030,100000,100000,10,10000030
871,2889606000,2890606000,100000,100000,7000000,8000000,634506000,634506000,8000000,8000000,2240000000,2240000000,2248000000,2248000000,2255100000,2256100000,100000,100000,7000000,8000000,0,0,8000000,8000000,2240000000,2240000000,2248000000,2248000000,100010,85100030,100000,100000,10,85000030
901,2989606000,2990606000,100000,100000,7000000,8000000,634506000,634506000,8000000,8000000,2340000000,2340000000,2348000000,2348000000,2355100000,2356100000,100000,100000,7000000,8000000,0,0,8000000,8000000,2340000000,2340000000,2348000000,2348000000,100010,7100010,100000,100000,10,7000010
931,644606000,645606000,100000,100000,10000000,11000000,634506000,634506000,0,0,0,0,0,0,10100000,11100000,100000,100000,10000000,11000000,0,0,0,0,0,0,0,0,100010,100000,100000,100000,10,0
961,1971606000,1972606000,100000,100000,8000000,9000000,634506000,634506000,9000000,9000000,1320000000,1320000000,1329000000,1329000000,1337100000,1338100000,100000,100000,8000000,9000000,0,0,9000000,9000000,1320000000,1320000000,1329000000,1329000000,100010,37100040,100000,100000,10,37000040
991,2962606000,16935738000,100000,100000,8000000,22000000,634506000,14593638000,20000000,20000000,2300000000,2300000000,2320000000,2320000000,2328100000,2342100000,100000,100000,8000000,22000000,0,0,20000000,20000000,2300000000,2300000000,2320000000,2320000000,100010,22100010,100000,100000,10,22000010
1021,3742606000,4383112000,100000,100000,41000000,47000000,634506000,1269012000,47000000,47000000,3020000000,3020000000,3067000000,3067000000,3108100000,3114100000,100000,100000,41000000,47000000,0,0,47000000,47000000,3020000000,3020000000,3067000000,3067000000,100010,7100030,100000,100000,10,7000030
1051,3767606000,12021184000,100000,100000,5000000,10000000,634506000,8883084000,8000000,8000000,3120000000,3120000000,3128000000,3128000000,3133100000,3138100000,100000,100000,5000000,10000000,0,0,8000000,8000000,3120000000,3120000000,3128000000,3128000000,100010,17100030,100000,100000,10,17000030
1081,3316606000,12203690000,100000,100000,5000000,9000000,634506000,9517590000,7000000,7000000,2670000000,2670000000,2677000000,2677000000,2682100000,2686100000,100000,100000,5000000,9000000,0,0,7000000,7000000,2670000000,2670000000,2677000000,2677000000,100010,77100030,100000,100000,10,77000030
1111,3774606000,8222148000,100000,100000,7000000,13000000,634506000,5076048000,13000000,13000000,3120000000,3120000000,3133000000,3133000000,3140100000,3146100000,100000,100000,7000000,13000000,0,0,13000000,13000000,3120000000,3120000000,3133000000,3133000000,100010,100000,100000,100000,10,0
1141,3766606000,6949136000,100000,100000,1000000,11000000,634506000,3807036000,11000000,11000000,3120000000,3120000000,3131000000,3131000000,3132100000,3142100000,100000,100000,1000000,11000000,0,0,11000000,11000000,3120000000,3120000000,3131000000,3131000000,100010,58100030,100000,100000,10,58000030
1171,670606000,3209630000,100000,100000,8000000,9000000,634506000,3172530000,8000000,8000000,20000000,20000000,28000000,28000000,36100000,37100000,100000,100000,8000000,9000000,0,0,8000000,8000000,20000000,20000000,28000000,28000000,100010,100000,100000,100000,10,0
1201,2448606000,6257642000,100000,100000,11000000,13000000,634506000,4441542000,13000000,13000000,1790000000,1790000000,1803000000,1803000000,1814100000,1816100000,100000,100000,11000000,13000000,0,0,13000000,13000000,1790000000,1790000000,1803000000,1803000000,100010,33100020,100000,100000,10,33000020
1231,965606000,2235618000,100000,100000,10000000,11000000,634506000,1903518000,11000000,11000000,310000000,310000000,321000000,321000000,331100000,332100000,100000,100000,10000000,11000000,0,0,11000000,11000000,310000000,310000000,321000000,321000000,100010,100000,100000,100000,10,0
1261,649606000,1285112000,100000,100000,15000000,16000000,634506000,1269012000,0,0,0,0,0,0,15100000,16100000,100000,100000,15000000,16000000,0,0,0,0,0,0,0,0,100010,100000,100000,100000,10,0
2,2279606000,2280606000,100000,100000,17000000,18000000,634506000,634506000,18000000,18000000,1610000000,1610000000,1628000000,1628000000,1645100000,1646100000,100000,100000,17000000,18000000,0,0,18000000,18000000,1610000000,1610000000,1628000000,1628000000,100010,74100030,100000,100000,10,74000030
32,3163606000,3164606000,100000,100000,19000000,20000000,634506000,634506000,20000000,20000000,2490000000,2490000000,2510000000,2510000000,2529100000,2530100000,100000,100000,19000000,20000000,0,0,20000000,20000000,2490000000,2490000000,2510000000,2510000000,100010,22100010,100000,100000,10,22000010
62,2966606000,2968606000,100000,100000,10000000,12000000,634506000,634506000,12000000,12000000,2310000000,2310000000,2322000000,2322000000,2332100000,2334100000,100000,100000,10000000,12000000,0,0,12000000,12000000,2310000000,2310000000,2322000000,2322000000,100010,68100040,100000,100000,10,68000040
92,3153606000,3154606000,100000,100000,19000000,20000000,634506000,634506000,20000000,20000000,2480000000,2480000000,2500000000,2500000000,2519100000,2520100000,100000,100000,19000000,20000000,0,0,20000000,20000000,2480000000,2480000000,2500000000,2500000000,100010,22100010,100000,100000,10,22000010
122,1666606000,1666606000,100000,100000,1000000,1000000,634506000,634506000,1000000,1000000,1030000000,1030000000,1031000000,1031000000,1032100000,1032100000,100000,100000,1000000,1000000,0,0,1000000,1000000,1030000000,1030000000,1031000000,1031000000,100010,81100040,100000,100000,10,81000040
152,1630606000,1630606000,100000,100000,8000000,8000000,634506000,634506000,8000000,8000000,980000000,980000000,988000000,988000000,996100000,996100000,100000,100000,8000000,8000000,0,0,8000000,8000000,980000000,980000000,988000000,988000000,100010,25100030,100000,100000,10,25000030
182,1383606000,1384606000,100000,100000,19000000,20000000,634506000,634506000,20000000,20000000,710000000,710000000,730000000,730000000,749100000,750100000,100000,100000,19000000,20000000,0,0,20000000,20000000,710000000,710000000,730000000,730000000,100010,23100020,100000,100000,10,23000020
212,2333606000,2334606000,100000,100000,19000000,20000000,634506000,634506000,20000000,20000000,1660000000,1660000000,1680000000,1680000000,1699100000,1700100000,100000,100000,19000000,20000000,0,0,20000000,20000000,1660000000,1660000000,1680000000,1680000000,100010,11100010,100000,100000,10,11000010
242,1952606000,1952606000,100000,100000,9000000,9000000,634506000,634506000,9000000,9000000,1300000000,1300000000,1309000000,1309000000,1318100000,1318100000,100000,100000,9000000,9000000,0,0,9000000,9000000,1300000000,1300000000,1309000000,1309000000,100010,16100030,100000,100000,10,16000030
272,2321606000,2322606000,100000,100000,8000000,9000000,634506000,634506000,9000000,9000000,1670000000,1670000000,1679000000,1679000000,1687100000,1688100000,100000,100000,8000000,9000000,0,0,9000000,9000000,1670000000,1670000000,1679000000,1679000000,100010,16100040,100000,100000,10,16000040
302,2372606000,2372606000,100000,100000,9000000,9000000,634506000,634506000,9000000,9000000,1720000000,1720000000,1729000000,1729000000,1738100000,1738100000,100000,100000,9000000,9000000,0,0,9000000,9000000,1720000000,1720000000,1729000000,1729000000,100010,16100040,100000,100000,10,16000040
332,3051606000,3052606000,100000,100000,8000000,9000000,634506000,634506000,9000000,9000000,2400000000,2400000000,2409000000,2409000000,2417100000,2418100000,100000,100000,8000000,9000000,0,0,9000000,9000000,2400000000,2400000000,2409000000,2409000000,100010,33100020,100000,100000,10,33000020
362,1295606000,1300606000,100000,100000,8000000,13000000,634506000,634506000,13000000,13000000,640000000,640000000,653000000,653000000,661100000,666100000,100000,100000,8000000,13000000,0,0,13000000,13000000,640000000,640000000,653000000,653000000,100010,7100040,100000,100000,10,7000040
392,1952606000,1952606000,100000,100000,9000000,9000000,634506000,634506000,9000000,9000000,1300000000,1300000000,1309000000,1309000000,1318100000,1318100000,100000,100000,9000000,9000000,0,0,9000000,9000000,1300000000,1300000000,1309000000,1309000000,100010,16100030,100000,100000,10,16000030
422,3729606000,3730606000,100000,100000,12000000,13000000,634506000,634506000,13000000,13000000,3070000000,3070000000,3083000000,3083000000,3095100000,3096100000,100000,100000,12000000,13000000,0,0,13000000,13000000,3070000000,3070000000,3083000000,3083000000,100010,2100010,100000,100000,10,2000010
452,645606000,649606000,100000,100000,11000000,15000000,634506000,634506000,0,0,0,0,0,0,11100000,15100000,100000,100000,11000000,15000000,0,0,0,0,0,0,0,0,100010,100000,100000,100000,10,0
482,3201606000,3202606000,100000,100000,3000000,4000000,634506000,634506000,4000000,4000000,2560000000,2560000000,2564000000,2564000000,2567100000,2568100000,100000,100000,3000000,4000000,0,0,4000000,4000000,2560000000,2560000000,2564000000,2564000000,100010,82100040,100000,100000,10,82000040
512,3751606000,3756606000,100000,100000,41000000,46000000,634506000,634506000,46000000,46000000,3030000000,3030000000,3076000000,3076000000,3117100000,3122100000,100000,100000,41000000,46000000,0,0,46000000,46000000,3030000000,3030000000,3076000000,3076000000,100010,9100040,100000,100000,10,9000040
542,1499606000,1500606000,100000,100000,17000000,18000000,634506000,634506000,18000000,18000000,830000000,830000000,848000000,848000000,865100000,866100000,100000,100000,17000000,18000000,0,0,18000000,18000000,830000000,830000000,848000000,848000000,100010,21100010,100000,100000,10,21000010
572,2884606000,2884606000,100000,100000,10000000,10000000,634506000,634506000,10000000,10000000,2230000000,2230000000,2240000000,2240000000,2250100000,2250100000,100000,100000,10000000,10000000,0,0,10000000,10000000,2230000000,2230000000,2240000000,2240000000,100010,49100020,100000,100000,10,49000020
602,3399606000,3400606000,100000,100000,7000000,8000000,634506000,634506000,8000000,8000000,2750000000,2750000000,2758000000,2758000000,2765100000,2766100000,100000,100000,7000000,8000000,0,0,8000000,8000000,2750000000,2750000000,2758000000,2758000000,100010,26100040,100000,100000,10,26000040
632,2183606000,2184606000,100000,100000,9000000,10000000,634506000,634506000,10000000,10000000,1530000000,1530000000,1540000000,1540000000,1549100000,1550100000,100000,100000,9000000,10000000,0,0,10000000,10000000,1530000000,1530000000,1540000000,1540000000,100010,83100020,100000,100000,10,83000020
662,3778606000,3780606000,100000,100000,6000000,8000000,634506000,634506000,8000000,8000000,3130000000,3130000000,3138000000,3138000000,3144100000,3146100000,100000,100000,6000000,8000000,0,0,8000000,8000000,3130000000,3130000000,3138000000,3138000000,100010,22100030,100000,100000,10,22000030
692,3239606000,3240606000,100000,100000,17000000,18000000,634506000,634506000,18000000,18000000,2570000000,2570000000,2588000000,2588000000,2605100000,2606100000,100000,100000,17000000,18000000,0,0,18000000,18000000,2570000000,2570000000,2588000000,2588000000,100010,21100010,100000,100000,10,21000010
722,2245606000,2246606000,100000,100000,0,1000000,634506000,634506000,1000000,1000000,1610000000,1610000000,1611000000,1611000000,1611100000,1612100000,100000,100000,0,1000000,0,0,1000000,1000000,1610000000,1610000000,1611000000,1611000000,100010,81100030,100000,100000,10,81000030
752,1956606000,1956606000,100000,100000,1000000,1000000,634506000,634506000,1000000,1000000,1320000000,1320000000,1321000000,1321000000,1322100000,1322100000,100000,100000,1000000,1000000,0,0,1000000,1000000,1320000000,1320000000,1321000000,1321000000,100010,18100020,100000,100000,10,18000020
782,1756606000,1756606000,100000,100000,1000000,1000000,634506000,634506000,1000000,1000000,1120000000,1120000000,1121000000,1121000000,1122100000,1122100000,100000,100000,1000000,1000000,0,0,1000000,1000000,1120000000,1120000000,1121000000,1121000000,100010,81100040,100000,100000,10,81000040
812,1986606000,1986606000,100000,100000,1000000,1000000,634506000,634506000,1000000,1000000,1350000000,1350000000,1351000000,1351000000,1352100000,1352100000,100000,100000,1000000,1000000,0,0,1000000,1000000,1350000000,1350000000,1351000000,1351000000,100010,18100020,100000,100000,10,18000020
842,930606000,930606000,100000,100000,8000000,8000000,634506000,634506000,8000000,8000000,280000000,280000000,288000000,288000000,296100000,296100000,100000,100000,8000000,8000000,0,0,8000000,8000000,280000000,280000000,288000000,288000000,100010,10100030,100000,100000,10,10000030
872,1949606000,1950606000,100000,100000,7000000,8000000,634506000,634506000,8000000,8000000,1300000000,1300000000,1308000000,1308000000,1315100000,1316100000,100000,100000,7000000,8000000,0,0,8000000,8000000,1300000000,1300000000,1308000000,1308000000,100010,33100030,100000,100000,10,33000030
902,3349606000,3350606000,100000,100000,7000000,8000000,634506000,634506000,8000000,8000000,2700000000,2700000000,2708000000,2708000000,2715100000,2716100000,100000,100000,7000000,8000000,0,0,8000000,8000000,2700000000,2700000000,2708000000,2708000000,100010,45100040,100000,100000,10,45000040
932,2214606000,2214606000,100000,100000,10000000,10000000,634506000,634506000,10000000,10000000,1560000000,1560000000,1570000000,1570000000,1580100000,1580100000,100000,100000,10000000,10000000,0,0,10000000,10000000,1560000000,1560000000,1570000000,1570000000,100010,24100030,100000,100000,10,24000030
962,2040606000,2040606000,100000,100000,13000000,13000000,634506000,634506000,13000000,13000000,1380000000,1380000000,1393000000,1393000000,1406100000,1406100000,100000,100000,13000000,13000000,0,0,13000000,13000000,1380000000,1380000000,1393000000,1393000000,100010,47100050,100000,100000,10,47000050
992,2713606000,14781220000,100000,100000,9000000,21000000,634506000,12690120000,20000000,20000000,2050000000,2050000000,2070000000,2070000000,2079100000,2091100000,100000,100000,9000000,21000000,0,0,20000000,20000000,2050000000,2050000000,2070000000,2070000000,100010,47100020,100000,100000,10,47000020
1022,836606000,1472112000,100000,100000,46000000,47000000,634506000,1269012000,46000000,46000000,110000000,110000000,156000000,156000000,202100000,203100000,100000,100000,46000000,47000000,0,0,46000000,46000000,110000000,110000000,156000000,156000000,100010,9100040,100000,100000,10,9000040
1052,3637606000,10622172000,100000,100000,5000000,10000000,634506000,7614072000,8000000,8000000,2990000000,2990000000,2998000000,2998000000,3003100000,3008100000,100000,100000,5000000,10000000,0,0,8000000,8000000,2990000000,2990000000,2998000000,2998000000,100010,100000,100000,100000,10,0
1082,2900606000,11799690000,100000,100000,0,16000000,634506000,9517590000,6000000,6000000,2260000000,2260000000,2266000000,2266000000,2266100000,2282100000,100000,100000,0,16000000,0,0,6000000,6000000,2260000000,2260000000,2266000000,2266000000,100010,68100040,100000,100000,10,68000040
1112,1475606000,4020630000,100000,100000,2000000,9000000,634506000,3172530000,9000000,9000000,830000000,830000000,839000000,839000000,841100000,848100000,100000,100000,2000000,9000000,0,0,9000000,9000000,830000000,830000000,839000000,839000000,100010,7100020,100000,100000,10,7000020
1142,915606000,4089136000,100000,100000,0,1000000,634506000,3807036000,1000000,1000000,280000000,280000000,281000000,281000000,281100000,282100000,100000,100000,0,1000000,0,0,1000000,1000000,280000000,280000000,281000000,281000000,100010,100000,100000,100000,10,0
1172,670606000,3209630000,100000,100000,8000000,9000000,634506000,3172530000,8000000,8000000,20000000,20000000,28000000,28000000,36100000,37100000,100000,100000,8000000,9000000,0,0,8000000,8000000,20000000,20000000,28000000,28000000,100010,100000,100000,100000,10,0
1202,650606000,651606000,100000,100000,16000000,17000000,634506000,634506000,0,0,0,0,0,0,16100000,17100000,100000,100000,16000000,17000000,0,0,0,0,0,0,0,0,100010,100000,100000,100000,10,0
1232,908606000,3447630000,100000,100000,7000000,8000000,634506000,3172530000,7000000,7000000,260000000,260000000,267000000,267000000,274100000,275100000,100000,100000,7000000,8000000,0,0,7000000,7000000,260000000,260000000,267000000,267000000,100010,100000,100000,100000,10,0
1262,1080606000,2986124000,100000,100000,17000000,19000000,634506000,2538024000,19000000,19000000,410000000,410000000,429000000,429000000,446100000,448100000,100000,100000,17000000,19000000,0,0,19000000,19000000,410000000,410000000,429000000,429000000,100010,100000,100000,100000,10,0
3,1268606000,1268606000,100000,100000,17000000,17000000,634506000,634506000,17000000,17000000,600000000,600000000,617000000,617000000,634100000,634100000,100000,100000,17000000,17000000,0,0,17000000,17000000,600000000,600000000,617000000,617000000,100010,68100020,100000,100000,10,68000020
33,2753606000,2754606000,100000,100000,19000000,20000000,634506000,634506000,20000000,20000000,2080000000,2080000000,2100000000,2100000000,2119100000,2120100000,100000,100000,19000000,20000000,0,0,20000000,20000000,2080000000,2080000000,2100000000,2100000000,100010,27100050,100000,100000,10,27000050
63,3065606000,3066606000,100000,100000,10000000,11000000,634506000,634506000,11000000,11000000,2410000000,2410000000,2421000000,2421000000,2431100000,2432100000,100000,100000,10000000,11000000,0,0,11000000,11000000,2410000000,2410000000,2421000000,2421000000,100010,68100040,100000,100000,10,68000040
93,3153606000,3154606000,100000,100000,19000000,20000000,634506000,634506000,20000000,20000000,2480000000,2480000000,2500000000,2500000000,2519100000,2520100000,100000,100000,19000000,20000000,0,0,20000000,20000000,2480000000,2480000000,2500000000,2500000000,100010,22100010,100000,100000,10,22000010
123,2093606000,2100606000,100000,100000,1000000,8000000,634506000,634506000,8000000,8000000,1450000000,1450000000,1458000000,1458000000,1459100000,1466100000,100000,100000,1000000,8000000,0,0,8000000,8000000,1450000000,1450000000,1458000000,1458000000,100010,20100030,100000,100000,10,20000030
153,1680606000,1680606000,100000,100000,8000000,8000000,634506000,634506000,8000000,8000000,1030000000,1030000000,1038000000,1038000000,1046100000,1046100000,100000,100000,8000000,8000000,0,0,8000000,8000000,1030000000,1030000000,1038000000,1038000000,100010,25100030,100000,100000,10,25000030
183,1974606000,1974606000,100000,100000,20000000,20000000,634506000,634506000,20000000,20000000,1300000000,1300000000,1320000000,1320000000,1340100000,1340100000,100000,100000,20000000,20000000,0,0,20000000,20000000,1300000000,1300000000,1320000000,1320000000,100010,67100030,100000,100000,10,67000030
213,1104606000,1104606000,100000,100000,20000000,20000000,634506000,634506000,20000000,20000000,430000000,430000000,450000000,450000000,470100000,470100000,100000,100000,20000000,20000000,0,0,20000000,20000000,430000000,430000000,450000000,450000000,100010,1100010,100000,100000,10,1000010
243,2321606000,2322606000,100000,100000,8000000,9000000,634506000,634506000,9000000,9000000,1670000000,1670000000,1679000000,1679000000,1687100000,1688100000,100000,100000,8000000,9000000,0,0,9000000,9000000,1670000000,1670000000,1679000000,1679000000,100010,16100040,100000,100000,10,16000040
273,2321606000,2322606000,100000,100000,8000000,9000000,634506000,634506000,9000000,9000000,1670000000,1670000000,1679000000,1679000000,1687100000,1688100000,100000,100000,8000000,9000000,0,0,9000000,9000000,1670000000,1670000000,1679000000,1679000000,100010,16100040,100000,100000,10,16000040
303,2372606000,2372606000,100000,100000,9000000,9000000,634506000,634506000,9000000,9000000,1720000000,1720000000,1729000000,1729000000,1738100000,1738100000,100000,100000,9000000,9000000,0,0,9000000,9000000,1720000000,1720000000,1729000000,1729000000,100010,16100040,100000,100000,10,16000040
333,3051606000,3052606000,100000,100000,8000000,9000000,634506000,634506000,9000000,9000000,2400000000,2400000000,2409000000,2409000000,2417100000,2418100000,100000,100000,8000000,9000000,0,0,9000000,9000000,2400000000,2400000000,2409000000,2409000000,100010,33100020,100000,100000,10,33000020
363,1743606000,1750606000,100000,100000,1000000,8000000,634506000,634506000,8000000,8000000,1100000000,1100000000,1108000000,1108000000,1109100000,1116100000,100000,100000,1000000,8000000,0,0,8000000,8000000,1100000000,1100000000,1108000000,1108000000,100010,74100050,100000,100000,10,74000050
393,1952606000,1952606000,100000,100000,9000000,9000000,634506000,634506000,9000000,9000000,1300000000,1300000000,1309000000,1309000000,1318100000,1318100000,100000,100000,9000000,9000000,0,0,9000000,9000000,1300000000,1300000000,1309000000,1309000000,100010,16100030,100000,100000,10,16000030
423,2466606000,2466606000,100000,100000,11000000,11000000,634506000,634506000,11000000,11000000,1810000000,1810000000,1821000000,1821000000,1832100000,1832100000,100000,100000,11000000,11000000,0,0,11000000,11000000,1810000000,1810000000,1821000000,1821000000,100010,26100040,100000,100000,10,26000040
453,1596606000,1596606000,100000,100000,11000000,11000000,634506000,634506000,11000000,11000000,940000000,940000000,951000000,951000000,962100000,962100000,100000,100000,11000000,11000000,0,0,11000000,11000000,940000000,940000000,951000000,951000000,100010,33100020,100000,100000,10,33000020
483,3351606000,3352606000,100000,100000,3000000,4000000,634506000,634506000,4000000,4000000,2710000000,2710000000,2714000000,2714000000,2717100000,2718100000,100000,100000,3000000,4000000,0,0,4000000,4000000,2710000000,2710000000,2714000000,2714000000,100010,83100050,100000,100000,10,83000050
513,838606000,838606000,100000,100000,47000000,47000000,634506000,634506000,47000000,47000000,110000000,110000000,157000000,157000000,204100000,204100000,100000,100000,47000000,47000000,0,0,47000000,47000000,110000000,110000000,157000000,157000000,100010,9100040,100000,100000,10,9000040
543,2040606000,2040606000,100000,100000,18000000,18000000,634506000,634506000,18000000,18000000,1370000000,1370000000,1388000000,1388000000,1406100000,1406100000,100000,100000,18000000,18000000,0,0,18000000,18000000,1370000000,1370000000,1388000000,1388000000,100010,62100010,100000,100000,10,62000010
573,2884606000,2884606000,100000,100000,10000000,10000000,634506000,634506000,10000000,10000000,2230000000,2230000000,2240000000,2240000000,2250100000,2250100000,100000,100000,10000000,10000000,0,0,10000000,10000000,2230000000,2230000000,2240000000,2240000000,100010,49100020,100000,100000,10,49000020
603,3379606000,3380606000,100000,100000,7000000,8000000,634506000,634506000,8000000,8000000,2730000000,2730000000,2738000000,2738000000,2745100000,2746100000,100000,100000,7000000,8000000,0,0,8000000,8000000,2730000000,2730000000,2738000000,2738000000,100010,26100040,100000,100000,10,26000040
633,2183606000,2184606000,100000,100000,9000000,10000000,634506000,634506000,10000000,10000000,1530000000,1530000000,1540000000,1540000000,1549100000,1550100000,100000,100000,9000000,10000000,0,0,10000000,10000000,1530000000,1530000000,1540000000,1540000000,100010,83100020,100000,100000,10,83000020
663,3648606000,3650606000,100000,100000,6000000,8000000,634506000,634506000,8000000,8000000,3000000000,3000000000,3008000000,3008000000,3014100000,3016100000,100000,100000,6000000,8000000,0,0,8000000,8000000,3000000000,3000000000,3008000000,3008000000,100010,10100010,100000,100000,10,10000010
693,2359606000,2360606000,100000,100000,17000000,18000000,634506000,634506000,18000000,18000000,1690000000,1690000000,1708000000,1708000000,1725100000,1726100000,100000,100000,17000000,18000000,0,0,18000000,18000000,1690000000,1690000000,1708000000,1708000000,100010,21100010,100000,100000,10,21000010
723,1226606000,1226606000,100000,100000,1000000,1000000,634506000,634506000,1000000,1000000,590000000,590000000,591000000,591000000,592100000,592100000,100000,100000,1000000,1000000,0,0,1000000,1000000,590000000,590000000,591000000,591000000,100010,81100040,100000,100000,10,81000040
753,2745606000,2746606000,100000,100000,0,1000000,634506000,634506000,1000000,1000000,2110000000,2110000000,2111000000,2111000000,2111100000,2112100000,100000,100000,0,1000000,0,0,1000000,1000000,2110000000,2110000000,2111000000,2111000000,100010,81100030,100000,100000,10,81000030
783,1756606000,1756606000,100000,100000,1000000,1000000,634506000,634506000,1000000,1000000,1120000000,1120000000,1121000000,1121000000,1122100000,1122100000,100000,100000,1000000,1000000,0,0,1000000,1000000,1120000000,1120000000,1121000000,1121000000,100010,81100040,100000,100000,10,81000040
813,1956606000,1956606000,100000,100000,1000000,1000000,634506000,634506000,1000000,1000000,1320000000,1320000000,1321000000,1321000000,1322100000,1322100000,100000,100000,1000000,1000000,0,0,1000000,1000000,1320000000,1320000000,1321000000,1321000000,100010,18100020,100000,100000,10,18000020
843,1383606000,1386606000,100000,100000,8000000,11000000,634506000,634506000,11000000,11000000,730000000,730000000,741000000,741000000,749100000,752100000,100000,100000,8000000,11000000,0,0,11000000,11000000,730000000,730000000,741000000,741000000,100010,8100020,100000,100000,10,8000020
873,3739606000,3740606000,100000,100000,7000000,8000000,634506000,634506000,8000000,8000000,3090000000,3090000000,3098000000,3098000000,3105100000,3106100000,100000,100000,7000000,8000000,0,0,8000000,8000000,3090000000,3090000000,3098000000,3098000000,100010,81100040,100000,100000,10,81000040
903,2999606000,3000606000,100000,100000,7000000,8000000,634506000,634506000,8000000,8000000,2350000000,2350000000,2358000000,2358000000,2365100000,2366100000,100000,100000,7000000,8000000,0,0,8000000,8000000,2350000000,2350000000,2358000000,2358000000,100010,7100010,100000,100000,10,7000010
933,2280606000,2280606000,100000,100000,13000000,13000000,634506000,634506000,13000000,13000000,1620000000,1620000000,1633000000,1633000000,1646100000,1646100000,100000,100000,13000000,13000000,0,0,13000000,13000000,1620000000,1620000000,1633000000,1633000000,100010,26100040,100000,100000,10,26000040
963,660606000,660606000,100000,100000,8000000,8000000,634506000,634506000,8000000,8000000,10000000,10000000,18000000,18000000,26100000,26100000,100000,100000,8000000,8000000,0,0,8000000,8000000,10000000,10000000,18000000,18000000,100010,100000,100000,100000,10,0
993,1093606000,11246702000,100000,100000,19000000,20000000,634506000,10786602000,20000000,20000000,420000000,420000000,440000000,440000000,459100000,460100000,100000,100000,19000000,20000000,0,0,20000000,20000000,420000000,420000000,440000000,440000000,100010,100000,100000,100000,10,0
1023,3794606000,5071618000,100000,100000,38000000,46000000,634506000,1903518000,42000000,42000000,3080000000,3080000000,3122000000,3122000000,3160100000,3168100000,100000,100000,38000000,46000000,0,0,42000000,42000000,3080000000,3080000000,3122000000,3122000000,100010,112100070,100000,100000,10,112000070
1053,640606000,646606000,100000,100000,6000000,12000000,634506000,634506000,0,0,0,0,0,0,6100000,12100000,100000,100000,6000000,12000000,0,0,0,0,0,0,0,0,100010,100000,100000,100000,10,0
1083,670606000,3209630000,100000,100000,8000000,9000000,634506000,3172530000,8000000,8000000,20000000,20000000,28000000,28000000,36100000,37100000,100000,100000,8000000,9000000,0,0,8000000,8000000,20000000,20000000,28000000,28000000,100010,100000,100000,100000,10,0
1113,641606000,1911618000,100000,100000,7000000,8000000,634506000,1903518000,0,0,0,0,0,0,7100000,8100000,100000,100000,7000000,8000000,0,0,0,0,0,0,0,0,100010,100000,100000,100000,10,0
1143,945606000,4126136000,100000,100000,0,8000000,634506000,3807036000,1000000,1000000,310000000,310000000,311000000,311000000,311100000,319100000,100000,100000,0,8000000,0,0,1000000,1000000,310000000,310000000,311000000,311000000,100010,100000,100000,100000,10,0
1173,2275606000,6087642000,100000,100000,8000000,13000000,634506000,4441542000,13000000,13000000,1620000000,1620000000,1633000000,1633000000,1641100000,1646100000,100000,100000,8000000,13000000,0,0,13000000,13000000,1620000000,1620000000,1633000000,1633000000,100010,17100030,100000,100000,10,17000030
1203,644606000,645606000,100000,100000,10000000,11000000,634506000,634506000,0,0,0,0,0,0,10100000,11100000,100000,100000,10000000,11000000,0,0,0,0,0,0,0,0,100010,100000,100000,100000,10,0
1233,3325606000,3961112000,100000,100000,80000000,81000000,634506000,1269012000,81000000,81000000,2530000000,2530000000,2611000000,2611000000,2691100000,2692100000,100000,100000,80000000,81000000,0,0,81000000,81000000,2530000000,2530000000,2611000000,2611000000,100010,132100030,100000,100000,10,132000030
1263,640606000,642606000,100000,100000,6000000,8000000,634506000,634506000,0,0,0,0,0,0,6100000,8100000,100000,100000,6000000,8000000,0,0,0,0,0,0,0,0,100010,100000,100000,100000,10,0
4,1611606000,1618606000,100000,100000,10000000,17000000,634506000,634506000,17000000,17000000,950000000,950000000,967000000,967000000,977100000,984100000,100000,100000,10000000,17000000,0,0,17000000,17000000,950000000,950000000,967000000,967000000,100010,65100030,100000,100000,10,65000030
34,3163606000,3164606000,100000,100000,19000000,20000000,634506000,634506000,20000000,20000000,2490000000,2490000000,2510000000,2510000000,2529100000,2530100000,100000,100000,19000000,20000000,0,0,20000000,20000000,2490000000,2490000000,2510000000,2510000000,100010,22100010,100000,100000,10,22000010
64,3065606000,3066606000,100000,100000,10000000,11000000,634506000,634506000,11000000,11000000,2410000000,2410000000,2421000000,2421000000,2431100000,2432100000,100000,100000,10000000,11000000,0,0,11000000,11000000,2410000000,2410000000,2421000000,2421000000,100010,68100040,100000,100000,10,68000040
94,1512606000,1512606000,100000,100000,19000000,19000000,634506000,634506000,19000000,19000000,840000000,840000000,859000000,859000000,878100000,878100000,100000,100000,19000000,19000000,0,0,19000000,19000000,840000000,840000000,859000000,859000000,100010,22100010,100000,100000,10,22000010
124,2246606000,2246606000,100000,100000,1000000,1000000,634506000,634506000,1000000,1000000,1610000000,1610000000,1611000000,1611000000,1612100000,1612100000,100000,100000,1000000,1000000,0,0,1000000,1000000,1610000000,1610000000,1611000000,1611000000,100010,12100030,100000,100000,10,12000030
154,1660606000,1660606000,100000,100000,8000000,8000000,634506000,634506000,8000000,8000000,1010000000,1010000000,1018000000,1018000000,1026100000,1026100000,100000,100000,8000000,8000000,0,0,8000000,8000000,1010000000,1010000000,1018000000,1018000000,100010,25100030,100000,100000,10,25000030
184,2274606000,2274606000,100000,100000,20000000,20000000,634506000,634506000,20000000,20000000,1600000000,1600000000,1620000000,1620000000,1640100000,1640100000,100000,100000,20000000,20000000,0,0,20000000,20000000,1600000000,1600000000,1620000000,1620000000,100010,27100040,100000,100000,10,27000040
214,994606000,994606000,100000,100000,20000000,20000000,634506000,634506000,20000000,20000000,320000000,320000000,340000000,340000000,360100000,360100000,100000,100000,20000000,20000000,0,0,20000000,20000000,320000000,320000000,340000000,340000000,100010,1100010,100000,100000,10,1000010
244,2301606000,2302606000,100000,100000,8000000,9000000,634506000,634506000,9000000,9000000,1650000000,1650000000,1659000000,1659000000,1667100000,1668100000,100000,100000,8000000,9000000,0,0,9000000,9000000,1650000000,1650000000,1659000000,1659000000,100010,11100010,100000,100000,10,11000010
274,2321606000,2322606000,100000,100000,8000000,9000000,634506000,634506000,9000000,9000000,1670000000,1670000000,1679000000,1679000000,1687100000,1688100000,100000,100000,8000000,9000000,0,0,9000000,9000000,1670000000,1670000000,1679000000,1679000000,100010,16100040,100000,100000,10,16000040
304,2372606000,2372606000,100000,100000,9000000,9000000,634506000,634506000,9000000,9000000,1720000000,1720000000,1729000000,1729000000,1738100000,1738100000,100000,100000,9000000,9000000,0,0,9000000,9000000,1720000000,1720000000,1729000000,1729000000,100010,16100040,100000,100000,10,16000040
334,3051606000,3052606000,100000,100000,8000000,9000000,634506000,634506000,9000000,9000000,2400000000,2400000000,2409000000,2409000000,2417100000,2418100000,100000,100000,8000000,9000000,0,0,9000000,9000000,2400000000,2400000000,2409000000,2409000000,100010,33100020,100000,100000,10,33000020
364,680606000,681606000,100000,100000,8000000,9000000,634506000,634506000,8000000,8000000,30000000,30000000,38000000,38000000,46100000,47100000,100000,100000,8000000,9000000,0,0,8000000,8000000,30000000,30000000,38000000,38000000,100010,1100010,100000,100000,10,1000010
394,1952606000,1952606000,100000,100000,9000000,9000000,634506000,634506000,9000000,9000000,1300000000,1300000000,1309000000,1309000000,1318100000,1318100000,100000,100000,9000000,9000000,0,0,9000000,9000000,1300000000,1300000000,1309000000,1309000000,100010,16100030,100000,100000,10,16000030
424,2357606000,2358606000,100000,100000,11000000,12000000,634506000,634506000,12000000,12000000,1700000000,1700000000,1712000000,1712000000,1723100000,1724100000,100000,100000,11000000,12000000,0,0,12000000,12000000,1700000000,1700000000,1712000000,1712000000,100010,26100040,100000,100000,10,26000040
454,1497606000,1498606000,100000,100000,11000000,12000000,634506000,634506000,12000000,12000000,840000000,840000000,852000000,852000000,863100000,864100000,100000,100000,11000000,12000000,0,0,12000000,12000000,840000000,840000000,852000000,852000000,100010,33100020,100000,100000,10,33000020
484,3351606000,3352606000,100000,100000,3000000,4000000,634506000,634506000,4000000,4000000,2710000000,2710000000,2714000000,2714000000,2717100000,2718100000,100000,100000,3000000,4000000,0,0,4000000,4000000,2710000000,2710000000,2714000000,2714000000,100010,83100050,100000,100000,10,83000050
514,3807606000,3808606000,100000,100000,41000000,42000000,634506000,634506000,42000000,42000000,3090000000,3090000000,3132000000,3132000000,3173100000,3174100000,100000,100000,41000000,42000000,0,0,42000000,42000000,3090000000,3090000000,3132000000,3132000000,100010,115100080,100000,100000,10,115000080
544,2040606000,2040606000,100000,100000,18000000,18000000,634506000,634506000,18000000,18000000,1370000000,1370000000,1388000000,1388000000,1406100000,1406100000,100000,100000,18000000,18000000,0,0,18000000,18000000,1370000000,1370000000,1388000000,1388000000,100010,62100010,100000,100000,10,62000010
574,2884606000,2884606000,100000,100000,10000000,10000000,634506000,634506000,10000000,10000000,2230000000,2230000000,2240000000,2240000000,2250100000,2250100000,100000,100000,10000000,10000000,0,0,10000000,10000000,2230000000,2230000000,2240000000,2240000000,100010,49100020,100000,100000,10,49000020
604,2143606000,2148606000,100000,100000,7000000,12000000,634506000,634506000,12000000,12000000,1490000000,1490000000,1502000000,1502000000,1509100000,1514100000,100000,100000,7000000,12000000,0,0,12000000,12000000,1490000000,1490000000,1502000000,1502000000,100010,11100030,100000,100000,10,11000030
634,2123606000,2124606000,100000,100000,9000000,10000000,634506000,634506000,10000000,10000000,1470000000,1470000000,1480000000,1480000000,1489100000,1490100000,100000,100000,9000000,10000000,0,0,10000000,10000000,1470000000,1470000000,1480000000,1480000000,100010,83100020,100000,100000,10,83000020
664,1856606000,1856606000,100000,100000,6000000,6000000,634506000,634506000,6000000,6000000,1210000000,1210000000,1216000000,1216000000,1222100000,1222100000,100000,100000,6000000,6000000,0,0,6000000,6000000,1210000000,1210000000,1216000000,1216000000,100010,20100030,100000,100000,10,20000030
694,3239606000,3240606000,100000,100000,17000000,18000000,634506000,634506000,18000000,18000000,2570000000,2570000000,2588000000,2588000000,2605100000,2606100000,100000,100000,17000000,18000000,0,0,18000000,18000000,2570000000,2570000000,2588000000,2588000000,100010,21100010,100000,100000,10,21000010
724,1344606000,1352606000,100000,100000,1000000,9000000,634506000,634506000,9000000,9000000,700000000,700000000,709000000,709000000,710100000,718100000,100000,100000,1000000,9000000,0,0,9000000,9000000,700000000,700000000,709000000,709000000,100010,1100010,100000,100000,10,1000010
754,1336606000,1336606000,100000,100000,1000000,1000000,634506000,634506000,1000000,1000000,700000000,700000000,701000000,701000000,702100000,702100000,100000,100000,1000000,1000000,0,0,1000000,1000000,700000000,700000000,701000000,701000000,100010,20100030,100000,100000,10,20000030
784,1756606000,1756606000,100000,100000,1000000,1000000,634506000,634506000,1000000,1000000,1120000000,1120000000,1121000000,1121000000,1122100000,1122100000,100000,100000,1000000,1000000,0,0,1000000,1000000,1120000000,1120000000,1121000000,1121000000,100010,81100040,100000,100000,10,81000040
814,2745606000,2746606000,100000,100000,0,1000000,634506000,634506000,1000000,1000000,2110000000,2110000000,2111000000,2111000000,2111100000,2112100000,100000,100000,0,1000000,0,0,1000000,1000000,2110000000,2110000000,2111000000,2111000000,100010,81100030,100000,100000,10,81000030
844,642606000,643606000,100000,100000,8000000,9000000,634506000,634506000,0,0,0,0,0,0,8100000,9100000,100000,100000,8000000,9000000,0,0,0,0,0,0,0,0,100010,100000,100000,100000,10,0
874,3739606000,3740606000,100000,100000,7000000,8000000,634506000,634506000,8000000,8000000,3090000000,3090000000,3098000000,3098000000,3105100000,3106100000,100000,100000,7000000,8000000,0,0,8000000,8000000,3090000000,3090000000,3098000000,3098000000,100010,81100040,100000,100000,10,81000040
904,3349606000,3350606000,100000,100000,7000000,8000000,634506000,634506000,8000000,8000000,2700000000,2700000000,2708000000,2708000000,2715100000,2716100000,100000,100000,7000000,8000000,0,0,8000000,8000000,2700000000,2700000000,2708000000,2708000000,100010,45100040,100000,100000,10,45000040
934,2290606000,2290606000,100000,100000,13000000,13000000,634506000,634506000,13000000,13000000,1630000000,1630000000,1643000000,1643000000,1656100000,1656100000,100000,100000,13000000,13000000,0,0,13000000,13000000,1630000000,1630000000,1643000000,1643000000,100010,26100040,100000,100000,10,26000040
964,3742606000,3746606000,100000,100000,42000000,46000000,634506000,634506000,46000000,46000000,3020000000,3020000000,3066000000,3066000000,3108100000,3112100000,100000,100000,42000000,46000000,0,0,46000000,46000000,3020000000,3020000000,3066000000,3066000000,100010,116100090,100000,100000,10,116000090
994,3602606000,20765268000,100000,100000,8000000,39000000,634506000,17766168000,20000000,20000000,2940000000,2940000000,2960000000,2960000000,2968100000,2999100000,100000,100000,8000000,39000000,0,0,20000000,20000000,2940000000,2940000000,2960000000,2960000000,100010,17100030,100000,100000,10,17000030
1024,2781606000,5975136000,100000,100000,18000000,39000000,634506000,3807036000,39000000,39000000,2090000000,2090000000,2129000000,2129000000,2147100000,2168100000,100000,100000,18000000,39000000,0,0,39000000,39000000,2090000000,2090000000,2129000000,2129000000,100010,11100010,100000,100000,10,11000010
1054,665606000,3210630000,100000,100000,5000000,12000000,634506000,3172530000,6000000,6000000,20000000,20000000,26000000,26000000,31100000,38100000,100000,100000,5000000,12000000,0,0,6000000,6000000,20000000,20000000,26000000,26000000,100010,100000,100000,100000,10,0
1084,654606000,656606000,100000,100000,20000000,22000000,634506000,634506000,0,0,0,0,0,0,20100000,22100000,100000,100000,20000000,22000000,0,0,0,0,0,0,0,0,100010,100000,100000,100000,10,0
1114,641606000,1911618000,100000,100000,7000000,8000000,634506000,1903518000,0,0,0,0,0,0,7100000,8100000,100000,100000,7000000,8000000,0,0,0,0,0,0,0,0,100010,100000,100000,100000,10,0
1144,915606000,3454630000,100000,100000,0,1000000,634506000,3172530000,1000000,1000000,280000000,280000000,281000000,281000000,281100000,282100000,100000,100000,0,1000000,0,0,1000000,1000000,280000000,280000000,281000000,281000000,100010,100000,100000,100000,10,0
1174,670606000,2575124000,100000,100000,8000000,9000000,634506000,2538024000,8000000,8000000,20000000,20000000,28000000,28000000,36100000,37100000,100000,100000,8000000,9000000,0,0,8000000,8000000,20000000,20000000,28000000,28000000,100010,100000,100000,100000,10,0
1204,652606000,1288112000,100000,100000,18000000,19000000,634506000,1269012000,0,0,0,0,0,0,18100000,19100000,100000,100000,18000000,19000000,0,0,0,0,0,0,0,0,100010,100000,100000,100000,10,0
1234,3373606000,4705618000,100000,100000,18000000,81000000,634506000,1903518000,81000000,81000000,2640000000,2640000000,2721000000,2721000000,2739100000,2802100000,100000,100000,18000000,81000000,0,0,81000000,81000000,2640000000,2640000000,2721000000,2721000000,100010,58100020,100000,100000,10,58000020
1264,640606000,642606000,100000,100000,6000000,8000000,634506000,634506000,0,0,0,0,0,0,6100000,8100000,100000,100000,6000000,8000000,0,0,0,0,0,0,0,0,100010,100000,100000,100000,10,0
5,1068606000,1070606000,100000,100000,17000000,19000000,634506000,634506000,17000000,17000000,400000000,400000000,417000000,417000000,434100000,436100000,100000,100000,17000000,19000000,0,0,17000000,17000000,400000000,400000000,417000000,417000000,100010,47100020,100000,100000,10,47000020
35,3163606000,3164606000,100000,100000,19000000,20000000,634506000,634506000,20000000,20000000,2490000000,2490000000,2510000000,2510000000,2529100000,2530100000,100000,100000,19000000,20000000,0,0,20000000,20000000,2490000000,2490000000,2510000000,2510000000,100010,22100010,100000,100000,10,22000010
65,3055606000,3056606000,100000,100000,10000000,11000000,634506000,634506000,11000000,11000000,2400000000,2400000000,2411000000,2411000000,2421100000,2422100000,100000,100000,10000000,11000000,0,0,11000000,11000000,2400000000,2400000000,2411000000,2411000000,100010,68100040,100000,100000,10,68000040
95,2853606000,2854606000,100000,100000,19000000,20000000,634506000,634506000,20000000,20000000,2180000000,2180000000,2200000000,2200000000,2219100000,2220100000,100000,100000,19000000,20000000,0,0,20000000,20000000,2180000000,2180000000,2200000000,2200000000,100010,50100040,100000,100000,10,50000040
125,3437606000,3438606000,100000,100000,1000000,2000000,634506000,634506000,2000000,2000000,2800000000,2800000000,2802000000,2802000000,2803100000,2804100000,100000,100000,1000000,2000000,0,0,2000000,2000000,2800000000,2800000000,2802000000,2802000000,100010,82100030,100000,100000,10,82000030
155,1960606000,1960606000,100000,100000,8000000,8000000,634506000,634506000,8000000,8000000,1310000000,1310000000,1318000000,1318000000,1326100000,1326100000,100000,100000,8000000,8000000,0,0,8000000,8000000,1310000000,1310000000,1318000000,1318000000,100010,25100030,100000,100000,10,25000030
185,2274606000,2274606000,100000,100000,20000000,20000000,634506000,634506000,20000000,20000000,1600000000,1600000000,1620000000,1620000000,1640100000,1640100000,100000,100000,20000000,20000000,0,0,20000000,20000000,1600000000,1600000000,1620000000,1620000000,100010,27100040,100000,100000,10,27000040
215,1104606000,1104606000,100000,100000,20000000,20000000,634506000,634506000,20000000,20000000,430000000,430000000,450000000,450000000,470100000,470100000,100000,100000,20000000,20000000,0,0,20000000,20000000,430000000,430000000,450000000,450000000,100010,1100010,100000,100000,10,1000010
245,2321606000,2322606000,100000,100000,8000000,9000000,634506000,634506000,9000000,9000000,1670000000,1670000000,1679000000,1679000000,1687100000,1688100000,100000,100000,8000000,9000000,0,0,9000000,9000000,1670000000,1670000000,1679000000,1679000000,100010,16100040,100000,100000,10,16000040
275,2372606000,2372606000,100000,100000,9000000,9000000,634506000,634506000,9000000,9000000,1720000000,1720000000,1729000000,1729000000,1738100000,1738100000,100000,100000,9000000,9000000,0,0,9000000,9000000,1720000000,1720000000,1729000000,1729000000,100010,16100040,100000,100000,10,16000040
305,2372606000,2372606000,100000,100000,9000000,9000000,634506000,634506000,9000000,9000000,1720000000,1720000000,1729000000,1729000000,1738100000,1738100000,100000,100000,9000000,9000000,0,0,9000000,9000000,1720000000,1720000000,1729000000,1729000000,100010,16100040,100000,100000,10,16000040
335,750606000,750606000,100000,100000,8000000,8000000,634506000,634506000,8000000,8000000,100000000,100000000,108000000,108000000,116100000,116100000,100000,100000,8000000,8000000,0,0,8000000,8000000,100000000,100000000,108000000,108000000,100010,13100010,100000,100000,10,13000010
365,680606000,681606000,100000,100000,8000000,9000000,634506000,634506000,8000000,8000000,30000000,30000000,38000000,38000000,46100000,47100000,100000,100000,8000000,9000000,0,0,8000000,8000000,30000000,30000000,38000000,38000000,100010,1100010,100000,100000,10,1000010
395,1952606000,1952606000,100000,100000,9000000,9000000,634506000,634506000,9000000,9000000,1300000000,1300000000,1309000000,1309000000,1318100000,1318100000,100000,100000,9000000,9000000,0,0,9000000,9000000,1300000000,1300000000,1309000000,1309000000,100010,16100030,100000,100000,10,16000030
425,1562606000,1566606000,100000,100000,7000000,11000000,634506000,634506000,11000000,11000000,910000000,910000000,921000000,921000000,928100000,932100000,100000,100000,7000000,11000000,0,0,11000000,11000000,910000000,910000000,921000000,921000000,100010,19100030,100000,100000,10,19000030
455,2066606000,2066606000,100000,100000,11000000,11000000,634506000,634506000,11000000,11000000,1410000000,1410000000,1421000000,1421000000,1432100000,1432100000,100000,100000,11000000,11000000,0,0,11000000,11000000,1410000000,1410000000,1421000000,1421000000,100010,33100020,100000,100000,10,33000020
485,3351606000,3352606000,100000,100000,3000000,4000000,634506000,634506000,4000000,4000000,2710000000,2710000000,2714000000,2714000000,2717100000,2718100000,100000,100000,3000000,4000000,0,0,4000000,4000000,2710000000,2710000000,2714000000,2714000000,100010,83100050,100000,100000,10,83000050
515,2812606000,2812606000,100000,100000,39000000,39000000,634506000,634506000,39000000,39000000,2100000000,2100000000,2139000000,2139000000,2178100000,2178100000,100000,100000,39000000,39000000,0,0,39000000,39000000,2100000000,2100000000,2139000000,2139000000,100010,33100020,100000,100000,10,33000020
545,2542606000,2604606000,100000,100000,18000000,80000000,634506000,634506000,80000000,80000000,1810000000,1810000000,1890000000,1890000000,1908100000,1970100000,100000,100000,18000000,80000000,0,0,80000000,80000000,1810000000,1810000000,1890000000,1890000000,100010,58100020,100000,100000,10,58000020
575,2874606000,2874606000,100000,100000,10000000,10000000,634506000,634506000,10000000,10000000,2220000000,2220000000,2230000000,2230000000,2240100000,2240100000,100000,100000,10000000,10000000,0,0,10000000,10000000,2220000000,2220000000,2230000000,2230000000,100010,49100020,100000,100000,10,49000020
605,643606000,645606000,100000,100000,9000000,11000000,634506000,634506000,0,0,0,0,0,0,9100000,11100000,100000,100000,9000000,11000000,0,0,0,0,0,0,0,0,100010,100000,100000,100000,10,0
635,643606000,644606000,100000,100000,9000000,10000000,634506000,634506000,0,0,0,0,0,0,9100000,10100000,100000,100000,9000000,10000000,0,0,0,0,0,0,0,0,100010,100000,100000,100000,10,0
665,1686606000,1686606000,100000,100000,6000000,6000000,634506000,634506000,6000000,6000000,1040000000,1040000000,1046000000,1046000000,1052100000,1052100000,100000,100000,6000000,6000000,0,0,6000000,6000000,1040000000,1040000000,1046000000,1046000000,100010,12100020,100000,100000,10,12000020
695,2359606000,2360606000,100000,100000,17000000,18000000,634506000,634506000,18000000,18000000,1690000000,1690000000,1708000000,1708000000,1725100000,1726100000,100000,100000,17000000,18000000,0,0,18000000,18000000,1690000000,1690000000,1708000000,1708000000,100010,21100010,100000,100000,10,21000010
725,976606000,976606000,100000,100000,1000000,1000000,634506000,634506000,1000000,1000000,340000000,340000000,341000000,341000000,342100000,342100000,100000,100000,1000000,1000000,0,0,1000000,1000000,340000000,340000000,341000000,341000000,100010,11100030,100000,100000,10,11000030
755,1586606000,1586606000,100000,100000,1000000,1000000,634506000,634506000,1000000,1000000,950000000,950000000,951000000,951000000,952100000,952100000,100000,100000,1000000,1000000,0,0,1000000,1000000,950000000,950000000,951000000,951000000,100010,18100020,100000,100000,10,18000020
785,1756606000,1756606000,100000,100000,1000000,1000000,634506000,634506000,1000000,1000000,1120000000,1120000000,1121000000,1121000000,1122100000,1122100000,100000,100000,1000000,1000000,0,0,1000000,1000000,1120000000,1120000000,1121000000,1121000000,100010,81100040,100000,100000,10,81000040
815,1751606000,1758606000,100000,100000,0,7000000,634506000,634506000,7000000,7000000,1110000000,1110000000,1117000000,1117000000,1117100000,1124100000,100000,100000,0,7000000,0,0,7000000,7000000,1110000000,1110000000,1117000000,1117000000,100010,73100040,100000,100000,10,73000040
845,950606000,950606000,100000,100000,8000000,8000000,634506000,634506000,8000000,8000000,300000000,300000000,308000000,308000000,316100000,316100000,100000,100000,8000000,8000000,0,0,8000000,8000000,300000000,300000000,308000000,308000000,100010,10100030,100000,100000,10,10000030
875,2639606000,2640606000,100000,100000,7000000,8000000,634506000,634506000,8000000,8000000,1990000000,1990000000,1998000000,1998000000,2005100000,2006100000,100000,100000,7000000,8000000,0,0,8000000,8000000,1990000000,1990000000,1998000000,1998000000,100010,85100030,100000,100000,10,85000030
905,2909606000,2910606000,100000,100000,7000000,8000000,634506000,634506000,8000000,8000000,2260000000,2260000000,2268000000,2268000000,2275100000,2276100000,100000,100000,7000000,8000000,0,0,8000000,8000000,2260000000,2260000000,2268000000,2268000000,100010,7100010,100000,100000,10,7000010
935,1836606000,1839606000,100000,100000,6000000,9000000,634506000,634506000,6000000,6000000,1190000000,1190000000,1196000000,1196000000,1202100000,1205100000,100000,100000,6000000,9000000,0,0,6000000,6000000,1190000000,1190000000,1196000000,1196000000,100010,8100020,100000,100000,10,8000020
965,3689606000,3690606000,100000,100000,47000000,48000000,634506000,634506000,48000000,48000000,2960000000,2960000000,3008000000,3008000000,3055100000,3056100000,100000,100000,47000000,48000000,0,0,48000000,48000000,2960000000,2960000000,3008000000,3008000000,100010,4100010,100000,100000,10,4000010
995,670606000,3209630000,100000,100000,8000000,9000000,634506000,3172530000,8000000,8000000,20000000,20000000,28000000,28000000,36100000,37100000,100000,100000,8000000,9000000,0,0,8000000,8000000,20000000,20000000,28000000,28000000,100010,100000,100000,100000,10,0
1025,672606000,1308112000,100000,100000,38000000,39000000,634506000,1269012000,0,0,0,0,0,0,38100000,39100000,100000,100000,38000000,39000000,0,0,0,0,0,0,0,0,100010,100000,100000,100000,10,0
1055,1501606000,2773618000,100000,100000,17000000,20000000,634506000,1903518000,20000000,20000000,830000000,830000000,850000000,850000000,867100000,870100000,100000,100000,17000000,20000000,0,0,20000000,20000000,830000000,830000000,850000000,850000000,100010,100000,100000,100000,10,0
1085,654606000,655606000,100000,100000,20000000,21000000,634506000,634506000,0,0,0,0,0,0,20100000,21100000,100000,100000,20000000,21000000,0,0,0,0,0,0,0,0,100010,100000,100000,100000,10,0
1115,641606000,1911618000,100000,100000,7000000,8000000,634506000,1903518000,0,0,0,0,0,0,7100000,8100000,100000,100000,7000000,8000000,0,0,0,0,0,0,0,0,100010,100000,100000,100000,10,0
1145,915606000,4089136000,100000,100000,0,1000000,634506000,3807036000,1000000,1000000,280000000,280000000,281000000,281000000,281100000,282100000,100000,100000,0,1000000,0,0,1000000,1000000,280000000,280000000,281000000,281000000,100010,100000,100000,100000,10,0
1175,643606000,651606000,100000,100000,9000000,17000000,634506000,634506000,0,0,0,0,0,0,9100000,17100000,100000,100000,9000000,17000000,0,0,0,0,0,0,0,0,100010,100000,100000,100000,10,0
1205,643606000,1913618000,100000,100000,9000000,10000000,634506000,1903518000,0,0,0,0,0,0,9100000,10100000,100000,100000,9000000,10000000,0,0,0,0,0,0,0,0,100010,100000,100000,100000,10,0
1235,644606000,655606000,100000,100000,10000000,21000000,634506000,634506000,0,0,0,0,0,0,10100000,21100000,100000,100000,10000000,21000000,0,0,0,0,0,0,0,0,100010,100000,100000,100000,10,0
1265,1080606000,2986124000,100000,100000,17000000,19000000,634506000,2538024000,19000000,19000000,410000000,410000000,429000000,429000000,446100000,448100000,100000,100000,17000000,19000000,0,0,19000000,19000000,410000000,410000000,429000000,429000000,100010,100000,100000,100000,10,0
6,2579606000,2580606000,100000,100000,17000000,18000000,634506000,634506000,18000000,18000000,1910000000,1910000000,1928000000,1928000000,1945100000,1946100000,100000,100000,17000000,18000000,0,0,18000000,18000000,1910000000,1910000000,1928000000,1928000000,100010,47100020,100000,100000,10,47000020
36,1071606000,1072606000,100000,100000,18000000,19000000,634506000,634506000,19000000,19000000,400000000,400000000,419000000,419000000,437100000,438100000,100000,100000,18000000,19000000,0,0,19000000,19000000,400000000,400000000,419000000,419000000,100010,22100020,100000,100000,10,22000020
66,1668606000,1671606000,100000,100000,7000000,10000000,634506000,634506000,7000000,7000000,1020000000,1020000000,1027000000,1027000000,1034100000,1037100000,100000,100000,7000000,10000000,0,0,7000000,7000000,1020000000,1020000000,1027000000,1027000000,100010,8100020,100000,100000,10,8000020
96,3153606000,3154606000,100000,100000,19000000,20000000,634506000,634506000,20000000,20000000,2480000000,2480000000,2500000000,2500000000,2519100000,2520100000,100000,100000,19000000,20000000,0,0,20000000,20000000,2480000000,2480000000,2500000000,2500000000,100010,22100010,100000,100000,10,22000010
126,2246606000,2246606000,100000,100000,1000000,1000000,634506000,634506000,1000000,1000000,1610000000,1610000000,1611000000,1611000000,1612100000,1612100000,100000,100000,1000000,1000000,0,0,1000000,1000000,1610000000,1610000000,1611000000,1611000000,100010,12100030,100000,100000,10,12000030
156,2339606000,2340606000,100000,100000,7000000,8000000,634506000,634506000,8000000,8000000,1690000000,1690000000,1698000000,1698000000,1705100000,1706100000,100000,100000,7000000,8000000,0,0,8000000,8000000,1690000000,1690000000,1698000000,1698000000,100010,8100010,100000,100000,10,8000010
186,2274606000,2274606000,100000,100000,20000000,20000000,634506000,634506000,20000000,20000000,1600000000,1600000000,1620000000,1620000000,1640100000,1640100000,100000,100000,20000000,20000000,0,0,20000000,20000000,1600000000,1600000000,1620000000,1620000000,100010,27100040,100000,100000,10,27000040
216,1104606000,1104606000,100000,100000,20000000,20000000,634506000,634506000,20000000,20000000,430000000,430000000,450000000,450000000,470100000,470100000,100000,100000,20000000,20000000,0,0,20000000,20000000,430000000,430000000,450000000,450000000,100010,1100010,100000,100000,10,1000010
246,1641606000,1642606000,100000,100000,8000000,9000000,634506000,634506000,9000000,9000000,990000000,990000000,999000000,999000000,1007100000,1008100000,100000,100000,8000000,9000000,0,0,9000000,9000000,990000000,990000000,999000000,999000000,100010,16100040,100000,100000,10,16000040
276,2362606000,2362606000,100000,100000,9000000,9000000,634506000,634506000,9000000,9000000,1710000000,1710000000,1719000000,1719000000,1728100000,1728100000,100000,100000,9000000,9000000,0,0,9000000,9000000,1710000000,1710000000,1719000000,1719000000,100010,16100040,100000,100000,10,16000040
306,2372606000,2372606000,100000,100000,9000000,9000000,634506000,634506000,9000000,9000000,1720000000,1720000000,1729000000,1729000000,1738100000,1738100000,100000,100000,9000000,9000000,0,0,9000000,9000000,1720000000,1720000000,1729000000,1729000000,100010,16100040,100000,100000,10,16000040
336,2801606000,2802606000,100000,100000,8000000,9000000,634506000,634506000,9000000,9000000,2150000000,2150000000,2159000000,2159000000,2167100000,2168100000,100000,100000,8000000,9000000,0,0,9000000,9000000,2150000000,2150000000,2159000000,2159000000,100010,17100030,100000,100000,10,17000030
366,680606000,681606000,100000,100000,8000000,9000000,634506000,634506000,8000000,8000000,30000000,30000000,38000000,38000000,46100000,47100000,100000,100000,8000000,9000000,0,0,8000000,8000000,30000000,30000000,38000000,38000000,100010,1100010,100000,100000,10,1000010
396,1952606000,1952606000,100000,100000,9000000,9000000,634506000,634506000,9000000,9000000,1300000000,1300000000,1309000000,1309000000,1318100000,1318100000,100000,100000,9000000,9000000,0,0,9000000,9000000,1300000000,1300000000,1309000000,1309000000,100010,16100030,100000,100000,10,16000030
426,3707606000,3708606000,100000,100000,11000000,12000000,634506000,634506000,12000000,12000000,3050000000,3050000000,3062000000,3062000000,3073100000,3074100000,100000,100000,11000000,12000000,0,0,12000000,12000000,3050000000,3050000000,3062000000,3062000000,100010,35100050,100000,100000,10,35000050
456,1686606000,1686606000,100000,100000,11000000,11000000,634506000,634506000,11000000,11000000,1030000000,1030000000,1041000000,1041000000,1052100000,1052100000,100000,100000,11000000,11000000,0,0,11000000,11000000,1030000000,1030000000,1041000000,1041000000,100010,86100040,100000,100000,10,86000040
486,2048606000,2050606000,100000,100000,1000000,3000000,634506000,634506000,3000000,3000000,1410000000,1410000000,1413000000,1413000000,1414100000,1416100000,100000,100000,1000000,3000000,0,0,3000000,3000000,1410000000,1410000000,1413000000,1413000000,100010,80100040,100000,100000,10,80000040
516,1751606000,1752606000,100000,100000,38000000,39000000,634506000,634506000,39000000,39000000,1040000000,1040000000,1079000000,1079000000,1117100000,1118100000,100000,100000,38000000,39000000,0,0,39000000,39000000,1040000000,1040000000,1079000000,1079000000,100010,22100010,100000,100000,10,22000010
546,641606000,645606000,100000,100000,7000000,11000000,634506000,634506000,0,0,0,0,0,0,7100000,11100000,100000,100000,7000000,11000000,0,0,0,0,0,0,0,0,100010,100000,100000,100000,10,0
576,1772606000,1773606000,100000,100000,9000000,10000000,634506000,634506000,9000000,9000000,1120000000,1120000000,1129000000,1129000000,1138100000,1139100000,100000,100000,9000000,10000000,0,0,9000000,9000000,1120000000,1120000000,1129000000,1129000000,100010,19100030,100000,100000,10,19000030
606,1344606000,1352606000,100000,100000,1000000,9000000,634506000,634506000,9000000,9000000,700000000,700000000,709000000,709000000,710100000,718100000,100000,100000,1000000,9000000,0,0,9000000,9000000,700000000,700000000,709000000,709000000,100010,11100030,100000,100000,10,11000030
636,1612606000,1613606000,100000,100000,9000000,10000000,634506000,634506000,9000000,9000000,960000000,960000000,969000000,969000000,978100000,979100000,100000,100000,9000000,10000000,0,0,9000000,9000000,960000000,960000000,969000000,969000000,100010,93100030,100000,100000,10,93000030
666,1486606000,1490606000,100000,100000,6000000,10000000,634506000,634506000,6000000,6000000,840000000,840000000,846000000,846000000,852100000,856100000,100000,100000,6000000,10000000,0,0,6000000,6000000,840000000,840000000,846000000,846000000,100010,5100030,100000,100000,10,5000030
696,2359606000,2360606000,100000,100000,17000000,18000000,634506000,634506000,18000000,18000000,1690000000,1690000000,1708000000,1708000000,1725100000,1726100000,100000,100000,17000000,18000000,0,0,18000000,18000000,1690000000,1690000000,1708000000,1708000000,100010,21100010,100000,100000,10,21000010
726,1680606000,1682606000,100000,100000,18000000,20000000,634506000,634506000,18000000,18000000,1010000000,1010000000,1028000000,1028000000,1046100000,1048100000,100000,100000,18000000,20000000,0,0,18000000,18000000,1010000000,1010000000,1028000000,1028000000,100010,63100020,100000,100000,10,63000020
756,2315606000,2316606000,100000,100000,0,1000000,634506000,634506000,1000000,1000000,1680000000,1680000000,1681000000,1681000000,1681100000,1682100000,100000,100000,0,1000000,0,0,1000000,1000000,1680000000,1680000000,1681000000,1681000000,100010,81100030,100000,100000,10,81000030
786,1756606000,1756606000,100000,100000,1000000,1000000,634506000,634506000,1000000,1000000,1120000000,1120000000,1121000000,1121000000,1122100000,1122100000,100000,100000,1000000,1000000,0,0,1000000,1000000,1120000000,1120000000,1121000000,1121000000,100010,81100040,100000,100000,10,81000040
816,2719606000,2734606000,100000,100000,0,15000000,634506000,634506000,15000000,15000000,2070000000,2070000000,2085000000,2085000000,2085100000,2100100000,100000,100000,0,15000000,0,0,15000000,15000000,2070000000,2070000000,2085000000,2085000000,100010,66100020,100000,100000,10,66000020
846,950606000,950606000,100000,100000,8000000,8000000,634506000,634506000,8000000,8000000,300000000,300000000,308000000,308000000,316100000,316100000,100000,100000,8000000,8000000,0,0,8000000,8000000,300000000,300000000,308000000,308000000,100010,10100030,100000,100000,10,10000030
876,2859606000,2860606000,100000,100000,7000000,8000000,634506000,634506000,8000000,8000000,2210000000,2210000000,2218000000,2218000000,2225100000,2226100000,100000,100000,7000000,8000000,0,0,8000000,8000000,2210000000,2210000000,2218000000,2218000000,100010,85100030,100000,100000,10,85000030
906,2999606000,3000606000,100000,100000,7000000,8000000,634506000,634506000,8000000,8000000,2350000000,2350000000,2358000000,2358000000,2365100000,2366100000,100000,100000,7000000,8000000,0,0,8000000,8000000,2350000000,2350000000,2358000000,2358000000,100010,7100010,100000,100000,10,7000010
936,1166606000,1166606000,100000,100000,6000000,6000000,634506000,634506000,6000000,6000000,520000000,520000000,526000000,526000000,532100000,532100000,100000,100000,6000000,6000000,0,0,6000000,6000000,520000000,520000000,526000000,526000000,100010,5100010,100000,100000,10,5000010
966,3599606000,3628606000,100000,100000,8000000,37000000,634506000,634506000,37000000,37000000,2920000000,2920000000,2957000000,2957000000,2965100000,2994100000,100000,100000,8000000,37000000,0,0,37000000,37000000,2920000000,2920000000,2957000000,2957000000,100010,12100040,100000,100000,10,12000040
996,3383606000,24975810000,100000,100000,0,19000000,634506000,22207710000,9000000,9000000,2740000000,2740000000,2749000000,2749000000,2749100000,2768100000,100000,100000,0,19000000,0,0,9000000,9000000,2740000000,2740000000,2749000000,2749000000,100010,78100040,100000,100000,10,78000040
1026,3800606000,8264148000,100000,100000,17000000,39000000,634506000,5076048000,39000000,39000000,3110000000,3110000000,3149000000,3149000000,3166100000,3188100000,100000,100000,17000000,39000000,0,0,39000000,39000000,3110000000,3110000000,3149000000,3149000000,100010,62100010,100000,100000,10,62000010
1056,1191606000,1828112000,100000,100000,18000000,20000000,634506000,1269012000,19000000,19000000,520000000,520000000,539000000,539000000,557100000,559100000,100000,100000,18000000,20000000,0,0,19000000,19000000,520000000,520000000,539000000,539000000,100010,100000,100000,100000,10,0
1086,1521606000,5331642000,100000,100000,8000000,11000000,634506000,4441542000,9000000,9000000,870000000,870000000,879000000,879000000,887100000,890100000,100000,100000,8000000,11000000,0,0,9000000,9000000,870000000,870000000,879000000,879000000,100010,56100030,100000,100000,10,56000030
1116,641606000,1911618000,100000,100000,7000000,8000000,634506000,1903518000,0,0,0,0,0,0,7100000,8100000,100000,100000,7000000,8000000,0,0,0,0,0,0,0,0,100010,100000,100000,100000,10,0
1146,915606000,3454630000,100000,100000,0,1000000,634506000,3172530000,1000000,1000000,280000000,280000000,281000000,281000000,281100000,282100000,100000,100000,0,1000000,0,0,1000000,1000000,280000000,280000000,281000000,281000000,100010,100000,100000,100000,10,0
1176,1933606000,6383148000,100000,100000,1000000,9000000,634506000,5076048000,8000000,8000000,1290000000,1290000000,1298000000,1298000000,1299100000,1307100000,100000,100000,1000000,9000000,0,0,8000000,8000000,1290000000,1290000000,1298000000,1298000000,100010,33100020,100000,100000,10,33000020
1206,643606000,1913618000,100000,100000,9000000,10000000,634506000,1903518000,0,0,0,0,0,0,9100000,10100000,100000,100000,9000000,10000000,0,0,0,0,0,0,0,0,100010,100000,100000,100000,10,0
1236,686606000,1963618000,100000,100000,1000000,9000000,634506000,1903518000,1000000,1000000,50000000,50000000,51000000,51000000,52100000,60100000,100000,100000,1000000,9000000,0,0,1000000,1000000,50000000,50000000,51000000,51000000,100010,100000,100000,100000,10,0
1266,3675606000,4315112000,100000,100000,43000000,48000000,634506000,1269012000,48000000,48000000,2950000000,2950000000,2998000000,2998000000,3041100000,3046100000,100000,100000,43000000,48000000,0,0,48000000,48000000,2950000000,2950000000,2998000000,2998000000,100010,100000,100000,100000,10,0
7,3429606000,3430606000,100000,100000,17000000,18000000,634506000,634506000,18000000,18000000,2760000000,2760000000,2778000000,2778000000,2795100000,2796100000,100000,100000,17000000,18000000,0,0,18000000,18000000,2760000000,2760000000,2778000000,2778000000,100010,75100030,100000,100000,10,75000030
37,1600606000,1600606000,100000,100000,18000000,18000000,634506000,634506000,18000000,18000000,930000000,930000000,948000000,948000000,966100000,966100000,100000,100000,18000000,18000000,0,0,18000000,18000000,930000000,930000000,948000000,948000000,100010,74100030,100000,100000,10,74000030
67,2755606000,2756606000,100000,100000,10000000,11000000,634506000,634506000,11000000,11000000,2100000000,2100000000,2111000000,2111000000,2121100000,2122100000,100000,100000,10000000,11000000,0,0,11000000,11000000,2100000000,2100000000,2111000000,2111000000,100010,24100030,100000,100000,10,24000030
97,3153606000,3154606000,100000,100000,19000000,20000000,634506000,634506000,20000000,20000000,2480000000,2480000000,2500000000,2500000000,2519100000,2520100000,100000,100000,19000000,20000000,0,0,20000000,20000000,2480000000,2480000000,2500000000,2500000000,100010,22100010,100000,100000,10,22000010
127,1430606000,1434606000,100000,100000,1000000,5000000,634506000,634506000,5000000,5000000,790000000,790000000,795000000,795000000,796100000,800100000,100000,100000,1000000,5000000,0,0,5000000,5000000,790000000,790000000,795000000,795000000,100010,9100030,100000,100000,10,9000030
157,2109606000,2110606000,100000,100000,7000000,8000000,634506000,634506000,8000000,8000000,1460000000,1460000000,1468000000,1468000000,1475100000,1476100000,100000,100000,7000000,8000000,0,0,8000000,8000000,1460000000,1460000000,1468000000,1468000000,100010,85100030,100000,100000,10,85000030
187,1864606000,1864606000,100000,100000,20000000,20000000,634506000,634506000,20000000,20000000,1190000000,1190000000,1210000000,1210000000,1230100000,1230100000,100000,100000,20000000,20000000,0,0,20000000,20000000,1190000000,1190000000,1210000000,1210000000,100010,27100040,100000,100000,10,27000040
217,1104606000,1104606000,100000,100000,20000000,20000000,634506000,634506000,20000000,20000000,430000000,430000000,450000000,450000000,470100000,470100000,100000,100000,20000000,20000000,0,0,20000000,20000000,430000000,430000000,450000000,450000000,100010,1100010,100000,100000,10,1000010
247,1958606000,1959606000,100000,100000,7000000,8000000,634506000,634506000,7000000,7000000,1310000000,1310000000,1317000000,1317000000,1324100000,1325100000,100000,100000,7000000,8000000,0,0,7000000,7000000,1310000000,1310000000,1317000000,1317000000,100010,57100040,100000,100000,10,57000040
277,2372606000,2372606000,100000,100000,9000000,9000000,634506000,634506000,9000000,9000000,1720000000,1720000000,1729000000,1729000000,1738100000,1738100000,100000,100000,9000000,9000000,0,0,9000000,9000000,1720000000,1720000000,1729000000,1729000000,100010,16100040,100000,100000,10,16000040
307,2122606000,2122606000,100000,100000,9000000,9000000,634506000,634506000,9000000,9000000,1470000000,1470000000,1479000000,1479000000,1488100000,1488100000,100000,100000,9000000,9000000,0,0,9000000,9000000,1470000000,1470000000,1479000000,1479000000,100010,16100040,100000,100000,10,16000040
337,2106606000,2108606000,100000,100000,6000000,8000000,634506000,634506000,6000000,6000000,1460000000,1460000000,1466000000,1466000000,1472100000,1474100000,100000,100000,6000000,8000000,0,0,6000000,6000000,1460000000,1460000000,1466000000,1466000000,100010,77100030,100000,100000,10,77000030
367,680606000,681606000,100000,100000,8000000,9000000,634506000,634506000,8000000,8000000,30000000,30000000,38000000,38000000,46100000,47100000,100000,100000,8000000,9000000,0,0,8000000,8000000,30000000,30000000,38000000,38000000,100010,1100010,100000,100000,10,1000010
397,1952606000,1952606000,100000,100000,9000000,9000000,634506000,634506000,9000000,9000000,1300000000,1300000000,1309000000,1309000000,1318100000,1318100000,100000,100000,9000000,9000000,0,0,9000000,9000000,1300000000,1300000000,1309000000,1309000000,100010,16100030,100000,100000,10,16000030
427,1716606000,1716606000,100000,100000,11000000,11000000,634506000,634506000,11000000,11000000,1060000000,1060000000,1071000000,1071000000,1082100000,1082100000,100000,100000,11000000,11000000,0,0,11000000,11000000,1060000000,1060000000,1071000000,1071000000,100010,23100020,100000,100000,10,23000020
457,1497606000,1498606000,100000,100000,11000000,12000000,634506000,634506000,12000000,12000000,840000000,840000000,852000000,852000000,863100000,864100000,100000,100000,11000000,12000000,0,0,12000000,12000000,840000000,840000000,852000000,852000000,100010,33100020,100000,100000,10,33000020
487,3342606000,3342606000,100000,100000,4000000,4000000,634506000,634506000,4000000,4000000,2700000000,2700000000,2704000000,2704000000,2708100000,2708100000,100000,100000,4000000,4000000,0,0,4000000,4000000,2700000000,2700000000,2704000000,2704000000,100010,15100040,100000,100000,10,15000040
517,2771606000,2792606000,100000,100000,18000000,39000000,634506000,634506000,39000000,39000000,2080000000,2080000000,2119000000,2119000000,2137100000,2158100000,100000,100000,18000000,39000000,0,0,39000000,39000000,2080000000,2080000000,2119000000,2119000000,100010,25100040,100000,100000,10,25000040
547,2619606000,2620606000,100000,100000,7000000,8000000,634506000,634506000,8000000,8000000,1970000000,1970000000,1978000000,1978000000,1985100000,1986100000,100000,100000,7000000,8000000,0,0,8000000,8000000,1970000000,1970000000,1978000000,1978000000,100010,22100030,100000,100000,10,22000030
577,2884606000,2884606000,100000,100000,10000000,10000000,634506000,634506000,10000000,10000000,2230000000,2230000000,2240000000,2240000000,2250100000,2250100000,100000,100000,10000000,10000000,0,0,10000000,10000000,2230000000,2230000000,2240000000,2240000000,100010,49100020,100000,100000,10,49000020
607,1873606000,1882606000,100000,100000,0,9000000,634506000,634506000,9000000,9000000,1230000000,1230000000,1239000000,1239000000,1239100000,1248100000,100000,100000,0,9000000,0,0,9000000,9000000,1230000000,1230000000,1239000000,1239000000,100010,12100040,100000,100000,10,12000040
637,1858606000,1860606000,100000,100000,7000000,9000000,634506000,634506000,7000000,7000000,1210000000,1210000000,1217000000,1217000000,1224100000,1226100000,100000,100000,7000000,9000000,0,0,7000000,7000000,1210000000,1210000000,1217000000,1217000000,100010,83100020,100000,100000,10,83000020
667,1846606000,1846606000,100000,100000,6000000,6000000,634506000,634506000,6000000,6000000,1200000000,1200000000,1206000000,1206000000,1212100000,1212100000,100000,100000,6000000,6000000,0,0,6000000,6000000,1200000000,1200000000,1206000000,1206000000,100010,20100030,100000,100000,10,20000030
697,2359606000,2360606000,100000,100000,17000000,18000000,634506000,634506000,18000000,18000000,1690000000,1690000000,1708000000,1708000000,1725100000,1726100000,100000,100000,17000000,18000000,0,0,18000000,18000000,1690000000,1690000000,1708000000,1708000000,100010,21100010,100000,100000,10,21000010
727,2456606000,2456606000,100000,100000,6000000,6000000,634506000,634506000,6000000,6000000,1810000000,1810000000,1816000000,1816000000,1822100000,1822100000,100000,100000,6000000,6000000,0,0,6000000,6000000,1810000000,1810000000,1816000000,1816000000,100010,82100030,100000,100000,10,82000030
757,1356606000,1356606000,100000,100000,1000000,1000000,634506000,634506000,1000000,1000000,720000000,720000000,721000000,721000000,722100000,722100000,100000,100000,1000000,1000000,0,0,1000000,1000000,720000000,720000000,721000000,721000000,100010,81100040,100000,100000,10,81000040
787,1756606000,1756606000,100000,100000,1000000,1000000,634506000,634506000,1000000,1000000,1120000000,1120000000,1121000000,1121000000,1122100000,1122100000,100000,100000,1000000,1000000,0,0,1000000,1000000,1120000000,1120000000,1121000000,1121000000,100010,81100040,100000,100000,10,81000040
817,2775606000,2776606000,100000,100000,0,1000000,634506000,634506000,1000000,1000000,2140000000,2140000000,2141000000,2141000000,2141100000,2142100000,100000,100000,0,1000000,0,0,1000000,1000000,2140000000,2140000000,2141000000,2141000000,100010,81100030,100000,100000,10,81000030
847,950606000,950606000,100000,100000,8000000,8000000,634506000,634506000,8000000,8000000,300000000,300000000,308000000,308000000,316100000,316100000,100000,100000,8000000,8000000,0,0,8000000,8000000,300000000,300000000,308000000,308000000,100010,10100030,100000,100000,10,10000030
877,2238606000,2239606000,100000,100000,12000000,13000000,634506000,634506000,12000000,12000000,1580000000,1580000000,1592000000,1592000000,1604100000,1605100000,100000,100000,12000000,13000000,0,0,12000000,12000000,1580000000,1580000000,1592000000,1592000000,100010,26100040,100000,100000,10,26000040
907,2979606000,2980606000,100000,100000,7000000,8000000,634506000,634506000,8000000,8000000,2330000000,2330000000,2338000000,2338000000,2345100000,2346100000,100000,100000,7000000,8000000,0,0,8000000,8000000,2330000000,2330000000,2338000000,2338000000,100010,7100010,100000,100000,10,7000010
937,932606000,934606000,100000,100000,9000000,11000000,634506000,634506000,9000000,9000000,280000000,280000000,289000000,289000000,298100000,300100000,100000,100000,9000000,11000000,0,0,9000000,9000000,280000000,280000000,289000000,289000000,100010,8100010,100000,100000,10,8000010
967,1640606000,1640606000,100000,100000,8000000,8000000,634506000,634506000,8000000,8000000,990000000,990000000,998000000,998000000,1006100000,1006100000,100000,100000,8000000,8000000,0,0,8000000,8000000,990000000,990000000,998000000,998000000,100010,36100030,100000,100000,10,36000030
997,3129606000,25986822000,100000,100000,5000000,20000000,634506000,23476722000,20000000,20000000,2470000000,2470000000,2490000000,2490000000,2495100000,2510100000,100000,100000,5000000,20000000,0,0,20000000,20000000,2470000000,2470000000,2490000000,2490000000,100010,63100040,100000,100000,10,63000040
1027,3783606000,19717256000,100000,100000,9000000,80000000,634506000,16497156000,20000000,20000000,3120000000,3120000000,3140000000,3140000000,3149100000,3220100000,100000,100000,9000000,80000000,0,0,20000000,20000000,3120000000,3120000000,3140000000,3140000000,100010,45100030,100000,100000,10,45000030
1057,3734606000,15173714000,100000,100000,1000000,19000000,634506000,12055614000,19000000,19000000,3080000000,3080000000,3099000000,3099000000,3100100000,3118100000,100000,100000,1000000,19000000,0,0,19000000,19000000,3080000000,3080000000,3099000000,3099000000,100010,100000,100000,100000,10,0
1087,642606000,1912618000,100000,100000,8000000,9000000,634506000,1903518000,0,0,0,0,0,0,8100000,9100000,100000,100000,8000000,9000000,0,0,0,0,0,0,0,0,100010,100000,100000,100000,10,0
1117,641606000,1911618000,100000,100000,7000000,8000000,634506000,1903518000,0,0,0,0,0,0,7100000,8100000,100000,100000,7000000,8000000,0,0,0,0,0,0,0,0,100010,100000,100000,100000,10,0
1147,915606000,4089136000,100000,100000,0,1000000,634506000,3807036000,1000000,1000000,280000000,280000000,281000000,281000000,281100000,282100000,100000,100000,0,1000000,0,0,1000000,1000000,280000000,280000000,281000000,281000000,100010,100000,100000,100000,10,0
1177,670606000,3209630000,100000,100000,8000000,9000000,634506000,3172530000,8000000,8000000,20000000,20000000,28000000,28000000,36100000,37100000,100000,100000,8000000,9000000,0,0,8000000,8000000,20000000,20000000,28000000,28000000,100010,100000,100000,100000,10,0
1207,643606000,1913618000,100000,100000,9000000,10000000,634506000,1903518000,0,0,0,0,0,0,9100000,10100000,100000,100000,9000000,10000000,0,0,0,0,0,0,0,0,100010,100000,100000,100000,10,0
1237,678606000,1948618000,100000,100000,17000000,18000000,634506000,1903518000,17000000,17000000,10000000,10000000,27000000,27000000,44100000,45100000,100000,100000,17000000,18000000,0,0,17000000,17000000,10000000,10000000,27000000,27000000,100010,100000,100000,100000,10,0
1267,3588606000,4887618000,100000,100000,7000000,37000000,634506000,1903518000,37000000,37000000,2910000000,2910000000,2947000000,2947000000,2954100000,2984100000,100000,100000,7000000,37000000,0,0,37000000,37000000,2910000000,2910000000,2947000000,2947000000,100010,8100020,100000,100000,10,8000020
8,2099606000,2100606000,100000,100000,17000000,18000000,634506000,634506000,18000000,18000000,1430000000,1430000000,1448000000,1448000000,1465100000,1466100000,100000,100000,17000000,18000000,0,0,18000000,18000000,1430000000,1430000000,1448000000,1448000000,100010,25100030,100000,100000,10,25000030
38,1420606000,1430606000,100000,100000,8000000,18000000,634506000,634506000,18000000,18000000,760000000,760000000,778000000,778000000,786100000,796100000,100000,100000,8000000,18000000,0,0,18000000,18000000,760000000,760000000,778000000,778000000,100010,66100030,100000,100000,10,66000030
68,1421606000,1424606000,100000,100000,7000000,10000000,634506000,634506000,10000000,10000000,770000000,770000000,780000000,780000000,787100000,790100000,100000,100000,7000000,10000000,0,0,10000000,10000000,770000000,770000000,780000000,780000000,100010,22100020,100000,100000,10,22000020
98,3153606000,3154606000,100000,100000,19000000,20000000,634506000,634506000,20000000,20000000,2480000000,2480000000,2500000000,2500000000,2519100000,2520100000,100000,100000,19000000,20000000,0,0,20000000,20000000,2480000000,2480000000,2500000000,2500000000,100010,22100010,100000,100000,10,22000010
128,2176606000,2176606000,100000,100000,1000000,1000000,634506000,634506000,1000000,1000000,1540000000,1540000000,1541000000,1541000000,1542100000,1542100000,100000,100000,1000000,1000000,0,0,1000000,1000000,1540000000,1540000000,1541000000,1541000000,100010,12100030,100000,100000,10,12000030
158,1530606000,1530606000,100000,100000,8000000,8000000,634506000,634506000,8000000,8000000,880000000,880000000,888000000,888000000,896100000,896100000,100000,100000,8000000,8000000,0,0,8000000,8000000,880000000,880000000,888000000,888000000,100010,44100030,100000,100000,10,44000030
188,2274606000,2274606000,100000,100000,20000000,20000000,634506000,634506000,20000000,20000000,1600000000,1600000000,1620000000,1620000000,1640100000,1640100000,100000,100000,20000000,20000000,0,0,20000000,20000000,1600000000,1600000000,1620000000,1620000000,100010,27100040,100000,100000,10,27000040
218,1642606000,1662606000,100000,100000,19000000,39000000,634506000,634506000,39000000,39000000,950000000,950000000,989000000,989000000,1008100000,1028100000,100000,100000,19000000,39000000,0,0,39000000,39000000,950000000,950000000,989000000,989000000,100010,12100020,100000,100000,10,12000020
248,2321606000,2322606000,100000,100000,8000000,9000000,634506000,634506000,9000000,9000000,1670000000,1670000000,1679000000,1679000000,1687100000,1688100000,100000,100000,8000000,9000000,0,0,9000000,9000000,1670000000,1670000000,1679000000,1679000000,100010,16100040,100000,100000,10,16000040
278,1712606000,1712606000,100000,100000,9000000,9000000,634506000,634506000,9000000,9000000,1060000000,1060000000,1069000000,1069000000,1078100000,1078100000,100000,100000,9000000,9000000,0,0,9000000,9000000,1060000000,1060000000,1069000000,1069000000,100010,16100040,100000,100000,10,16000040
308,2372606000,2372606000,100000,100000,9000000,9000000,634506000,634506000,9000000,9000000,1720000000,1720000000,1729000000,1729000000,1738100000,1738100000,100000,100000,9000000,9000000,0,0,9000000,9000000,1720000000,1720000000,1729000000,1729000000,100010,16100040,100000,100000,10,16000040
338,2981606000,2992606000,100000,100000,8000000,19000000,634506000,634506000,19000000,19000000,2320000000,2320000000,2339000000,2339000000,2347100000,2358100000,100000,100000,8000000,19000000,0,0,19000000,19000000,2320000000,2320000000,2339000000,2339000000,100010,16100030,100000,100000,10,16000030
368,680606000,681606000,100000,100000,8000000,9000000,634506000,634506000,8000000,8000000,30000000,30000000,38000000,38000000,46100000,47100000,100000,100000,8000000,9000000,0,0,8000000,8000000,30000000,30000000,38000000,38000000,100010,1100010,100000,100000,10,1000010
398,1952606000,1952606000,100000,100000,9000000,9000000,634506000,634506000,9000000,9000000,1300000000,1300000000,1309000000,1309000000,1318100000,1318100000,100000,100000,9000000,9000000,0,0,9000000,9000000,1300000000,1300000000,1309000000,1309000000,100010,16100030,100000,100000,10,16000030
428,2857606000,2858606000,100000,100000,11000000,12000000,634506000,634506000,12000000,12000000,2200000000,2200000000,2212000000,2212000000,2223100000,2224100000,100000,100000,11000000,12000000,0,0,12000000,12000000,2200000000,2200000000,2212000000,2212000000,100010,45100040,100000,100000,10,45000040
458,1966606000,1966606000,100000,100000,11000000,11000000,634506000,634506000,11000000,11000000,1310000000,1310000000,1321000000,1321000000,1332100000,1332100000,100000,100000,11000000,11000000,0,0,11000000,11000000,1310000000,1310000000,1321000000,1321000000,100010,33100020,100000,100000,10,33000020
488,1379606000,1386606000,100000,100000,4000000,11000000,634506000,634506000,11000000,11000000,730000000,730000000,741000000,741000000,745100000,752100000,100000,100000,4000000,11000000,0,0,11000000,11000000,730000000,730000000,741000000,741000000,100010,74100050,100000,100000,10,74000050
518,2812606000,2812606000,100000,100000,39000000,39000000,634506000,634506000,39000000,39000000,2100000000,2100000000,2139000000,2139000000,2178100000,2178100000,100000,100000,39000000,39000000,0,0,39000000,39000000,2100000000,2100000000,2139000000,2139000000,100010,33100020,100000,100000,10,33000020
548,1538606000,1538606000,100000,100000,7000000,7000000,634506000,634506000,7000000,7000000,890000000,890000000,897000000,897000000,904100000,904100000,100000,100000,7000000,7000000,0,0,7000000,7000000,890000000,890000000,897000000,897000000,100010,8100010,100000,100000,10,8000010
578,2744606000,2760606000,100000,100000,57000000,73000000,634506000,634506000,73000000,73000000,1980000000,1980000000,2053000000,2053000000,2110100000,2126100000,100000,100000,57000000,73000000,0,0,73000000,73000000,1980000000,1980000000,2053000000,2053000000,100010,105100030,100000,100000,10,105000030
608,2663606000,2664606000,100000,100000,9000000,10000000,634506000,634506000,10000000,10000000,2010000000,2010000000,2020000000,2020000000,2029100000,2030100000,100000,100000,9000000,10000000,0,0,10000000,10000000,2010000000,2010000000,2020000000,2020000000,100010,21100040,100000,100000,10,21000040
638,1716606000,1719606000,100000,100000,6000000,9000000,634506000,634506000,6000000,6000000,1070000000,1070000000,1076000000,1076000000,1082100000,1085100000,100000,100000,6000000,9000000,0,0,6000000,6000000,1070000000,1070000000,1076000000,1076000000,100010,15100020,100000,100000,10,15000020
668,1846606000,1846606000,100000,100000,6000000,6000000,634506000,634506000,6000000,6000000,1200000000,1200000000,1206000000,1206000000,1212100000,1212100000,100000,100000,6000000,6000000,0,0,6000000,6000000,1200000000,1200000000,1206000000,1206000000,100010,20100030,100000,100000,10,20000030
698,2359606000,2360606000,100000,100000,17000000,18000000,634506000,634506000,18000000,18000000,1690000000,1690000000,1708000000,1708000000,1725100000,1726100000,100000,100000,17000000,18000000,0,0,18000000,18000000,1690000000,1690000000,1708000000,1708000000,100010,21100010,100000,100000,10,21000010
728,2515606000,2516606000,100000,100000,5000000,6000000,634506000,634506000,6000000,6000000,1870000000,1870000000,1876000000,1876000000,1881100000,1882100000,100000,100000,5000000,6000000,0,0,6000000,6000000,1870000000,1870000000,1876000000,1876000000,100010,82100040,100000,100000,10,82000040
758,1366606000,1366606000,100000,100000,1000000,1000000,634506000,634506000,1000000,1000000,730000000,730000000,731000000,731000000,732100000,732100000,100000,100000,1000000,1000000,0,0,1000000,1000000,730000000,730000000,731000000,731000000,100010,20100030,100000,100000,10,20000030
788,2224606000,2232606000,100000,100000,1000000,9000000,634506000,634506000,9000000,9000000,1580000000,1580000000,1589000000,1589000000,1590100000,1598100000,100000,100000,1000000,9000000,0,0,9000000,9000000,1580000000,1580000000,1589000000,1589000000,100010,79100030,100000,100000,10,79000030
818,634606000,635606000,100000,100000,0,1000000,634506000,634506000,0,0,0,0,0,0,100000,1100000,100000,100000,0,1000000,0,0,0,0,0,0,0,0,100010,100000,100000,100000,10,0
848,3789606000,3790606000,100000,100000,12000000,13000000,634506000,634506000,13000000,13000000,3130000000,3130000000,3143000000,3143000000,3155100000,3156100000,100000,100000,12000000,13000000,0,0,13000000,13000000,3130000000,3130000000,3143000000,3143000000,100010,9100010,100000,100000,10,9000010
878,1839606000,1840606000,100000,100000,12000000,13000000,634506000,634506000,13000000,13000000,1180000000,1180000000,1193000000,1193000000,1205100000,1206100000,100000,100000,12000000,13000000,0,0,13000000,13000000,1180000000,1180000000,1193000000,1193000000,100010,15100040,100000,100000,10,15000040
908,1789606000,1790606000,100000,100000,7000000,8000000,634506000,634506000,8000000,8000000,1140000000,1140000000,1148000000,1148000000,1155100000,1156100000,100000,100000,7000000,8000000,0,0,8000000,8000000,1140000000,1140000000,1148000000,1148000000,100010,15100030,100000,100000,10,15000030
938,1972606000,1973606000,100000,100000,9000000,10000000,634506000,634506000,9000000,9000000,1320000000,1320000000,1329000000,1329000000,1338100000,1339100000,100000,100000,9000000,10000000,0,0,9000000,9000000,1320000000,1320000000,1329000000,1329000000,100010,84100030,100000,100000,10,84000030
968,880606000,880606000,100000,100000,8000000,8000000,634506000,634506000,8000000,8000000,230000000,230000000,238000000,238000000,246100000,246100000,100000,100000,8000000,8000000,0,0,8000000,8000000,230000000,230000000,238000000,238000000,100010,1100010,100000,100000,10,1000010
998,3553606000,31501870000,100000,100000,0,19000000,634506000,28552770000,9000000,20000000,2910000000,2910000000,2919000000,2930000000,2919100000,2949100000,100000,100000,0,19000000,0,0,9000000,20000000,2910000000,2910000000,2919000000,2930000000,100010,74100030,100000,100000,10,74000030
1028,672606000,1308112000,100000,100000,38000000,39000000,634506000,1269012000,0,0,0,0,0,0,38100000,39100000,100000,100000,38000000,39000000,0,0,0,0,0,0,0,0,100010,100000,100000,100000,10,0
1058,3764606000,15857220000,100000,100000,1000000,38000000,634506000,12690120000,19000000,19000000,3110000000,3110000000,3129000000,3129000000,3130100000,3167100000,100000,100000,1000000,38000000,0,0,19000000,19000000,3110000000,3110000000,3129000000,3129000000,100010,10100020,100000,100000,10,10000020
1088,1882606000,3153618000,100000,100000,9000000,11000000,634506000,1903518000,9000000,9000000,1230000000,1230000000,1239000000,1239000000,1248100000,1250100000,100000,100000,9000000,11000000,0,0,9000000,9000000,1230000000,1230000000,1239000000,1239000000,100010,34100030,100000,100000,10,34000030
1118,3774606000,8222148000,100000,100000,7000000,13000000,634506000,5076048000,13000000,13000000,3120000000,3120000000,3133000000,3133000000,3140100000,3146100000,100000,100000,7000000,13000000,0,0,13000000,13000000,3120000000,3120000000,3133000000,3133000000,100010,100000,100000,100000,10,0
1148,668606000,1304112000,100000,100000,12000000,13000000,634506000,1269012000,12000000,12000000,10000000,10000000,22000000,22000000,34100000,35100000,100000,100000,12000000,13000000,0,0,12000000,12000000,10000000,10000000,22000000,22000000,100010,100000,100000,100000,10,0
1178,670606000,3209630000,100000,100000,8000000,9000000,634506000,3172530000,8000000,8000000,20000000,20000000,28000000,28000000,36100000,37100000,100000,100000,8000000,9000000,0,0,8000000,8000000,20000000,20000000,28000000,28000000,100010,100000,100000,100000,10,0
1208,643606000,1279112000,100000,100000,9000000,10000000,634506000,1269012000,0,0,0,0,0,0,9100000,10100000,100000,100000,9000000,10000000,0,0,0,0,0,0,0,0,100010,100000,100000,100000,10,0
1238,1080606000,2986124000,100000,100000,17000000,19000000,634506000,2538024000,19000000,19000000,410000000,410000000,429000000,429000000,446100000,448100000,100000,100000,17000000,19000000,0,0,19000000,19000000,410000000,410000000,429000000,429000000,100010,100000,100000,100000,10,0
1268,3530606000,4195112000,100000,100000,8000000,38000000,634506000,1269012000,38000000,38000000,2850000000,2850000000,2888000000,2888000000,2896100000,2926100000,100000,100000,8000000,38000000,0,0,38000000,38000000,2850000000,2850000000,2888000000,2888000000,100010,11100030,100000,100000,10,11000030
9,3439606000,3440606000,100000,100000,17000000,18000000,634506000,634506000,18000000,18000000,2770000000,2770000000,2788000000,2788000000,2805100000,2806100000,100000,100000,17000000,18000000,0,0,18000000,18000000,2770000000,2770000000,2788000000,2788000000,100010,47100020,100000,100000,10,47000020
39,2681606000,2682606000,100000,100000,18000000,19000000,634506000,634506000,19000000,19000000,2010000000,2010000000,2029000000,2029000000,2047100000,2048100000,100000,100000,18000000,19000000,0,0,19000000,19000000,2010000000,2010000000,2029000000,2029000000,100010,72100020,100000,100000,10,72000020
69,2966606000,2968606000,100000,100000,10000000,12000000,634506000,634506000,12000000,12000000,2310000000,2310000000,2322000000,2322000000,2332100000,2334100000,100000,100000,10000000,12000000,0,0,12000000,12000000,2310000000,2310000000,2322000000,2322000000,100010,68100040,100000,100000,10,68000040
99,3153606000,3154606000,100000,100000,19000000,20000000,634506000,634506000,20000000,20000000,2480000000,2480000000,2500000000,2500000000,2519100000,2520100000,100000,100000,19000000,20000000,0,0,20000000,20000000,2480000000,2480000000,2500000000,2500000000,100010,22100010,100000,100000,10,22000010
129,2246606000,2246606000,100000,100000,1000000,1000000,634506000,634506000,1000000,1000000,1610000000,1610000000,1611000000,1611000000,1612100000,1612100000,100000,100000,1000000,1000000,0,0,1000000,1000000,1610000000,1610000000,1611000000,1611000000,100010,12100030,100000,100000,10,12000030
159,5073606000,5076606000,100000,100000,43000000,46000000,634506000,634506000,46000000,46000000,4350000000,4350000000,4396000000,4396000000,4439100000,4442100000,100000,100000,43000000,46000000,0,0,46000000,46000000,4350000000,4350000000,4396000000,4396000000,100010,121100060,100000,100000,10,121000060
189,1433606000,1434606000,100000,100000,19000000,20000000,634506000,634506000,20000000,20000000,760000000,760000000,780000000,780000000,799100000,800100000,100000,100000,19000000,20000000,0,0,20000000,20000000,760000000,760000000,780000000,780000000,100010,22100010,100000,100000,10,22000010
219,2883606000,2884606000,100000,100000,19000000,20000000,634506000,634506000,20000000,20000000,2210000000,2210000000,2230000000,2230000000,2249100000,2250100000,100000,100000,19000000,20000000,0,0,20000000,20000000,2210000000,2210000000,2230000000,2230000000,100010,23100020,100000,100000,10,23000020
249,2321606000,2322606000,100000,100000,8000000,9000000,634506000,634506000,9000000,9000000,1670000000,1670000000,1679000000,1679000000,1687100000,1688100000,100000,100000,8000000,9000000,0,0,9000000,9000000,1670000000,1670000000,1679000000,1679000000,100010,16100040,100000,100000,10,16000040
279,2372606000,2372606000,100000,100000,9000000,9000000,634506000,634506000,9000000,9000000,1720000000,1720000000,1729000000,1729000000,1738100000,1738100000,100000,100000,9000000,9000000,0,0,9000000,9000000,1720000000,1720000000,1729000000,1729000000,100010,16100040,100000,100000,10,16000040
309,3051606000,3052606000,100000,100000,8000000,9000000,634506000,634506000,9000000,9000000,2400000000,2400000000,2409000000,2409000000,2417100000,2418100000,100000,100000,8000000,9000000,0,0,9000000,9000000,2400000000,2400000000,2409000000,2409000000,100010,33100020,100000,100000,10,33000020
339,3051606000,3052606000,100000,100000,8000000,9000000,634506000,634506000,9000000,9000000,2400000000,2400000000,2409000000,2409000000,2417100000,2418100000,100000,100000,8000000,9000000,0,0,9000000,9000000,2400000000,2400000000,2409000000,2409000000,100010,33100020,100000,100000,10,33000020
369,680606000,681606000,100000,100000,8000000,9000000,634506000,634506000,8000000,8000000,30000000,30000000,38000000,38000000,46100000,47100000,100000,100000,8000000,9000000,0,0,8000000,8000000,30000000,30000000,38000000,38000000,100010,1100010,100000,100000,10,1000010
399,3739606000,3740606000,100000,100000,12000000,13000000,634506000,634506000,13000000,13000000,3080000000,3080000000,3093000000,3093000000,3105100000,3106100000,100000,100000,12000000,13000000,0,0,13000000,13000000,3080000000,3080000000,3093000000,3093000000,100010,2100010,100000,100000,10,2000010
429,2266606000,2266606000,100000,100000,11000000,11000000,634506000,634506000,11000000,11000000,1610000000,1610000000,1621000000,1621000000,1632100000,1632100000,100000,100000,11000000,11000000,0,0,11000000,11000000,1610000000,1610000000,1621000000,1621000000,100010,26100040,100000,100000,10,26000040
459,3568606000,3570606000,100000,100000,11000000,13000000,634506000,634506000,13000000,13000000,2910000000,2910000000,2923000000,2923000000,2934100000,2936100000,100000,100000,11000000,13000000,0,0,13000000,13000000,2910000000,2910000000,2923000000,2923000000,100010,69100050,100000,100000,10,69000050
489,1722606000,1728606000,100000,100000,4000000,10000000,634506000,634506000,4000000,4000000,1080000000,1080000000,1084000000,1084000000,1088100000,1094100000,100000,100000,4000000,10000000,0,0,4000000,4000000,1080000000,1080000000,1084000000,1084000000,100010,74100050,100000,100000,10,74000050
519,3831606000,3832606000,100000,100000,38000000,39000000,634506000,634506000,39000000,39000000,3120000000,3120000000,3159000000,3159000000,3197100000,3198100000,100000,100000,38000000,39000000,0,0,39000000,39000000,3120000000,3120000000,3159000000,3159000000,100010,83100020,100000,100000,10,83000020
549,1552606000,1558606000,100000,100000,1000000,7000000,634506000,634506000,7000000,7000000,910000000,910000000,917000000,917000000,918100000,924100000,100000,100000,1000000,7000000,0,0,7000000,7000000,910000000,910000000,917000000,917000000,100010,18100020,100000,100000,10,18000020
579,3069606000,3070606000,100000,100000,57000000,58000000,634506000,634506000,58000000,58000000,2320000000,2320000000,2378000000,2378000000,2435100000,2436100000,100000,100000,57000000,58000000,0,0,58000000,58000000,2320000000,2320000000,2378000000,2378000000,100010,105100030,100000,100000,10,105000030
609,2673606000,2674606000,100000,100000,9000000,10000000,634506000,634506000,10000000,10000000,2020000000,2020000000,2030000000,2030000000,2039100000,2040100000,100000,100000,9000000,10000000,0,0,10000000,10000000,2020000000,2020000000,2030000000,2030000000,100010,21100040,100000,100000,10,21000040
639,2183606000,2184606000,100000,100000,9000000,10000000,634506000,634506000,10000000,10000000,1530000000,1530000000,1540000000,1540000000,1549100000,1550100000,100000,100000,9000000,10000000,0,0,10000000,10000000,1530000000,1530000000,1540000000,1540000000,100010,83100020,100000,100000,10,83000020
669,1846606000,1846606000,100000,100000,6000000,6000000,634506000,634506000,6000000,6000000,1200000000,1200000000,1206000000,1206000000,1212100000,1212100000,100000,100000,6000000,6000000,0,0,6000000,6000000,1200000000,1200000000,1206000000,1206000000,100010,10100010,100000,100000,10,10000010
699,2359606000,2360606000,100000,100000,17000000,18000000,634506000,634506000,18000000,18000000,1690000000,1690000000,1708000000,1708000000,1725100000,1726100000,100000,100000,17000000,18000000,0,0,18000000,18000000,1690000000,1690000000,1708000000,1708000000,100010,21100010,100000,100000,10,21000010
729,1565606000,1566606000,100000,100000,5000000,6000000,634506000,634506000,6000000,6000000,920000000,920000000,926000000,926000000,931100000,932100000,100000,100000,5000000,6000000,0,0,6000000,6000000,920000000,920000000,926000000,926000000,100010,14100030,100000,100000,10,14000030
759,1366606000,1366606000,100000,100000,1000000,1000000,634506000,634506000,1000000,1000000,730000000,730000000,731000000,731000000,732100000,732100000,100000,100000,1000000,1000000,0,0,1000000,1000000,730000000,730000000,731000000,731000000,100010,20100030,100000,100000,10,20000030
789,1726606000,1726606000,100000,100000,1000000,1000000,634506000,634506000,1000000,1000000,1090000000,1090000000,1091000000,1091000000,1092100000,1092100000,100000,100000,1000000,1000000,0,0,1000000,1000000,1090000000,1090000000,1091000000,1091000000,100010,81100040,100000,100000,10,81000040
819,2281606000,2288606000,100000,100000,0,7000000,634506000,634506000,7000000,7000000,1640000000,1640000000,1647000000,1647000000,1647100000,1654100000,100000,100000,0,7000000,0,0,7000000,7000000,1640000000,1640000000,1647000000,1647000000,100010,74100040,100000,100000,10,74000040
849,2248606000,2248606000,100000,100000,12000000,12000000,634506000,634506000,12000000,12000000,1590000000,1590000000,1602000000,1602000000,1614100000,1614100000,100000,100000,12000000,12000000,0,0,12000000,12000000,1590000000,1590000000,1602000000,1602000000,100010,9100010,100000,100000,10,9000010
879,1829606000,1830606000,100000,100000,12000000,13000000,634506000,634506000,13000000,13000000,1170000000,1170000000,1183000000,1183000000,1195100000,1196100000,100000,100000,12000000,13000000,0,0,13000000,13000000,1170000000,1170000000,1183000000,1183000000,100010,5100010,100000,100000,10,5000010
909,2949606000,2950606000,100000,100000,7000000,8000000,634506000,634506000,8000000,8000000,2300000000,2300000000,2308000000,2308000000,2315100000,2316100000,100000,100000,7000000,8000000,0,0,8000000,8000000,2300000000,2300000000,2308000000,2308000000,100010,85100030,100000,100000,10,85000030
939,3784606000,3786606000,100000,100000,9000000,11000000,634506000,634506000,11000000,11000000,3130000000,3130000000,3141000000,3141000000,3150100000,3152100000,100000,100000,9000000,11000000,0,0,11000000,11000000,3130000000,3130000000,3141000000,3141000000,100010,28100040,100000,100000,10,28000040
969,1800606000,1800606000,100000,100000,8000000,8000000,634506000,634506000,8000000,8000000,1150000000,1150000000,1158000000,1158000000,1166100000,1166100000,100000,100000,8000000,8000000,0,0,8000000,8000000,1150000000,1150000000,1158000000,1158000000,100010,8100020,100000,100000,10,8000020
999,1565606000,20619786000,100000,100000,1000000,20000000,634506000,19669686000,20000000,20000000,910000000,910000000,930000000,930000000,931100000,950100000,100000,100000,1000000,20000000,0,0,20000000,20000000,910000000,910000000,930000000,930000000,100010,8100020,100000,100000,10,8000020
1029,641606000,645606000,100000,100000,7000000,11000000,634506000,634506000,0,0,0,0,0,0,7100000,11100000,100000,100000,7000000,11000000,0,0,0,0,0,0,0,0,100010,100000,100000,100000,10,0
1059,644606000,645606000,100000,100000,10000000,11000000,634506000,634506000,0,0,0,0,0,0,10100000,11100000,100000,100000,10000000,11000000,0,0,0,0,0,0,0,0,100010,100000,100000,100000,10,0
1089,3737606000,7547642000,100000,100000,10000000,13000000,634506000,4441542000,13000000,13000000,3080000000,3080000000,3093000000,3093000000,3103100000,3106100000,100000,100000,10000000,13000000,0,0,13000000,13000000,3080000000,3080000000,3093000000,3093000000,100010,100000,100000,100000,10,0
1119,2094606000,4004124000,100000,100000,7000000,13000000,634506000,2538024000,13000000,13000000,1440000000,1440000000,1453000000,1453000000,1460100000,1466100000,100000,100000,7000000,13000000,0,0,13000000,13000000,1440000000,1440000000,1453000000,1453000000,100010,100000,100000,100000,10,0
1149,908606000,3447630000,100000,100000,7000000,8000000,634506000,3172530000,7000000,7000000,260000000,260000000,267000000,267000000,274100000,275100000,100000,100000,7000000,8000000,0,0,7000000,7000000,260000000,260000000,267000000,267000000,100010,100000,100000,100000,10,0
1179,670606000,3209630000,100000,100000,8000000,9000000,634506000,3172530000,8000000,8000000,20000000,20000000,28000000,28000000,36100000,37100000,100000,100000,8000000,9000000,0,0,8000000,8000000,20000000,20000000,28000000,28000000,100010,100000,100000,100000,10,0
1209,643606000,1913618000,100000,100000,9000000,10000000,634506000,1903518000,0,0,0,0,0,0,9100000,10100000,100000,100000,9000000,10000000,0,0,0,0,0,0,0,0,100010,100000,100000,100000,10,0
1239,846606000,2116618000,100000,100000,46000000,47000000,634506000,1903518000,46000000,46000000,120000000,120000000,166000000,166000000,212100000,213100000,100000,100000,46000000,47000000,0,0,46000000,46000000,120000000,120000000,166000000,166000000,100010,7100040,100000,100000,10,7000040
1269,2110606000,7188654000,100000,100000,7000000,9000000,634506000,5710554000,9000000,9000000,1460000000,1460000000,1469000000,1469000000,1476100000,1478100000,100000,100000,7000000,9000000,0,0,9000000,9000000,1460000000,1460000000,1469000000,1469000000,100010,36100030,100000,100000,10,36000030
10,2399606000,2400606000,100000,100000,17000000,18000000,634506000,634506000,18000000,18000000,1730000000,1730000000,1748000000,1748000000,1765100000,1766100000,100000,100000,17000000,18000000,0,0,18000000,18000000,1730000000,1730000000,1748000000,1748000000,100010,47100020,100000,100000,10,47000020
40,652606000,654606000,100000,100000,18000000,20000000,634506000,634506000,0,0,0,0,0,0,18100000,20100000,100000,100000,18000000,20000000,0,0,0,0,0,0,0,0,100010,100000,100000,100000,10,0
70,3065606000,3066606000,100000,100000,10000000,11000000,634506000,634506000,11000000,11000000,2410000000,2410000000,2421000000,2421000000,2431100000,2432100000,100000,100000,10000000,11000000,0,0,11000000,11000000,2410000000,2410000000,2421000000,2421000000,100010,68100040,100000,100000,10,68000040
100,1570606000,1571606000,100000,100000,18000000,19000000,634506000,634506000,18000000,18000000,900000000,900000000,918000000,918000000,936100000,937100000,100000,100000,18000000,19000000,0,0,18000000,18000000,900000000,900000000,918000000,918000000,100010,21100010,100000,100000,10,21000010
130,1716606000,1716606000,100000,100000,1000000,1000000,634506000,634506000,1000000,1000000,1080000000,1080000000,1081000000,1081000000,1082100000,1082100000,100000,100000,1000000,1000000,0,0,1000000,1000000,1080000000,1080000000,1081000000,1081000000,100010,12100030,100000,100000,10,12000030
160,3681606000,3682606000,100000,100000,43000000,44000000,634506000,634506000,44000000,44000000,2960000000,2960000000,3004000000,3004000000,3047100000,3048100000,100000,100000,43000000,44000000,0,0,44000000,44000000,2960000000,2960000000,3004000000,3004000000,100010,121100060,100000,100000,10,121000060
190,2324606000,2324606000,100000,100000,20000000,20000000,634506000,634506000,20000000,20000000,1650000000,1650000000,1670000000,1670000000,1690100000,1690100000,100000,100000,20000000,20000000,0,0,20000000,20000000,1650000000,1650000000,1670000000,1670000000,100010,27100050,100000,100000,10,27000050
220,3623606000,3624606000,100000,100000,19000000,20000000,634506000,634506000,20000000,20000000,2950000000,2950000000,2970000000,2970000000,2989100000,2990100000,100000,100000,19000000,20000000,0,0,20000000,20000000,2950000000,2950000000,2970000000,2970000000,100010,28100040,100000,100000,10,28000040
250,1291606000,1292606000,100000,100000,8000000,9000000,634506000,634506000,9000000,9000000,640000000,640000000,649000000,649000000,657100000,658100000,100000,100000,8000000,9000000,0,0,9000000,9000000,640000000,640000000,649000000,649000000,100010,16100030,100000,100000,10,16000030
280,2372606000,2372606000,100000,100000,9000000,9000000,634506000,634506000,9000000,9000000,1720000000,1720000000,1729000000,1729000000,1738100000,1738100000,100000,100000,9000000,9000000,0,0,9000000,9000000,1720000000,1720000000,1729000000,1729000000,100010,16100040,100000,100000,10,16000040
310,3031606000,3032606000,100000,100000,8000000,9000000,634506000,634506000,9000000,9000000,2380000000,2380000000,2389000000,2389000000,2397100000,2398100000,100000,100000,8000000,9000000,0,0,9000000,9000000,2380000000,2380000000,2389000000,2389000000,100010,33100020,100000,100000,10,33000020
340,3051606000,3052606000,100000,100000,8000000,9000000,634506000,634506000,9000000,9000000,2400000000,2400000000,2409000000,2409000000,2417100000,2418100000,100000,100000,8000000,9000000,0,0,9000000,9000000,2400000000,2400000000,2409000000,2409000000,100010,33100020,100000,100000,10,33000020
370,680606000,681606000,100000,100000,8000000,9000000,634506000,634506000,8000000,8000000,30000000,30000000,38000000,38000000,46100000,47100000,100000,100000,8000000,9000000,0,0,8000000,8000000,30000000,30000000,38000000,38000000,100010,1100010,100000,100000,10,1000010
400,3749606000,3750606000,100000,100000,12000000,13000000,634506000,634506000,13000000,13000000,3090000000,3090000000,3103000000,3103000000,3115100000,3116100000,100000,100000,12000000,13000000,0,0,13000000,13000000,3090000000,3090000000,3103000000,3103000000,100010,2100010,100000,100000,10,2000010
430,2466606000,2466606000,100000,100000,11000000,11000000,634506000,634506000,11000000,11000000,1810000000,1810000000,1821000000,1821000000,1832100000,1832100000,100000,100000,11000000,11000000,0,0,11000000,11000000,1810000000,1810000000,1821000000,1821000000,100010,26100040,100000,100000,10,26000040
460,1373606000,1376606000,100000,100000,8000000,11000000,634506000,634506000,11000000,11000000,720000000,720000000,731000000,731000000,739100000,742100000,100000,100000,8000000,11000000,0,0,11000000,11000000,720000000,720000000,731000000,731000000,100010,66100040,100000,100000,10,66000040
490,638606000,639606000,100000,100000,4000000,5000000,634506000,634506000,0,0,0,0,0,0,4100000,5100000,100000,100000,4000000,5000000,0,0,0,0,0,0,0,0,100010,100000,100000,100000,10,0
520,3831606000,3832606000,100000,100000,38000000,39000000,634506000,634506000,39000000,39000000,3120000000,3120000000,3159000000,3159000000,3197100000,3198100000,100000,100000,38000000,39000000,0,0,39000000,39000000,3120000000,3120000000,3159000000,3159000000,100010,83100020,100000,100000,10,83000020
550,2239606000,2240606000,100000,100000,7000000,8000000,634506000,634506000,8000000,8000000,1590000000,1590000000,1598000000,1598000000,1605100000,1606100000,100000,100000,7000000,8000000,0,0,8000000,8000000,1590000000,1590000000,1598000000,1598000000,100010,10100030,100000,100000,10,10000030
580,3079606000,3080606000,100000,100000,57000000,58000000,634506000,634506000,58000000,58000000,2330000000,2330000000,2388000000,2388000000,2445100000,2446100000,100000,100000,57000000,58000000,0,0,58000000,58000000,2330000000,2330000000,2388000000,2388000000,100010,105100030,100000,100000,10,105000030
610,2673606000,2674606000,100000,100000,9000000,10000000,634506000,634506000,10000000,10000000,2020000000,2020000000,2030000000,2030000000,2039100000,2040100000,100000,100000,9000000,10000000,0,0,10000000,10000000,2020000000,2020000000,2030000000,2030000000,100010,21100040,100000,100000,10,21000040
640,1452606000,1462606000,100000,100000,9000000,19000000,634506000,634506000,19000000,19000000,790000000,790000000,809000000,809000000,818100000,828100000,100000,100000,9000000,19000000,0,0,19000000,19000000,790000000,790000000,809000000,809000000,100010,72100020,100000,100000,10,72000020
670,1856606000,1856606000,100000,100000,6000000,6000000,634506000,634506000,6000000,6000000,1210000000,1210000000,1216000000,1216000000,1222100000,1222100000,100000,100000,6000000,6000000,0,0,6000000,6000000,1210000000,1210000000,1216000000,1216000000,100010,20100030,100000,100000,10,20000030
700,2359606000,2360606000,100000,100000,17000000,18000000,634506000,634506000,18000000,18000000,1690000000,1690000000,1708000000,1708000000,1725100000,1726100000,100000,100000,17000000,18000000,0,0,18000000,18000000,1690000000,1690000000,1708000000,1708000000,100010,21100010,100000,100000,10,21000010
730,2866606000,2866606000,100000,100000,6000000,6000000,634506000,634506000,6000000,6000000,2220000000,2220000000,2226000000,2226000000,2232100000,2232100000,100000,100000,6000000,6000000,0,0,6000000,6000000,2220000000,2220000000,2226000000,2226000000,100010,82100030,100000,100000,10,82000030
760,1296606000,1296606000,100000,100000,1000000,1000000,634506000,634506000,1000000,1000000,660000000,660000000,661000000,661000000,662100000,662100000,100000,100000,1000000,1000000,0,0,1000000,1000000,660000000,660000000,661000000,661000000,100010,20100030,100000,100000,10,20000030
790,1726606000,1726606000,100000,100000,1000000,1000000,634506000,634506000,1000000,1000000,1090000000,1090000000,1091000000,1091000000,1092100000,1092100000,100000,100000,1000000,1000000,0,0,1000000,1000000,1090000000,1090000000,1091000000,1091000000,100010,81100040,100000,100000,10,81000040
820,2775606000,2776606000,100000,100000,0,1000000,634506000,634506000,1000000,1000000,2140000000,2140000000,2141000000,2141000000,2141100000,2142100000,100000,100000,0,1000000,0,0,1000000,1000000,2140000000,2140000000,2141000000,2141000000,100010,81100030,100000,100000,10,81000030
850,3009606000,3010606000,100000,100000,12000000,13000000,634506000,634506000,13000000,13000000,2350000000,2350000000,2363000000,2363000000,2375100000,2376100000,100000,100000,12000000,13000000,0,0,13000000,13000000,2350000000,2350000000,2363000000,2363000000,100010,9100010,100000,100000,10,9000010
880,3605606000,3606606000,100000,100000,15000000,16000000,634506000,634506000,16000000,16000000,2940000000,2940000000,2956000000,2956000000,2971100000,2972100000,100000,100000,15000000,16000000,0,0,16000000,16000000,2940000000,2940000000,2956000000,2956000000,100010,28100040,100000,100000,10,28000040
910,670606000,670606000,100000,100000,8000000,8000000,634506000,634506000,8000000,8000000,20000000,20000000,28000000,28000000,36100000,36100000,100000,100000,8000000,8000000,0,0,8000000,8000000,20000000,20000000,28000000,28000000,100010,1100010,100000,100000,10,1000010
940,2942606000,2942606000,100000,100000,9000000,9000000,634506000,634506000,9000000,9000000,2290000000,2290000000,2299000000,2299000000,2308100000,2308100000,100000,100000,9000000,9000000,0,0,9000000,9000000,2290000000,2290000000,2299000000,2299000000,100010,16100040,100000,100000,10,16000040
970,1800606000,1800606000,100000,100000,8000000,8000000,634506000,634506000,8000000,8000000,1150000000,1150000000,1158000000,1158000000,1166100000,1166100000,100000,100000,8000000,8000000,0,0,8000000,8000000,1150000000,1150000000,1158000000,1158000000,100010,8100020,100000,100000,10,8000020
1000,3005606000,22694292000,100000,100000,1000000,20000000,634506000,20304192000,20000000,20000000,2350000000,2350000000,2370000000,2370000000,2371100000,2390100000,100000,100000,1000000,20000000,0,0,20000000,20000000,2350000000,2350000000,2370000000,2370000000,100010,15100050,100000,100000,10,15000050
1030,2813606000,14880220000,100000,100000,1000000,12000000,634506000,12690120000,8000000,8000000,2170000000,2170000000,2178000000,2178000000,2179100000,2190100000,100000,100000,1000000,12000000,0,0,8000000,8000000,2170000000,2170000000,2178000000,2178000000,100010,17100030,100000,100000,10,17000030
1060,643606000,1913618000,100000,100000,9000000,10000000,634506000,1903518000,0,0,0,0,0,0,9100000,10100000,100000,100000,9000000,10000000,0,0,0,0,0,0,0,0,100010,100000,100000,100000,10,0
1090,3717606000,6893136000,100000,100000,10000000,13000000,634506000,3807036000,13000000,13000000,3060000000,3060000000,3073000000,3073000000,3083100000,3086100000,100000,100000,10000000,13000000,0,0,13000000,13000000,3060000000,3060000000,3073000000,3073000000,100010,100000,100000,100000,10,0
1120,1634606000,6081148000,100000,100000,8000000,13000000,634506000,5076048000,12000000,12000000,980000000,980000000,992000000,992000000,1000100000,1005100000,100000,100000,8000000,13000000,0,0,12000000,12000000,980000000,980000000,992000000,992000000,100010,22100020,100000,100000,10,22000020
1150,2299606000,9283172000,100000,100000,7000000,11000000,634506000,7614072000,8000000,8000000,1650000000,1650000000,1658000000,1658000000,1665100000,1669100000,100000,100000,7000000,11000000,0,0,8000000,8000000,1650000000,1650000000,1658000000,1658000000,100010,83100020,100000,100000,10,83000020
1180,670606000,3209630000,100000,100000,8000000,9000000,634506000,3172530000,8000000,8000000,20000000,20000000,28000000,28000000,36100000,37100000,100000,100000,8000000,9000000,0,0,8000000,8000000,20000000,20000000,28000000,28000000,100010,100000,100000,100000,10,0
1210,643606000,1913618000,100000,100000,9000000,10000000,634506000,1903518000,0,0,0,0,0,0,9100000,10100000,100000,100000,9000000,10000000,0,0,0,0,0,0,0,0,100010,100000,100000,100000,10,0
1240,3840606000,5754124000,100000,100000,38000000,48000000,634506000,2538024000,48000000,48000000,3120000000,3120000000,3168000000,3168000000,3206100000,3216100000,100000,100000,38000000,48000000,0,0,48000000,48000000,3120000000,3120000000,3168000000,3168000000,100010,32100040,100000,100000,10,32000040
1270,908606000,2813124000,100000,100000,7000000,8000000,634506000,2538024000,7000000,7000000,260000000,260000000,267000000,267000000,274100000,275100000,100000,100000,7000000,8000000,0,0,7000000,7000000,260000000,260000000,267000000,267000000,100010,100000,100000,100000,10,0
11,1992606000,2008606000,100000,100000,1000000,17000000,634506000,634506000,17000000,17000000,1340000000,1340000000,1357000000,1357000000,1358100000,1374100000,100000,100000,1000000,17000000,0,0,17000000,17000000,1340000000,1340000000,1357000000,1357000000,100010,9100030,100000,100000,10,9000030
41,1750606000,1750606000,100000,100000,18000000,18000000,634506000,634506000,18000000,18000000,1080000000,1080000000,1098000000,1098000000,1116100000,1116100000,100000,100000,18000000,18000000,0,0,18000000,18000000,1080000000,1080000000,1098000000,1098000000,100010,15100020,100000,100000,10,15000020
71,2966606000,2968606000,100000,100000,10000000,12000000,634506000,634506000,12000000,12000000,2310000000,2310000000,2322000000,2322000000,2332100000,2334100000,100000,100000,10000000,12000000,0,0,12000000,12000000,2310000000,2310000000,2322000000,2322000000,100010,68100040,100000,100000,10,68000040
101,1520606000,1522606000,100000,100000,18000000,20000000,634506000,634506000,18000000,18000000,850000000,850000000,868000000,868000000,886100000,888100000,100000,100000,18000000,20000000,0,0,18000000,18000000,850000000,850000000,868000000,868000000,100010,21100030,100000,100000,10,21000030
131,1236606000,1243606000,100000,100000,1000000,8000000,634506000,634506000,1000000,1000000,600000000,600000000,601000000,601000000,602100000,609100000,100000,100000,1000000,8000000,0,0,1000000,1000000,600000000,600000000,601000000,601000000,100010,12100020,100000,100000,10,12000020
161,3854606000,3858606000,100000,100000,43000000,47000000,634506000,634506000,47000000,47000000,3130000000,3130000000,3177000000,3177000000,3220100000,3224100000,100000,100000,43000000,47000000,0,0,47000000,47000000,3130000000,3130000000,3177000000,3177000000,100010,37100040,100000,100000,10,37000040
191,2734606000,2734606000,100000,100000,20000000,20000000,634506000,634506000,20000000,20000000,2060000000,2060000000,2080000000,2080000000,2100100000,2100100000,100000,100000,20000000,20000000,0,0,20000000,20000000,2060000000,2060000000,2080000000,2080000000,100010,51100030,100000,100000,10,51000030
221,2873606000,2874606000,100000,100000,19000000,20000000,634506000,634506000,20000000,20000000,2200000000,2200000000,2220000000,2220000000,2239100000,2240100000,100000,100000,19000000,20000000,0,0,20000000,20000000,2200000000,2200000000,2220000000,2220000000,100010,22100010,100000,100000,10,22000010
251,1836606000,1838606000,100000,100000,6000000,8000000,634506000,634506000,6000000,6000000,1190000000,1190000000,1196000000,1196000000,1202100000,1204100000,100000,100000,6000000,8000000,0,0,6000000,6000000,1190000000,1190000000,1196000000,1196000000,100010,15100020,100000,100000,10,15000020
281,1402606000,1402606000,100000,100000,9000000,9000000,634506000,634506000,9000000,9000000,750000000,750000000,759000000,759000000,768100000,768100000,100000,100000,9000000,9000000,0,0,9000000,9000000,750000000,750000000,759000000,759000000,100010,15100020,100000,100000,10,15000020
311,3051606000,3052606000,100000,100000,8000000,9000000,634506000,634506000,9000000,9000000,2400000000,2400000000,2409000000,2409000000,2417100000,2418100000,100000,100000,8000000,9000000,0,0,9000000,9000000,2400000000,2400000000,2409000000,2409000000,100010,33100020,100000,100000,10,33000020
341,3051606000,3052606000,100000,100000,8000000,9000000,634506000,634506000,9000000,9000000,2400000000,2400000000,2409000000,2409000000,2417100000,2418100000,100000,100000,8000000,9000000,0,0,9000000,9000000,2400000000,2400000000,2409000000,2409000000,100010,33100020,100000,100000,10,33000020
371,680606000,681606000,100000,100000,8000000,9000000,634506000,634506000,8000000,8000000,30000000,30000000,38000000,38000000,46100000,47100000,100000,100000,8000000,9000000,0,0,8000000,8000000,30000000,30000000,38000000,38000000,100010,1100010,100000,100000,10,1000010
401,3729606000,3730606000,100000,100000,12000000,13000000,634506000,634506000,13000000,13000000,3070000000,3070000000,3083000000,3083000000,3095100000,3096100000,100000,100000,12000000,13000000,0,0,13000000,13000000,3070000000,3070000000,3083000000,3083000000,100010,2100010,100000,100000,10,2000010
431,1655606000,1656606000,100000,100000,10000000,11000000,634506000,634506000,11000000,11000000,1000000000,1000000000,1011000000,1011000000,1021100000,1022100000,100000,100000,10000000,11000000,0,0,11000000,11000000,1000000000,1000000000,1011000000,1011000000,100010,26100040,100000,100000,10,26000040
461,1586606000,1586606000,100000,100000,11000000,11000000,634506000,634506000,11000000,11000000,930000000,930000000,941000000,941000000,952100000,952100000,100000,100000,11000000,11000000,0,0,11000000,11000000,930000000,930000000,941000000,941000000,100010,33100020,100000,100000,10,33000020
491,3342606000,3342606000,100000,100000,4000000,4000000,634506000,634506000,4000000,4000000,2700000000,2700000000,2704000000,2704000000,2708100000,2708100000,100000,100000,4000000,4000000,0,0,4000000,4000000,2700000000,2700000000,2704000000,2704000000,100010,15100040,100000,100000,10,15000040
521,1611606000,1630606000,100000,100000,19000000,38000000,634506000,634506000,38000000,38000000,920000000,920000000,958000000,958000000,977100000,996100000,100000,100000,19000000,38000000,0,0,38000000,38000000,920000000,920000000,958000000,958000000,100010,62100010,100000,100000,10,62000010
551,2839606000,2840606000,100000,100000,7000000,8000000,634506000,634506000,8000000,8000000,2190000000,2190000000,2198000000,2198000000,2205100000,2206100000,100000,100000,7000000,8000000,0,0,8000000,8000000,2190000000,2190000000,2198000000,2198000000,100010,22100030,100000,100000,10,22000030
581,3246606000,3274606000,100000,100000,57000000,85000000,634506000,634506000,85000000,85000000,2470000000,2470000000,2555000000,2555000000,2612100000,2640100000,100000,100000,57000000,85000000,0,0,85000000,85000000,2470000000,2470000000,2555000000,2555000000,100010,106100030,100000,100000,10,106000030
611,2673606000,2674606000,100000,100000,9000000,10000000,634506000,634506000,10000000,10000000,2020000000,2020000000,2030000000,2030000000,2039100000,2040100000,100000,100000,9000000,10000000,0,0,10000000,10000000,2020000000,2020000000,2030000000,2030000000,100010,21100040,100000,100000,10,21000040
641,2503606000,2504606000,100000,100000,9000000,10000000,634506000,634506000,10000000,10000000,1850000000,1850000000,1860000000,1860000000,1869100000,1870100000,100000,100000,9000000,10000000,0,0,10000000,10000000,1850000000,1850000000,1860000000,1860000000,100010,83100020,100000,100000,10,83000020
671,2747606000,2748606000,100000,100000,6000000,7000000,634506000,634506000,7000000,7000000,2100000000,2100000000,2107000000,2107000000,2113100000,2114100000,100000,100000,6000000,7000000,0,0,7000000,7000000,2100000000,2100000000,2107000000,2107000000,100010,20100030,100000,100000,10,20000030
701,2359606000,2360606000,100000,100000,17000000,18000000,634506000,634506000,18000000,18000000,1690000000,1690000000,1708000000,1708000000,1725100000,1726100000,100000,100000,17000000,18000000,0,0,18000000,18000000,1690000000,1690000000,1708000000,1708000000,100010,21100010,100000,100000,10,21000010
731,2046606000,2046606000,100000,100000,6000000,6000000,634506000,634506000,6000000,6000000,1400000000,1400000000,1406000000,1406000000,1412100000,1412100000,100000,100000,6000000,6000000,0,0,6000000,6000000,1400000000,1400000000,1406000000,1406000000,100010,12100020,100000,100000,10,12000020
761,1366606000,1366606000,100000,100000,1000000,1000000,634506000,634506000,1000000,1000000,730000000,730000000,731000000,731000000,732100000,732100000,100000,100000,1000000,1000000,0,0,1000000,1000000,730000000,730000000,731000000,731000000,100010,20100030,100000,100000,10,20000030
791,1226606000,1226606000,100000,100000,1000000,1000000,634506000,634506000,1000000,1000000,590000000,590000000,591000000,591000000,592100000,592100000,100000,100000,1000000,1000000,0,0,1000000,1000000,590000000,590000000,591000000,591000000,100010,81100040,100000,100000,10,81000040
821,2775606000,2776606000,100000,100000,0,1000000,634506000,634506000,1000000,1000000,2140000000,2140000000,2141000000,2141000000,2141100000,2142100000,100000,100000,0,1000000,0,0,1000000,1000000,2140000000,2140000000,2141000000,2141000000,100010,81100030,100000,100000,10,81000030
851,1739606000,1740606000,100000,100000,12000000,13000000,634506000,634506000,13000000,13000000,1080000000,1080000000,1093000000,1093000000,1105100000,1106100000,100000,100000,12000000,13000000,0,0,13000000,13000000,1080000000,1080000000,1093000000,1093000000,100010,9100010,100000,100000,10,9000010
881,3625606000,3626606000,100000,100000,15000000,16000000,634506000,634506000,16000000,16000000,2960000000,2960000000,2976000000,2976000000,2991100000,2992100000,100000,100000,15000000,16000000,0,0,16000000,16000000,2960000000,2960000000,2976000000,2976000000,100010,28100040,100000,100000,10,28000040
911,650606000,651606000,100000,100000,16000000,17000000,634506000,634506000,0,0,0,0,0,0,16100000,17100000,100000,100000,16000000,17000000,0,0,0,0,0,0,0,0,100010,100000,100000,100000,10,0
941,3433606000,3434606000,100000,100000,9000000,10000000,634506000,634506000,10000000,10000000,2780000000,2780000000,2790000000,2790000000,2799100000,2800100000,100000,100000,9000000,10000000,0,0,10000000,10000000,2780000000,2780000000,2790000000,2790000000,100010,27100040,100000,100000,10,27000040
971,1406606000,1406606000,100000,100000,11000000,11000000,634506000,634506000,11000000,11000000,750000000,750000000,761000000,761000000,772100000,772100000,100000,100000,11000000,11000000,0,0,11000000,11000000,750000000,750000000,761000000,761000000,100010,2100010,100000,100000,10,2000010
1001,3737606000,7547642000,100000,100000,10000000,13000000,634506000,4441542000,13000000,13000000,3080000000,3080000000,3093000000,3093000000,3103100000,3106100000,100000,100000,10000000,13000000,0,0,13000000,13000000,3080000000,3080000000,3093000000,3093000000,100010,100000,100000,100000,10,0
1031,2112606000,5332136000,100000,100000,10000000,57000000,634506000,3807036000,18000000,18000000,1450000000,1450000000,1468000000,1468000000,1478100000,1525100000,100000,100000,10000000,57000000,0,0,18000000,18000000,1450000000,1450000000,1468000000,1468000000,100010,28100010,100000,100000,10,28000010
1061,1923606000,5738642000,100000,100000,1000000,9000000,634506000,4441542000,8000000,8000000,1280000000,1280000000,1288000000,1288000000,1289100000,1297100000,100000,100000,1000000,9000000,0,0,8000000,8000000,1280000000,1280000000,1288000000,1288000000,100010,33100020,100000,100000,10,33000020
1091,3697606000,6238630000,100000,100000,10000000,13000000,634506000,3172530000,13000000,13000000,3040000000,3040000000,3053000000,3053000000,3063100000,3066100000,100000,100000,10000000,13000000,0,0,13000000,13000000,3040000000,3040000000,3053000000,3053000000,100010,100000,100000,100000,10,0
1121,642606000,643606000,100000,100000,8000000,9000000,634506000,634506000,0,0,0,0,0,0,8100000,9100000,100000,100000,8000000,9000000,0,0,0,0,0,0,0,0,100010,100000,100000,100000,10,0
1151,3332606000,12225690000,100000,100000,0,10000000,634506000,9517590000,8000000,8000000,2690000000,2690000000,2698000000,2698000000,2698100000,2708100000,100000,100000,0,10000000,0,0,8000000,8000000,2690000000,2690000000,2698000000,2698000000,100010,80100040,100000,100000,10,80000040
1181,670606000,3209630000,100000,100000,8000000,9000000,634506000,3172530000,8000000,8000000,20000000,20000000,28000000,28000000,36100000,37100000,100000,100000,8000000,9000000,0,0,8000000,8000000,20000000,20000000,28000000,28000000,100010,100000,100000,100000,10,0
1211,643606000,1913618000,100000,100000,9000000,10000000,634506000,1903518000,0,0,0,0,0,0,9100000,10100000,100000,100000,9000000,10000000,0,0,0,0,0,0,0,0,100010,100000,100000,100000,10,0
1241,1041606000,1677112000,100000,100000,8000000,9000000,634506000,1269012000,9000000,9000000,390000000,390000000,399000000,399000000,407100000,408100000,100000,100000,8000000,9000000,0,0,9000000,9000000,390000000,390000000,399000000,399000000,100010,100000,100000,100000,10,0
1271,1080606000,2986124000,100000,100000,17000000,19000000,634506000,2538024000,19000000,19000000,410000000,410000000,429000000,429000000,446100000,448100000,100000,100000,17000000,19000000,0,0,19000000,19000000,410000000,410000000,429000000,429000000,100010,100000,100000,100000,10,0
12,3783606000,3784606000,100000,100000,19000000,20000000,634506000,634506000,20000000,20000000,3110000000,3110000000,3130000000,3130000000,3149100000,3150100000,100000,100000,19000000,20000000,0,0,20000000,20000000,3110000000,3110000000,3130000000,3130000000,100010,23100020,100000,100000,10,23000020
42,651606000,652606000,100000,100000,17000000,18000000,634506000,634506000,0,0,0,0,0,0,17100000,18100000,100000,100000,17000000,18000000,0,0,0,0,0,0,0,0,100010,100000,100000,100000,10,0
72,3065606000,3066606000,100000,100000,10000000,11000000,634506000,634506000,11000000,11000000,2410000000,2410000000,2421000000,2421000000,2431100000,2432100000,100000,100000,10000000,11000000,0,0,11000000,11000000,2410000000,2410000000,2421000000,2421000000,100010,68100040,100000,100000,10,68000040
102,1580606000,1580606000,100000,100000,18000000,18000000,634506000,634506000,18000000,18000000,910000000,910000000,928000000,928000000,946100000,946100000,100000,100000,18000000,18000000,0,0,18000000,18000000,910000000,910000000,928000000,928000000,100010,47100020,100000,100000,10,47000020
132,2246606000,2246606000,100000,100000,1000000,1000000,634506000,634506000,1000000,1000000,1610000000,1610000000,1611000000,1611000000,1612100000,1612100000,100000,100000,1000000,1000000,0,0,1000000,1000000,1610000000,1610000000,1611000000,1611000000,100010,12100030,100000,100000,10,12000030
162,1020606000,1048606000,100000,100000,9000000,37000000,634506000,634506000,37000000,37000000,340000000,340000000,377000000,377000000,386100000,414100000,100000,100000,9000000,37000000,0,0,37000000,37000000,340000000,340000000,377000000,377000000,100010,10100040,100000,100000,10,10000040
192,2744606000,2744606000,100000,100000,20000000,20000000,634506000,634506000,20000000,20000000,2070000000,2070000000,2090000000,2090000000,2110100000,2110100000,100000,100000,20000000,20000000,0,0,20000000,20000000,2070000000,2070000000,2090000000,2090000000,100010,51100030,100000,100000,10,51000030
222,2873606000,2874606000,100000,100000,19000000,20000000,634506000,634506000,20000000,20000000,2200000000,2200000000,2220000000,2220000000,2239100000,2240100000,100000,100000,19000000,20000000,0,0,20000000,20000000,2200000000,2200000000,2220000000,2220000000,100010,22100010,100000,100000,10,22000010
252,1956606000,1958606000,100000,100000,6000000,8000000,634506000,634506000,6000000,6000000,1310000000,1310000000,1316000000,1316000000,1322100000,1324100000,100000,100000,6000000,8000000,0,0,6000000,6000000,1310000000,1310000000,1316000000,1316000000,100010,17100030,100000,100000,10,17000030
282,2592606000,2592606000,100000,100000,9000000,9000000,634506000,634506000,9000000,9000000,1940000000,1940000000,1949000000,1949000000,1958100000,1958100000,100000,100000,9000000,9000000,0,0,9000000,9000000,1940000000,1940000000,1949000000,1949000000,100010,16100040,100000,100000,10,16000040
312,2391606000,2392606000,100000,100000,8000000,9000000,634506000,634506000,9000000,9000000,1740000000,1740000000,1749000000,1749000000,1757100000,1758100000,100000,100000,8000000,9000000,0,0,9000000,9000000,1740000000,1740000000,1749000000,1749000000,100010,56100030,100000,100000,10,56000030
342,3051606000,3052606000,100000,100000,8000000,9000000,634506000,634506000,9000000,9000000,2400000000,2400000000,2409000000,2409000000,2417100000,2418100000,100000,100000,8000000,9000000,0,0,9000000,9000000,2400000000,2400000000,2409000000,2409000000,100010,33100020,100000,100000,10,33000020
372,1952606000,1952606000,100000,100000,9000000,9000000,634506000,634506000,9000000,9000000,1300000000,1300000000,1309000000,1309000000,1318100000,1318100000,100000,100000,9000000,9000000,0,0,9000000,9000000,1300000000,1300000000,1309000000,1309000000,100010,16100030,100000,100000,10,16000030
402,2357606000,2358606000,100000,100000,11000000,12000000,634506000,634506000,12000000,12000000,1700000000,1700000000,1712000000,1712000000,1723100000,1724100000,100000,100000,11000000,12000000,0,0,12000000,12000000,1700000000,1700000000,1712000000,1712000000,100010,26100040,100000,100000,10,26000040
432,2456606000,2456606000,100000,100000,11000000,11000000,634506000,634506000,11000000,11000000,1800000000,1800000000,1811000000,1811000000,1822100000,1822100000,100000,100000,11000000,11000000,0,0,11000000,11000000,1800000000,1800000000,1811000000,1811000000,100010,26100040,100000,100000,10,26000040
462,1596606000,1596606000,100000,100000,11000000,11000000,634506000,634506000,11000000,11000000,940000000,940000000,951000000,951000000,962100000,962100000,100000,100000,11000000,11000000,0,0,11000000,11000000,940000000,940000000,951000000,951000000,100010,33100020,100000,100000,10,33000020
492,3202606000,3202606000,100000,100000,4000000,4000000,634506000,634506000,4000000,4000000,2560000000,2560000000,2564000000,2564000000,2568100000,2568100000,100000,100000,4000000,4000000,0,0,4000000,4000000,2560000000,2560000000,2564000000,2564000000,100010,73100040,100000,100000,10,73000040
522,1969606000,1990606000,100000,100000,17000000,38000000,634506000,634506000,38000000,38000000,1280000000,1280000000,1318000000,1318000000,1335100000,1356100000,100000,100000,17000000,38000000,0,0,38000000,38000000,1280000000,1280000000,1318000000,1318000000,100010,26100040,100000,100000,10,26000040
552,2839606000,2840606000,100000,100000,7000000,8000000,634506000,634506000,8000000,8000000,2190000000,2190000000,2198000000,2198000000,2205100000,2206100000,100000,100000,7000000,8000000,0,0,8000000,8000000,2190000000,2190000000,2198000000,2198000000,100010,22100030,100000,100000,10,22000030
582,864606000,866606000,100000,100000,44000000,46000000,634506000,634506000,46000000,46000000,140000000,140000000,186000000,186000000,230100000,232100000,100000,100000,44000000,46000000,0,0,46000000,46000000,140000000,140000000,186000000,186000000,100010,37100060,100000,100000,10,37000060
612,2673606000,2674606000,100000,100000,9000000,10000000,634506000,634506000,10000000,10000000,2020000000,2020000000,2030000000,2030000000,2039100000,2040100000,100000,100000,9000000,10000000,0,0,10000000,10000000,2020000000,2020000000,2030000000,2030000000,100010,21100040,100000,100000,10,21000040
642,2183606000,2184606000,100000,100000,9000000,10000000,634506000,634506000,10000000,10000000,1530000000,1530000000,1540000000,1540000000,1549100000,1550100000,100000,100000,9000000,10000000,0,0,10000000,10000000,1530000000,1530000000,1540000000,1540000000,100010,83100020,100000,100000,10,83000020
672,2005606000,2006606000,100000,100000,5000000,6000000,634506000,634506000,6000000,6000000,1360000000,1360000000,1366000000,1366000000,1371100000,1372100000,100000,100000,5000000,6000000,0,0,6000000,6000000,1360000000,1360000000,1366000000,1366000000,100010,82100040,100000,100000,10,82000040
702,1959606000,1960606000,100000,100000,17000000,18000000,634506000,634506000,18000000,18000000,1290000000,1290000000,1308000000,1308000000,1325100000,1326100000,100000,100000,17000000,18000000,0,0,18000000,18000000,1290000000,1290000000,1308000000,1308000000,100010,21100010,100000,100000,10,21000010
732,2446606000,2446606000,100000,100000,6000000,6000000,634506000,634506000,6000000,6000000,1800000000,1800000000,1806000000,1806000000,1812100000,1812100000,100000,100000,6000000,6000000,0,0,6000000,6000000,1800000000,1800000000,1806000000,1806000000,100010,82100030,100000,100000,10,82000030
762,1366606000,1366606000,100000,100000,1000000,1000000,634506000,634506000,1000000,1000000,730000000,730000000,731000000,731000000,732100000,732100000,100000,100000,1000000,1000000,0,0,1000000,1000000,730000000,730000000,731000000,731000000,100010,20100030,100000,100000,10,20000030
792,1756606000,1756606000,100000,100000,1000000,1000000,634506000,634506000,1000000,1000000,1120000000,1120000000,1121000000,1121000000,1122100000,1122100000,100000,100000,1000000,1000000,0,0,1000000,1000000,1120000000,1120000000,1121000000,1121000000,100010,81100040,100000,100000,10,81000040
822,2775606000,2776606000,100000,100000,0,1000000,634506000,634506000,1000000,1000000,2140000000,2140000000,2141000000,2141000000,2141100000,2142100000,100000,100000,0,1000000,0,0,1000000,1000000,2140000000,2140000000,2141000000,2141000000,100010,81100030,100000,100000,10,81000030
852,2999606000,3000606000,100000,100000,12000000,13000000,634506000,634506000,13000000,13000000,2340000000,2340000000,2353000000,2353000000,2365100000,2366100000,100000,100000,12000000,13000000,0,0,13000000,13000000,2340000000,2340000000,2353000000,2353000000,100010,9100010,100000,100000,10,9000010
882,2355606000,2356606000,100000,100000,15000000,16000000,634506000,634506000,16000000,16000000,1690000000,1690000000,1706000000,1706000000,1721100000,1722100000,100000,100000,15000000,16000000,0,0,16000000,16000000,1690000000,1690000000,1706000000,1706000000,100010,28100050,100000,100000,10,28000050
912,650606000,651606000,100000,100000,16000000,17000000,634506000,634506000,0,0,0,0,0,0,16100000,17100000,100000,100000,16000000,17000000,0,0,0,0,0,0,0,0,100010,100000,100000,100000,10,0
942,1661606000,1662606000,100000,100000,8000000,9000000,634506000,634506000,9000000,9000000,1010000000,1010000000,1019000000,1019000000,1027100000,1028100000,100000,100000,8000000,9000000,0,0,9000000,9000000,1010000000,1010000000,1019000000,1019000000,100010,38100050,100000,100000,10,38000050
972,1587606000,1614606000,100000,100000,58000000,85000000,634506000,634506000,85000000,85000000,810000000,810000000,895000000,895000000,953100000,980100000,100000,100000,58000000,85000000,0,0,85000000,85000000,810000000,810000000,895000000,895000000,100010,106100020,100000,100000,10,106000020
1002,779606000,4587642000,100000,100000,12000000,13000000,634506000,4441542000,13000000,13000000,120000000,120000000,133000000,133000000,145100000,146100000,100000,100000,12000000,13000000,0,0,13000000,13000000,120000000,120000000,133000000,133000000,100010,100000,100000,100000,10,0
1032,651606000,1921618000,100000,100000,17000000,18000000,634506000,1903518000,0,0,0,0,0,0,17100000,18100000,100000,100000,17000000,18000000,0,0,0,0,0,0,0,0,100010,100000,100000,100000,10,0
1062,1333606000,5784148000,100000,100000,0,9000000,634506000,5076048000,9000000,9000000,690000000,690000000,699000000,699000000,699100000,708100000,100000,100000,0,9000000,0,0,9000000,9000000,690000000,690000000,699000000,699000000,100010,100000,100000,100000,10,0
1092,3737606000,7547642000,100000,100000,10000000,13000000,634506000,4441542000,13000000,13000000,3080000000,3080000000,3093000000,3093000000,3103100000,3106100000,100000,100000,10000000,13000000,0,0,13000000,13000000,3080000000,3080000000,3093000000,3093000000,100010,100000,100000,100000,10,0
1122,641606000,1911618000,100000,100000,7000000,8000000,634506000,1903518000,0,0,0,0,0,0,7100000,8100000,100000,100000,7000000,8000000,0,0,0,0,0,0,0,0,100010,100000,100000,100000,10,0
1152,908606000,4082136000,100000,100000,7000000,8000000,634506000,3807036000,7000000,7000000,260000000,260000000,267000000,267000000,274100000,275100000,100000,100000,7000000,8000000,0,0,7000000,7000000,260000000,260000000,267000000,267000000,100010,100000,100000,100000,10,0
1182,670606000,3209630000,100000,100000,8000000,9000000,634506000,3172530000,8000000,8000000,20000000,20000000,28000000,28000000,36100000,37100000,100000,100000,8000000,9000000,0,0,8000000,8000000,20000000,20000000,28000000,28000000,100010,100000,100000,100000,10,0
1212,642606000,1278112000,100000,100000,8000000,9000000,634506000,1269012000,0,0,0,0,0,0,8100000,9100000,100000,100000,8000000,9000000,0,0,0,0,0,0,0,0,100010,100000,100000,100000,10,0
1242,2051606000,4592630000,100000,100000,8000000,11000000,634506000,3172530000,9000000,9000000,1400000000,1400000000,1409000000,1409000000,1417100000,1420100000,100000,100000,8000000,11000000,0,0,9000000,9000000,1400000000,1400000000,1409000000,1409000000,100010,16100020,100000,100000,10,16000020
1272,1080606000,2986124000,100000,100000,17000000,19000000,634506000,2538024000,19000000,19000000,410000000,410000000,429000000,429000000,446100000,448100000,100000,100000,17000000,19000000,0,0,19000000,19000000,410000000,410000000,429000000,429000000,100010,100000,100000,100000,10,0
13,3163606000,3164606000,100000,100000,19000000,20000000,634506000,634506000,20000000,20000000,2490000000,2490000000,2510000000,2510000000,2529100000,2530100000,100000,100000,19000000,20000000,0,0,20000000,20000000,2490000000,2490000000,2510000000,2510000000,100010,22100010,100000,100000,10,22000010
43,2339606000,2340606000,100000,100000,17000000,18000000,634506000,634506000,18000000,18000000,1670000000,1670000000,1688000000,1688000000,1705100000,1706100000,100000,100000,17000000,18000000,0,0,18000000,18000000,1670000000,1670000000,1688000000,1688000000,100010,29100040,100000,100000,10,29000040
73,3065606000,3066606000,100000,100000,10000000,11000000,634506000,634506000,11000000,11000000,2410000000,2410000000,2421000000,2421000000,2431100000,2432100000,100000,100000,10000000,11000000,0,0,11000000,11000000,2410000000,2410000000,2421000000,2421000000,100010,68100040,100000,100000,10,68000040
103,1503606000,1510606000,100000,100000,11000000,18000000,634506000,634506000,18000000,18000000,840000000,840000000,858000000,858000000,869100000,876100000,100000,100000,11000000,18000000,0,0,18000000,18000000,840000000,840000000,858000000,858000000,100010,75100040,100000,100000,10,75000040
133,2246606000,2246606000,100000,100000,1000000,1000000,634506000,634506000,1000000,1000000,1610000000,1610000000,1611000000,1611000000,1612100000,1612100000,100000,100000,1000000,1000000,0,0,1000000,1000000,1610000000,1610000000,1611000000,1611000000,100010,12100030,100000,100000,10,12000030
163,1020606000,1048606000,100000,100000,9000000,37000000,634506000,634506000,37000000,37000000,340000000,340000000,377000000,377000000,386100000,414100000,100000,100000,9000000,37000000,0,0,37000000,37000000,340000000,340000000,377000000,377000000,100010,6100030,100000,100000,10,6000030
193,2744606000,2744606000,100000,100000,20000000,20000000,634506000,634506000,20000000,20000000,2070000000,2070000000,2090000000,2090000000,2110100000,2110100000,100000,100000,20000000,20000000,0,0,20000000,20000000,2070000000,2070000000,2090000000,2090000000,100010,51100030,100000,100000,10,51000030
223,1541606000,1560606000,100000,100000,19000000,38000000,634506000,634506000,38000000,38000000,850000000,850000000,888000000,888000000,907100000,926100000,100000,100000,19000000,38000000,0,0,38000000,38000000,850000000,850000000,888000000,888000000,100010,12100020,100000,100000,10,12000020
253,1462606000,1470606000,100000,100000,0,8000000,634506000,634506000,8000000,8000000,820000000,820000000,828000000,828000000,828100000,836100000,100000,100000,0,8000000,0,0,8000000,8000000,820000000,820000000,828000000,828000000,100010,11100010,100000,100000,10,11000010
283,2232606000,2232606000,100000,100000,9000000,9000000,634506000,634506000,9000000,9000000,1580000000,1580000000,1589000000,1589000000,1598100000,1598100000,100000,100000,9000000,9000000,0,0,9000000,9000000,1580000000,1580000000,1589000000,1589000000,100010,16100040,100000,100000,10,16000040
313,1236606000,1243606000,100000,100000,1000000,8000000,634506000,634506000,1000000,1000000,600000000,600000000,601000000,601000000,602100000,609100000,100000,100000,1000000,8000000,0,0,1000000,1000000,600000000,600000000,601000000,601000000,100010,12100020,100000,100000,10,12000020
343,1236606000,1243606000,100000,100000,1000000,8000000,634506000,634506000,1000000,1000000,600000000,600000000,601000000,601000000,602100000,609100000,100000,100000,1000000,8000000,0,0,1000000,1000000,600000000,600000000,601000000,601000000,100010,12100020,100000,100000,10,12000020
373,1942606000,1942606000,100000,100000,9000000,9000000,634506000,634506000,9000000,9000000,1290000000,1290000000,1299000000,1299000000,1308100000,1308100000,100000,100000,9000000,9000000,0,0,9000000,9000000,1290000000,1290000000,1299000000,1299000000,100010,16100030,100000,100000,10,16000030
403,3729606000,3730606000,100000,100000,12000000,13000000,634506000,634506000,13000000,13000000,3070000000,3070000000,3083000000,3083000000,3095100000,3096100000,100000,100000,12000000,13000000,0,0,13000000,13000000,3070000000,3070000000,3083000000,3083000000,100010,2100010,100000,100000,10,2000010
433,2357606000,2358606000,100000,100000,11000000,12000000,634506000,634506000,12000000,12000000,1700000000,1700000000,1712000000,1712000000,1723100000,1724100000,100000,100000,11000000,12000000,0,0,12000000,12000000,1700000000,1700000000,1712000000,1712000000,100010,26100040,100000,100000,10,26000040
463,1232606000,1234606000,100000,100000,9000000,11000000,634506000,634506000,9000000,9000000,580000000,580000000,589000000,589000000,598100000,600100000,100000,100000,9000000,11000000,0,0,9000000,9000000,580000000,580000000,589000000,589000000,100010,17100030,100000,100000,10,17000030
493,3342606000,3342606000,100000,100000,4000000,4000000,634506000,634506000,4000000,4000000,2700000000,2700000000,2704000000,2704000000,2708100000,2708100000,100000,100000,4000000,4000000,0,0,4000000,4000000,2700000000,2700000000,2704000000,2704000000,100010,15100040,100000,100000,10,15000040
523,1750606000,1770606000,100000,100000,18000000,38000000,634506000,634506000,38000000,38000000,1060000000,1060000000,1098000000,1098000000,1116100000,1136100000,100000,100000,18000000,38000000,0,0,38000000,38000000,1060000000,1060000000,1098000000,1098000000,100010,62100010,100000,100000,10,62000010
553,2023606000,2028606000,100000,100000,7000000,12000000,634506000,634506000,12000000,12000000,1370000000,1370000000,1382000000,1382000000,1389100000,1394100000,100000,100000,7000000,12000000,0,0,12000000,12000000,1370000000,1370000000,1382000000,1382000000,100010,23100030,100000,100000,10,23000030
583,3707606000,3708606000,100000,100000,46000000,47000000,634506000,634506000,47000000,47000000,2980000000,2980000000,3027000000,3027000000,3073100000,3074100000,100000,100000,46000000,47000000,0,0,47000000,47000000,2980000000,2980000000,3027000000,3027000000,100010,39100050,100000,100000,10,39000050
613,2673606000,2674606000,100000,100000,9000000,10000000,634506000,634506000,10000000,10000000,2020000000,2020000000,2030000000,2030000000,2039100000,2040100000,100000,100000,9000000,10000000,0,0,10000000,10000000,2020000000,2020000000,2030000000,2030000000,100010,21100040,100000,100000,10,21000040
643,2183606000,2184606000,100000,100000,9000000,10000000,634506000,634506000,10000000,10000000,1530000000,1530000000,1540000000,1540000000,1549100000,1550100000,100000,100000,9000000,10000000,0,0,10000000,10000000,1530000000,1530000000,1540000000,1540000000,100010,83100020,100000,100000,10,83000020
673,1446606000,1446606000,100000,100000,6000000,6000000,634506000,634506000,6000000,6000000,800000000,800000000,806000000,806000000,812100000,812100000,100000,100000,6000000,6000000,0,0,6000000,6000000,800000000,800000000,806000000,806000000,100010,10100010,100000,100000,10,10000010
703,2359606000,2360606000,100000,100000,17000000,18000000,634506000,634506000,18000000,18000000,1690000000,1690000000,1708000000,1708000000,1725100000,1726100000,100000,100000,17000000,18000000,0,0,18000000,18000000,1690000000,1690000000,1708000000,1708000000,100010,21100010,100000,100000,10,21000010
733,2446606000,2446606000,100000,100000,6000000,6000000,634506000,634506000,6000000,6000000,1800000000,1800000000,1806000000,1806000000,1812100000,1812100000,100000,100000,6000000,6000000,0,0,6000000,6000000,1800000000,1800000000,1806000000,1806000000,100010,12100020,100000,100000,10,12000020
763,1366606000,1366606000,100000,100000,1000000,1000000,634506000,634506000,1000000,1000000,730000000,730000000,731000000,731000000,732100000,732100000,100000,100000,1000000,1000000,0,0,1000000,1000000,730000000,730000000,731000000,731000000,100010,20100030,100000,100000,10,20000030
793,1756606000,1756606000,100000,100000,1000000,1000000,634506000,634506000,1000000,1000000,1120000000,1120000000,1121000000,1121000000,1122100000,1122100000,100000,100000,1000000,1000000,0,0,1000000,1000000,1120000000,1120000000,1121000000,1121000000,100010,81100040,100000,100000,10,81000040
823,2775606000,2776606000,100000,100000,0,1000000,634506000,634506000,1000000,1000000,2140000000,2140000000,2141000000,2141000000,2141100000,2142100000,100000,100000,0,1000000,0,0,1000000,1000000,2140000000,2140000000,2141000000,2141000000,100010,81100030,100000,100000,10,81000030
853,1014606000,1020606000,100000,100000,2000000,8000000,634506000,634506000,8000000,8000000,370000000,370000000,378000000,378000000,380100000,386100000,100000,100000,2000000,8000000,0,0,8000000,8000000,370000000,370000000,378000000,378000000,100010,7100030,100000,100000,10,7000030
883,3336606000,3336606000,100000,100000,81000000,81000000,634506000,634506000,81000000,81000000,2540000000,2540000000,2621000000,2621000000,2702100000,2702100000,100000,100000,81000000,81000000,0,0,81000000,81000000,2540000000,2540000000,2621000000,2621000000,100010,132100030,100000,100000,10,132000030
913,644606000,655606000,100000,100000,10000000,21000000,634506000,634506000,0,0,0,0,0,0,10100000,21100000,100000,100000,10000000,21000000,0,0,0,0,0,0,0,0,100010,100000,100000,100000,10,0
943,2640606000,2640606000,100000,100000,8000000,8000000,634506000,634506000,8000000,8000000,1990000000,1990000000,1998000000,1998000000,2006100000,2006100000,100000,100000,8000000,8000000,0,0,8000000,8000000,1990000000,1990000000,1998000000,1998000000,100010,44100030,100000,100000,10,44000030
973,3413606000,9776666000,100000,100000,1000000,19000000,634506000,6979566000,18000000,18000000,2760000000,2760000000,2778000000,2778000000,2779100000,2797100000,100000,100000,1000000,19000000,0,0,18000000,18000000,2760000000,2760000000,2778000000,2778000000,100010,68100020,100000,100000,10,68000020
1003,769606000,3943136000,100000,100000,12000000,13000000,634506000,3807036000,13000000,13000000,110000000,110000000,123000000,123000000,135100000,136100000,100000,100000,12000000,13000000,0,0,13000000,13000000,110000000,110000000,123000000,123000000,100010,100000,100000,100000,10,0
1033,2855606000,10486678000,100000,100000,1000000,18000000,634506000,8248578000,10000000,10000000,2210000000,2210000000,2220000000,2220000000,2221100000,2238100000,100000,100000,1000000,18000000,0,0,10000000,10000000,2210000000,2210000000,2220000000,2220000000,100010,68100020,100000,100000,10,68000020
1063,713606000,3252630000,100000,100000,19000000,20000000,634506000,3172530000,20000000,20000000,40000000,40000000,60000000,60000000,79100000,80100000,100000,100000,19000000,20000000,0,0,20000000,20000000,40000000,40000000,60000000,60000000,100010,100000,100000,100000,10,0
1093,3737606000,7547642000,100000,100000,10000000,13000000,634506000,4441542000,13000000,13000000,3080000000,3080000000,3093000000,3093000000,3103100000,3106100000,100000,100000,10000000,13000000,0,0,13000000,13000000,3080000000,3080000000,3093000000,3093000000,100010,100000,100000,100000,10,0
1123,641606000,1911618000,100000,100000,7000000,8000000,634506000,1903518000,0,0,0,0,0,0,7100000,8100000,100000,100000,7000000,8000000,0,0,0,0,0,0,0,0,100010,100000,100000,100000,10,0
1153,650606000,651606000,100000,100000,16000000,17000000,634506000,634506000,0,0,0,0,0,0,16100000,17100000,100000,100000,16000000,17000000,0,0,0,0,0,0,0,0,100010,100000,100000,100000,10,0
1183,670606000,3209630000,100000,100000,8000000,9000000,634506000,3172530000,8000000,8000000,20000000,20000000,28000000,28000000,36100000,37100000,100000,100000,8000000,9000000,0,0,8000000,8000000,20000000,20000000,28000000,28000000,100010,100000,100000,100000,10,0
1213,635606000,636606000,100000,100000,1000000,2000000,634506000,634506000,0,0,0,0,0,0,1100000,2100000,100000,100000,1000000,2000000,0,0,0,0,0,0,0,0,100010,100000,100000,100000,10,0
1243,1068606000,1705112000,100000,100000,11000000,13000000,634506000,1269012000,13000000,13000000,410000000,410000000,423000000,423000000,434100000,436100000,100000,100000,11000000,13000000,0,0,13000000,13000000,410000000,410000000,423000000,423000000,100010,33100020,100000,100000,10,33000020
1273,1350606000,3891630000,100000,100000,17000000,20000000,634506000,3172530000,19000000,19000000,680000000,680000000,699000000,699000000,716100000,719100000,100000,100000,17000000,20000000,0,0,19000000,19000000,680000000,680000000,699000000,699000000,100010,62100010,100000,100000,10,62000010
14,1042606000,1042606000,100000,100000,19000000,19000000,634506000,634506000,19000000,19000000,370000000,370000000,389000000,389000000,408100000,408100000,100000,100000,19000000,19000000,0,0,19000000,19000000,370000000,370000000,389000000,389000000,100010,22100010,100000,100000,10,22000010
44,3549606000,3550606000,100000,100000,17000000,18000000,634506000,634506000,18000000,18000000,2880000000,2880000000,2898000000,2898000000,2915100000,2916100000,100000,100000,17000000,18000000,0,0,18000000,18000000,2880000000,2880000000,2898000000,2898000000,100010,61100050,100000,100000,10,61000050
74,2715606000,2716606000,100000,100000,10000000,11000000,634506000,634506000,11000000,11000000,2060000000,2060000000,2071000000,2071000000,2081100000,2082100000,100000,100000,10000000,11000000,0,0,11000000,11000000,2060000000,2060000000,2071000000,2071000000,100010,34100040,100000,100000,10,34000040
104,1620606000,1620606000,100000,100000,18000000,18000000,634506000,634506000,18000000,18000000,950000000,950000000,968000000,968000000,986100000,986100000,100000,100000,18000000,18000000,0,0,18000000,18000000,950000000,950000000,968000000,968000000,100010,73100030,100000,100000,10,73000030
134,2246606000,2246606000,100000,100000,1000000,1000000,634506000,634506000,1000000,1000000,1610000000,1610000000,1611000000,1611000000,1612100000,1612100000,100000,100000,1000000,1000000,0,0,1000000,1000000,1610000000,1610000000,1611000000,1611000000,100010,12100030,100000,100000,10,12000030
164,1802606000,1804606000,100000,100000,9000000,11000000,634506000,634506000,9000000,9000000,1150000000,1150000000,1159000000,1159000000,1168100000,1170100000,100000,100000,9000000,11000000,0,0,9000000,9000000,1150000000,1150000000,1159000000,1159000000,100010,30100010,100000,100000,10,30000010
194,3253606000,3264606000,100000,100000,9000000,20000000,634506000,634506000,20000000,20000000,2590000000,2590000000,2610000000,2610000000,2619100000,2630100000,100000,100000,9000000,20000000,0,0,20000000,20000000,2590000000,2590000000,2610000000,2610000000,100010,19100040,100000,100000,10,19000040
224,2873606000,2874606000,100000,100000,19000000,20000000,634506000,634506000,20000000,20000000,2200000000,2200000000,2220000000,2220000000,2239100000,2240100000,100000,100000,19000000,20000000,0,0,20000000,20000000,2200000000,2200000000,2220000000,2220000000,100010,22100010,100000,100000,10,22000010
254,2121606000,2122606000,100000,100000,8000000,9000000,634506000,634506000,9000000,9000000,1470000000,1470000000,1479000000,1479000000,1487100000,1488100000,100000,100000,8000000,9000000,0,0,9000000,9000000,1470000000,1470000000,1479000000,1479000000,100010,16100040,100000,100000,10,16000040
284,1402606000,1402606000,100000,100000,9000000,9000000,634506000,634506000,9000000,9000000,750000000,750000000,759000000,759000000,768100000,768100000,100000,100000,9000000,9000000,0,0,9000000,9000000,750000000,750000000,759000000,759000000,100010,13100030,100000,100000,10,13000030
314,1992606000,1994606000,100000,100000,8000000,10000000,634506000,634506000,10000000,10000000,1340000000,1340000000,1350000000,1350000000,1358100000,1360100000,100000,100000,8000000,10000000,0,0,10000000,10000000,1340000000,1340000000,1350000000,1350000000,100010,77100030,100000,100000,10,77000030
344,3051606000,3052606000,100000,100000,8000000,9000000,634506000,634506000,9000000,9000000,2400000000,2400000000,2409000000,2409000000,2417100000,2418100000,100000,100000,8000000,9000000,0,0,9000000,9000000,2400000000,2400000000,2409000000,2409000000,100010,33100020,100000,100000,10,33000020
374,1952606000,1952606000,100000,100000,9000000,9000000,634506000,634506000,9000000,9000000,1300000000,1300000000,1309000000,1309000000,1318100000,1318100000,100000,100000,9000000,9000000,0,0,9000000,9000000,1300000000,1300000000,1309000000,1309000000,100010,16100030,100000,100000,10,16000030
404,1497606000,1498606000,100000,100000,11000000,12000000,634506000,634506000,12000000,12000000,840000000,840000000,852000000,852000000,863100000,864100000,100000,100000,11000000,12000000,0,0,12000000,12000000,840000000,840000000,852000000,852000000,100010,33100020,100000,100000,10,33000020
434,2466606000,2466606000,100000,100000,11000000,11000000,634506000,634506000,11000000,11000000,1810000000,1810000000,1821000000,1821000000,1832100000,1832100000,100000,100000,11000000,11000000,0,0,11000000,11000000,1810000000,1810000000,1821000000,1821000000,100010,26100040,100000,100000,10,26000040
464,1497606000,1498606000,100000,100000,11000000,12000000,634506000,634506000,12000000,12000000,840000000,840000000,852000000,852000000,863100000,864100000,100000,100000,11000000,12000000,0,0,12000000,12000000,840000000,840000000,852000000,852000000,100010,33100020,100000,100000,10,33000020
494,3342606000,3342606000,100000,100000,4000000,4000000,634506000,634506000,4000000,4000000,2700000000,2700000000,2704000000,2704000000,2708100000,2708100000,100000,100000,4000000,4000000,0,0,4000000,4000000,2700000000,2700000000,2704000000,2704000000,100010,15100040,100000,100000,10,15000040
524,3802606000,3804606000,100000,100000,18000000,20000000,634506000,634506000,20000000,20000000,3130000000,3130000000,3150000000,3150000000,3168100000,3170100000,100000,100000,18000000,20000000,0,0,20000000,20000000,3130000000,3130000000,3150000000,3150000000,100010,26100040,100000,100000,10,26000040
554,2839606000,2840606000,100000,100000,7000000,8000000,634506000,634506000,8000000,8000000,2190000000,2190000000,2198000000,2198000000,2205100000,2206100000,100000,100000,7000000,8000000,0,0,8000000,8000000,2190000000,2190000000,2198000000,2198000000,100010,22100030,100000,100000,10,22000030
584,680606000,685606000,100000,100000,46000000,51000000,634506000,634506000,0,0,0,0,0,0,46100000,51100000,100000,100000,46000000,51000000,0,0,0,0,0,0,0,0,100010,100000,100000,100000,10,0
614,2673606000,2674606000,100000,100000,9000000,10000000,634506000,634506000,10000000,10000000,2020000000,2020000000,2030000000,2030000000,2039100000,2040100000,100000,100000,9000000,10000000,0,0,10000000,10000000,2020000000,2020000000,2030000000,2030000000,100010,21100040,100000,100000,10,21000040
644,2183606000,2184606000,100000,100000,9000000,10000000,634506000,634506000,10000000,10000000,1530000000,1530000000,1540000000,1540000000,1549100000,1550100000,100000,100000,9000000,10000000,0,0,10000000,10000000,1530000000,1530000000,1540000000,1540000000,100010,83100020,100000,100000,10,83000020
674,1726606000,1726606000,100000,100000,6000000,6000000,634506000,634506000,6000000,6000000,1080000000,1080000000,1086000000,1086000000,1092100000,1092100000,100000,100000,6000000,6000000,0,0,6000000,6000000,1080000000,1080000000,1086000000,1086000000,100010,10100010,100000,100000,10,10000010
704,2359606000,2360606000,100000,100000,17000000,18000000,634506000,634506000,18000000,18000000,1690000000,1690000000,1708000000,1708000000,1725100000,1726100000,100000,100000,17000000,18000000,0,0,18000000,18000000,1690000000,1690000000,1708000000,1708000000,100010,21100010,100000,100000,10,21000010
734,2456606000,2456606000,100000,100000,6000000,6000000,634506000,634506000,6000000,6000000,1810000000,1810000000,1816000000,1816000000,1822100000,1822100000,100000,100000,6000000,6000000,0,0,6000000,6000000,1810000000,1810000000,1816000000,1816000000,100010,82100030,100000,100000,10,82000030
764,1336606000,1336606000,100000,100000,1000000,1000000,634506000,634506000,1000000,1000000,700000000,700000000,701000000,701000000,702100000,702100000,100000,100000,1000000,1000000,0,0,1000000,1000000,700000000,700000000,701000000,701000000,100010,20100030,100000,100000,10,20000030
794,1726606000,1726606000,100000,100000,1000000,1000000,634506000,634506000,1000000,1000000,1090000000,1090000000,1091000000,1091000000,1092100000,1092100000,100000,100000,1000000,1000000,0,0,1000000,1000000,1090000000,1090000000,1091000000,1091000000,100010,81100040,100000,100000,10,81000040
824,2775606000,2776606000,100000,100000,0,1000000,634506000,634506000,1000000,1000000,2140000000,2140000000,2141000000,2141000000,2141100000,2142100000,100000,100000,0,1000000,0,0,1000000,1000000,2140000000,2140000000,2141000000,2141000000,100010,81100030,100000,100000,10,81000030
854,1950606000,1951606000,100000,100000,8000000,9000000,634506000,634506000,8000000,8000000,1300000000,1300000000,1308000000,1308000000,1316100000,1317100000,100000,100000,8000000,9000000,0,0,8000000,8000000,1300000000,1300000000,1308000000,1308000000,100010,34100030,100000,100000,10,34000030
884,2096606000,2096606000,100000,100000,16000000,16000000,634506000,634506000,16000000,16000000,1430000000,1430000000,1446000000,1446000000,1462100000,1462100000,100000,100000,16000000,16000000,0,0,16000000,16000000,1430000000,1430000000,1446000000,1446000000,100010,25100030,100000,100000,10,25000030
914,3748606000,3750606000,100000,100000,41000000,43000000,634506000,634506000,43000000,43000000,3030000000,3030000000,3073000000,3073000000,3114100000,3116100000,100000,100000,41000000,43000000,0,0,43000000,43000000,3030000000,3030000000,3073000000,3073000000,100010,115100080,100000,100000,10,115000080
944,2640606000,2640606000,100000,100000,8000000,8000000,634506000,634506000,8000000,8000000,1990000000,1990000000,1998000000,1998000000,2006100000,2006100000,100000,100000,8000000,8000000,0,0,8000000,8000000,1990000000,1990000000,1998000000,1998000000,100010,44100030,100000,100000,10,44000030
974,3762606000,19020750000,100000,100000,8000000,38000000,634506000,15862650000,20000000,20000000,3100000000,3100000000,3120000000,3120000000,3128100000,3158100000,100000,100000,8000000,38000000,0,0,20000000,20000000,3100000000,3100000000,3120000000,3120000000,100010,47100020,100000,100000,10,47000020
1004,789606000,5232148000,100000,100000,12000000,13000000,634506000,5076048000,13000000,13000000,130000000,130000000,143000000,143000000,155100000,156100000,100000,100000,12000000,13000000,0,0,13000000,13000000,130000000,130000000,143000000,143000000,100010,100000,100000,100000,10,0
1034,651606000,1921618000,100000,100000,17000000,18000000,634506000,1903518000,0,0,0,0,0,0,17100000,18100000,100000,100000,17000000,18000000,0,0,0,0,0,0,0,0,100010,100000,100000,100000,10,0
1064,653606000,1289112000,100000,100000,19000000,20000000,634506000,1269012000,0,0,0,0,0,0,19100000,20100000,100000,100000,19000000,20000000,0,0,0,0,0,0,0,0,100010,100000,100000,100000,10,0
1094,3737606000,7547642000,100000,100000,10000000,13000000,634506000,4441542000,13000000,13000000,3080000000,3080000000,3093000000,3093000000,3103100000,3106100000,100000,100000,10000000,13000000,0,0,13000000,13000000,3080000000,3080000000,3093000000,3093000000,100010,100000,100000,100000,10,0
1124,641606000,1911618000,100000,100000,7000000,8000000,634506000,1903518000,0,0,0,0,0,0,7100000,8100000,100000,100000,7000000,8000000,0,0,0,0,0,0,0,0,100010,100000,100000,100000,10,0
1154,649606000,2555124000,100000,100000,15000000,17000000,634506000,2538024000,0,0,0,0,0,0,15100000,17100000,100000,100000,15000000,17000000,0,0,0,0,0,0,0,0,100010,100000,100000,100000,10,0
1184,670606000,3209630000,100000,100000,8000000,9000000,634506000,3172530000,8000000,8000000,20000000,20000000,28000000,28000000,36100000,37100000,100000,100000,8000000,9000000,0,0,8000000,8000000,20000000,20000000,28000000,28000000,100010,100000,100000,100000,10,0
1214,3739606000,4377112000,100000,100000,41000000,44000000,634506000,1269012000,44000000,44000000,3020000000,3020000000,3064000000,3064000000,3105100000,3108100000,100000,100000,41000000,44000000,0,0,44000000,44000000,3020000000,3020000000,3064000000,3064000000,100010,115100080,100000,100000,10,115000080
1244,645606000,1282112000,100000,100000,11000000,13000000,634506000,1269012000,0,0,0,0,0,0,11100000,13100000,100000,100000,11000000,13000000,0,0,0,0,0,0,0,0,100010,100000,100000,100000,10,0
1274,1080606000,2986124000,100000,100000,17000000,19000000,634506000,2538024000,19000000,19000000,410000000,410000000,429000000,429000000,446100000,448100000,100000,100000,17000000,19000000,0,0,19000000,19000000,410000000,410000000,429000000,429000000,100010,100000,100000,100000,10,0
15,3173606000,3174606000,100000,100000,19000000,20000000,634506000,634506000,20000000,20000000,2500000000,2500000000,2520000000,2520000000,2539100000,2540100000,100000,100000,19000000,20000000,0,0,20000000,20000000,2500000000,2500000000,2520000000,2520000000,100010,51100030,100000,100000,10,51000030
45,1531606000,1538606000,100000,100000,10000000,17000000,634506000,634506000,17000000,17000000,870000000,870000000,887000000,887000000,897100000,904100000,100000,100000,10000000,17000000,0,0,17000000,17000000,870000000,870000000,887000000,887000000,100010,40100010,100000,100000,10,40000010
75,1945606000,1946606000,100000,100000,10000000,11000000,634506000,634506000,11000000,11000000,1290000000,1290000000,1301000000,1301000000,1311100000,1312100000,100000,100000,10000000,11000000,0,0,11000000,11000000,1290000000,1290000000,1301000000,1301000000,100010,34100040,100000,100000,10,34000040
105,1360606000,1360606000,100000,100000,18000000,18000000,634506000,634506000,18000000,18000000,690000000,690000000,708000000,708000000,726100000,726100000,100000,100000,18000000,18000000,0,0,18000000,18000000,690000000,690000000,708000000,708000000,100010,25100020,100000,100000,10,25000020
135,2819606000,2822606000,100000,100000,1000000,4000000,634506000,634506000,4000000,4000000,2180000000,2180000000,2184000000,2184000000,2185100000,2188100000,100000,100000,1000000,4000000,0,0,4000000,4000000,2180000000,2180000000,2184000000,2184000000,100010,19100030,100000,100000,10,19000030
165,3510606000,3512606000,100000,100000,7000000,9000000,634506000,634506000,9000000,9000000,2860000000,2860000000,2869000000,2869000000,2876100000,2878100000,100000,100000,7000000,9000000,0,0,9000000,9000000,2860000000,2860000000,2869000000,2869000000,100010,81100040,100000,100000,10,81000040
195,2734606000,2734606000,100000,100000,20000000,20000000,634506000,634506000,20000000,20000000,2060000000,2060000000,2080000000,2080000000,2100100000,2100100000,100000,100000,20000000,20000000,0,0,20000000,20000000,2060000000,2060000000,2080000000,2080000000,100010,51100030,100000,100000,10,51000030
225,2873606000,2874606000,100000,100000,19000000,20000000,634506000,634506000,20000000,20000000,2200000000,2200000000,2220000000,2220000000,2239100000,2240100000,100000,100000,19000000,20000000,0,0,20000000,20000000,2200000000,2200000000,2220000000,2220000000,100010,22100010,100000,100000,10,22000010
255,2841606000,2842606000,100000,100000,8000000,9000000,634506000,634506000,9000000,9000000,2190000000,2190000000,2199000000,2199000000,2207100000,2208100000,100000,100000,8000000,9000000,0,0,9000000,9000000,2190000000,2190000000,2199000000,2199000000,100010,16100040,100000,100000,10,16000040
285,2372606000,2372606000,100000,100000,9000000,9000000,634506000,634506000,9000000,9000000,1720000000,1720000000,1729000000,1729000000,1738100000,1738100000,100000,100000,9000000,9000000,0,0,9000000,9000000,1720000000,1720000000,1729000000,1729000000,100010,16100040,100000,100000,10,16000040
315,3051606000,3052606000,100000,100000,8000000,9000000,634506000,634506000,9000000,9000000,2400000000,2400000000,2409000000,2409000000,2417100000,2418100000,100000,100000,8000000,9000000,0,0,9000000,9000000,2400000000,2400000000,2409000000,2409000000,100010,33100020,100000,100000,10,33000020
345,3051606000,3052606000,100000,100000,8000000,9000000,634506000,634506000,9000000,9000000,2400000000,2400000000,2409000000,2409000000,2417100000,2418100000,100000,100000,8000000,9000000,0,0,9000000,9000000,2400000000,2400000000,2409000000,2409000000,100010,33100020,100000,100000,10,33000020
375,1522606000,1522606000,100000,100000,9000000,9000000,634506000,634506000,9000000,9000000,870000000,870000000,879000000,879000000,888100000,888100000,100000,100000,9000000,9000000,0,0,9000000,9000000,870000000,870000000,879000000,879000000,100010,16100030,100000,100000,10,16000030
405,3739606000,3740606000,100000,100000,12000000,13000000,634506000,634506000,13000000,13000000,3080000000,3080000000,3093000000,3093000000,3105100000,3106100000,100000,100000,12000000,13000000,0,0,13000000,13000000,3080000000,3080000000,3093000000,3093000000,100010,2100010,100000,100000,10,2000010
435,2357606000,2358606000,100000,100000,11000000,12000000,634506000,634506000,12000000,12000000,1700000000,1700000000,1712000000,1712000000,1723100000,1724100000,100000,100000,11000000,12000000,0,0,12000000,12000000,1700000000,1700000000,1712000000,1712000000,100010,26100040,100000,100000,10,26000040
465,1596606000,1596606000,100000,100000,11000000,11000000,634506000,634506000,11000000,11000000,940000000,940000000,951000000,951000000,962100000,962100000,100000,100000,11000000,11000000,0,0,11000000,11000000,940000000,940000000,951000000,951000000,100010,33100020,100000,100000,10,33000020
495,3619606000,3620606000,100000,100000,37000000,38000000,634506000,634506000,38000000,38000000,2910000000,2910000000,2948000000,2948000000,2985100000,2986100000,100000,100000,37000000,38000000,0,0,38000000,38000000,2910000000,2910000000,2948000000,2948000000,100010,36100040,100000,100000,10,36000040
525,2040606000,2040606000,100000,100000,18000000,18000000,634506000,634506000,18000000,18000000,1370000000,1370000000,1388000000,1388000000,1406100000,1406100000,100000,100000,18000000,18000000,0,0,18000000,18000000,1370000000,1370000000,1388000000,1388000000,100010,62100010,100000,100000,10,62000010
555,2839606000,2840606000,100000,100000,7000000,8000000,634506000,634506000,8000000,8000000,2190000000,2190000000,2198000000,2198000000,2205100000,2206100000,100000,100000,7000000,8000000,0,0,8000000,8000000,2190000000,2190000000,2198000000,2198000000,100010,22100030,100000,100000,10,22000030
585,3751606000,3752606000,100000,100000,43000000,44000000,634506000,634506000,44000000,44000000,3030000000,3030000000,3074000000,3074000000,3117100000,3118100000,100000,100000,43000000,44000000,0,0,44000000,44000000,3030000000,3030000000,3074000000,3074000000,100010,117100090,100000,100000,10,117000090
615,2973606000,2974606000,100000,100000,9000000,10000000,634506000,634506000,10000000,10000000,2320000000,2320000000,2330000000,2330000000,2339100000,2340100000,100000,100000,9000000,10000000,0,0,10000000,10000000,2320000000,2320000000,2330000000,2330000000,100010,83100020,100000,100000,10,83000020
645,2183606000,2184606000,100000,100000,9000000,10000000,634506000,634506000,10000000,10000000,1530000000,1530000000,1540000000,1540000000,1549100000,1550100000,100000,100000,9000000,10000000,0,0,10000000,10000000,1530000000,1530000000,1540000000,1540000000,100010,83100020,100000,100000,10,83000020
675,1726606000,1726606000,100000,100000,6000000,6000000,634506000,634506000,6000000,6000000,1080000000,1080000000,1086000000,1086000000,1092100000,1092100000,100000,100000,6000000,6000000,0,0,6000000,6000000,1080000000,1080000000,1086000000,1086000000,100010,12100020,100000,100000,10,12000020
705,2389606000,2390606000,100000,100000,17000000,18000000,634506000,634506000,18000000,18000000,1720000000,1720000000,1738000000,1738000000,1755100000,1756100000,100000,100000,17000000,18000000,0,0,18000000,18000000,1720000000,1720000000,1738000000,1738000000,100010,21100010,100000,100000,10,21000010
735,640606000,642606000,100000,100000,6000000,8000000,634506000,634506000,0,0,0,0,0,0,6100000,8100000,100000,100000,6000000,8000000,0,0,0,0,0,0,0,0,100010,100000,100000,100000,10,0
765,966606000,966606000,100000,100000,1000000,1000000,634506000,634506000,1000000,1000000,330000000,330000000,331000000,331000000,332100000,332100000,100000,100000,1000000,1000000,0,0,1000000,1000000,330000000,330000000,331000000,331000000,100010,11100030,100000,100000,10,11000030
795,1956606000,1956606000,100000,100000,1000000,1000000,634506000,634506000,1000000,1000000,1320000000,1320000000,1321000000,1321000000,1322100000,1322100000,100000,100000,1000000,1000000,0,0,1000000,1000000,1320000000,1320000000,1321000000,1321000000,100010,18100020,100000,100000,10,18000020
825,2745606000,2746606000,100000,100000,0,1000000,634506000,634506000,1000000,1000000,2110000000,2110000000,2111000000,2111000000,2111100000,2112100000,100000,100000,0,1000000,0,0,1000000,1000000,2110000000,2110000000,2111000000,2111000000,100010,81100030,100000,100000,10,81000030
855,3789606000,3790606000,100000,100000,12000000,13000000,634506000,634506000,13000000,13000000,3130000000,3130000000,3143000000,3143000000,3155100000,3156100000,100000,100000,12000000,13000000,0,0,13000000,13000000,3130000000,3130000000,3143000000,3143000000,100010,9100010,100000,100000,10,9000010
885,2116606000,2116606000,100000,100000,16000000,16000000,634506000,634506000,16000000,16000000,1450000000,1450000000,1466000000,1466000000,1482100000,1482100000,100000,100000,16000000,16000000,0,0,16000000,16000000,1450000000,1450000000,1466000000,1466000000,100010,25100030,100000,100000,10,25000030
915,2630606000,2631606000,100000,100000,18000000,19000000,634506000,634506000,18000000,18000000,1960000000,1960000000,1978000000,1978000000,1996100000,1997100000,100000,100000,18000000,19000000,0,0,18000000,18000000,1960000000,1960000000,1978000000,1978000000,100010,62100010,100000,100000,10,62000010
945,2040606000,2040606000,100000,100000,8000000,8000000,634506000,634506000,8000000,8000000,1390000000,1390000000,1398000000,1398000000,1406100000,1406100000,100000,100000,8000000,8000000,0,0,8000000,8000000,1390000000,1390000000,1398000000,1398000000,100010,44100030,100000,100000,10,44000030
975,2651606000,6470642000,100000,100000,8000000,20000000,634506000,4441542000,19000000,19000000,1990000000,1990000000,2009000000,2009000000,2017100000,2029100000,100000,100000,8000000,20000000,0,0,19000000,19000000,1990000000,1990000000,2009000000,2009000000,100010,72100020,100000,100000,10,72000020
1005,3834606000,19073750000,100000,100000,7000000,18000000,634506000,15862650000,13000000,13000000,3180000000,3180000000,3193000000,3193000000,3200100000,3211100000,100000,100000,7000000,18000000,0,0,13000000,13000000,3180000000,3180000000,3193000000,3193000000,100010,75100040,100000,100000,10,75000040
1035,4314606000,7555136000,100000,100000,17000000,85000000,634506000,3807036000,73000000,73000000,3590000000,3590000000,3663000000,3663000000,3680100000,3748100000,100000,100000,17000000,85000000,0,0,73000000,73000000,3590000000,3590000000,3663000000,3663000000,100010,66100030,100000,100000,10,66000030
1065,713606000,3887136000,100000,100000,19000000,20000000,634506000,3807036000,20000000,20000000,40000000,40000000,60000000,60000000,79100000,80100000,100000,100000,19000000,20000000,0,0,20000000,20000000,40000000,40000000,60000000,60000000,100010,100000,100000,100000,10,0
1095,2408606000,4948630000,100000,100000,11000000,13000000,634506000,3172530000,13000000,13000000,1750000000,1750000000,1763000000,1763000000,1774100000,1776100000,100000,100000,11000000,13000000,0,0,13000000,13000000,1750000000,1750000000,1763000000,1763000000,100010,100000,100000,100000,10,0
1125,3722606000,16407220000,100000,100000,0,10000000,634506000,12690120000,8000000,37000000,3080000000,3670000000,3088000000,3707000000,3088100000,3717100000,100000,100000,0,10000000,0,0,8000000,37000000,3080000000,3670000000,3088000000,3707000000,100010,80100040,100000,100000,10,80000040
1155,785606000,1421112000,100000,100000,10000000,11000000,634506000,1269012000,11000000,11000000,130000000,130000000,141000000,141000000,151100000,152100000,100000,100000,10000000,11000000,0,0,11000000,11000000,130000000,130000000,141000000,141000000,100010,100000,100000,100000,10,0
1185,670606000,3209630000,100000,100000,8000000,9000000,634506000,3172530000,8000000,8000000,20000000,20000000,28000000,28000000,36100000,37100000,100000,100000,8000000,9000000,0,0,8000000,8000000,20000000,20000000,28000000,28000000,100010,100000,100000,100000,10,0
1215,678606000,1948618000,100000,100000,17000000,18000000,634506000,1903518000,17000000,17000000,10000000,10000000,27000000,27000000,44100000,45100000,100000,100000,17000000,18000000,0,0,17000000,17000000,10000000,10000000,27000000,27000000,100010,100000,100000,100000,10,0
1245,643606000,644606000,100000,100000,9000000,10000000,634506000,634506000,0,0,0,0,0,0,9100000,10100000,100000,100000,9000000,10000000,0,0,0,0,0,0,0,0,100010,100000,100000,100000,10,0
1275,1080606000,2986124000,100000,100000,17000000,19000000,634506000,2538024000,19000000,19000000,410000000,410000000,429000000,429000000,446100000,448100000,100000,100000,17000000,19000000,0,0,19000000,19000000,410000000,410000000,429000000,429000000,100010,100000,100000,100000,10,0
16,3163606000,3164606000,100000,100000,19000000,20000000,634506000,634506000,20000000,20000000,2490000000,2490000000,2510000000,2510000000,2529100000,2530100000,100000,100000,19000000,20000000,0,0,20000000,20000000,2490000000,2490000000,2510000000,2510000000,100010,22100010,100000,100000,10,22000010
46,3209606000,3210606000,100000,100000,17000000,18000000,634506000,634506000,18000000,18000000,2540000000,2540000000,2558000000,2558000000,2575100000,2576100000,100000,100000,17000000,18000000,0,0,18000000,18000000,2540000000,2540000000,2558000000,2558000000,100010,68100020,100000,100000,10,68000020
76,3065606000,3066606000,100000,100000,10000000,11000000,634506000,634506000,11000000,11000000,2410000000,2410000000,2421000000,2421000000,2431100000,2432100000,100000,100000,10000000,11000000,0,0,11000000,11000000,2410000000,2410000000,2421000000,2421000000,100010,68100040,100000,100000,10,68000040
106,2080606000,2080606000,100000,100000,18000000,18000000,634506000,634506000,18000000,18000000,1410000000,1410000000,1428000000,1428000000,1446100000,1446100000,100000,100000,18000000,18000000,0,0,18000000,18000000,1410000000,1410000000,1428000000,1428000000,100010,25100040,100000,100000,10,25000040
136,1404606000,1412606000,100000,100000,1000000,9000000,634506000,634506000,9000000,9000000,760000000,760000000,769000000,769000000,770100000,778100000,100000,100000,1000000,9000000,0,0,9000000,9000000,760000000,760000000,769000000,769000000,100010,11100030,100000,100000,10,11000030
166,2274606000,2274606000,100000,100000,20000000,20000000,634506000,634506000,20000000,20000000,1600000000,1600000000,1620000000,1620000000,1640100000,1640100000,100000,100000,20000000,20000000,0,0,20000000,20000000,1600000000,1600000000,1620000000,1620000000,100010,27100040,100000,100000,10,27000040
196,2734606000,2734606000,100000,100000,20000000,20000000,634506000,634506000,20000000,20000000,2060000000,2060000000,2080000000,2080000000,2100100000,2100100000,100000,100000,20000000,20000000,0,0,20000000,20000000,2060000000,2060000000,2080000000,2080000000,100010,51100030,100000,100000,10,51000030
226,3433606000,3434606000,100000,100000,19000000,20000000,634506000,634506000,20000000,20000000,2760000000,2760000000,2780000000,2780000000,2799100000,2800100000,100000,100000,19000000,20000000,0,0,20000000,20000000,2760000000,2760000000,2780000000,2780000000,100010,22100010,100000,100000,10,22000010
256,2321606000,2322606000,100000,100000,8000000,9000000,634506000,634506000,9000000,9000000,1670000000,1670000000,1679000000,1679000000,1687100000,1688100000,100000,100000,8000000,9000000,0,0,9000000,9000000,1670000000,1670000000,1679000000,1679000000,100010,16100040,100000,100000,10,16000040
286,1794606000,1798606000,100000,100000,5000000,9000000,634506000,634506000,5000000,5000000,1150000000,1150000000,1155000000,1155000000,1160100000,1164100000,100000,100000,5000000,9000000,0,0,5000000,5000000,1150000000,1150000000,1155000000,1155000000,100010,17100030,100000,100000,10,17000030
316,3051606000,3052606000,100000,100000,8000000,9000000,634506000,634506000,9000000,9000000,2400000000,2400000000,2409000000,2409000000,2417100000,2418100000,100000,100000,8000000,9000000,0,0,9000000,9000000,2400000000,2400000000,2409000000,2409000000,100010,33100020,100000,100000,10,33000020
346,680606000,681606000,100000,100000,8000000,9000000,634506000,634506000,8000000,8000000,30000000,30000000,38000000,38000000,46100000,47100000,100000,100000,8000000,9000000,0,0,8000000,8000000,30000000,30000000,38000000,38000000,100010,1100010,100000,100000,10,1000010
376,1952606000,1952606000,100000,100000,9000000,9000000,634506000,634506000,9000000,9000000,1300000000,1300000000,1309000000,1309000000,1318100000,1318100000,100000,100000,9000000,9000000,0,0,9000000,9000000,1300000000,1300000000,1309000000,1309000000,100010,16100030,100000,100000,10,16000030
406,3729606000,3730606000,100000,100000,12000000,13000000,634506000,634506000,13000000,13000000,3070000000,3070000000,3083000000,3083000000,3095100000,3096100000,100000,100000,12000000,13000000,0,0,13000000,13000000,3070000000,3070000000,3083000000,3083000000,100010,2100010,100000,100000,10,2000010
436,2357606000,2358606000,100000,100000,11000000,12000000,634506000,634506000,12000000,12000000,1700000000,1700000000,1712000000,1712000000,1723100000,1724100000,100000,100000,11000000,12000000,0,0,12000000,12000000,1700000000,1700000000,1712000000,1712000000,100010,26100040,100000,100000,10,26000040
466,1497606000,1498606000,100000,100000,11000000,12000000,634506000,634506000,12000000,12000000,840000000,840000000,852000000,852000000,863100000,864100000,100000,100000,11000000,12000000,0,0,12000000,12000000,840000000,840000000,852000000,852000000,100010,33100020,100000,100000,10,33000020
496,3581606000,3584606000,100000,100000,37000000,40000000,634506000,634506000,40000000,40000000,2870000000,2870000000,2910000000,2910000000,2947100000,2950100000,100000,100000,37000000,40000000,0,0,40000000,40000000,2870000000,2870000000,2910000000,2910000000,100010,30100010,100000,100000,10,30000010
526,2741606000,2742606000,100000,100000,18000000,19000000,634506000,634506000,19000000,19000000,2070000000,2070000000,2089000000,2089000000,2107100000,2108100000,100000,100000,18000000,19000000,0,0,19000000,19000000,2070000000,2070000000,2089000000,2089000000,100010,62100010,100000,100000,10,62000010
556,2839606000,2840606000,100000,100000,7000000,8000000,634506000,634506000,8000000,8000000,2190000000,2190000000,2198000000,2198000000,2205100000,2206100000,100000,100000,7000000,8000000,0,0,8000000,8000000,2190000000,2190000000,2198000000,2198000000,100010,22100030,100000,100000,10,22000030
586,3765606000,3768606000,100000,100000,44000000,47000000,634506000,634506000,47000000,47000000,3040000000,3040000000,3087000000,3087000000,3131100000,3134100000,100000,100000,44000000,47000000,0,0,47000000,47000000,3040000000,3040000000,3087000000,3087000000,100010,38100050,100000,100000,10,38000050
616,2183606000,2184606000,100000,100000,9000000,10000000,634506000,634506000,10000000,10000000,1530000000,1530000000,1540000000,1540000000,1549100000,1550100000,100000,100000,9000000,10000000,0,0,10000000,10000000,1530000000,1530000000,1540000000,1540000000,100010,83100020,100000,100000,10,83000020
646,2504606000,2504606000,100000,100000,10000000,10000000,634506000,634506000,10000000,10000000,1850000000,1850000000,1860000000,1860000000,1870100000,1870100000,100000,100000,10000000,10000000,0,0,10000000,10000000,1850000000,1850000000,1860000000,1860000000,100010,42100020,100000,100000,10,42000020
676,1756606000,1760606000,100000,100000,6000000,10000000,634506000,634506000,6000000,6000000,1110000000,1110000000,1116000000,1116000000,1122100000,1126100000,100000,100000,6000000,10000000,0,0,6000000,6000000,1110000000,1110000000,1116000000,1116000000,100010,6100040,100000,100000,10,6000040
706,1862606000,1878606000,100000,100000,1000000,17000000,634506000,634506000,17000000,17000000,1210000000,1210000000,1227000000,1227000000,1228100000,1244100000,100000,100000,1000000,17000000,0,0,17000000,17000000,1210000000,1210000000,1227000000,1227000000,100010,22100020,100000,100000,10,22000020
736,3347606000,3348606000,100000,100000,6000000,7000000,634506000,634506000,7000000,7000000,2700000000,2700000000,2707000000,2707000000,2713100000,2714100000,100000,100000,6000000,7000000,0,0,7000000,7000000,2700000000,2700000000,2707000000,2707000000,100010,38100030,100000,100000,10,38000030
766,1366606000,1366606000,100000,100000,1000000,1000000,634506000,634506000,1000000,1000000,730000000,730000000,731000000,731000000,732100000,732100000,100000,100000,1000000,1000000,0,0,1000000,1000000,730000000,730000000,731000000,731000000,100010,20100030,100000,100000,10,20000030
796,1986606000,1986606000,100000,100000,1000000,1000000,634506000,634506000,1000000,1000000,1350000000,1350000000,1351000000,1351000000,1352100000,1352100000,100000,100000,1000000,1000000,0,0,1000000,1000000,1350000000,1350000000,1351000000,1351000000,100010,18100020,100000,100000,10,18000020
826,2245606000,2246606000,100000,100000,0,1000000,634506000,634506000,1000000,1000000,1610000000,1610000000,1611000000,1611000000,1611100000,1612100000,100000,100000,0,1000000,0,0,1000000,1000000,1610000000,1610000000,1611000000,1611000000,100010,81100030,100000,100000,10,81000030
856,2248606000,2248606000,100000,100000,12000000,12000000,634506000,634506000,12000000,12000000,1590000000,1590000000,1602000000,1602000000,1614100000,1614100000,100000,100000,12000000,12000000,0,0,12000000,12000000,1590000000,1590000000,1602000000,1602000000,100010,9100010,100000,100000,10,9000010
886,1468606000,1468606000,100000,100000,2000000,2000000,634506000,634506000,2000000,2000000,830000000,830000000,832000000,832000000,834100000,834100000,100000,100000,2000000,2000000,0,0,2000000,2000000,830000000,830000000,832000000,832000000,100010,7100020,100000,100000,10,7000020
916,2922606000,2922606000,100000,100000,19000000,19000000,634506000,634506000,19000000,19000000,2250000000,2250000000,2269000000,2269000000,2288100000,2288100000,100000,100000,19000000,19000000,0,0,19000000,19000000,2250000000,2250000000,2269000000,2269000000,100010,62100010,100000,100000,10,62000010
946,3051606000,3052606000,100000,100000,8000000,9000000,634506000,634506000,9000000,9000000,2400000000,2400000000,2409000000,2409000000,2417100000,2418100000,100000,100000,8000000,9000000,0,0,9000000,9000000,2400000000,2400000000,2409000000,2409000000,100010,45100040,100000,100000,10,45000040
976,3521606000,10573172000,100000,100000,9000000,81000000,634506000,7614072000,18000000,18000000,2860000000,2860000000,2878000000,2878000000,2887100000,2959100000,100000,100000,9000000,81000000,0,0,18000000,18000000,2860000000,2860000000,2878000000,2878000000,100010,52100050,100000,100000,10,52000050
1006,789606000,5232148000,100000,100000,12000000,13000000,634506000,5076048000,13000000,13000000,130000000,130000000,143000000,143000000,155100000,156100000,100000,100000,12000000,13000000,0,0,13000000,13000000,130000000,130000000,143000000,143000000,100010,100000,100000,100000,10,0
1036,3684606000,5596124000,100000,100000,43000000,51000000,634506000,2538024000,47000000,47000000,2960000000,2960000000,3007000000,3007000000,3050100000,3058100000,100000,100000,43000000,51000000,0,0,47000000,47000000,2960000000,2960000000,3007000000,3007000000,100010,36100050,100000,100000,10,36000050
1066,713606000,3887136000,100000,100000,19000000,20000000,634506000,3807036000,20000000,20000000,40000000,40000000,60000000,60000000,79100000,80100000,100000,100000,19000000,20000000,0,0,20000000,20000000,40000000,40000000,60000000,60000000,100010,100000,100000,100000,10,0
1096,915606000,4089136000,100000,100000,0,1000000,634506000,3807036000,1000000,1000000,280000000,280000000,281000000,281000000,281100000,282100000,100000,100000,0,1000000,0,0,1000000,1000000,280000000,280000000,281000000,281000000,100010,100000,100000,100000,10,0
1126,1884606000,5063136000,100000,100000,7000000,13000000,634506000,3807036000,13000000,13000000,1230000000,1230000000,1243000000,1243000000,1250100000,1256100000,100000,100000,7000000,13000000,0,0,13000000,13000000,1230000000,1230000000,1243000000,1243000000,100010,10100030,100000,100000,10,10000030
1156,643606000,1279112000,100000,100000,9000000,10000000,634506000,1269012000,0,0,0,0,0,0,9100000,10100000,100000,100000,9000000,10000000,0,0,0,0,0,0,0,0,100010,100000,100000,100000,10,0
1186,670606000,3209630000,100000,100000,8000000,9000000,634506000,3172530000,8000000,8000000,20000000,20000000,28000000,28000000,36100000,37100000,100000,100000,8000000,9000000,0,0,8000000,8000000,20000000,20000000,28000000,28000000,100010,100000,100000,100000,10,0
1216,1080606000,2986124000,100000,100000,17000000,19000000,634506000,2538024000,19000000,19000000,410000000,410000000,429000000,429000000,446100000,448100000,100000,100000,17000000,19000000,0,0,19000000,19000000,410000000,410000000,429000000,429000000,100010,100000,100000,100000,10,0
1246,642606000,1278112000,100000,100000,8000000,9000000,634506000,1269012000,0,0,0,0,0,0,8100000,9100000,100000,100000,8000000,9000000,0,0,0,0,0,0,0,0,100010,100000,100000,100000,10,0
1276,1394606000,2031112000,100000,100000,9000000,11000000,634506000,1269012000,11000000,11000000,740000000,740000000,751000000,751000000,760100000,762100000,100000,100000,9000000,11000000,0,0,11000000,11000000,740000000,740000000,751000000,751000000,100010,100000,100000,100000,10,0
17,1691606000,1710606000,100000,100000,19000000,38000000,634506000,634506000,38000000,38000000,1000000000,1000000000,1038000000,1038000000,1057100000,1076100000,100000,100000,19000000,38000000,0,0,38000000,38000000,1000000000,1000000000,1038000000,1038000000,100010,19100030,100000,100000,10,19000030
47,2176606000,2178606000,100000,100000,15000000,17000000,634506000,634506000,17000000,17000000,1510000000,1510000000,1527000000,1527000000,1542100000,1544100000,100000,100000,15000000,17000000,0,0,17000000,17000000,1510000000,1510000000,1527000000,1527000000,100010,64100010,100000,100000,10,64000010
77,2975606000,2976606000,100000,100000,10000000,11000000,634506000,634506000,11000000,11000000,2320000000,2320000000,2331000000,2331000000,2341100000,2342100000,100000,100000,10000000,11000000,0,0,11000000,11000000,2320000000,2320000000,2331000000,2331000000,100010,68100040,100000,100000,10,68000040
107,1320606000,1320606000,100000,100000,18000000,18000000,634506000,634506000,18000000,18000000,650000000,650000000,668000000,668000000,686100000,686100000,100000,100000,18000000,18000000,0,0,18000000,18000000,650000000,650000000,668000000,668000000,100010,68100020,100000,100000,10,68000020
137,2216606000,2216606000,100000,100000,1000000,1000000,634506000,634506000,1000000,1000000,1580000000,1580000000,1581000000,1581000000,1582100000,1582100000,100000,100000,1000000,1000000,0,0,1000000,1000000,1580000000,1580000000,1581000000,1581000000,100010,12100030,100000,100000,10,12000030
167,2734606000,2734606000,100000,100000,20000000,20000000,634506000,634506000,20000000,20000000,2060000000,2060000000,2080000000,2080000000,2100100000,2100100000,100000,100000,20000000,20000000,0,0,20000000,20000000,2060000000,2060000000,2080000000,2080000000,100010,51100030,100000,100000,10,51000030
197,2734606000,2734606000,100000,100000,20000000,20000000,634506000,634506000,20000000,20000000,2060000000,2060000000,2080000000,2080000000,2100100000,2100100000,100000,100000,20000000,20000000,0,0,20000000,20000000,2060000000,2060000000,2080000000,2080000000,100010,51100030,100000,100000,10,51000030
227,1242606000,1252606000,100000,100000,9000000,19000000,634506000,634506000,9000000,9000000,590000000,590000000,599000000,599000000,608100000,618100000,100000,100000,9000000,19000000,0,0,9000000,9000000,590000000,590000000,599000000,599000000,100010,23100020,100000,100000,10,23000020
257,2261606000,2262606000,100000,100000,8000000,9000000,634506000,634506000,9000000,9000000,1610000000,1610000000,1619000000,1619000000,1627100000,1628100000,100000,100000,8000000,9000000,0,0,9000000,9000000,1610000000,1610000000,1619000000,1619000000,100010,11100010,100000,100000,10,11000010
287,2312606000,2312606000,100000,100000,9000000,9000000,634506000,634506000,9000000,9000000,1660000000,1660000000,1669000000,1669000000,1678100000,1678100000,100000,100000,9000000,9000000,0,0,9000000,9000000,1660000000,1660000000,1669000000,1669000000,100010,16100040,100000,100000,10,16000040
317,1941606000,1942606000,100000,100000,8000000,9000000,634506000,634506000,9000000,9000000,1290000000,1290000000,1299000000,1299000000,1307100000,1308100000,100000,100000,8000000,9000000,0,0,9000000,9000000,1290000000,1290000000,1299000000,1299000000,100010,73100040,100000,100000,10,73000040
347,680606000,681606000,100000,100000,8000000,9000000,634506000,634506000,8000000,8000000,30000000,30000000,38000000,38000000,46100000,47100000,100000,100000,8000000,9000000,0,0,8000000,8000000,30000000,30000000,38000000,38000000,100010,1100010,100000,100000,10,1000010
377,1952606000,1952606000,100000,100000,9000000,9000000,634506000,634506000,9000000,9000000,1300000000,1300000000,1309000000,1309000000,1318100000,1318100000,100000,100000,9000000,9000000,0,0,9000000,9000000,1300000000,1300000000,1309000000,1309000000,100010,16100030,100000,100000,10,16000030
407,3739606000,3740606000,100000,100000,12000000,13000000,634506000,634506000,13000000,13000000,3080000000,3080000000,3093000000,3093000000,3105100000,3106100000,100000,100000,12000000,13000000,0,0,13000000,13000000,3080000000,3080000000,3093000000,3093000000,100010,2100010,100000,100000,10,2000010
437,3728606000,3730606000,100000,100000,11000000,13000000,634506000,634506000,13000000,13000000,3070000000,3070000000,3083000000,3083000000,3094100000,3096100000,100000,100000,11000000,13000000,0,0,13000000,13000000,3070000000,3070000000,3083000000,3083000000,100010,96100050,100000,100000,10,96000050
467,1596606000,1596606000,100000,100000,11000000,11000000,634506000,634506000,11000000,11000000,940000000,940000000,951000000,951000000,962100000,962100000,100000,100000,11000000,11000000,0,0,11000000,11000000,940000000,940000000,951000000,951000000,100010,33100020,100000,100000,10,33000020
497,671606000,675606000,100000,100000,37000000,41000000,634506000,634506000,0,0,0,0,0,0,37100000,41100000,100000,100000,37000000,41000000,0,0,0,0,0,0,0,0,100010,100000,100000,100000,10,0
527,1391606000,1400606000,100000,100000,9000000,18000000,634506000,634506000,18000000,18000000,730000000,730000000,748000000,748000000,757100000,766100000,100000,100000,9000000,18000000,0,0,18000000,18000000,730000000,730000000,748000000,748000000,100010,62100010,100000,100000,10,62000010
557,2839606000,2840606000,100000,100000,7000000,8000000,634506000,634506000,8000000,8000000,2190000000,2190000000,2198000000,2198000000,2205100000,2206100000,100000,100000,7000000,8000000,0,0,8000000,8000000,2190000000,2190000000,2198000000,2198000000,100010,22100030,100000,100000,10,22000030
587,858606000,858606000,100000,100000,47000000,47000000,634506000,634506000,47000000,47000000,130000000,130000000,177000000,177000000,224100000,224100000,100000,100000,47000000,47000000,0,0,47000000,47000000,130000000,130000000,177000000,177000000,100010,37100030,100000,100000,10,37000030
617,2504606000,2504606000,100000,100000,10000000,10000000,634506000,634506000,10000000,10000000,1850000000,1850000000,1860000000,1860000000,1870100000,1870100000,100000,100000,10000000,10000000,0,0,10000000,10000000,1850000000,1850000000,1860000000,1860000000,100010,42100020,100000,100000,10,42000020
647,2504606000,2504606000,100000,100000,10000000,10000000,634506000,634506000,10000000,10000000,1850000000,1850000000,1860000000,1860000000,1870100000,1870100000,100000,100000,10000000,10000000,0,0,10000000,10000000,1850000000,1850000000,1860000000,1860000000,100010,42100020,100000,100000,10,42000020
677,1716606000,1716606000,100000,100000,6000000,6000000,634506000,634506000,6000000,6000000,1070000000,1070000000,1076000000,1076000000,1082100000,1082100000,100000,100000,6000000,6000000,0,0,6000000,6000000,1070000000,1070000000,1076000000,1076000000,100010,10100010,100000,100000,10,10000010
707,3269606000,3270606000,100000,100000,17000000,18000000,634506000,634506000,18000000,18000000,2600000000,2600000000,2618000000,2618000000,2635100000,2636100000,100000,100000,17000000,18000000,0,0,18000000,18000000,2600000000,2600000000,2618000000,2618000000,100010,21100010,100000,100000,10,21000010
737,640606000,642606000,100000,100000,6000000,8000000,634506000,634506000,0,0,0,0,0,0,6100000,8100000,100000,100000,6000000,8000000,0,0,0,0,0,0,0,0,100010,100000,100000,100000,10,0
767,1366606000,1366606000,100000,100000,1000000,1000000,634506000,634506000,1000000,1000000,730000000,730000000,731000000,731000000,732100000,732100000,100000,100000,1000000,1000000,0,0,1000000,1000000,730000000,730000000,731000000,731000000,100010,20100030,100000,100000,10,20000030
797,3907606000,3908606000,100000,100000,1000000,2000000,634506000,634506000,2000000,2000000,3270000000,3270000000,3272000000,3272000000,3273100000,3274100000,100000,100000,1000000,2000000,0,0,2000000,2000000,3270000000,3270000000,3272000000,3272000000,100010,58100030,100000,100000,10,58000030
827,2775606000,2776606000,100000,100000,0,1000000,634506000,634506000,1000000,1000000,2140000000,2140000000,2141000000,2141000000,2141100000,2142100000,100000,100000,0,1000000,0,0,1000000,1000000,2140000000,2140000000,2141000000,2141000000,100010,81100030,100000,100000,10,81000030
857,3009606000,3010606000,100000,100000,12000000,13000000,634506000,634506000,13000000,13000000,2350000000,2350000000,2363000000,2363000000,2375100000,2376100000,100000,100000,12000000,13000000,0,0,13000000,13000000,2350000000,2350000000,2363000000,2363000000,100010,9100010,100000,100000,10,9000010
887,1402606000,1402606000,100000,100000,9000000,9000000,634506000,634506000,9000000,9000000,750000000,750000000,759000000,759000000,768100000,768100000,100000,100000,9000000,9000000,0,0,9000000,9000000,750000000,750000000,759000000,759000000,100010,26100030,100000,100000,10,26000030
917,2630606000,2631606000,100000,100000,18000000,19000000,634506000,634506000,18000000,18000000,1960000000,1960000000,1978000000,1978000000,1996100000,1997100000,100000,100000,18000000,19000000,0,0,18000000,18000000,1960000000,1960000000,1978000000,1978000000,100010,62100010,100000,100000,10,62000010
947,2020606000,2020606000,100000,100000,8000000,8000000,634506000,634506000,8000000,8000000,1370000000,1370000000,1378000000,1378000000,1386100000,1386100000,100000,100000,8000000,8000000,0,0,8000000,8000000,1370000000,1370000000,1378000000,1378000000,100010,44100030,100000,100000,10,44000030
977,3712606000,20219762000,100000,100000,7000000,17000000,634506000,17131662000,11000000,11000000,3060000000,3060000000,3071000000,3071000000,3078100000,3088100000,100000,100000,7000000,17000000,0,0,11000000,11000000,3060000000,3060000000,3071000000,3071000000,100010,65100030,100000,100000,10,65000030
1007,3545606000,18780750000,100000,100000,8000000,15000000,634506000,15862650000,13000000,13000000,2890000000,2890000000,2903000000,2903000000,2911100000,2918100000,100000,100000,8000000,15000000,0,0,13000000,13000000,2890000000,2890000000,2903000000,2903000000,100010,66100040,100000,100000,10,66000040
1037,853606000,1491112000,100000,100000,43000000,46000000,634506000,1269012000,46000000,46000000,130000000,130000000,176000000,176000000,219100000,222100000,100000,100000,43000000,46000000,0,0,46000000,46000000,130000000,130000000,176000000,176000000,100010,36100050,100000,100000,10,36000050
1067,713606000,3887136000,100000,100000,19000000,20000000,634506000,3807036000,20000000,20000000,40000000,40000000,60000000,60000000,79100000,80100000,100000,100000,19000000,20000000,0,0,20000000,20000000,40000000,40000000,60000000,60000000,100010,100000,100000,100000,10,0
1097,1722606000,14421726000,100000,100000,0,9000000,634506000,13324626000,8000000,8000000,1080000000,1080000000,1088000000,1088000000,1088100000,1097100000,100000,100000,0,9000000,0,0,8000000,8000000,1080000000,1080000000,1088000000,1088000000,100010,73100040,100000,100000,10,73000040
1127,1005606000,1654112000,100000,100000,4000000,18000000,634506000,1269012000,17000000,17000000,350000000,350000000,367000000,367000000,371100000,385100000,100000,100000,4000000,18000000,0,0,17000000,17000000,350000000,350000000,367000000,367000000,100010,68100020,100000,100000,10,68000020
1157,644606000,646606000,100000,100000,10000000,12000000,634506000,634506000,0,0,0,0,0,0,10100000,12100000,100000,100000,10000000,12000000,0,0,0,0,0,0,0,0,100010,100000,100000,100000,10,0
1187,670606000,3209630000,100000,100000,8000000,9000000,634506000,3172530000,8000000,8000000,20000000,20000000,28000000,28000000,36100000,37100000,100000,100000,8000000,9000000,0,0,8000000,8000000,20000000,20000000,28000000,28000000,100010,100000,100000,100000,10,0
1217,652606000,653606000,100000,100000,18000000,19000000,634506000,634506000,0,0,0,0,0,0,18100000,19100000,100000,100000,18000000,19000000,0,0,0,0,0,0,0,0,100010,100000,100000,100000,10,0
1247,654606000,655606000,100000,100000,20000000,21000000,634506000,634506000,0,0,0,0,0,0,20100000,21100000,100000,100000,20000000,21000000,0,0,0,0,0,0,0,0,100010,100000,100000,100000,10,0
1277,643606000,1279112000,100000,100000,9000000,10000000,634506000,1269012000,0,0,0,0,0,0,9100000,10100000,100000,100000,9000000,10000000,0,0,0,0,0,0,0,0,100010,100000,100000,100000,10,0
18,1773606000,1774606000,100000,100000,19000000,20000000,634506000,634506000,20000000,20000000,1100000000,1100000000,1120000000,1120000000,1139100000,1140100000,100000,100000,19000000,20000000,0,0,20000000,20000000,1100000000,1100000000,1120000000,1120000000,100010,23100020,100000,100000,10,23000020
48,1582606000,1646606000,100000,100000,17000000,81000000,634506000,634506000,81000000,81000000,850000000,850000000,931000000,931000000,948100000,1012100000,100000,100000,17000000,81000000,0,0,81000000,81000000,850000000,850000000,931000000,931000000,100010,68100020,100000,100000,10,68000020
78,2966606000,2968606000,100000,100000,10000000,12000000,634506000,634506000,12000000,12000000,2310000000,2310000000,2322000000,2322000000,2332100000,2334100000,100000,100000,10000000,12000000,0,0,12000000,12000000,2310000000,2310000000,2322000000,2322000000,100010,68100040,100000,100000,10,68000040
108,2380606000,2380606000,100000,100000,18000000,18000000,634506000,634506000,18000000,18000000,1710000000,1710000000,1728000000,1728000000,1746100000,1746100000,100000,100000,18000000,18000000,0,0,18000000,18000000,1710000000,1710000000,1728000000,1728000000,100010,47100020,100000,100000,10,47000020
138,2246606000,2246606000,100000,100000,1000000,1000000,634506000,634506000,1000000,1000000,1610000000,1610000000,1611000000,1611000000,1612100000,1612100000,100000,100000,1000000,1000000,0,0,1000000,1000000,1610000000,1610000000,1611000000,1611000000,100010,12100030,100000,100000,10,12000030
168,1104606000,1104606000,100000,100000,20000000,20000000,634506000,634506000,20000000,20000000,430000000,430000000,450000000,450000000,470100000,470100000,100000,100000,20000000,20000000,0,0,20000000,20000000,430000000,430000000,450000000,450000000,100010,1100010,100000,100000,10,1000010
198,1672606000,1673606000,100000,100000,19000000,20000000,634506000,634506000,19000000,19000000,1000000000,1000000000,1019000000,1019000000,1038100000,1039100000,100000,100000,19000000,20000000,0,0,19000000,19000000,1000000000,1000000000,1019000000,1019000000,100010,51100030,100000,100000,10,51000030
228,3433606000,3434606000,100000,100000,19000000,20000000,634506000,634506000,20000000,20000000,2760000000,2760000000,2780000000,2780000000,2799100000,2800100000,100000,100000,19000000,20000000,0,0,20000000,20000000,2760000000,2760000000,2780000000,2780000000,100010,22100010,100000,100000,10,22000010
258,3371606000,3372606000,100000,100000,8000000,9000000,634506000,634506000,9000000,9000000,2720000000,2720000000,2729000000,2729000000,2737100000,2738100000,100000,100000,8000000,9000000,0,0,9000000,9000000,2720000000,2720000000,2729000000,2729000000,100010,85100050,100000,100000,10,85000050
288,2462606000,2462606000,100000,100000,9000000,9000000,634506000,634506000,9000000,9000000,1810000000,1810000000,1819000000,1819000000,1828100000,1828100000,100000,100000,9000000,9000000,0,0,9000000,9000000,1810000000,1810000000,1819000000,1819000000,100010,16100040,100000,100000,10,16000040
318,1252606000,1260606000,100000,100000,0,8000000,634506000,634506000,8000000,8000000,610000000,610000000,618000000,618000000,618100000,626100000,100000,100000,0,8000000,0,0,8000000,8000000,610000000,610000000,618000000,618000000,100010,12100020,100000,100000,10,12000020
348,680606000,681606000,100000,100000,8000000,9000000,634506000,634506000,8000000,8000000,30000000,30000000,38000000,38000000,46100000,47100000,100000,100000,8000000,9000000,0,0,8000000,8000000,30000000,30000000,38000000,38000000,100010,1100010,100000,100000,10,1000010
378,1352606000,1353606000,100000,100000,9000000,10000000,634506000,634506000,9000000,9000000,700000000,700000000,709000000,709000000,718100000,719100000,100000,100000,9000000,10000000,0,0,9000000,9000000,700000000,700000000,709000000,709000000,100010,12100020,100000,100000,10,12000020
408,3739606000,3740606000,100000,100000,12000000,13000000,634506000,634506000,13000000,13000000,3080000000,3080000000,3093000000,3093000000,3105100000,3106100000,100000,100000,12000000,13000000,0,0,13000000,13000000,3080000000,3080000000,3093000000,3093000000,100010,2100010,100000,100000,10,2000010
438,2357606000,2358606000,100000,100000,11000000,12000000,634506000,634506000,12000000,12000000,1700000000,1700000000,1712000000,1712000000,1723100000,1724100000,100000,100000,11000000,12000000,0,0,12000000,12000000,1700000000,1700000000,1712000000,1712000000,100010,26100040,100000,100000,10,26000040
468,1596606000,1596606000,100000,100000,11000000,11000000,634506000,634506000,11000000,11000000,940000000,940000000,951000000,951000000,962100000,962100000,100000,100000,11000000,11000000,0,0,11000000,11000000,940000000,940000000,951000000,951000000,100010,33100020,100000,100000,10,33000020
498,3539606000,3568606000,100000,100000,8000000,37000000,634506000,634506000,37000000,37000000,2860000000,2860000000,2897000000,2897000000,2905100000,2934100000,100000,100000,8000000,37000000,0,0,37000000,37000000,2860000000,2860000000,2897000000,2897000000,100010,28100050,100000,100000,10,28000050
528,2970606000,2970606000,100000,100000,18000000,18000000,634506000,634506000,18000000,18000000,2300000000,2300000000,2318000000,2318000000,2336100000,2336100000,100000,100000,18000000,18000000,0,0,18000000,18000000,2300000000,2300000000,2318000000,2318000000,100010,26100040,100000,100000,10,26000040
558,2309606000,2310606000,100000,100000,7000000,8000000,634506000,634506000,8000000,8000000,1660000000,1660000000,1668000000,1668000000,1675100000,1676100000,100000,100000,7000000,8000000,0,0,8000000,8000000,1660000000,1660000000,1668000000,1668000000,100010,15100020,100000,100000,10,15000020
588,1580606000,1580606000,100000,100000,8000000,8000000,634506000,634506000,8000000,8000000,930000000,930000000,938000000,938000000,946100000,946100000,100000,100000,8000000,8000000,0,0,8000000,8000000,930000000,930000000,938000000,938000000,100010,8100020,100000,100000,10,8000020
618,2973606000,2974606000,100000,100000,9000000,10000000,634506000,634506000,10000000,10000000,2320000000,2320000000,2330000000,2330000000,2339100000,2340100000,100000,100000,9000000,10000000,0,0,10000000,10000000,2320000000,2320000000,2330000000,2330000000,100010,83100020,100000,100000,10,83000020
648,2015606000,2016606000,100000,100000,10000000,11000000,634506000,634506000,11000000,11000000,1360000000,1360000000,1371000000,1371000000,1381100000,1382100000,100000,100000,10000000,11000000,0,0,11000000,11000000,1360000000,1360000000,1371000000,1371000000,100010,94100040,100000,100000,10,94000040
678,1716606000,1716606000,100000,100000,6000000,6000000,634506000,634506000,6000000,6000000,1070000000,1070000000,1076000000,1076000000,1082100000,1082100000,100000,100000,6000000,6000000,0,0,6000000,6000000,1070000000,1070000000,1076000000,1076000000,100010,10100010,100000,100000,10,10000010
708,2389606000,2390606000,100000,100000,17000000,18000000,634506000,634506000,18000000,18000000,1720000000,1720000000,1738000000,1738000000,1755100000,1756100000,100000,100000,17000000,18000000,0,0,18000000,18000000,1720000000,1720000000,1738000000,1738000000,100010,21100010,100000,100000,10,21000010
738,1599606000,1604606000,100000,100000,0,5000000,634506000,634506000,5000000,5000000,960000000,960000000,965000000,965000000,965100000,970100000,100000,100000,0,5000000,0,0,5000000,5000000,960000000,960000000,965000000,965000000,100010,44100050,100000,100000,10,44000050
768,1366606000,1366606000,100000,100000,1000000,1000000,634506000,634506000,1000000,1000000,730000000,730000000,731000000,731000000,732100000,732100000,100000,100000,1000000,1000000,0,0,1000000,1000000,730000000,730000000,731000000,731000000,100010,20100030,100000,100000,10,20000030
798,2917606000,2918606000,100000,100000,1000000,2000000,634506000,634506000,2000000,2000000,2280000000,2280000000,2282000000,2282000000,2283100000,2284100000,100000,100000,1000000,2000000,0,0,2000000,2000000,2280000000,2280000000,2282000000,2282000000,100010,58100030,100000,100000,10,58000030
828,2745606000,2746606000,100000,100000,0,1000000,634506000,634506000,1000000,1000000,2110000000,2110000000,2111000000,2111000000,2111100000,2112100000,100000,100000,0,1000000,0,0,1000000,1000000,2110000000,2110000000,2111000000,2111000000,100010,81100030,100000,100000,10,81000030
858,1739606000,1740606000,100000,100000,12000000,13000000,634506000,634506000,13000000,13000000,1080000000,1080000000,1093000000,1093000000,1105100000,1106100000,100000,100000,12000000,13000000,0,0,13000000,13000000,1080000000,1080000000,1093000000,1093000000,100010,9100010,100000,100000,10,9000010
888,3784606000,3786606000,100000,100000,9000000,11000000,634506000,634506000,11000000,11000000,3130000000,3130000000,3141000000,3141000000,3150100000,3152100000,100000,100000,9000000,11000000,0,0,11000000,11000000,3130000000,3130000000,3141000000,3141000000,100010,66100040,100000,100000,10,66000040
918,2630606000,2631606000,100000,100000,18000000,19000000,634506000,634506000,18000000,18000000,1960000000,1960000000,1978000000,1978000000,1996100000,1997100000,100000,100000,18000000,19000000,0,0,18000000,18000000,1960000000,1960000000,1978000000,1978000000,100010,62100010,100000,100000,10,62000010
948,1598606000,1598606000,100000,100000,12000000,12000000,634506000,634506000,12000000,12000000,940000000,940000000,952000000,952000000,964100000,964100000,100000,100000,12000000,12000000,0,0,12000000,12000000,940000000,940000000,952000000,952000000,100010,34100030,100000,100000,10,34000030
978,3742606000,17732738000,100000,100000,8000000,39000000,634506000,14593638000,20000000,20000000,3080000000,3080000000,3100000000,3100000000,3108100000,3139100000,100000,100000,8000000,39000000,0,0,20000000,20000000,3080000000,3080000000,3100000000,3100000000,100010,8100020,100000,100000,10,8000020
1008,651606000,652606000,100000,100000,17000000,18000000,634506000,634506000,0,0,0,0,0,0,17100000,18100000,100000,100000,17000000,18000000,0,0,0,0,0,0,0,0,100010,100000,100000,100000,10,0
1038,845606000,2117618000,100000,100000,44000000,47000000,634506000,1903518000,47000000,47000000,120000000,120000000,167000000,167000000,211100000,214100000,100000,100000,44000000,47000000,0,0,47000000,47000000,120000000,120000000,167000000,167000000,100010,34100020,100000,100000,10,34000020
1068,713606000,3887136000,100000,100000,19000000,20000000,634506000,3807036000,20000000,20000000,40000000,40000000,60000000,60000000,79100000,80100000,100000,100000,19000000,20000000,0,0,20000000,20000000,40000000,40000000,60000000,60000000,100010,100000,100000,100000,10,0
1098,2323606000,9312172000,100000,100000,0,9000000,634506000,7614072000,9000000,9000000,1680000000,1680000000,1689000000,1689000000,1689100000,1698100000,100000,100000,0,9000000,0,0,9000000,9000000,1680000000,1680000000,1689000000,1689000000,100010,81100030,100000,100000,10,81000030
1128,3600606000,6155630000,100000,100000,0,17000000,634506000,3172530000,16000000,16000000,2950000000,2950000000,2966000000,2966000000,2966100000,2983100000,100000,100000,0,17000000,0,0,16000000,16000000,2950000000,2950000000,2966000000,2966000000,100010,64100010,100000,100000,10,64000010
1158,643606000,1279112000,100000,100000,9000000,10000000,634506000,1269012000,0,0,0,0,0,0,9100000,10100000,100000,100000,9000000,10000000,0,0,0,0,0,0,0,0,100010,100000,100000,100000,10,0
1188,665606000,3204630000,100000,100000,5000000,6000000,634506000,3172530000,6000000,6000000,20000000,20000000,26000000,26000000,31100000,32100000,100000,100000,5000000,6000000,0,0,6000000,6000000,20000000,20000000,26000000,26000000,100010,100000,100000,100000,10,0
1218,639606000,1275112000,100000,100000,5000000,6000000,634506000,1269012000,0,0,0,0,0,0,5100000,6100000,100000,100000,5000000,6000000,0,0,0,0,0,0,0,0,100010,100000,100000,100000,10,0
1248,641606000,1911618000,100000,100000,7000000,8000000,634506000,1903518000,0,0,0,0,0,0,7100000,8100000,100000,100000,7000000,8000000,0,0,0,0,0,0,0,0,100010,100000,100000,100000,10,0
1278,1810606000,4985136000,100000,100000,7000000,9000000,634506000,3807036000,9000000,9000000,1160000000,1160000000,1169000000,1169000000,1176100000,1178100000,100000,100000,7000000,9000000,0,0,9000000,9000000,1160000000,1160000000,1169000000,1169000000,100010,37100040,100000,100000,10,37000040
19,3163606000,3164606000,100000,100000,19000000,20000000,634506000,634506000,20000000,20000000,2490000000,2490000000,2510000000,2510000000,2529100000,2530100000,100000,100000,19000000,20000000,0,0,20000000,20000000,2490000000,2490000000,2510000000,2510000000,100010,22100010,100000,100000,10,22000010
49,1202606000,1210606000,100000,100000,9000000,17000000,634506000,634506000,9000000,9000000,550000000,550000000,559000000,559000000,568100000,576100000,100000,100000,9000000,17000000,0,0,9000000,9000000,550000000,550000000,559000000,559000000,100010,32100040,100000,100000,10,32000040
79,3763606000,3764606000,100000,100000,19000000,20000000,634506000,634506000,20000000,20000000,3090000000,3090000000,3110000000,3110000000,3129100000,3130100000,100000,100000,19000000,20000000,0,0,20000000,20000000,3090000000,3090000000,3110000000,3110000000,100010,23100020,100000,100000,10,23000020
109,2148606000,2149606000,100000,100000,17000000,18000000,634506000,634506000,17000000,17000000,1480000000,1480000000,1497000000,1497000000,1514100000,1515100000,100000,100000,17000000,18000000,0,0,17000000,17000000,1480000000,1480000000,1497000000,1497000000,100010,22100040,100000,100000,10,22000040
139,1716606000,1716606000,100000,100000,1000000,1000000,634506000,634506000,1000000,1000000,1080000000,1080000000,1081000000,1081000000,1082100000,1082100000,100000,100000,1000000,1000000,0,0,1000000,1000000,1080000000,1080000000,1081000000,1081000000,100010,12100030,100000,100000,10,12000030
169,2873606000,2874606000,100000,100000,19000000,20000000,634506000,634506000,20000000,20000000,2200000000,2200000000,2220000000,2220000000,2239100000,2240100000,100000,100000,19000000,20000000,0,0,20000000,20000000,2200000000,2200000000,2220000000,2220000000,100010,22100010,100000,100000,10,22000010
199,2434606000,2434606000,100000,100000,20000000,20000000,634506000,634506000,20000000,20000000,1760000000,1760000000,1780000000,1780000000,1800100000,1800100000,100000,100000,20000000,20000000,0,0,20000000,20000000,1760000000,1760000000,1780000000,1780000000,100010,50100040,100000,100000,10,50000040
229,1342606000,1352606000,100000,100000,9000000,19000000,634506000,634506000,19000000,19000000,680000000,680000000,699000000,699000000,708100000,718100000,100000,100000,9000000,19000000,0,0,19000000,19000000,680000000,680000000,699000000,699000000,100010,6100030,100000,100000,10,6000030
259,2841606000,2842606000,100000,100000,8000000,9000000,634506000,634506000,9000000,9000000,2190000000,2190000000,2199000000,2199000000,2207100000,2208100000,100000,100000,8000000,9000000,0,0,9000000,9000000,2190000000,2190000000,2199000000,2199000000,100010,16100040,100000,100000,10,16000040
289,2372606000,2372606000,100000,100000,9000000,9000000,634506000,634506000,9000000,9000000,1720000000,1720000000,1729000000,1729000000,1738100000,1738100000,100000,100000,9000000,9000000,0,0,9000000,9000000,1720000000,1720000000,1729000000,1729000000,100010,16100040,100000,100000,10,16000040
319,3271606000,3272606000,100000,100000,8000000,9000000,634506000,634506000,9000000,9000000,2620000000,2620000000,2629000000,2629000000,2637100000,2638100000,100000,100000,8000000,9000000,0,0,9000000,9000000,2620000000,2620000000,2629000000,2629000000,100010,17100030,100000,100000,10,17000030
349,690606000,691606000,100000,100000,8000000,9000000,634506000,634506000,8000000,8000000,40000000,40000000,48000000,48000000,56100000,57100000,100000,100000,8000000,9000000,0,0,8000000,8000000,40000000,40000000,48000000,48000000,100010,1100010,100000,100000,10,1000010
379,1952606000,1952606000,100000,100000,9000000,9000000,634506000,634506000,9000000,9000000,1300000000,1300000000,1309000000,1309000000,1318100000,1318100000,100000,100000,9000000,9000000,0,0,9000000,9000000,1300000000,1300000000,1309000000,1309000000,100010,16100030,100000,100000,10,16000030
409,2410606000,2410606000,100000,100000,13000000,13000000,634506000,634506000,13000000,13000000,1750000000,1750000000,1763000000,1763000000,1776100000,1776100000,100000,100000,13000000,13000000,0,0,13000000,13000000,1750000000,1750000000,1763000000,1763000000,100010,2100010,100000,100000,10,2000010
439,2466606000,2466606000,100000,100000,11000000,11000000,634506000,634506000,11000000,11000000,1810000000,1810000000,1821000000,1821000000,1832100000,1832100000,100000,100000,11000000,11000000,0,0,11000000,11000000,1810000000,1810000000,1821000000,1821000000,100010,26100040,100000,100000,10,26000040
469,1497606000,1498606000,100000,100000,11000000,12000000,634506000,634506000,12000000,12000000,840000000,840000000,852000000,852000000,863100000,864100000,100000,100000,11000000,12000000,0,0,12000000,12000000,840000000,840000000,852000000,852000000,100010,33100020,100000,100000,10,33000020
499,852606000,854606000,100000,100000,38000000,40000000,634506000,634506000,40000000,40000000,140000000,140000000,180000000,180000000,218100000,220100000,100000,100000,38000000,40000000,0,0,40000000,40000000,140000000,140000000,180000000,180000000,100010,11100030,100000,100000,10,11000030
529,2040606000,2040606000,100000,100000,18000000,18000000,634506000,634506000,18000000,18000000,1370000000,1370000000,1388000000,1388000000,1406100000,1406100000,100000,100000,18000000,18000000,0,0,18000000,18000000,1370000000,1370000000,1388000000,1388000000,100010,62100010,100000,100000,10,62000010
559,2839606000,2840606000,100000,100000,7000000,8000000,634506000,634506000,8000000,8000000,2190000000,2190000000,2198000000,2198000000,2205100000,2206100000,100000,100000,7000000,8000000,0,0,8000000,8000000,2190000000,2190000000,2198000000,2198000000,100010,22100030,100000,100000,10,22000030
589,3769606000,3770606000,100000,100000,7000000,8000000,634506000,634506000,8000000,8000000,3120000000,3120000000,3128000000,3128000000,3135100000,3136100000,100000,100000,7000000,8000000,0,0,8000000,8000000,3120000000,3120000000,3128000000,3128000000,100010,26100040,100000,100000,10,26000040
619,1942606000,1942606000,100000,100000,9000000,9000000,634506000,634506000,9000000,9000000,1290000000,1290000000,1299000000,1299000000,1308100000,1308100000,100000,100000,9000000,9000000,0,0,9000000,9000000,1290000000,1290000000,1299000000,1299000000,100010,25100040,100000,100000,10,25000040
649,1964606000,1964606000,100000,100000,10000000,10000000,634506000,634506000,10000000,10000000,1310000000,1310000000,1320000000,1320000000,1330100000,1330100000,100000,100000,10000000,10000000,0,0,10000000,10000000,1310000000,1310000000,1320000000,1320000000,100010,42100020,100000,100000,10,42000020
679,1716606000,1716606000,100000,100000,6000000,6000000,634506000,634506000,6000000,6000000,1070000000,1070000000,1076000000,1076000000,1082100000,1082100000,100000,100000,6000000,6000000,0,0,6000000,6000000,1070000000,1070000000,1076000000,1076000000,100010,10100010,100000,100000,10,10000010
709,3269606000,3270606000,100000,100000,17000000,18000000,634506000,634506000,18000000,18000000,2600000000,2600000000,2618000000,2618000000,2635100000,2636100000,100000,100000,17000000,18000000,0,0,18000000,18000000,2600000000,2600000000,2618000000,2618000000,100010,21100010,100000,100000,10,21000010
739,2505606000,2506606000,100000,100000,5000000,6000000,634506000,634506000,6000000,6000000,1860000000,1860000000,1866000000,1866000000,1871100000,1872100000,100000,100000,5000000,6000000,0,0,6000000,6000000,1860000000,1860000000,1866000000,1866000000,100010,82100040,100000,100000,10,82000040
769,1336606000,1336606000,100000,100000,1000000,1000000,634506000,634506000,1000000,1000000,700000000,700000000,701000000,701000000,702100000,702100000,100000,100000,1000000,1000000,0,0,1000000,1000000,700000000,700000000,701000000,701000000,100010,20100030,100000,100000,10,20000030
799,2115606000,2116606000,100000,100000,0,1000000,634506000,634506000,1000000,1000000,1480000000,1480000000,1481000000,1481000000,1481100000,1482100000,100000,100000,0,1000000,0,0,1000000,1000000,1480000000,1480000000,1481000000,1481000000,100010,17100020,100000,100000,10,17000020
829,2775606000,2776606000,100000,100000,0,1000000,634506000,634506000,1000000,1000000,2140000000,2140000000,2141000000,2141000000,2141100000,2142100000,100000,100000,0,1000000,0,0,1000000,1000000,2140000000,2140000000,2141000000,2141000000,100010,81100030,100000,100000,10,81000030
859,2999606000,3000606000,100000,100000,12000000,13000000,634506000,634506000,13000000,13000000,2340000000,2340000000,2353000000,2353000000,2365100000,2366100000,100000,100000,12000000,13000000,0,0,13000000,13000000,2340000000,2340000000,2353000000,2353000000,100010,9100010,100000,100000,10,9000010
889,2552606000,2552606000,100000,100000,9000000,9000000,634506000,634506000,9000000,9000000,1900000000,1900000000,1909000000,1909000000,1918100000,1918100000,100000,100000,9000000,9000000,0,0,9000000,9000000,1900000000,1900000000,1909000000,1909000000,100010,28100040,100000,100000,10,28000040
919,2630606000,2631606000,100000,100000,18000000,19000000,634506000,634506000,18000000,18000000,1960000000,1960000000,1978000000,1978000000,1996100000,1997100000,100000,100000,18000000,19000000,0,0,18000000,18000000,1960000000,1960000000,1978000000,1978000000,100010,62100010,100000,100000,10,62000010
949,2157606000,2158606000,100000,100000,11000000,12000000,634506000,634506000,12000000,12000000,1500000000,1500000000,1512000000,1512000000,1523100000,1524100000,100000,100000,11000000,12000000,0,0,12000000,12000000,1500000000,1500000000,1512000000,1512000000,100010,44100030,100000,100000,10,44000030
979,1603606000,5419642000,100000,100000,11000000,20000000,634506000,4441542000,18000000,18000000,940000000,940000000,958000000,958000000,969100000,978100000,100000,100000,11000000,20000000,0,0,18000000,18000000,940000000,940000000,958000000,958000000,100010,73100030,100000,100000,10,73000030
1009,670606000,3209630000,100000,100000,8000000,9000000,634506000,3172530000,8000000,8000000,20000000,20000000,28000000,28000000,36100000,37100000,100000,100000,8000000,9000000,0,0,8000000,8000000,20000000,20000000,28000000,28000000,100010,100000,100000,100000,10,0
1039,680606000,685606000,100000,100000,46000000,51000000,634506000,634506000,0,0,0,0,0,0,46100000,51100000,100000,100000,46000000,51000000,0,0,0,0,0,0,0,0,100010,100000,100000,100000,10,0
1069,653606000,1923618000,100000,100000,19000000,20000000,634506000,1903518000,0,0,0,0,0,0,19100000,20100000,100000,100000,19000000,20000000,0,0,0,0,0,0,0,0,100010,100000,100000,100000,10,0
1099,2213606000,16824244000,100000,100000,0,17000000,634506000,15228144000,9000000,9000000,1570000000,1570000000,1579000000,1579000000,1579100000,1596100000,100000,100000,0,17000000,0,0,9000000,9000000,1570000000,1570000000,1579000000,1579000000,100010,65100040,100000,100000,10,65000040
1129,1292606000,1991112000,100000,100000,17000000,81000000,634506000,1269012000,81000000,81000000,560000000,560000000,641000000,641000000,658100000,722100000,100000,100000,17000000,81000000,0,0,81000000,81000000,560000000,560000000,641000000,641000000,100010,68100020,100000,100000,10,68000020
1159,643606000,1279112000,100000,100000,9000000,10000000,634506000,1269012000,0,0,0,0,0,0,9100000,10100000,100000,100000,9000000,10000000,0,0,0,0,0,0,0,0,100010,100000,100000,100000,10,0
1189,798606000,3340630000,100000,100000,5000000,9000000,634506000,3172530000,9000000,9000000,150000000,150000000,159000000,159000000,164100000,168100000,100000,100000,5000000,9000000,0,0,9000000,9000000,150000000,150000000,159000000,159000000,100010,100000,100000,100000,10,0
1219,639606000,641606000,100000,100000,5000000,7000000,634506000,634506000,0,0,0,0,0,0,5100000,7100000,100000,100000,5000000,7000000,0,0,0,0,0,0,0,0,100010,100000,100000,100000,10,0
1249,641606000,1911618000,100000,100000,7000000,8000000,634506000,1903518000,0,0,0,0,0,0,7100000,8100000,100000,100000,7000000,8000000,0,0,0,0,0,0,0,0,100010,100000,100000,100000,10,0
1279,1004606000,1641112000,100000,100000,9000000,11000000,634506000,1269012000,11000000,11000000,350000000,350000000,361000000,361000000,370100000,372100000,100000,100000,9000000,11000000,0,0,11000000,11000000,350000000,350000000,361000000,361000000,100010,100000,100000,100000,10,0
20,3163606000,3164606000,100000,100000,19000000,20000000,634506000,634506000,20000000,20000000,2490000000,2490000000,2510000000,2510000000,2529100000,2530100000,100000,100000,19000000,20000000,0,0,20000000,20000000,2490000000,2490000000,2510000000,2510000000,100010,22100010,100000,100000,10,22000010
50,3549606000,3550606000,100000,100000,17000000,18000000,634506000,634506000,18000000,18000000,2880000000,2880000000,2898000000,2898000000,2915100000,2916100000,100000,100000,17000000,18000000,0,0,18000000,18000000,2880000000,2880000000,2898000000,2898000000,100010,61100050,100000,100000,10,61000050
80,3153606000,3154606000,100000,100000,19000000,20000000,634506000,634506000,20000000,20000000,2480000000,2480000000,2500000000,2500000000,2519100000,2520100000,100000,100000,19000000,20000000,0,0,20000000,20000000,2480000000,2480000000,2500000000,2500000000,100010,22100010,100000,100000,10,22000010
110,652606000,653606000,100000,100000,18000000,19000000,634506000,634506000,0,0,0,0,0,0,18100000,19100000,100000,100000,18000000,19000000,0,0,0,0,0,0,0,0,100010,100000,100000,100000,10,0
140,2216606000,2216606000,100000,100000,1000000,1000000,634506000,634506000,1000000,1000000,1580000000,1580000000,1581000000,1581000000,1582100000,1582100000,100000,100000,1000000,1000000,0,0,1000000,1000000,1580000000,1580000000,1581000000,1581000000,100010,12100030,100000,100000,10,12000030
170,1483606000,1484606000,100000,100000,19000000,20000000,634506000,634506000,20000000,20000000,810000000,810000000,830000000,830000000,849100000,850100000,100000,100000,19000000,20000000,0,0,20000000,20000000,810000000,810000000,830000000,830000000,100010,23100020,100000,100000,10,23000020
200,2734606000,2734606000,100000,100000,20000000,20000000,634506000,634506000,20000000,20000000,2060000000,2060000000,2080000000,2080000000,2100100000,2100100000,100000,100000,20000000,20000000,0,0,20000000,20000000,2060000000,2060000000,2080000000,2080000000,100010,51100030,100000,100000,10,51000030
230,2883606000,2884606000,100000,100000,19000000,20000000,634506000,634506000,20000000,20000000,2210000000,2210000000,2230000000,2230000000,2249100000,2250100000,100000,100000,19000000,20000000,0,0,20000000,20000000,2210000000,2210000000,2230000000,2230000000,100010,23100020,100000,100000,10,23000020
260,2321606000,2322606000,100000,100000,8000000,9000000,634506000,634506000,9000000,9000000,1670000000,1670000000,1679000000,1679000000,1687100000,1688100000,100000,100000,8000000,9000000,0,0,9000000,9000000,1670000000,1670000000,1679000000,1679000000,100010,16100040,100000,100000,10,16000040
290,2372606000,2372606000,100000,100000,9000000,9000000,634506000,634506000,9000000,9000000,1720000000,1720000000,1729000000,1729000000,1738100000,1738100000,100000,100000,9000000,9000000,0,0,9000000,9000000,1720000000,1720000000,1729000000,1729000000,100010,16100040,100000,100000,10,16000040
320,2821606000,2822606000,100000,100000,8000000,9000000,634506000,634506000,9000000,9000000,2170000000,2170000000,2179000000,2179000000,2187100000,2188100000,100000,100000,8000000,9000000,0,0,9000000,9000000,2170000000,2170000000,2179000000,2179000000,100010,73100040,100000,100000,10,73000040
350,680606000,681606000,100000,100000,8000000,9000000,634506000,634506000,8000000,8000000,30000000,30000000,38000000,38000000,46100000,47100000,100000,100000,8000000,9000000,0,0,8000000,8000000,30000000,30000000,38000000,38000000,100010,1100010,100000,100000,10,1000010
380,1696606000,1699606000,100000,100000,6000000,9000000,634506000,634506000,6000000,6000000,1050000000,1050000000,1056000000,1056000000,1062100000,1065100000,100000,100000,6000000,9000000,0,0,6000000,6000000,1050000000,1050000000,1056000000,1056000000,100010,17100030,100000,100000,10,17000030
410,3739606000,3740606000,100000,100000,12000000,13000000,634506000,634506000,13000000,13000000,3080000000,3080000000,3093000000,3093000000,3105100000,3106100000,100000,100000,12000000,13000000,0,0,13000000,13000000,3080000000,3080000000,3093000000,3093000000,100010,2100010,100000,100000,10,2000010
440,2357606000,2358606000,100000,100000,11000000,12000000,634506000,634506000,12000000,12000000,1700000000,1700000000,1712000000,1712000000,1723100000,1724100000,100000,100000,11000000,12000000,0,0,12000000,12000000,1700000000,1700000000,1712000000,1712000000,100010,26100040,100000,100000,10,26000040
470,1497606000,1498606000,100000,100000,11000000,12000000,634506000,634506000,12000000,12000000,840000000,840000000,852000000,852000000,863100000,864100000,100000,100000,11000000,12000000,0,0,12000000,12000000,840000000,840000000,852000000,852000000,100010,33100020,100000,100000,10,33000020
500,6833606000,6836606000,100000,100000,38000000,41000000,634506000,634506000,41000000,41000000,6120000000,6120000000,6161000000,6161000000,6199100000,6202100000,100000,100000,38000000,41000000,0,0,41000000,41000000,6120000000,6120000000,6161000000,6161000000,100010,112100070,100000,100000,10,112000070
530,2970606000,2970606000,100000,100000,18000000,18000000,634506000,634506000,18000000,18000000,2300000000,2300000000,2318000000,2318000000,2336100000,2336100000,100000,100000,18000000,18000000,0,0,18000000,18000000,2300000000,2300000000,2318000000,2318000000,100010,26100040,100000,100000,10,26000040
560,2839606000,2840606000,100000,100000,7000000,8000000,634506000,634506000,8000000,8000000,2190000000,2190000000,2198000000,2198000000,2205100000,2206100000,100000,100000,7000000,8000000,0,0,8000000,8000000,2190000000,2190000000,2198000000,2198000000,100010,22100030,100000,100000,10,22000030
590,1940606000,1941606000,100000,100000,8000000,9000000,634506000,634506000,8000000,8000000,1290000000,1290000000,1298000000,1298000000,1306100000,1307100000,100000,100000,8000000,9000000,0,0,8000000,8000000,1290000000,1290000000,1298000000,1298000000,100010,34100030,100000,100000,10,34000030
620,2473606000,2474606000,100000,100000,9000000,10000000,634506000,634506000,10000000,10000000,1820000000,1820000000,1830000000,1830000000,1839100000,1840100000,100000,100000,9000000,10000000,0,0,10000000,10000000,1820000000,1820000000,1830000000,1830000000,100010,43100030,100000,100000,10,43000030
650,3575606000,3576606000,100000,100000,10000000,11000000,634506000,634506000,11000000,11000000,2920000000,2920000000,2931000000,2931000000,2941100000,2942100000,100000,100000,10000000,11000000,0,0,11000000,11000000,2920000000,2920000000,2931000000,2931000000,100010,86100050,100000,100000,10,86000050
680,1726606000,1726606000,100000,100000,6000000,6000000,634506000,634506000,6000000,6000000,1080000000,1080000000,1086000000,1086000000,1092100000,1092100000,100000,100000,6000000,6000000,0,0,6000000,6000000,1080000000,1080000000,1086000000,1086000000,100010,10100010,100000,100000,10,10000010
710,2389606000,2390606000,100000,100000,17000000,18000000,634506000,634506000,18000000,18000000,1720000000,1720000000,1738000000,1738000000,1755100000,1756100000,100000,100000,17000000,18000000,0,0,18000000,18000000,1720000000,1720000000,1738000000,1738000000,100010,21100010,100000,100000,10,21000010
740,2495606000,2496606000,100000,100000,5000000,6000000,634506000,634506000,6000000,6000000,1850000000,1850000000,1856000000,1856000000,1861100000,1862100000,100000,100000,5000000,6000000,0,0,6000000,6000000,1850000000,1850000000,1856000000,1856000000,100010,82100040,100000,100000,10,82000040
770,1336606000,1336606000,100000,100000,1000000,1000000,634506000,634506000,1000000,1000000,700000000,700000000,701000000,701000000,702100000,702100000,100000,100000,1000000,1000000,0,0,1000000,1000000,700000000,700000000,701000000,701000000,100010,20100030,100000,100000,10,20000030
800,2917606000,2918606000,100000,100000,1000000,2000000,634506000,634506000,2000000,2000000,2280000000,2280000000,2282000000,2282000000,2283100000,2284100000,100000,100000,1000000,2000000,0,0,2000000,2000000,2280000000,2280000000,2282000000,2282000000,100010,58100030,100000,100000,10,58000030
830,2745606000,2746606000,100000,100000,0,1000000,634506000,634506000,1000000,1000000,2110000000,2110000000,2111000000,2111000000,2111100000,2112100000,100000,100000,0,1000000,0,0,1000000,1000000,2110000000,2110000000,2111000000,2111000000,100010,81100030,100000,100000,10,81000030
860,2105606000,2110606000,100000,100000,8000000,13000000,634506000,634506000,13000000,13000000,1450000000,1450000000,1463000000,1463000000,1471100000,1476100000,100000,100000,8000000,13000000,0,0,13000000,13000000,1450000000,1450000000,1463000000,1463000000,100010,2100020,100000,100000,10,2000020
890,3043606000,3044606000,100000,100000,9000000,10000000,634506000,634506000,10000000,10000000,2390000000,2390000000,2400000000,2400000000,2409100000,2410100000,100000,100000,9000000,10000000,0,0,10000000,10000000,2390000000,2390000000,2400000000,2400000000,100010,66100040,100000,100000,10,66000040
920,2630606000,2631606000,100000,100000,18000000,19000000,634506000,634506000,18000000,18000000,1960000000,1960000000,1978000000,1978000000,1996100000,1997100000,100000,100000,18000000,19000000,0,0,18000000,18000000,1960000000,1960000000,1978000000,1978000000,100010,62100010,100000,100000,10,62000010
950,1997606000,1998606000,100000,100000,11000000,12000000,634506000,634506000,12000000,12000000,1340000000,1340000000,1352000000,1352000000,1363100000,1364100000,100000,100000,11000000,12000000,0,0,12000000,12000000,1340000000,1340000000,1352000000,1352000000,100010,25100040,100000,100000,10,25000040
980,651606000,1287112000,100000,100000,17000000,18000000,634506000,1269012000,0,0,0,0,0,0,17100000,18100000,100000,100000,17000000,18000000,0,0,0,0,0,0,0,0,100010,100000,100000,100000,10,0
1010,637606000,1273112000,100000,100000,3000000,4000000,634506000,1269012000,0,0,0,0,0,0,3100000,4100000,100000,100000,3000000,4000000,0,0,0,0,0,0,0,0,100010,100000,100000,100000,10,0
1040,641606000,1277112000,100000,100000,7000000,8000000,634506000,1269012000,0,0,0,0,0,0,7100000,8100000,100000,100000,7000000,8000000,0,0,0,0,0,0,0,0,100010,100000,100000,100000,10,0
1070,871606000,2151618000,100000,100000,8000000,19000000,634506000,1903518000,19000000,19000000,210000000,210000000,229000000,229000000,237100000,248100000,100000,100000,8000000,19000000,0,0,19000000,19000000,210000000,210000000,229000000,229000000,100010,100000,100000,100000,10,0
1100,3896606000,21672774000,100000,100000,0,10000000,634506000,18400674000,2000000,2000000,3260000000,3260000000,3262000000,3262000000,3262100000,3272100000,100000,100000,0,10000000,0,0,2000000,2000000,3260000000,3260000000,3262000000,3262000000,100010,49100020,100000,100000,10,49000020
1130,2095606000,4645630000,100000,100000,5000000,17000000,634506000,3172530000,16000000,16000000,1440000000,1440000000,1456000000,1456000000,1461100000,1473100000,100000,100000,5000000,17000000,0,0,16000000,16000000,1440000000,1440000000,1456000000,1456000000,100010,66100030,100000,100000,10,66000030
1160,643606000,1279112000,100000,100000,9000000,10000000,634506000,1269012000,0,0,0,0,0,0,9100000,10100000,100000,100000,9000000,10000000,0,0,0,0,0,0,0,0,100010,100000,100000,100000,10,0
1190,665606000,2570124000,100000,100000,5000000,6000000,634506000,2538024000,6000000,6000000,20000000,20000000,26000000,26000000,31100000,32100000,100000,100000,5000000,6000000,0,0,6000000,6000000,20000000,20000000,26000000,26000000,100010,100000,100000,100000,10,0
1220,2405606000,3691618000,100000,100000,57000000,74000000,634506000,1903518000,74000000,74000000,1640000000,1640000000,1714000000,1714000000,1771100000,1788100000,100000,100000,57000000,74000000,0,0,74000000,74000000,1640000000,1640000000,1714000000,1714000000,100010,104100020,100000,100000,10,104000020
1250,908606000,2813124000,100000,100000,7000000,8000000,634506000,2538024000,7000000,7000000,260000000,260000000,267000000,267000000,274100000,275100000,100000,100000,7000000,8000000,0,0,7000000,7000000,260000000,260000000,267000000,267000000,100010,100000,100000,100000,10,0
1280,895606000,1534112000,100000,100000,44000000,48000000,634506000,1269012000,47000000,47000000,170000000,170000000,217000000,217000000,261100000,265100000,100000,100000,44000000,48000000,0,0,47000000,47000000,170000000,170000000,217000000,217000000,100010,100000,100000,100000,10,0
21,3163606000,3164606000,100000,100000,19000000,20000000,634506000,634506000,20000000,20000000,2490000000,2490000000,2510000000,2510000000,2529100000,2530100000,100000,100000,19000000,20000000,0,0,20000000,20000000,2490000000,2490000000,2510000000,2510000000,100010,22100010,100000,100000,10,22000010
51,1976606000,1977606000,100000,100000,16000000,17000000,634506000,634506000,16000000,16000000,1310000000,1310000000,1326000000,1326000000,1342100000,1343100000,100000,100000,16000000,17000000,0,0,16000000,16000000,1310000000,1310000000,1326000000,1326000000,100010,66100030,100000,100000,10,66000030
81,1772606000,1792606000,100000,100000,19000000,39000000,634506000,634506000,39000000,39000000,1080000000,1080000000,1119000000,1119000000,1138100000,1158100000,100000,100000,19000000,39000000,0,0,39000000,39000000,1080000000,1080000000,1119000000,1119000000,100010,19100030,100000,100000,10,19000030
111,2148606000,2149606000,100000,100000,17000000,18000000,634506000,634506000,17000000,17000000,1480000000,1480000000,1497000000,1497000000,1514100000,1515100000,100000,100000,17000000,18000000,0,0,17000000,17000000,1480000000,1480000000,1497000000,1497000000,100010,22100040,100000,100000,10,22000040
141,2246606000,2246606000,100000,100000,1000000,1000000,634506000,634506000,1000000,1000000,1610000000,1610000000,1611000000,1611000000,1612100000,1612100000,100000,100000,1000000,1000000,0,0,1000000,1000000,1610000000,1610000000,1611000000,1611000000,100010,12100030,100000,100000,10,12000030
171,3004606000,3004606000,100000,100000,20000000,20000000,634506000,634506000,20000000,20000000,2330000000,2330000000,2350000000,2350000000,2370100000,2370100000,100000,100000,20000000,20000000,0,0,20000000,20000000,2330000000,2330000000,2350000000,2350000000,100010,27100040,100000,100000,10,27000040
201,654606000,655606000,100000,100000,20000000,21000000,634506000,634506000,0,0,0,0,0,0,20100000,21100000,100000,100000,20000000,21000000,0,0,0,0,0,0,0,0,100010,100000,100000,100000,10,0
231,2971606000,2982606000,100000,100000,8000000,19000000,634506000,634506000,19000000,19000000,2310000000,2310000000,2329000000,2329000000,2337100000,2348100000,100000,100000,8000000,19000000,0,0,19000000,19000000,2310000000,2310000000,2329000000,2329000000,100010,22100010,100000,100000,10,22000010
261,2321606000,2322606000,100000,100000,8000000,9000000,634506000,634506000,9000000,9000000,1670000000,1670000000,1679000000,1679000000,1687100000,1688100000,100000,100000,8000000,9000000,0,0,9000000,9000000,1670000000,1670000000,1679000000,1679000000,100010,16100040,100000,100000,10,16000040
291,2078606000,2080606000,100000,100000,7000000,9000000,634506000,634506000,7000000,7000000,1430000000,1430000000,1437000000,1437000000,1444100000,1446100000,100000,100000,7000000,9000000,0,0,7000000,7000000,1430000000,1430000000,1437000000,1437000000,100010,74100030,100000,100000,10,74000030
321,1236606000,1243606000,100000,100000,1000000,8000000,634506000,634506000,1000000,1000000,600000000,600000000,601000000,601000000,602100000,609100000,100000,100000,1000000,8000000,0,0,1000000,1000000,600000000,600000000,601000000,601000000,100010,12100020,100000,100000,10,12000020
351,680606000,681606000,100000,100000,8000000,9000000,634506000,634506000,8000000,8000000,30000000,30000000,38000000,38000000,46100000,47100000,100000,100000,8000000,9000000,0,0,8000000,8000000,30000000,30000000,38000000,38000000,100010,1100010,100000,100000,10,1000010
381,1952606000,1952606000,100000,100000,9000000,9000000,634506000,634506000,9000000,9000000,1300000000,1300000000,1309000000,1309000000,1318100000,1318100000,100000,100000,9000000,9000000,0,0,9000000,9000000,1300000000,1300000000,1309000000,1309000000,100010,16100030,100000,100000,10,16000030
411,3749606000,3750606000,100000,100000,12000000,13000000,634506000,634506000,13000000,13000000,3090000000,3090000000,3103000000,3103000000,3115100000,3116100000,100000,100000,12000000,13000000,0,0,13000000,13000000,3090000000,3090000000,3103000000,3103000000,100010,2100010,100000,100000,10,2000010
441,3688606000,3690606000,100000,100000,11000000,13000000,634506000,634506000,13000000,13000000,3030000000,3030000000,3043000000,3043000000,3054100000,3056100000,100000,100000,11000000,13000000,0,0,13000000,13000000,3030000000,3030000000,3043000000,3043000000,100010,96100050,100000,100000,10,96000050
471,1596606000,1596606000,100000,100000,11000000,11000000,634506000,634506000,11000000,11000000,940000000,940000000,951000000,951000000,962100000,962100000,100000,100000,11000000,11000000,0,0,11000000,11000000,940000000,940000000,951000000,951000000,100010,33100020,100000,100000,10,33000020
501,1746606000,1752606000,100000,100000,38000000,44000000,634506000,634506000,44000000,44000000,1030000000,1030000000,1074000000,1074000000,1112100000,1118100000,100000,100000,38000000,44000000,0,0,44000000,44000000,1030000000,1030000000,1074000000,1074000000,100010,32100040,100000,100000,10,32000040
531,2040606000,2040606000,100000,100000,18000000,18000000,634506000,634506000,18000000,18000000,1370000000,1370000000,1388000000,1388000000,1406100000,1406100000,100000,100000,18000000,18000000,0,0,18000000,18000000,1370000000,1370000000,1388000000,1388000000,100010,62100010,100000,100000,10,62000010
561,2819606000,2820606000,100000,100000,7000000,8000000,634506000,634506000,8000000,8000000,2170000000,2170000000,2178000000,2178000000,2185100000,2186100000,100000,100000,7000000,8000000,0,0,8000000,8000000,2170000000,2170000000,2178000000,2178000000,100010,22100030,100000,100000,10,22000030
591,2859606000,2860606000,100000,100000,7000000,8000000,634506000,634506000,8000000,8000000,2210000000,2210000000,2218000000,2218000000,2225100000,2226100000,100000,100000,7000000,8000000,0,0,8000000,8000000,2210000000,2210000000,2218000000,2218000000,100010,23100030,100000,100000,10,23000030
621,2110606000,2111606000,100000,100000,8000000,9000000,634506000,634506000,8000000,8000000,1460000000,1460000000,1468000000,1468000000,1476100000,1477100000,100000,100000,8000000,9000000,0,0,8000000,8000000,1460000000,1460000000,1468000000,1468000000,100010,83100020,100000,100000,10,83000020
651,1834606000,1834606000,100000,100000,10000000,10000000,634506000,634506000,10000000,10000000,1180000000,1180000000,1190000000,1190000000,1200100000,1200100000,100000,100000,10000000,10000000,0,0,10000000,10000000,1180000000,1180000000,1190000000,1190000000,100010,42100020,100000,100000,10,42000020
681,2617606000,2618606000,100000,100000,6000000,7000000,634506000,634506000,7000000,7000000,1970000000,1970000000,1977000000,1977000000,1983100000,1984100000,100000,100000,6000000,7000000,0,0,7000000,7000000,1970000000,1970000000,1977000000,1977000000,100010,10100010,100000,100000,10,10000010
711,2389606000,2390606000,100000,100000,17000000,18000000,634506000,634506000,18000000,18000000,1720000000,1720000000,1738000000,1738000000,1755100000,1756100000,100000,100000,17000000,18000000,0,0,18000000,18000000,1720000000,1720000000,1738000000,1738000000,100010,21100010,100000,100000,10,21000010
741,2925606000,2926606000,100000,100000,5000000,6000000,634506000,634506000,6000000,6000000,2280000000,2280000000,2286000000,2286000000,2291100000,2292100000,100000,100000,5000000,6000000,0,0,6000000,6000000,2280000000,2280000000,2286000000,2286000000,100010,82100040,100000,100000,10,82000040
771,706606000,706606000,100000,100000,1000000,1000000,634506000,634506000,1000000,1000000,70000000,70000000,71000000,71000000,72100000,72100000,100000,100000,1000000,1000000,0,0,1000000,1000000,70000000,70000000,71000000,71000000,100010,1100010,100000,100000,10,1000010
801,1986606000,1986606000,100000,100000,1000000,1000000,634506000,634506000,1000000,1000000,1350000000,1350000000,1351000000,1351000000,1352100000,1352100000,100000,100000,1000000,1000000,0,0,1000000,1000000,1350000000,1350000000,1351000000,1351000000,100010,18100020,100000,100000,10,18000020
831,1004606000,1004606000,100000,100000,10000000,10000000,634506000,634506000,10000000,10000000,350000000,350000000,360000000,360000000,370100000,370100000,100000,100000,10000000,10000000,0,0,10000000,10000000,350000000,350000000,360000000,360000000,100010,11100020,100000,100000,10,11000020
861,1657606000,1658606000,100000,100000,11000000,12000000,634506000,634506000,12000000,12000000,1000000000,1000000000,1012000000,1012000000,1023100000,1024100000,100000,100000,11000000,12000000,0,0,12000000,12000000,1000000000,1000000000,1012000000,1012000000,100010,12100030,100000,100000,10,12000030
891,2220606000,2220606000,100000,100000,8000000,8000000,634506000,634506000,8000000,8000000,1570000000,1570000000,1578000000,1578000000,1586100000,1586100000,100000,100000,8000000,8000000,0,0,8000000,8000000,1570000000,1570000000,1578000000,1578000000,100010,6100030,100000,100000,10,6000030
921,2630606000,2631606000,100000,100000,18000000,19000000,634506000,634506000,18000000,18000000,1960000000,1960000000,1978000000,1978000000,1996100000,1997100000,100000,100000,18000000,19000000,0,0,18000000,18000000,1960000000,1960000000,1978000000,1978000000,100010,62100010,100000,100000,10,62000010
951,2459606000,2460606000,100000,100000,12000000,13000000,634506000,634506000,13000000,13000000,1800000000,1800000000,1813000000,1813000000,1825100000,1826100000,100000,100000,12000000,13000000,0,0,13000000,13000000,1800000000,1800000000,1813000000,1813000000,100010,25100040,100000,100000,10,25000040
981,2359606000,7438654000,100000,100000,17000000,20000000,634506000,5710554000,18000000,18000000,1690000000,1690000000,1708000000,1708000000,1725100000,1728100000,100000,100000,17000000,20000000,0,0,18000000,18000000,1690000000,1690000000,1708000000,1708000000,100010,40100010,100000,100000,10,40000010
1011,3328606000,9683666000,100000,100000,0,10000000,634506000,6979566000,4000000,4000000,2690000000,2690000000,2694000000,2694000000,2694100000,2704100000,100000,100000,0,10000000,0,0,4000000,4000000,2690000000,2690000000,2694000000,2694000000,100010,80100040,100000,100000,10,80000040
1041,1569606000,3475124000,100000,100000,7000000,9000000,634506000,2538024000,8000000,8000000,920000000,920000000,928000000,928000000,935100000,937100000,100000,100000,7000000,9000000,0,0,8000000,8000000,920000000,920000000,928000000,928000000,100010,1100010,100000,100000,10,1000010
1071,653606000,1923618000,100000,100000,19000000,20000000,634506000,1903518000,0,0,0,0,0,0,19100000,20100000,100000,100000,19000000,20000000,0,0,0,0,0,0,0,0,100010,100000,100000,100000,10,0
1101,2755606000,20621774000,100000,100000,0,15000000,634506000,18400674000,1000000,16000000,2120000000,2190000000,2121000000,2206000000,2121100000,2221100000,100000,100000,0,15000000,0,0,1000000,16000000,2120000000,2190000000,2121000000,2206000000,100010,66100020,100000,100000,10,66000020
1131,915606000,3454630000,100000,100000,0,1000000,634506000,3172530000,1000000,1000000,280000000,280000000,281000000,281000000,281100000,282100000,100000,100000,0,1000000,0,0,1000000,1000000,280000000,280000000,281000000,281000000,100010,100000,100000,100000,10,0
1161,643606000,1279112000,100000,100000,9000000,10000000,634506000,1269012000,0,0,0,0,0,0,9100000,10100000,100000,100000,9000000,10000000,0,0,0,0,0,0,0,0,100010,100000,100000,100000,10,0
1191,666606000,1936618000,100000,100000,6000000,7000000,634506000,1903518000,6000000,6000000,20000000,20000000,26000000,26000000,32100000,33100000,100000,100000,6000000,7000000,0,0,6000000,6000000,20000000,20000000,26000000,26000000,100010,100000,100000,100000,10,0
1221,1905606000,2596112000,100000,100000,18000000,74000000,634506000,1269012000,73000000,73000000,1180000000,1180000000,1253000000,1253000000,1271100000,1327100000,100000,100000,18000000,74000000,0,0,73000000,73000000,1180000000,1180000000,1253000000,1253000000,100010,63100020,100000,100000,10,63000020
1251,1602606000,4144630000,100000,100000,7000000,11000000,634506000,3172530000,11000000,11000000,950000000,950000000,961000000,961000000,968100000,972100000,100000,100000,7000000,11000000,0,0,11000000,11000000,950000000,950000000,961000000,961000000,100010,25100030,100000,100000,10,25000030
1281,2028606000,2665112000,100000,100000,11000000,13000000,634506000,1269012000,13000000,13000000,1370000000,1370000000,1383000000,1383000000,1394100000,1396100000,100000,100000,11000000,13000000,0,0,13000000,13000000,1370000000,1370000000,1383000000,1383000000,100010,45100040,100000,100000,10,45000040
22,3723606000,3724606000,100000,100000,19000000,20000000,634506000,634506000,20000000,20000000,3050000000,3050000000,3070000000,3070000000,3089100000,3090100000,100000,100000,19000000,20000000,0,0,20000000,20000000,3050000000,3050000000,3070000000,3070000000,100010,22100010,100000,100000,10,22000010
52,3408606000,3448606000,100000,100000,17000000,57000000,634506000,634506000,57000000,57000000,2700000000,2700000000,2757000000,2757000000,2774100000,2814100000,100000,100000,17000000,57000000,0,0,57000000,57000000,2700000000,2700000000,2757000000,2757000000,100010,66100030,100000,100000,10,66000030
82,1042606000,1042606000,100000,100000,19000000,19000000,634506000,634506000,19000000,19000000,370000000,370000000,389000000,389000000,408100000,408100000,100000,100000,19000000,19000000,0,0,19000000,19000000,370000000,370000000,389000000,389000000,100010,22100010,100000,100000,10,22000010
112,1140606000,1142606000,100000,100000,18000000,20000000,634506000,634506000,18000000,18000000,470000000,470000000,488000000,488000000,506100000,508100000,100000,100000,18000000,20000000,0,0,18000000,18000000,470000000,470000000,488000000,488000000,100010,47100020,100000,100000,10,47000020
142,2216606000,2216606000,100000,100000,1000000,1000000,634506000,634506000,1000000,1000000,1580000000,1580000000,1581000000,1581000000,1582100000,1582100000,100000,100000,1000000,1000000,0,0,1000000,1000000,1580000000,1580000000,1581000000,1581000000,100010,12100030,100000,100000,10,12000030
172,2284606000,2284606000,100000,100000,20000000,20000000,634506000,634506000,20000000,20000000,1610000000,1610000000,1630000000,1630000000,1650100000,1650100000,100000,100000,20000000,20000000,0,0,20000000,20000000,1610000000,1610000000,1630000000,1630000000,100010,27100040,100000,100000,10,27000040
202,2734606000,2734606000,100000,100000,20000000,20000000,634506000,634506000,20000000,20000000,2060000000,2060000000,2080000000,2080000000,2100100000,2100100000,100000,100000,20000000,20000000,0,0,20000000,20000000,2060000000,2060000000,2080000000,2080000000,100010,51100030,100000,100000,10,51000030
232,1232606000,1232606000,100000,100000,19000000,19000000,634506000,634506000,19000000,19000000,560000000,560000000,579000000,579000000,598100000,598100000,100000,100000,19000000,19000000,0,0,19000000,19000000,560000000,560000000,579000000,579000000,100010,22100010,100000,100000,10,22000010
262,1600606000,1600606000,100000,100000,8000000,8000000,634506000,634506000,8000000,8000000,950000000,950000000,958000000,958000000,966100000,966100000,100000,100000,8000000,8000000,0,0,8000000,8000000,950000000,950000000,958000000,958000000,100010,73100040,100000,100000,10,73000040
292,1851606000,1852606000,100000,100000,8000000,9000000,634506000,634506000,9000000,9000000,1200000000,1200000000,1209000000,1209000000,1217100000,1218100000,100000,100000,8000000,9000000,0,0,9000000,9000000,1200000000,1200000000,1209000000,1209000000,100010,73100040,100000,100000,10,73000040
322,3571606000,3572606000,100000,100000,8000000,9000000,634506000,634506000,9000000,9000000,2920000000,2920000000,2929000000,2929000000,2937100000,2938100000,100000,100000,8000000,9000000,0,0,9000000,9000000,2920000000,2920000000,2929000000,2929000000,100010,33100020,100000,100000,10,33000020
352,848606000,850606000,100000,100000,6000000,8000000,634506000,634506000,8000000,8000000,200000000,200000000,208000000,208000000,214100000,216100000,100000,100000,6000000,8000000,0,0,8000000,8000000,200000000,200000000,208000000,208000000,100010,2100020,100000,100000,10,2000020
382,2196606000,2200606000,100000,100000,9000000,13000000,634506000,634506000,13000000,13000000,1540000000,1540000000,1553000000,1553000000,1562100000,1566100000,100000,100000,9000000,13000000,0,0,13000000,13000000,1540000000,1540000000,1553000000,1553000000,100010,20100040,100000,100000,10,20000040
412,3749606000,3750606000,100000,100000,12000000,13000000,634506000,634506000,13000000,13000000,3090000000,3090000000,3103000000,3103000000,3115100000,3116100000,100000,100000,12000000,13000000,0,0,13000000,13000000,3090000000,3090000000,3103000000,3103000000,100010,2100010,100000,100000,10,2000010
442,2466606000,2466606000,100000,100000,11000000,11000000,634506000,634506000,11000000,11000000,1810000000,1810000000,1821000000,1821000000,1832100000,1832100000,100000,100000,11000000,11000000,0,0,11000000,11000000,1810000000,1810000000,1821000000,1821000000,100010,26100040,100000,100000,10,26000040
472,1446606000,1446606000,100000,100000,11000000,11000000,634506000,634506000,11000000,11000000,790000000,790000000,801000000,801000000,812100000,812100000,100000,100000,11000000,11000000,0,0,11000000,11000000,790000000,790000000,801000000,801000000,100010,33100020,100000,100000,10,33000020
502,3569606000,3570606000,100000,100000,37000000,38000000,634506000,634506000,38000000,38000000,2860000000,2860000000,2898000000,2898000000,2935100000,2936100000,100000,100000,37000000,38000000,0,0,38000000,38000000,2860000000,2860000000,2898000000,2898000000,100010,38100040,100000,100000,10,38000040
532,2040606000,2040606000,100000,100000,18000000,18000000,634506000,634506000,18000000,18000000,1370000000,1370000000,1388000000,1388000000,1406100000,1406100000,100000,100000,18000000,18000000,0,0,18000000,18000000,1370000000,1370000000,1388000000,1388000000,100010,62100010,100000,100000,10,62000010
562,2023606000,2028606000,100000,100000,7000000,12000000,634506000,634506000,12000000,12000000,1370000000,1370000000,1382000000,1382000000,1389100000,1394100000,100000,100000,7000000,12000000,0,0,12000000,12000000,1370000000,1370000000,1382000000,1382000000,100010,23100030,100000,100000,10,23000030
592,3199606000,3200606000,100000,100000,7000000,8000000,634506000,634506000,8000000,8000000,2550000000,2550000000,2558000000,2558000000,2565100000,2566100000,100000,100000,7000000,8000000,0,0,8000000,8000000,2550000000,2550000000,2558000000,2558000000,100010,26100040,100000,100000,10,26000040
622,1833606000,1834606000,100000,100000,9000000,10000000,634506000,634506000,10000000,10000000,1180000000,1180000000,1190000000,1190000000,1199100000,1200100000,100000,100000,9000000,10000000,0,0,10000000,10000000,1180000000,1180000000,1190000000,1190000000,100010,43100030,100000,100000,10,43000030
652,1724606000,1724606000,100000,100000,10000000,10000000,634506000,634506000,10000000,10000000,1070000000,1070000000,1080000000,1080000000,1090100000,1090100000,100000,100000,10000000,10000000,0,0,10000000,10000000,1070000000,1070000000,1080000000,1080000000,100010,42100020,100000,100000,10,42000020
682,2055606000,2056606000,100000,100000,5000000,6000000,634506000,634506000,6000000,6000000,1410000000,1410000000,1416000000,1416000000,1421100000,1422100000,100000,100000,5000000,6000000,0,0,6000000,6000000,1410000000,1410000000,1416000000,1416000000,100010,82100040,100000,100000,10,82000040
712,2389606000,2390606000,100000,100000,17000000,18000000,634506000,634506000,18000000,18000000,1720000000,1720000000,1738000000,1738000000,1755100000,1756100000,100000,100000,17000000,18000000,0,0,18000000,18000000,1720000000,1720000000,1738000000,1738000000,100010,21100010,100000,100000,10,21000010
742,2515606000,2516606000,100000,100000,5000000,6000000,634506000,634506000,6000000,6000000,1870000000,1870000000,1876000000,1876000000,1881100000,1882100000,100000,100000,5000000,6000000,0,0,6000000,6000000,1870000000,1870000000,1876000000,1876000000,100010,82100040,100000,100000,10,82000040
772,1916606000,1916606000,100000,100000,1000000,1000000,634506000,634506000,1000000,1000000,1280000000,1280000000,1281000000,1281000000,1282100000,1282100000,100000,100000,1000000,1000000,0,0,1000000,1000000,1280000000,1280000000,1281000000,1281000000,100010,18100020,100000,100000,10,18000020
802,2917606000,2918606000,100000,100000,1000000,2000000,634506000,634506000,2000000,2000000,2280000000,2280000000,2282000000,2282000000,2283100000,2284100000,100000,100000,1000000,2000000,0,0,2000000,2000000,2280000000,2280000000,2282000000,2282000000,100010,58100030,100000,100000,10,58000030
832,2044606000,2044606000,100000,100000,10000000,10000000,634506000,634506000,10000000,10000000,1390000000,1390000000,1400000000,1400000000,1410100000,1410100000,100000,100000,10000000,10000000,0,0,10000000,10000000,1390000000,1390000000,1400000000,1400000000,100010,25100030,100000,100000,10,25000030
862,1566606000,1566606000,100000,100000,11000000,11000000,634506000,634506000,11000000,11000000,910000000,910000000,921000000,921000000,932100000,932100000,100000,100000,11000000,11000000,0,0,11000000,11000000,910000000,910000000,921000000,921000000,100010,11100020,100000,100000,10,11000020
892,2989606000,2990606000,100000,100000,7000000,8000000,634506000,634506000,8000000,8000000,2340000000,2340000000,2348000000,2348000000,2355100000,2356100000,100000,100000,7000000,8000000,0,0,8000000,8000000,2340000000,2340000000,2348000000,2348000000,100010,7100010,100000,100000,10,7000010
922,2630606000,2631606000,100000,100000,18000000,19000000,634506000,634506000,18000000,18000000,1960000000,1960000000,1978000000,1978000000,1996100000,1997100000,100000,100000,18000000,19000000,0,0,18000000,18000000,1960000000,1960000000,1978000000,1978000000,100010,62100010,100000,100000,10,62000010
952,2431606000,2432606000,100000,100000,73000000,74000000,634506000,634506000,74000000,74000000,1650000000,1650000000,1724000000,1724000000,1797100000,1798100000,100000,100000,73000000,74000000,0,0,74000000,74000000,1650000000,1650000000,1724000000,1724000000,100010,120100030,100000,100000,10,120000030
982,651606000,1287112000,100000,100000,17000000,18000000,634506000,1269012000,0,0,0,0,0,0,17100000,18100000,100000,100000,17000000,18000000,0,0,0,0,0,0,0,0,100010,100000,100000,100000,10,0
1012,3319606000,9674666000,100000,100000,1000000,11000000,634506000,6979566000,4000000,4000000,2680000000,2680000000,2684000000,2684000000,2685100000,2695100000,100000,100000,1000000,11000000,0,0,4000000,4000000,2680000000,2680000000,2684000000,2684000000,100010,73100040,100000,100000,10,73000040
1042,4073606000,15505714000,100000,100000,1000000,12000000,634506000,12055614000,8000000,8000000,3430000000,3430000000,3438000000,3438000000,3439100000,3450100000,100000,100000,1000000,12000000,0,0,8000000,8000000,3430000000,3430000000,3438000000,3438000000,100010,19100040,100000,100000,10,19000040
1072,1331606000,4515136000,100000,100000,8000000,19000000,634506000,3807036000,19000000,19000000,670000000,670000000,689000000,689000000,697100000,708100000,100000,100000,8000000,19000000,0,0,19000000,19000000,670000000,670000000,689000000,689000000,100010,100000,100000,100000,10,0
1102,915606000,4089136000,100000,100000,0,1000000,634506000,3807036000,1000000,1000000,280000000,280000000,281000000,281000000,281100000,282100000,100000,100000,0,1000000,0,0,1000000,1000000,280000000,280000000,281000000,281000000,100010,100000,100000,100000,10,0
1132,997606000,2273618000,100000,100000,1000000,8000000,634506000,1903518000,2000000,2000000,360000000,360000000,362000000,362000000,363100000,370100000,100000,100000,1000000,8000000,0,0,2000000,2000000,360000000,360000000,362000000,362000000,100010,1100010,100000,100000,10,1000010
1162,643606000,1924618000,100000,100000,9000000,21000000,634506000,1903518000,0,0,0,0,0,0,9100000,21100000,100000,100000,9000000,21000000,0,0,0,0,0,0,0,0,100010,100000,100000,100000,10,0
1192,1155606000,4332136000,100000,100000,5000000,9000000,634506000,3807036000,6000000,6000000,510000000,510000000,516000000,516000000,521100000,525100000,100000,100000,5000000,9000000,0,0,6000000,6000000,510000000,510000000,516000000,516000000,100010,100000,100000,100000,10,0
1222,1370606000,2693618000,100000,100000,19000000,73000000,634506000,1903518000,57000000,57000000,660000000,660000000,717000000,717000000,736100000,790100000,100000,100000,19000000,73000000,0,0,57000000,57000000,660000000,660000000,717000000,717000000,100010,100000,100000,100000,10,0
1252,645606000,647606000,100000,100000,11000000,13000000,634506000,634506000,0,0,0,0,0,0,11100000,13100000,100000,100000,11000000,13000000,0,0,0,0,0,0,0,0,100010,100000,100000,100000,10,0
1282,1538606000,2873618000,100000,100000,19000000,85000000,634506000,1903518000,85000000,85000000,800000000,800000000,885000000,885000000,904100000,970100000,100000,100000,19000000,85000000,0,0,85000000,85000000,800000000,800000000,885000000,885000000,100010,62100010,100000,100000,10,62000010
23,3723606000,3724606000,100000,100000,19000000,20000000,634506000,634506000,20000000,20000000,3050000000,3050000000,3070000000,3070000000,3089100000,3090100000,100000,100000,19000000,20000000,0,0,20000000,20000000,3050000000,3050000000,3070000000,3070000000,100010,22100010,100000,100000,10,22000010
53,1994606000,1994606000,100000,100000,10000000,10000000,634506000,634506000,10000000,10000000,1340000000,1340000000,1350000000,1350000000,1360100000,1360100000,100000,100000,10000000,10000000,0,0,10000000,10000000,1340000000,1340000000,1350000000,1350000000,100010,25100040,100000,100000,10,25000040
83,1783606000,1784606000,100000,100000,19000000,20000000,634506000,634506000,20000000,20000000,1110000000,1110000000,1130000000,1130000000,1149100000,1150100000,100000,100000,19000000,20000000,0,0,20000000,20000000,1110000000,1110000000,1130000000,1130000000,100010,23100020,100000,100000,10,23000020
113,1750606000,1750606000,100000,100000,18000000,18000000,634506000,634506000,18000000,18000000,1080000000,1080000000,1098000000,1098000000,1116100000,1116100000,100000,100000,18000000,18000000,0,0,18000000,18000000,1080000000,1080000000,1098000000,1098000000,100010,24100030,100000,100000,10,24000030
143,2392606000,2394606000,100000,100000,8000000,10000000,634506000,634506000,10000000,10000000,1740000000,1740000000,1750000000,1750000000,1758100000,1760100000,100000,100000,8000000,10000000,0,0,10000000,10000000,1740000000,1740000000,1750000000,1750000000,100010,86100040,100000,100000,10,86000040
173,2274606000,2274606000,100000,100000,20000000,20000000,634506000,634506000,20000000,20000000,1600000000,1600000000,1620000000,1620000000,1640100000,1640100000,100000,100000,20000000,20000000,0,0,20000000,20000000,1600000000,1600000000,1620000000,1620000000,100010,27100040,100000,100000,10,27000040
203,2734606000,2734606000,100000,100000,20000000,20000000,634506000,634506000,20000000,20000000,2060000000,2060000000,2080000000,2080000000,2100100000,2100100000,100000,100000,20000000,20000000,0,0,20000000,20000000,2060000000,2060000000,2080000000,2080000000,100010,51100030,100000,100000,10,51000030
233,2873606000,2874606000,100000,100000,19000000,20000000,634506000,634506000,20000000,20000000,2200000000,2200000000,2220000000,2220000000,2239100000,2240100000,100000,100000,19000000,20000000,0,0,20000000,20000000,2200000000,2200000000,2220000000,2220000000,100010,22100010,100000,100000,10,22000010
263,2321606000,2322606000,100000,100000,8000000,9000000,634506000,634506000,9000000,9000000,1670000000,1670000000,1679000000,1679000000,1687100000,1688100000,100000,100000,8000000,9000000,0,0,9000000,9000000,1670000000,1670000000,1679000000,1679000000,100010,16100040,100000,100000,10,16000040
293,1936606000,1939606000,100000,100000,6000000,9000000,634506000,634506000,6000000,6000000,1290000000,1290000000,1296000000,1296000000,1302100000,1305100000,100000,100000,6000000,9000000,0,0,6000000,6000000,1290000000,1290000000,1296000000,1296000000,100010,17100030,100000,100000,10,17000030
323,3051606000,3052606000,100000,100000,8000000,9000000,634506000,634506000,9000000,9000000,2400000000,2400000000,2409000000,2409000000,2417100000,2418100000,100000,100000,8000000,9000000,0,0,9000000,9000000,2400000000,2400000000,2409000000,2409000000,100010,33100020,100000,100000,10,33000020
353,680606000,681606000,100000,100000,8000000,9000000,634506000,634506000,8000000,8000000,30000000,30000000,38000000,38000000,46100000,47100000,100000,100000,8000000,9000000,0,0,8000000,8000000,30000000,30000000,38000000,38000000,100010,1100010,100000,100000,10,1000010
383,1792606000,1792606000,100000,100000,9000000,9000000,634506000,634506000,9000000,9000000,1140000000,1140000000,1149000000,1149000000,1158100000,1158100000,100000,100000,9000000,9000000,0,0,9000000,9000000,1140000000,1140000000,1149000000,1149000000,100010,16100030,100000,100000,10,16000030
413,3749606000,3750606000,100000,100000,12000000,13000000,634506000,634506000,13000000,13000000,3090000000,3090000000,3103000000,3103000000,3115100000,3116100000,100000,100000,12000000,13000000,0,0,13000000,13000000,3090000000,3090000000,3103000000,3103000000,100010,2100010,100000,100000,10,2000010
443,2466606000,2466606000,100000,100000,11000000,11000000,634506000,634506000,11000000,11000000,1810000000,1810000000,1821000000,1821000000,1832100000,1832100000,100000,100000,11000000,11000000,0,0,11000000,11000000,1810000000,1810000000,1821000000,1821000000,100010,26100040,100000,100000,10,26000040
473,1596606000,1596606000,100000,100000,11000000,11000000,634506000,634506000,11000000,11000000,940000000,940000000,951000000,951000000,962100000,962100000,100000,100000,11000000,11000000,0,0,11000000,11000000,940000000,940000000,951000000,951000000,100010,33100020,100000,100000,10,33000020
503,672606000,676606000,100000,100000,38000000,42000000,634506000,634506000,0,0,0,0,0,0,38100000,42100000,100000,100000,38000000,42000000,0,0,0,0,0,0,0,0,100010,100000,100000,100000,10,0
533,2040606000,2040606000,100000,100000,18000000,18000000,634506000,634506000,18000000,18000000,1370000000,1370000000,1388000000,1388000000,1406100000,1406100000,100000,100000,18000000,18000000,0,0,18000000,18000000,1370000000,1370000000,1388000000,1388000000,100010,62100010,100000,100000,10,62000010
563,2130606000,2130606000,100000,100000,18000000,18000000,634506000,634506000,18000000,18000000,1460000000,1460000000,1478000000,1478000000,1496100000,1496100000,100000,100000,18000000,18000000,0,0,18000000,18000000,1460000000,1460000000,1478000000,1478000000,100010,40100010,100000,100000,10,40000010
593,3399606000,3400606000,100000,100000,7000000,8000000,634506000,634506000,8000000,8000000,2750000000,2750000000,2758000000,2758000000,2765100000,2766100000,100000,100000,7000000,8000000,0,0,8000000,8000000,2750000000,2750000000,2758000000,2758000000,100010,26100040,100000,100000,10,26000040
623,1958606000,1960606000,100000,100000,7000000,9000000,634506000,634506000,7000000,7000000,1310000000,1310000000,1317000000,1317000000,1324100000,1326100000,100000,100000,7000000,9000000,0,0,7000000,7000000,1310000000,1310000000,1317000000,1317000000,100010,83100020,100000,100000,10,83000020
653,2504606000,2504606000,100000,100000,10000000,10000000,634506000,634506000,10000000,10000000,1850000000,1850000000,1860000000,1860000000,1870100000,1870100000,100000,100000,10000000,10000000,0,0,10000000,10000000,1850000000,1850000000,1860000000,1860000000,100010,42100020,100000,100000,10,42000020
683,1356606000,1356606000,100000,100000,6000000,6000000,634506000,634506000,6000000,6000000,710000000,710000000,716000000,716000000,722100000,722100000,100000,100000,6000000,6000000,0,0,6000000,6000000,710000000,710000000,716000000,716000000,100010,10100010,100000,100000,10,10000010
713,2389606000,2390606000,100000,100000,17000000,18000000,634506000,634506000,18000000,18000000,1720000000,1720000000,1738000000,1738000000,1755100000,1756100000,100000,100000,17000000,18000000,0,0,18000000,18000000,1720000000,1720000000,1738000000,1738000000,100010,21100010,100000,100000,10,21000010
743,639606000,641606000,100000,100000,5000000,7000000,634506000,634506000,0,0,0,0,0,0,5100000,7100000,100000,100000,5000000,7000000,0,0,0,0,0,0,0,0,100010,100000,100000,100000,10,0
773,2705606000,2706606000,100000,100000,0,1000000,634506000,634506000,1000000,1000000,2070000000,2070000000,2071000000,2071000000,2071100000,2072100000,100000,100000,0,1000000,0,0,1000000,1000000,2070000000,2070000000,2071000000,2071000000,100010,81100030,100000,100000,10,81000030
803,1986606000,1986606000,100000,100000,1000000,1000000,634506000,634506000,1000000,1000000,1350000000,1350000000,1351000000,1351000000,1352100000,1352100000,100000,100000,1000000,1000000,0,0,1000000,1000000,1350000000,1350000000,1351000000,1351000000,100010,18100020,100000,100000,10,18000020
833,1336606000,1350606000,100000,100000,4000000,18000000,634506000,634506000,18000000,18000000,680000000,680000000,698000000,698000000,702100000,716100000,100000,100000,4000000,18000000,0,0,18000000,18000000,680000000,680000000,698000000,698000000,100010,69100030,100000,100000,10,69000030
863,1613606000,1616606000,100000,100000,8000000,11000000,634506000,634506000,11000000,11000000,960000000,960000000,971000000,971000000,979100000,982100000,100000,100000,8000000,11000000,0,0,11000000,11000000,960000000,960000000,971000000,971000000,100010,26100040,100000,100000,10,26000040
893,670606000,670606000,100000,100000,8000000,8000000,634506000,634506000,8000000,8000000,20000000,20000000,28000000,28000000,36100000,36100000,100000,100000,8000000,8000000,0,0,8000000,8000000,20000000,20000000,28000000,28000000,100010,1100010,100000,100000,10,1000010
923,2630606000,2631606000,100000,100000,18000000,19000000,634506000,634506000,18000000,18000000,1960000000,1960000000,1978000000,1978000000,1996100000,1997100000,100000,100000,18000000,19000000,0,0,18000000,18000000,1960000000,1960000000,1978000000,1978000000,100010,62100010,100000,100000,10,62000010
953,775606000,790606000,100000,100000,58000000,73000000,634506000,634506000,73000000,73000000,10000000,10000000,83000000,83000000,141100000,156100000,100000,100000,58000000,73000000,0,0,73000000,73000000,10000000,10000000,83000000,83000000,100010,100000,100000,100000,10,0
983,2069606000,4608630000,100000,100000,17000000,18000000,634506000,3172530000,18000000,18000000,1400000000,1400000000,1418000000,1418000000,1435100000,1436100000,100000,100000,17000000,18000000,0,0,18000000,18000000,1400000000,1400000000,1418000000,1418000000,100010,23100030,100000,100000,10,23000030
1013,3540606000,6111630000,100000,100000,8000000,41000000,634506000,3172530000,38000000,38000000,2860000000,2860000000,2898000000,2898000000,2906100000,2939100000,100000,100000,8000000,41000000,0,0,38000000,38000000,2860000000,2860000000,2898000000,2898000000,100010,11100030,100000,100000,10,11000030
1043,965606000,2235618000,100000,100000,10000000,11000000,634506000,1903518000,11000000,11000000,310000000,310000000,321000000,321000000,331100000,332100000,100000,100000,10000000,11000000,0,0,11000000,11000000,310000000,310000000,321000000,321000000,100010,100000,100000,100000,10,0
1073,713606000,3252630000,100000,100000,19000000,20000000,634506000,3172530000,20000000,20000000,40000000,40000000,60000000,60000000,79100000,80100000,100000,100000,19000000,20000000,0,0,20000000,20000000,40000000,40000000,60000000,60000000,100010,100000,100000,100000,10,0
1103,1490606000,5304642000,100000,100000,3000000,10000000,634506000,4441542000,3000000,3000000,850000000,850000000,853000000,853000000,856100000,863100000,100000,100000,3000000,10000000,0,0,3000000,3000000,850000000,850000000,853000000,853000000,100010,17100030,100000,100000,10,17000030
1133,635606000,1271112000,100000,100000,1000000,2000000,634506000,1269012000,0,0,0,0,0,0,1100000,2100000,100000,100000,1000000,2000000,0,0,0,0,0,0,0,0,100010,100000,100000,100000,10,0
1163,643606000,1279112000,100000,100000,9000000,10000000,634506000,1269012000,0,0,0,0,0,0,9100000,10100000,100000,100000,9000000,10000000,0,0,0,0,0,0,0,0,100010,100000,100000,100000,10,0
1193,634606000,635606000,100000,100000,0,1000000,634506000,634506000,0,0,0,0,0,0,100000,1100000,100000,100000,0,1000000,0,0,0,0,0,0,0,0,100010,100000,100000,100000,10,0
1223,2887606000,6063136000,100000,100000,10000000,13000000,634506000,3807036000,13000000,13000000,2230000000,2230000000,2243000000,2243000000,2253100000,2256100000,100000,100000,10000000,13000000,0,0,13000000,13000000,2230000000,2230000000,2243000000,2243000000,100010,68100040,100000,100000,10,68000040
1253,3731606000,4371112000,100000,100000,41000000,46000000,634506000,1269012000,46000000,46000000,3010000000,3010000000,3056000000,3056000000,3097100000,3102100000,100000,100000,41000000,46000000,0,0,46000000,46000000,3010000000,3010000000,3056000000,3056000000,100010,115100080,100000,100000,10,115000080
1283,691606000,1354112000,100000,100000,57000000,85000000,634506000,1269012000,0,0,0,0,0,0,57100000,85100000,100000,100000,57000000,85000000,0,0,0,0,0,0,0,0,100010,100000,100000,100000,10,0
24,3173606000,3174606000,100000,100000,19000000,20000000,634506000,634506000,20000000,20000000,2500000000,2500000000,2520000000,2520000000,2539100000,2540100000,100000,100000,19000000,20000000,0,0,20000000,20000000,2500000000,2500000000,2520000000,2520000000,100010,51100030,100000,100000,10,51000030
54,2966606000,2968606000,100000,100000,10000000,12000000,634506000,634506000,12000000,12000000,2310000000,2310000000,2322000000,2322000000,2332100000,2334100000,100000,100000,10000000,12000000,0,0,12000000,12000000,2310000000,2310000000,2322000000,2322000000,100010,68100040,100000,100000,10,68000040
84,3703606000,3704606000,100000,100000,19000000,20000000,634506000,634506000,20000000,20000000,3030000000,3030000000,3050000000,3050000000,3069100000,3070100000,100000,100000,19000000,20000000,0,0,20000000,20000000,3030000000,3030000000,3050000000,3050000000,100010,22100010,100000,100000,10,22000010
114,2216606000,2216606000,100000,100000,1000000,1000000,634506000,634506000,1000000,1000000,1580000000,1580000000,1581000000,1581000000,1582100000,1582100000,100000,100000,1000000,1000000,0,0,1000000,1000000,1580000000,1580000000,1581000000,1581000000,100010,12100030,100000,100000,10,12000030
144,3617606000,3650606000,100000,100000,10000000,43000000,634506000,634506000,43000000,43000000,2930000000,2930000000,2973000000,2973000000,2983100000,3016100000,100000,100000,10000000,43000000,0,0,43000000,43000000,2930000000,2930000000,2973000000,2973000000,100010,88100050,100000,100000,10,88000050
174,2274606000,2274606000,100000,100000,20000000,20000000,634506000,634506000,20000000,20000000,1600000000,1600000000,1620000000,1620000000,1640100000,1640100000,100000,100000,20000000,20000000,0,0,20000000,20000000,1600000000,1600000000,1620000000,1620000000,100010,27100040,100000,100000,10,27000040
204,2734606000,2734606000,100000,100000,20000000,20000000,634506000,634506000,20000000,20000000,2060000000,2060000000,2080000000,2080000000,2100100000,2100100000,100000,100000,20000000,20000000,0,0,20000000,20000000,2060000000,2060000000,2080000000,2080000000,100010,51100030,100000,100000,10,51000030
234,2573606000,2574606000,100000,100000,19000000,20000000,634506000,634506000,20000000,20000000,1900000000,1900000000,1920000000,1920000000,1939100000,1940100000,100000,100000,19000000,20000000,0,0,20000000,20000000,1900000000,1900000000,1920000000,1920000000,100010,22100010,100000,100000,10,22000010
264,2321606000,2322606000,100000,100000,8000000,9000000,634506000,634506000,9000000,9000000,1670000000,1670000000,1679000000,1679000000,1687100000,1688100000,100000,100000,8000000,9000000,0,0,9000000,9000000,1670000000,1670000000,1679000000,1679000000,100010,16100040,100000,100000,10,16000040
294,2372606000,2372606000,100000,100000,9000000,9000000,634506000,634506000,9000000,9000000,1720000000,1720000000,1729000000,1729000000,1738100000,1738100000,100000,100000,9000000,9000000,0,0,9000000,9000000,1720000000,1720000000,1729000000,1729000000,100010,16100040,100000,100000,10,16000040
324,3001606000,3002606000,100000,100000,8000000,9000000,634506000,634506000,9000000,9000000,2350000000,2350000000,2359000000,2359000000,2367100000,2368100000,100000,100000,8000000,9000000,0,0,9000000,9000000,2350000000,2350000000,2359000000,2359000000,100010,33100020,100000,100000,10,33000020
354,680606000,681606000,100000,100000,8000000,9000000,634506000,634506000,8000000,8000000,30000000,30000000,38000000,38000000,46100000,47100000,100000,100000,8000000,9000000,0,0,8000000,8000000,30000000,30000000,38000000,38000000,100010,1100010,100000,100000,10,1000010
384,2042606000,2042606000,100000,100000,9000000,9000000,634506000,634506000,9000000,9000000,1390000000,1390000000,1399000000,1399000000,1408100000,1408100000,100000,100000,9000000,9000000,0,0,9000000,9000000,1390000000,1390000000,1399000000,1399000000,100010,16100030,100000,100000,10,16000030
414,2420606000,2420606000,100000,100000,13000000,13000000,634506000,634506000,13000000,13000000,1760000000,1760000000,1773000000,1773000000,1786100000,1786100000,100000,100000,13000000,13000000,0,0,13000000,13000000,1760000000,1760000000,1773000000,1773000000,100010,2100010,100000,100000,10,2000010
444,2466606000,2466606000,100000,100000,11000000,11000000,634506000,634506000,11000000,11000000,1810000000,1810000000,1821000000,1821000000,1832100000,1832100000,100000,100000,11000000,11000000,0,0,11000000,11000000,1810000000,1810000000,1821000000,1821000000,100010,26100040,100000,100000,10,26000040
474,1897606000,1898606000,100000,100000,11000000,12000000,634506000,634506000,12000000,12000000,1240000000,1240000000,1252000000,1252000000,1263100000,1264100000,100000,100000,11000000,12000000,0,0,12000000,12000000,1240000000,1240000000,1252000000,1252000000,100010,33100020,100000,100000,10,33000020
504,3631606000,3634606000,100000,100000,37000000,40000000,634506000,634506000,40000000,40000000,2920000000,2920000000,2960000000,2960000000,2997100000,3000100000,100000,100000,37000000,40000000,0,0,40000000,40000000,2920000000,2920000000,2960000000,2960000000,100010,38100040,100000,100000,10,38000040
534,2040606000,2040606000,100000,100000,18000000,18000000,634506000,634506000,18000000,18000000,1370000000,1370000000,1388000000,1388000000,1406100000,1406100000,100000,100000,18000000,18000000,0,0,18000000,18000000,1370000000,1370000000,1388000000,1388000000,100010,62100010,100000,100000,10,62000010
564,1962606000,1970606000,100000,100000,10000000,18000000,634506000,634506000,18000000,18000000,1300000000,1300000000,1318000000,1318000000,1328100000,1336100000,100000,100000,10000000,18000000,0,0,18000000,18000000,1300000000,1300000000,1318000000,1318000000,100010,40100010,100000,100000,10,40000010
594,1368606000,1368606000,100000,100000,7000000,7000000,634506000,634506000,7000000,7000000,720000000,720000000,727000000,727000000,734100000,734100000,100000,100000,7000000,7000000,0,0,7000000,7000000,720000000,720000000,727000000,727000000,100010,8100020,100000,100000,10,8000020
624,1493606000,1494606000,100000,100000,9000000,10000000,634506000,634506000,10000000,10000000,840000000,840000000,850000000,850000000,859100000,860100000,100000,100000,9000000,10000000,0,0,10000000,10000000,840000000,840000000,850000000,850000000,100010,24100030,100000,100000,10,24000030
654,1761606000,1768606000,100000,100000,10000000,17000000,634506000,634506000,17000000,17000000,1100000000,1100000000,1117000000,1117000000,1127100000,1134100000,100000,100000,10000000,17000000,0,0,17000000,17000000,1100000000,1100000000,1117000000,1117000000,100010,5100030,100000,100000,10,5000030
684,640606000,646606000,100000,100000,6000000,12000000,634506000,634506000,0,0,0,0,0,0,6100000,12100000,100000,100000,6000000,12000000,0,0,0,0,0,0,0,0,100010,100000,100000,100000,10,0
714,2389606000,2390606000,100000,100000,17000000,18000000,634506000,634506000,18000000,18000000,1720000000,1720000000,1738000000,1738000000,1755100000,1756100000,100000,100000,17000000,18000000,0,0,18000000,18000000,1720000000,1720000000,1738000000,1738000000,100010,21100010,100000,100000,10,21000010
744,1995606000,1996606000,100000,100000,5000000,6000000,634506000,634506000,6000000,6000000,1350000000,1350000000,1356000000,1356000000,1361100000,1362100000,100000,100000,5000000,6000000,0,0,6000000,6000000,1350000000,1350000000,1356000000,1356000000,100010,82100040,100000,100000,10,82000040
774,1686606000,1686606000,100000,100000,1000000,1000000,634506000,634506000,1000000,1000000,1050000000,1050000000,1051000000,1051000000,1052100000,1052100000,100000,100000,1000000,1000000,0,0,1000000,1000000,1050000000,1050000000,1051000000,1051000000,100010,81100040,100000,100000,10,81000040
804,1986606000,1986606000,100000,100000,1000000,1000000,634506000,634506000,1000000,1000000,1350000000,1350000000,1351000000,1351000000,1352100000,1352100000,100000,100000,1000000,1000000,0,0,1000000,1000000,1350000000,1350000000,1351000000,1351000000,100010,18100020,100000,100000,10,18000020
834,1304606000,1308606000,100000,100000,8000000,12000000,634506000,634506000,12000000,12000000,650000000,650000000,662000000,662000000,670100000,674100000,100000,100000,8000000,12000000,0,0,12000000,12000000,650000000,650000000,662000000,662000000,100010,10100030,100000,100000,10,10000030
864,645606000,647606000,100000,100000,11000000,13000000,634506000,634506000,0,0,0,0,0,0,11100000,13100000,100000,100000,11000000,13000000,0,0,0,0,0,0,0,0,100010,100000,100000,100000,10,0
894,2220606000,2220606000,100000,100000,8000000,8000000,634506000,634506000,8000000,8000000,1570000000,1570000000,1578000000,1578000000,1586100000,1586100000,100000,100000,8000000,8000000,0,0,8000000,8000000,1570000000,1570000000,1578000000,1578000000,100010,6100030,100000,100000,10,6000030
924,2630606000,2631606000,100000,100000,18000000,19000000,634506000,634506000,18000000,18000000,1960000000,1960000000,1978000000,1978000000,1996100000,1997100000,100000,100000,18000000,19000000,0,0,18000000,18000000,1960000000,1960000000,1978000000,1978000000,100010,62100010,100000,100000,10,62000010
954,2898606000,2900606000,100000,100000,11000000,13000000,634506000,634506000,13000000,13000000,2240000000,2240000000,2253000000,2253000000,2264100000,2266100000,100000,100000,11000000,13000000,0,0,13000000,13000000,2240000000,2240000000,2253000000,2253000000,100010,69100050,100000,100000,10,69000050
984,3766606000,22184280000,100000,100000,0,17000000,634506000,19035180000,2000000,2000000,3130000000,3130000000,3132000000,3132000000,3132100000,3149100000,100000,100000,0,17000000,0,0,2000000,2000000,3130000000,3130000000,3132000000,3132000000,100010,67100020,100000,100000,10,67000020
1014,6792606000,9972136000,100000,100000,37000000,44000000,634506000,3807036000,41000000,41000000,6080000000,6080000000,6121000000,6121000000,6158100000,6165100000,100000,100000,37000000,44000000,0,0,41000000,41000000,6080000000,6080000000,6121000000,6121000000,100010,111100060,100000,100000,10,111000060
1044,643606000,645606000,100000,100000,9000000,11000000,634506000,634506000,0,0,0,0,0,0,9100000,11100000,100000,100000,9000000,11000000,0,0,0,0,0,0,0,0,100010,100000,100000,100000,10,0
1074,2312606000,6131642000,100000,100000,8000000,20000000,634506000,4441542000,20000000,20000000,1650000000,1650000000,1670000000,1670000000,1678100000,1690100000,100000,100000,8000000,20000000,0,0,20000000,20000000,1650000000,1650000000,1670000000,1670000000,100010,100000,100000,100000,10,0
1104,637606000,1273112000,100000,100000,3000000,4000000,634506000,1269012000,0,0,0,0,0,0,3100000,4100000,100000,100000,3000000,4000000,0,0,0,0,0,0,0,0,100010,100000,100000,100000,10,0
1134,635606000,1271112000,100000,100000,1000000,2000000,634506000,1269012000,0,0,0,0,0,0,1100000,2100000,100000,100000,1000000,2000000,0,0,0,0,0,0,0,0,100010,100000,100000,100000,10,0
1164,670606000,3209630000,100000,100000,8000000,9000000,634506000,3172530000,8000000,8000000,20000000,20000000,28000000,28000000,36100000,37100000,100000,100000,8000000,9000000,0,0,8000000,8000000,20000000,20000000,28000000,28000000,100010,100000,100000,100000,10,0
1194,642606000,1278112000,100000,100000,8000000,9000000,634506000,1269012000,0,0,0,0,0,0,8100000,9100000,100000,100000,8000000,9000000,0,0,0,0,0,0,0,0,100010,100000,100000,100000,10,0
1224,965606000,2235618000,100000,100000,10000000,11000000,634506000,1903518000,11000000,11000000,310000000,310000000,321000000,321000000,331100000,332100000,100000,100000,10000000,11000000,0,0,11000000,11000000,310000000,310000000,321000000,321000000,100010,100000,100000,100000,10,0
1254,3733606000,4373112000,100000,100000,42000000,47000000,634506000,1269012000,47000000,47000000,3010000000,3010000000,3057000000,3057000000,3099100000,3104100000,100000,100000,42000000,47000000,0,0,47000000,47000000,3010000000,3010000000,3057000000,3057000000,100010,116100090,100000,100000,10,116000090
1284,641606000,1277112000,100000,100000,7000000,8000000,634506000,1269012000,0,0,0,0,0,0,7100000,8100000,100000,100000,7000000,8000000,0,0,0,0,0,0,0,0,100010,100000,100000,100000,10,0
25,2771606000,2782606000,100000,100000,8000000,19000000,634506000,634506000,19000000,19000000,2110000000,2110000000,2129000000,2129000000,2137100000,2148100000,100000,100000,8000000,19000000,0,0,19000000,19000000,2110000000,2110000000,2129000000,2129000000,100010,22100010,100000,100000,10,22000010
55,3065606000,3066606000,100000,100000,10000000,11000000,634506000,634506000,11000000,11000000,2410000000,2410000000,2421000000,2421000000,2431100000,2432100000,100000,100000,10000000,11000000,0,0,11000000,11000000,2410000000,2410000000,2421000000,2421000000,100010,68100040,100000,100000,10,68000040
85,3703606000,3704606000,100000,100000,19000000,20000000,634506000,634506000,20000000,20000000,3030000000,3030000000,3050000000,3050000000,3069100000,3070100000,100000,100000,19000000,20000000,0,0,20000000,20000000,3030000000,3030000000,3050000000,3050000000,100010,22100010,100000,100000,10,22000010
115,2216606000,2216606000,100000,100000,1000000,1000000,634506000,634506000,1000000,1000000,1580000000,1580000000,1581000000,1581000000,1582100000,1582100000,100000,100000,1000000,1000000,0,0,1000000,1000000,1580000000,1580000000,1581000000,1581000000,100010,12100030,100000,100000,10,12000030
145,1792606000,1793606000,100000,100000,9000000,10000000,634506000,634506000,9000000,9000000,1140000000,1140000000,1149000000,1149000000,1158100000,1159100000,100000,100000,9000000,10000000,0,0,9000000,9000000,1140000000,1140000000,1149000000,1149000000,100010,40100050,100000,100000,10,40000050
175,2274606000,2274606000,100000,100000,20000000,20000000,634506000,634506000,20000000,20000000,1600000000,1600000000,1620000000,1620000000,1640100000,1640100000,100000,100000,20000000,20000000,0,0,20000000,20000000,1600000000,1600000000,1620000000,1620000000,100010,27100040,100000,100000,10,27000040
205,2463606000,2464606000,100000,100000,19000000,20000000,634506000,634506000,20000000,20000000,1790000000,1790000000,1810000000,1810000000,1829100000,1830100000,100000,100000,19000000,20000000,0,0,20000000,20000000,1790000000,1790000000,1810000000,1810000000,100010,23100020,100000,100000,10,23000020
235,2873606000,2874606000,100000,100000,19000000,20000000,634506000,634506000,20000000,20000000,2200000000,2200000000,2220000000,2220000000,2239100000,2240100000,100000,100000,19000000,20000000,0,0,20000000,20000000,2200000000,2200000000,2220000000,2220000000,100010,22100010,100000,100000,10,22000010
265,2321606000,2322606000,100000,100000,8000000,9000000,634506000,634506000,9000000,9000000,1670000000,1670000000,1679000000,1679000000,1687100000,1688100000,100000,100000,8000000,9000000,0,0,9000000,9000000,1670000000,1670000000,1679000000,1679000000,100010,16100040,100000,100000,10,16000040
295,2145606000,2148606000,100000,100000,9000000,12000000,634506000,634506000,12000000,12000000,1490000000,1490000000,1502000000,1502000000,1511100000,1514100000,100000,100000,9000000,12000000,0,0,12000000,12000000,1490000000,1490000000,1502000000,1502000000,100010,19100020,100000,100000,10,19000020
325,3141606000,3142606000,100000,100000,8000000,9000000,634506000,634506000,9000000,9000000,2490000000,2490000000,2499000000,2499000000,2507100000,2508100000,100000,100000,8000000,9000000,0,0,9000000,9000000,2490000000,2490000000,2499000000,2499000000,100010,16100030,100000,100000,10,16000030
355,680606000,681606000,100000,100000,8000000,9000000,634506000,634506000,8000000,8000000,30000000,30000000,38000000,38000000,46100000,47100000,100000,100000,8000000,9000000,0,0,8000000,8000000,30000000,30000000,38000000,38000000,100010,1100010,100000,100000,10,1000010
385,643606000,651606000,100000,100000,9000000,17000000,634506000,634506000,0,0,0,0,0,0,9100000,17100000,100000,100000,9000000,17000000,0,0,0,0,0,0,0,0,100010,100000,100000,100000,10,0
415,3749606000,3750606000,100000,100000,12000000,13000000,634506000,634506000,13000000,13000000,3090000000,3090000000,3103000000,3103000000,3115100000,3116100000,100000,100000,12000000,13000000,0,0,13000000,13000000,3090000000,3090000000,3103000000,3103000000,100010,2100010,100000,100000,10,2000010
445,3729606000,3730606000,100000,100000,12000000,13000000,634506000,634506000,13000000,13000000,3070000000,3070000000,3083000000,3083000000,3095100000,3096100000,100000,100000,12000000,13000000,0,0,13000000,13000000,3070000000,3070000000,3083000000,3083000000,100010,2100010,100000,100000,10,2000010
475,3351606000,3352606000,100000,100000,3000000,4000000,634506000,634506000,4000000,4000000,2710000000,2710000000,2714000000,2714000000,2717100000,2718100000,100000,100000,3000000,4000000,0,0,4000000,4000000,2710000000,2710000000,2714000000,2714000000,100010,83100050,100000,100000,10,83000050
505,3775606000,3776606000,100000,100000,40000000,41000000,634506000,634506000,41000000,41000000,3060000000,3060000000,3101000000,3101000000,3141100000,3142100000,100000,100000,40000000,41000000,0,0,41000000,41000000,3060000000,3060000000,3101000000,3101000000,100010,114100070,100000,100000,10,114000070
535,2040606000,2040606000,100000,100000,18000000,18000000,634506000,634506000,18000000,18000000,1370000000,1370000000,1388000000,1388000000,1406100000,1406100000,100000,100000,18000000,18000000,0,0,18000000,18000000,1370000000,1370000000,1388000000,1388000000,100010,62100010,100000,100000,10,62000010
565,2130606000,2130606000,100000,100000,18000000,18000000,634506000,634506000,18000000,18000000,1460000000,1460000000,1478000000,1478000000,1496100000,1496100000,100000,100000,18000000,18000000,0,0,18000000,18000000,1460000000,1460000000,1478000000,1478000000,100010,40100010,100000,100000,10,40000010
595,3399606000,3400606000,100000,100000,7000000,8000000,634506000,634506000,8000000,8000000,2750000000,2750000000,2758000000,2758000000,2765100000,2766100000,100000,100000,7000000,8000000,0,0,8000000,8000000,2750000000,2750000000,2758000000,2758000000,100010,26100040,100000,100000,10,26000040
625,2973606000,2974606000,100000,100000,9000000,10000000,634506000,634506000,10000000,10000000,2320000000,2320000000,2330000000,2330000000,2339100000,2340100000,100000,100000,9000000,10000000,0,0,10000000,10000000,2320000000,2320000000,2330000000,2330000000,100010,83100020,100000,100000,10,83000020
655,2642606000,2643606000,100000,100000,9000000,10000000,634506000,634506000,9000000,9000000,1990000000,1990000000,1999000000,1999000000,2008100000,2009100000,100000,100000,9000000,10000000,0,0,9000000,9000000,1990000000,1990000000,1999000000,1999000000,100010,25100040,100000,100000,10,25000040
685,2505606000,2506606000,100000,100000,5000000,6000000,634506000,634506000,6000000,6000000,1860000000,1860000000,1866000000,1866000000,1871100000,1872100000,100000,100000,5000000,6000000,0,0,6000000,6000000,1860000000,1860000000,1866000000,1866000000,100010,82100040,100000,100000,10,82000040
715,2389606000,2390606000,100000,100000,17000000,18000000,634506000,634506000,18000000,18000000,1720000000,1720000000,1738000000,1738000000,1755100000,1756100000,100000,100000,17000000,18000000,0,0,18000000,18000000,1720000000,1720000000,1738000000,1738000000,100010,21100010,100000,100000,10,21000010
745,1095606000,1106606000,100000,100000,5000000,16000000,634506000,634506000,16000000,16000000,440000000,440000000,456000000,456000000,461100000,472100000,100000,100000,5000000,16000000,0,0,16000000,16000000,440000000,440000000,456000000,456000000,100010,68100040,100000,100000,10,68000040
775,635606000,636606000,100000,100000,1000000,2000000,634506000,634506000,0,0,0,0,0,0,1100000,2100000,100000,100000,1000000,2000000,0,0,0,0,0,0,0,0,100010,100000,100000,100000,10,0
805,1986606000,1986606000,100000,100000,1000000,1000000,634506000,634506000,1000000,1000000,1350000000,1350000000,1351000000,1351000000,1352100000,1352100000,100000,100000,1000000,1000000,0,0,1000000,1000000,1350000000,1350000000,1351000000,1351000000,100010,18100020,100000,100000,10,18000020
835,1280606000,1280606000,100000,100000,8000000,8000000,634506000,634506000,8000000,8000000,630000000,630000000,638000000,638000000,646100000,646100000,100000,100000,8000000,8000000,0,0,8000000,8000000,630000000,630000000,638000000,638000000,100010,12100020,100000,100000,10,12000020
865,2899606000,2900606000,100000,100000,7000000,8000000,634506000,634506000,8000000,8000000,2250000000,2250000000,2258000000,2258000000,2265100000,2266100000,100000,100000,7000000,8000000,0,0,8000000,8000000,2250000000,2250000000,2258000000,2258000000,100010,85100030,100000,100000,10,85000030
895,2230606000,2230606000,100000,100000,8000000,8000000,634506000,634506000,8000000,8000000,1580000000,1580000000,1588000000,1588000000,1596100000,1596100000,100000,100000,8000000,8000000,0,0,8000000,8000000,1580000000,1580000000,1588000000,1588000000,100010,6100030,100000,100000,10,6000030
925,1851606000,1890606000,100000,100000,19000000,58000000,634506000,634506000,58000000,58000000,1140000000,1140000000,1198000000,1198000000,1217100000,1256100000,100000,100000,19000000,58000000,0,0,58000000,58000000,1140000000,1140000000,1198000000,1198000000,100010,62100010,100000,100000,10,62000010
955,645606000,647606000,100000,100000,11000000,13000000,634506000,634506000,0,0,0,0,0,0,11100000,13100000,100000,100000,11000000,13000000,0,0,0,0,0,0,0,0,100010,100000,100000,100000,10,0
985,653606000,1289112000,100000,100000,19000000,20000000,634506000,1269012000,0,0,0,0,0,0,19100000,20100000,100000,100000,19000000,20000000,0,0,0,0,0,0,0,0,100010,100000,100000,100000,10,0
1015,3762606000,5670124000,100000,100000,37000000,41000000,634506000,2538024000,41000000,41000000,3050000000,3050000000,3091000000,3091000000,3128100000,3132100000,100000,100000,37000000,41000000,0,0,41000000,41000000,3050000000,3050000000,3091000000,3091000000,100010,111100060,100000,100000,10,111000060
1045,2644606000,10275678000,100000,100000,0,17000000,634506000,8248578000,10000000,10000000,2000000000,2000000000,2010000000,2010000000,2010100000,2027100000,100000,100000,0,17000000,0,0,10000000,10000000,2000000000,2000000000,2010000000,2010000000,100010,12100030,100000,100000,10,12000030
1075,713606000,3887136000,100000,100000,19000000,20000000,634506000,3807036000,20000000,20000000,40000000,40000000,60000000,60000000,79100000,80100000,100000,100000,19000000,20000000,0,0,20000000,20000000,40000000,40000000,60000000,60000000,100010,100000,100000,100000,10,0
1105,637606000,638606000,100000,100000,3000000,4000000,634506000,634506000,0,0,0,0,0,0,3100000,4100000,100000,100000,3000000,4000000,0,0,0,0,0,0,0,0,100010,100000,100000,100000,10,0
1135,915606000,3454630000,100000,100000,0,1000000,634506000,3172530000,1000000,1000000,280000000,280000000,281000000,281000000,281100000,282100000,100000,100000,0,1000000,0,0,1000000,1000000,280000000,280000000,281000000,281000000,100010,100000,100000,100000,10,0
1165,670606000,3209630000,100000,100000,8000000,9000000,634506000,3172530000,8000000,8000000,20000000,20000000,28000000,28000000,36100000,37100000,100000,100000,8000000,9000000,0,0,8000000,8000000,20000000,20000000,28000000,28000000,100010,100000,100000,100000,10,0
1195,3766606000,8218148000,100000,100000,1000000,11000000,634506000,5076048000,11000000,11000000,3120000000,3120000000,3131000000,3131000000,3132100000,3142100000,100000,100000,1000000,11000000,0,0,11000000,11000000,3120000000,3120000000,3131000000,3131000000,100010,38100050,100000,100000,10,38000050
1225,965606000,2235618000,100000,100000,10000000,11000000,634506000,1903518000,11000000,11000000,310000000,310000000,321000000,321000000,331100000,332100000,100000,100000,10000000,11000000,0,0,11000000,11000000,310000000,310000000,321000000,321000000,100010,100000,100000,100000,10,0
1255,645606000,647606000,100000,100000,11000000,13000000,634506000,634506000,0,0,0,0,0,0,11100000,13100000,100000,100000,11000000,13000000,0,0,0,0,0,0,0,0,100010,100000,100000,100000,10,0
1285,641606000,1277112000,100000,100000,7000000,8000000,634506000,1269012000,0,0,0,0,0,0,7100000,8100000,100000,100000,7000000,8000000,0,0,0,0,0,0,0,0,100010,100000,100000,100000,10,0
26,1583606000,1584606000,100000,100000,19000000,20000000,634506000,634506000,20000000,20000000,910000000,910000000,930000000,930000000,949100000,950100000,100000,100000,19000000,20000000,0,0,20000000,20000000,910000000,910000000,930000000,930000000,100010,22100010,100000,100000,10,22000010
56,644606000,645606000,100000,100000,10000000,11000000,634506000,634506000,0,0,0,0,0,0,10100000,11100000,100000,100000,10000000,11000000,0,0,0,0,0,0,0,0,100010,100000,100000,100000,10,0
86,3153606000,3154606000,100000,100000,19000000,20000000,634506000,634506000,20000000,20000000,2480000000,2480000000,2500000000,2500000000,2519100000,2520100000,100000,100000,19000000,20000000,0,0,20000000,20000000,2480000000,2480000000,2500000000,2500000000,100010,22100010,100000,100000,10,22000010
116,1772606000,1778606000,100000,100000,1000000,7000000,634506000,634506000,7000000,7000000,1130000000,1130000000,1137000000,1137000000,1138100000,1144100000,100000,100000,1000000,7000000,0,0,7000000,7000000,1130000000,1130000000,1137000000,1137000000,100010,20100040,100000,100000,10,20000040
146,2143606000,2150606000,100000,100000,1000000,8000000,634506000,634506000,8000000,8000000,1500000000,1500000000,1508000000,1508000000,1509100000,1516100000,100000,100000,1000000,8000000,0,0,8000000,8000000,1500000000,1500000000,1508000000,1508000000,100010,58100030,100000,100000,10,58000030
176,1332606000,1344606000,100000,100000,8000000,20000000,634506000,634506000,20000000,20000000,670000000,670000000,690000000,690000000,698100000,710100000,100000,100000,8000000,20000000,0,0,20000000,20000000,670000000,670000000,690000000,690000000,100010,23100020,100000,100000,10,23000020
206,1104606000,1104606000,100000,100000,20000000,20000000,634506000,634506000,20000000,20000000,430000000,430000000,450000000,450000000,470100000,470100000,100000,100000,20000000,20000000,0,0,20000000,20000000,430000000,430000000,450000000,450000000,100010,1100010,100000,100000,10,1000010
236,2873606000,2874606000,100000,100000,19000000,20000000,634506000,634506000,20000000,20000000,2200000000,2200000000,2220000000,2220000000,2239100000,2240100000,100000,100000,19000000,20000000,0,0,20000000,20000000,2200000000,2200000000,2220000000,2220000000,100010,22100010,100000,100000,10,22000010
266,1180606000,1181606000,100000,100000,8000000,9000000,634506000,634506000,8000000,8000000,530000000,530000000,538000000,538000000,546100000,547100000,100000,100000,8000000,9000000,0,0,8000000,8000000,530000000,530000000,538000000,538000000,100010,15100030,100000,100000,10,15000030
296,2145606000,2148606000,100000,100000,9000000,12000000,634506000,634506000,12000000,12000000,1490000000,1490000000,1502000000,1502000000,1511100000,1514100000,100000,100000,9000000,12000000,0,0,12000000,12000000,1490000000,1490000000,1502000000,1502000000,100010,19100020,100000,100000,10,19000020
326,1216606000,1223606000,100000,100000,1000000,8000000,634506000,634506000,1000000,1000000,580000000,580000000,581000000,581000000,582100000,589100000,100000,100000,1000000,8000000,0,0,1000000,1000000,580000000,580000000,581000000,581000000,100010,12100020,100000,100000,10,12000020
356,680606000,681606000,100000,100000,8000000,9000000,634506000,634506000,8000000,8000000,30000000,30000000,38000000,38000000,46100000,47100000,100000,100000,8000000,9000000,0,0,8000000,8000000,30000000,30000000,38000000,38000000,100010,1100010,100000,100000,10,1000010
386,1912606000,1912606000,100000,100000,9000000,9000000,634506000,634506000,9000000,9000000,1260000000,1260000000,1269000000,1269000000,1278100000,1278100000,100000,100000,9000000,9000000,0,0,9000000,9000000,1260000000,1260000000,1269000000,1269000000,100010,16100030,100000,100000,10,16000030
416,3709606000,3710606000,100000,100000,12000000,13000000,634506000,634506000,13000000,13000000,3050000000,3050000000,3063000000,3063000000,3075100000,3076100000,100000,100000,12000000,13000000,0,0,13000000,13000000,3050000000,3050000000,3063000000,3063000000,100010,2100010,100000,100000,10,2000010
446,3719606000,3720606000,100000,100000,12000000,13000000,634506000,634506000,13000000,13000000,3060000000,3060000000,3073000000,3073000000,3085100000,3086100000,100000,100000,12000000,13000000,0,0,13000000,13000000,3060000000,3060000000,3073000000,3073000000,100010,2100010,100000,100000,10,2000010
476,3342606000,3342606000,100000,100000,4000000,4000000,634506000,634506000,4000000,4000000,2700000000,2700000000,2704000000,2704000000,2708100000,2708100000,100000,100000,4000000,4000000,0,0,4000000,4000000,2700000000,2700000000,2704000000,2704000000,100010,15100040,100000,100000,10,15000040
506,3479606000,3508606000,100000,100000,8000000,37000000,634506000,634506000,37000000,37000000,2800000000,2800000000,2837000000,2837000000,2845100000,2874100000,100000,100000,8000000,37000000,0,0,37000000,37000000,2800000000,2800000000,2837000000,2837000000,100010,3100010,100000,100000,10,3000010
536,1499606000,1500606000,100000,100000,17000000,18000000,634506000,634506000,18000000,18000000,830000000,830000000,848000000,848000000,865100000,866100000,100000,100000,17000000,18000000,0,0,18000000,18000000,830000000,830000000,848000000,848000000,100010,21100010,100000,100000,10,21000010
566,1789606000,1828606000,100000,100000,18000000,57000000,634506000,634506000,57000000,57000000,1080000000,1080000000,1137000000,1137000000,1155100000,1194100000,100000,100000,18000000,57000000,0,0,57000000,57000000,1080000000,1080000000,1137000000,1137000000,100010,28100010,100000,100000,10,28000010
596,3399606000,3400606000,100000,100000,7000000,8000000,634506000,634506000,8000000,8000000,2750000000,2750000000,2758000000,2758000000,2765100000,2766100000,100000,100000,7000000,8000000,0,0,8000000,8000000,2750000000,2750000000,2758000000,2758000000,100010,26100040,100000,100000,10,26000040
626,2973606000,2974606000,100000,100000,9000000,10000000,634506000,634506000,10000000,10000000,2320000000,2320000000,2330000000,2330000000,2339100000,2340100000,100000,100000,9000000,10000000,0,0,10000000,10000000,2320000000,2320000000,2330000000,2330000000,100010,83100020,100000,100000,10,83000020
656,1910606000,1912606000,100000,100000,8000000,10000000,634506000,634506000,8000000,8000000,1260000000,1260000000,1268000000,1268000000,1276100000,1278100000,100000,100000,8000000,10000000,0,0,8000000,8000000,1260000000,1260000000,1268000000,1268000000,100010,84100030,100000,100000,10,84000030
686,2446606000,2446606000,100000,100000,6000000,6000000,634506000,634506000,6000000,6000000,1800000000,1800000000,1806000000,1806000000,1812100000,1812100000,100000,100000,6000000,6000000,0,0,6000000,6000000,1800000000,1800000000,1806000000,1806000000,100010,82100030,100000,100000,10,82000030
716,2389606000,2390606000,100000,100000,17000000,18000000,634506000,634506000,18000000,18000000,1720000000,1720000000,1738000000,1738000000,1755100000,1756100000,100000,100000,17000000,18000000,0,0,18000000,18000000,1720000000,1720000000,1738000000,1738000000,100010,21100010,100000,100000,10,21000010
746,1532606000,1532606000,100000,100000,9000000,9000000,634506000,634506000,9000000,9000000,880000000,880000000,889000000,889000000,898100000,898100000,100000,100000,9000000,9000000,0,0,9000000,9000000,880000000,880000000,889000000,889000000,100010,16100040,100000,100000,10,16000040
776,2344606000,2352606000,100000,100000,1000000,9000000,634506000,634506000,9000000,9000000,1700000000,1700000000,1709000000,1709000000,1710100000,1718100000,100000,100000,1000000,9000000,0,0,9000000,9000000,1700000000,1700000000,1709000000,1709000000,100010,82100040,100000,100000,10,82000040
806,1986606000,1986606000,100000,100000,1000000,1000000,634506000,634506000,1000000,1000000,1350000000,1350000000,1351000000,1351000000,1352100000,1352100000,100000,100000,1000000,1000000,0,0,1000000,1000000,1350000000,1350000000,1351000000,1351000000,100010,18100020,100000,100000,10,18000020
836,950606000,950606000,100000,100000,8000000,8000000,634506000,634506000,8000000,8000000,300000000,300000000,308000000,308000000,316100000,316100000,100000,100000,8000000,8000000,0,0,8000000,8000000,300000000,300000000,308000000,308000000,100010,10100030,100000,100000,10,10000030
866,2899606000,2900606000,100000,100000,7000000,8000000,634506000,634506000,8000000,8000000,2250000000,2250000000,2258000000,2258000000,2265100000,2266100000,100000,100000,7000000,8000000,0,0,8000000,8000000,2250000000,2250000000,2258000000,2258000000,100010,85100030,100000,100000,10,85000030
896,2150606000,2150606000,100000,100000,8000000,8000000,634506000,634506000,8000000,8000000,1500000000,1500000000,1508000000,1508000000,1516100000,1516100000,100000,100000,8000000,8000000,0,0,8000000,8000000,1500000000,1500000000,1508000000,1508000000,100010,3100010,100000,100000,10,3000010
926,2030606000,2031606000,100000,100000,18000000,19000000,634506000,634506000,18000000,18000000,1360000000,1360000000,1378000000,1378000000,1396100000,1397100000,100000,100000,18000000,19000000,0,0,18000000,18000000,1360000000,1360000000,1378000000,1378000000,100010,62100010,100000,100000,10,62000010
956,3445606000,3446606000,100000,100000,80000000,81000000,634506000,634506000,81000000,81000000,2650000000,2650000000,2731000000,2731000000,2811100000,2812100000,100000,100000,80000000,81000000,0,0,81000000,81000000,2650000000,2650000000,2731000000,2731000000,100010,133100040,100000,100000,10,133000040
986,3605606000,5544124000,100000,100000,8000000,43000000,634506000,2538024000,43000000,43000000,2920000000,2920000000,2963000000,2963000000,2971100000,3006100000,100000,100000,8000000,43000000,0,0,43000000,43000000,2920000000,2920000000,2963000000,2963000000,100010,86100040,100000,100000,10,86000040
1016,671606000,675606000,100000,100000,37000000,41000000,634506000,634506000,0,0,0,0,0,0,37100000,41100000,100000,100000,37000000,41000000,0,0,0,0,0,0,0,0,100010,100000,100000,100000,10,0
1046,643606000,1913618000,100000,100000,9000000,10000000,634506000,1903518000,0,0,0,0,0,0,9100000,10100000,100000,100000,9000000,10000000,0,0,0,0,0,0,0,0,100010,100000,100000,100000,10,0
1076,1670606000,5479642000,100000,100000,18000000,20000000,634506000,4441542000,18000000,18000000,1000000000,1000000000,1018000000,1018000000,1036100000,1038100000,100000,100000,18000000,20000000,0,0,18000000,18000000,1000000000,1000000000,1018000000,1018000000,100010,63100020,100000,100000,10,63000020
1106,1325606000,2609618000,100000,100000,3000000,18000000,634506000,1903518000,18000000,18000000,670000000,670000000,688000000,688000000,691100000,706100000,100000,100000,3000000,18000000,0,0,18000000,18000000,670000000,670000000,688000000,688000000,100010,69100030,100000,100000,10,69000030
1136,635606000,1271112000,100000,100000,1000000,2000000,634506000,1269012000,0,0,0,0,0,0,1100000,2100000,100000,100000,1000000,2000000,0,0,0,0,0,0,0,0,100010,100000,100000,100000,10,0
1166,3737606000,4375112000,100000,100000,40000000,43000000,634506000,1269012000,43000000,43000000,3020000000,3020000000,3063000000,3063000000,3103100000,3106100000,100000,100000,40000000,43000000,0,0,43000000,43000000,3020000000,3020000000,3063000000,3063000000,100010,114100070,100000,100000,10,114000070
1196,3054606000,8139654000,100000,100000,1000000,10000000,634506000,5710554000,9000000,9000000,2410000000,2410000000,2419000000,2419000000,2420100000,2429100000,100000,100000,1000000,10000000,0,0,9000000,9000000,2410000000,2410000000,2419000000,2419000000,100010,39100030,100000,100000,10,39000030
1226,965606000,2872124000,100000,100000,10000000,13000000,634506000,2538024000,11000000,11000000,310000000,310000000,321000000,321000000,331100000,334100000,100000,100000,10000000,13000000,0,0,11000000,11000000,310000000,310000000,321000000,321000000,100010,100000,100000,100000,10,0
1256,1080606000,2986124000,100000,100000,17000000,19000000,634506000,2538024000,19000000,19000000,410000000,410000000,429000000,429000000,446100000,448100000,100000,100000,17000000,19000000,0,0,19000000,19000000,410000000,410000000,429000000,429000000,100010,100000,100000,100000,10,0
1286,652606000,654606000,100000,100000,18000000,20000000,634506000,634506000,0,0,0,0,0,0,18100000,20100000,100000,100000,18000000,20000000,0,0,0,0,0,0,0,0,100010,100000,100000,100000,10,0
27,2571606000,2582606000,100000,100000,8000000,19000000,634506000,634506000,19000000,19000000,1910000000,1910000000,1929000000,1929000000,1937100000,1948100000,100000,100000,8000000,19000000,0,0,19000000,19000000,1910000000,1910000000,1929000000,1929000000,100010,23100020,100000,100000,10,23000020
57,2966606000,2968606000,100000,100000,10000000,12000000,634506000,634506000,12000000,12000000,2310000000,2310000000,2322000000,2322000000,2332100000,2334100000,100000,100000,10000000,12000000,0,0,12000000,12000000,2310000000,2310000000,2322000000,2322000000,100010,68100040,100000,100000,10,68000040
87,1202606000,1212606000,100000,100000,9000000,19000000,634506000,634506000,9000000,9000000,550000000,550000000,559000000,559000000,568100000,578100000,100000,100000,9000000,19000000,0,0,9000000,9000000,550000000,550000000,559000000,559000000,100010,22100010,100000,100000,10,22000010
117,1496606000,1496606000,100000,100000,1000000,1000000,634506000,634506000,1000000,1000000,860000000,860000000,861000000,861000000,862100000,862100000,100000,100000,1000000,1000000,0,0,1000000,1000000,860000000,860000000,861000000,861000000,100010,19100030,100000,100000,10,19000030
147,1670606000,1670606000,100000,100000,8000000,8000000,634506000,634506000,8000000,8000000,1020000000,1020000000,1028000000,1028000000,1036100000,1036100000,100000,100000,8000000,8000000,0,0,8000000,8000000,1020000000,1020000000,1028000000,1028000000,100010,25100030,100000,100000,10,25000030
177,3053606000,3064606000,100000,100000,9000000,20000000,634506000,634506000,20000000,20000000,2390000000,2390000000,2410000000,2410000000,2419100000,2430100000,100000,100000,9000000,20000000,0,0,20000000,20000000,2390000000,2390000000,2410000000,2410000000,100010,17100030,100000,100000,10,17000030
207,1104606000,1104606000,100000,100000,20000000,20000000,634506000,634506000,20000000,20000000,430000000,430000000,450000000,450000000,470100000,470100000,100000,100000,20000000,20000000,0,0,20000000,20000000,430000000,430000000,450000000,450000000,100010,1100010,100000,100000,10,1000010
237,2873606000,2874606000,100000,100000,19000000,20000000,634506000,634506000,20000000,20000000,2200000000,2200000000,2220000000,2220000000,2239100000,2240100000,100000,100000,19000000,20000000,0,0,20000000,20000000,2200000000,2200000000,2220000000,2220000000,100010,22100010,100000,100000,10,22000010
267,2321606000,2322606000,100000,100000,8000000,9000000,634506000,634506000,9000000,9000000,1670000000,1670000000,1679000000,1679000000,1687100000,1688100000,100000,100000,8000000,9000000,0,0,9000000,9000000,1670000000,1670000000,1679000000,1679000000,100010,16100040,100000,100000,10,16000040
297,710606000,711606000,100000,100000,8000000,9000000,634506000,634506000,8000000,8000000,60000000,60000000,68000000,68000000,76100000,77100000,100000,100000,8000000,9000000,0,0,8000000,8000000,60000000,60000000,68000000,68000000,100010,2100010,100000,100000,10,2000010
327,3571606000,3572606000,100000,100000,8000000,9000000,634506000,634506000,9000000,9000000,2920000000,2920000000,2929000000,2929000000,2937100000,2938100000,100000,100000,8000000,9000000,0,0,9000000,9000000,2920000000,2920000000,2929000000,2929000000,100010,33100020,100000,100000,10,33000020
357,680606000,681606000,100000,100000,8000000,9000000,634506000,634506000,8000000,8000000,30000000,30000000,38000000,38000000,46100000,47100000,100000,100000,8000000,9000000,0,0,8000000,8000000,30000000,30000000,38000000,38000000,100010,1100010,100000,100000,10,1000010
387,1952606000,1952606000,100000,100000,9000000,9000000,634506000,634506000,9000000,9000000,1300000000,1300000000,1309000000,1309000000,1318100000,1318100000,100000,100000,9000000,9000000,0,0,9000000,9000000,1300000000,1300000000,1309000000,1309000000,100010,16100030,100000,100000,10,16000030
417,3719606000,3720606000,100000,100000,12000000,13000000,634506000,634506000,13000000,13000000,3060000000,3060000000,3073000000,3073000000,3085100000,3086100000,100000,100000,12000000,13000000,0,0,13000000,13000000,3060000000,3060000000,3073000000,3073000000,100010,2100010,100000,100000,10,2000010
447,3709606000,3710606000,100000,100000,12000000,13000000,634506000,634506000,13000000,13000000,3050000000,3050000000,3063000000,3063000000,3075100000,3076100000,100000,100000,12000000,13000000,0,0,13000000,13000000,3050000000,3050000000,3063000000,3063000000,100010,2100010,100000,100000,10,2000010
477,1500606000,1507606000,100000,100000,3000000,10000000,634506000,634506000,3000000,3000000,860000000,860000000,863000000,863000000,866100000,873100000,100000,100000,3000000,10000000,0,0,3000000,3000000,860000000,860000000,863000000,863000000,100010,18100030,100000,100000,10,18000030
507,3589606000,3590606000,100000,100000,7000000,8000000,634506000,634506000,8000000,8000000,2940000000,2940000000,2948000000,2948000000,2955100000,2956100000,100000,100000,7000000,8000000,0,0,8000000,8000000,2940000000,2940000000,2948000000,2948000000,100010,36100030,100000,100000,10,36000030
537,2040606000,2040606000,100000,100000,18000000,18000000,634506000,634506000,18000000,18000000,1370000000,1370000000,1388000000,1388000000,1406100000,1406100000,100000,100000,18000000,18000000,0,0,18000000,18000000,1370000000,1370000000,1388000000,1388000000,100010,62100010,100000,100000,10,62000010
567,680606000,680606000,100000,100000,18000000,18000000,634506000,634506000,18000000,18000000,10000000,10000000,28000000,28000000,46100000,46100000,100000,100000,18000000,18000000,0,0,18000000,18000000,10000000,10000000,28000000,28000000,100010,100000,100000,100000,10,0
597,3399606000,3400606000,100000,100000,7000000,8000000,634506000,634506000,8000000,8000000,2750000000,2750000000,2758000000,2758000000,2765100000,2766100000,100000,100000,7000000,8000000,0,0,8000000,8000000,2750000000,2750000000,2758000000,2758000000,100010,26100040,100000,100000,10,26000040
627,2973606000,2974606000,100000,100000,9000000,10000000,634506000,634506000,10000000,10000000,2320000000,2320000000,2330000000,2330000000,2339100000,2340100000,100000,100000,9000000,10000000,0,0,10000000,10000000,2320000000,2320000000,2330000000,2330000000,100010,83100020,100000,100000,10,83000020
657,2504606000,2504606000,100000,100000,10000000,10000000,634506000,634506000,10000000,10000000,1850000000,1850000000,1860000000,1860000000,1870100000,1870100000,100000,100000,10000000,10000000,0,0,10000000,10000000,1850000000,1850000000,1860000000,1860000000,100010,42100020,100000,100000,10,42000020
687,1513606000,1514606000,100000,100000,19000000,20000000,634506000,634506000,20000000,20000000,840000000,840000000,860000000,860000000,879100000,880100000,100000,100000,19000000,20000000,0,0,20000000,20000000,840000000,840000000,860000000,860000000,100010,2100010,100000,100000,10,2000010
717,1989606000,1990606000,100000,100000,17000000,18000000,634506000,634506000,18000000,18000000,1320000000,1320000000,1338000000,1338000000,1355100000,1356100000,100000,100000,17000000,18000000,0,0,18000000,18000000,1320000000,1320000000,1338000000,1338000000,100010,21100010,100000,100000,10,21000010
747,1902606000,1904606000,100000,100000,9000000,11000000,634506000,634506000,9000000,9000000,1250000000,1250000000,1259000000,1259000000,1268100000,1270100000,100000,100000,9000000,11000000,0,0,9000000,9000000,1250000000,1250000000,1259000000,1259000000,100010,57100040,100000,100000,10,57000040
777,706606000,706606000,100000,100000,1000000,1000000,634506000,634506000,1000000,1000000,70000000,70000000,71000000,71000000,72100000,72100000,100000,100000,1000000,1000000,0,0,1000000,1000000,70000000,70000000,71000000,71000000,100010,1100010,100000,100000,10,1000010
807,2054606000,2062606000,100000,100000,1000000,9000000,634506000,634506000,9000000,9000000,1410000000,1410000000,1419000000,1419000000,1420100000,1428100000,100000,100000,1000000,9000000,0,0,9000000,9000000,1410000000,1410000000,1419000000,1419000000,100010,58100030,100000,100000,10,58000030
837,950606000,950606000,100000,100000,8000000,8000000,634506000,634506000,8000000,8000000,300000000,300000000,308000000,308000000,316100000,316100000,100000,100000,8000000,8000000,0,0,8000000,8000000,300000000,300000000,308000000,308000000,100010,10100030,100000,100000,10,10000030
867,2909606000,2910606000,100000,100000,7000000,8000000,634506000,634506000,8000000,8000000,2260000000,2260000000,2268000000,2268000000,2275100000,2276100000,100000,100000,7000000,8000000,0,0,8000000,8000000,2260000000,2260000000,2268000000,2268000000,100010,85100030,100000,100000,10,85000030
897,2230606000,2230606000,100000,100000,8000000,8000000,634506000,634506000,8000000,8000000,1580000000,1580000000,1588000000,1588000000,1596100000,1596100000,100000,100000,8000000,8000000,0,0,8000000,8000000,1580000000,1580000000,1588000000,1588000000,100010,6100030,100000,100000,10,6000030
927,1851606000,1890606000,100000,100000,19000000,58000000,634506000,634506000,58000000,58000000,1140000000,1140000000,1198000000,1198000000,1217100000,1256100000,100000,100000,19000000,58000000,0,0,58000000,58000000,1140000000,1140000000,1198000000,1198000000,100010,62100010,100000,100000,10,62000010
957,3747606000,3748606000,100000,100000,46000000,47000000,634506000,634506000,47000000,47000000,3020000000,3020000000,3067000000,3067000000,3113100000,3114100000,100000,100000,46000000,47000000,0,0,47000000,47000000,3020000000,3020000000,3067000000,3067000000,100010,120100100,100000,100000,10,120000100
987,3384606000,11642184000,100000,100000,1000000,10000000,634506000,8883084000,9000000,9000000,2740000000,2740000000,2749000000,2749000000,2750100000,2759100000,100000,100000,1000000,10000000,0,0,9000000,9000000,2740000000,2740000000,2749000000,2749000000,100010,81100040,100000,100000,10,81000040
1017,3528606000,6980618000,100000,100000,7000000,37000000,634506000,1903518000,37000000,40000000,2850000000,5000000000,2887000000,5040000000,2894100000,5077100000,100000,100000,7000000,37000000,0,0,37000000,40000000,2850000000,5000000000,2887000000,5040000000,100010,27100040,100000,100000,10,27000040
1047,3511606000,13674702000,100000,100000,7000000,18000000,634506000,10786602000,10000000,10000000,2860000000,2860000000,2870000000,2870000000,2877100000,2888100000,100000,100000,7000000,18000000,0,0,10000000,10000000,2860000000,2860000000,2870000000,2870000000,100010,64100030,100000,100000,10,64000030
1077,713606000,3887136000,100000,100000,19000000,20000000,634506000,3807036000,20000000,20000000,40000000,40000000,60000000,60000000,79100000,80100000,100000,100000,19000000,20000000,0,0,20000000,20000000,40000000,40000000,60000000,60000000,100010,100000,100000,100000,10,0
1107,637606000,1273112000,100000,100000,3000000,4000000,634506000,1269012000,0,0,0,0,0,0,3100000,4100000,100000,100000,3000000,4000000,0,0,0,0,0,0,0,0,100010,100000,100000,100000,10,0
1137,915606000,3454630000,100000,100000,0,1000000,634506000,3172530000,1000000,1000000,280000000,280000000,281000000,281000000,281100000,282100000,100000,100000,0,1000000,0,0,1000000,1000000,280000000,280000000,281000000,281000000,100010,100000,100000,100000,10,0
1167,1457606000,2093112000,100000,100000,1000000,2000000,634506000,1269012000,2000000,2000000,820000000,820000000,822000000,822000000,823100000,824100000,100000,100000,1000000,2000000,0,0,2000000,2000000,820000000,820000000,822000000,822000000,100010,100000,100000,100000,10,0
1197,1092606000,2368618000,100000,100000,4000000,11000000,634506000,1903518000,4000000,4000000,450000000,450000000,454000000,454000000,458100000,465100000,100000,100000,4000000,11000000,0,0,4000000,4000000,450000000,450000000,454000000,454000000,100010,100000,100000,100000,10,0
1227,965606000,2235618000,100000,100000,10000000,11000000,634506000,1903518000,11000000,11000000,310000000,310000000,321000000,321000000,331100000,332100000,100000,100000,10000000,11000000,0,0,11000000,11000000,310000000,310000000,321000000,321000000,100010,100000,100000,100000,10,0
1257,642606000,1279112000,100000,100000,8000000,10000000,634506000,1269012000,0,0,0,0,0,0,8100000,10100000,100000,100000,8000000,10000000,0,0,0,0,0,0,0,0,100010,100000,100000,100000,10,0
1287,672606000,676606000,100000,100000,38000000,42000000,634506000,634506000,0,0,0,0,0,0,38100000,42100000,100000,100000,38000000,42000000,0,0,0,0,0,0,0,0,100010,100000,100000,100000,10,0
28,1522606000,1522606000,100000,100000,19000000,19000000,634506000,634506000,19000000,19000000,850000000,850000000,869000000,869000000,888100000,888100000,100000,100000,19000000,19000000,0,0,19000000,19000000,850000000,850000000,869000000,869000000,100010,22100010,100000,100000,10,22000010
58,3715606000,3716606000,100000,100000,10000000,11000000,634506000,634506000,11000000,11000000,3060000000,3060000000,3071000000,3071000000,3081100000,3082100000,100000,100000,10000000,11000000,0,0,11000000,11000000,3060000000,3060000000,3071000000,3071000000,100010,46100040,100000,100000,10,46000040
88,1593606000,1594606000,100000,100000,19000000,20000000,634506000,634506000,20000000,20000000,920000000,920000000,940000000,940000000,959100000,960100000,100000,100000,19000000,20000000,0,0,20000000,20000000,920000000,920000000,940000000,940000000,100010,22100010,100000,100000,10,22000010
118,3757606000,3758606000,100000,100000,1000000,2000000,634506000,634506000,2000000,2000000,3120000000,3120000000,3122000000,3122000000,3123100000,3124100000,100000,100000,1000000,2000000,0,0,2000000,2000000,3120000000,3120000000,3122000000,3122000000,100010,82100030,100000,100000,10,82000030
148,1670606000,1670606000,100000,100000,8000000,8000000,634506000,634506000,8000000,8000000,1020000000,1020000000,1028000000,1028000000,1036100000,1036100000,100000,100000,8000000,8000000,0,0,8000000,8000000,1020000000,1020000000,1028000000,1028000000,100010,25100030,100000,100000,10,25000030
178,2274606000,2274606000,100000,100000,20000000,20000000,634506000,634506000,20000000,20000000,1600000000,1600000000,1620000000,1620000000,1640100000,1640100000,100000,100000,20000000,20000000,0,0,20000000,20000000,1600000000,1600000000,1620000000,1620000000,100010,27100040,100000,100000,10,27000040
208,1104606000,1104606000,100000,100000,20000000,20000000,634506000,634506000,20000000,20000000,430000000,430000000,450000000,450000000,470100000,470100000,100000,100000,20000000,20000000,0,0,20000000,20000000,430000000,430000000,450000000,450000000,100010,1100010,100000,100000,10,1000010
238,2321606000,2322606000,100000,100000,8000000,9000000,634506000,634506000,9000000,9000000,1670000000,1670000000,1679000000,1679000000,1687100000,1688100000,100000,100000,8000000,9000000,0,0,9000000,9000000,1670000000,1670000000,1679000000,1679000000,100010,16100040,100000,100000,10,16000040
268,710606000,710606000,100000,100000,8000000,8000000,634506000,634506000,8000000,8000000,60000000,60000000,68000000,68000000,76100000,76100000,100000,100000,8000000,8000000,0,0,8000000,8000000,60000000,60000000,68000000,68000000,100010,1100010,100000,100000,10,1000010
298,2372606000,2372606000,100000,100000,9000000,9000000,634506000,634506000,9000000,9000000,1720000000,1720000000,1729000000,1729000000,1738100000,1738100000,100000,100000,9000000,9000000,0,0,9000000,9000000,1720000000,1720000000,1729000000,1729000000,100010,16100040,100000,100000,10,16000040
328,3051606000,3052606000,100000,100000,8000000,9000000,634506000,634506000,9000000,9000000,2400000000,2400000000,2409000000,2409000000,2417100000,2418100000,100000,100000,8000000,9000000,0,0,9000000,9000000,2400000000,2400000000,2409000000,2409000000,100010,33100020,100000,100000,10,33000020
358,680606000,681606000,100000,100000,8000000,9000000,634506000,634506000,8000000,8000000,30000000,30000000,38000000,38000000,46100000,47100000,100000,100000,8000000,9000000,0,0,8000000,8000000,30000000,30000000,38000000,38000000,100010,1100010,100000,100000,10,1000010
388,1952606000,1952606000,100000,100000,9000000,9000000,634506000,634506000,9000000,9000000,1300000000,1300000000,1309000000,1309000000,1318100000,1318100000,100000,100000,9000000,9000000,0,0,9000000,9000000,1300000000,1300000000,1309000000,1309000000,100010,16100030,100000,100000,10,16000030
418,3729606000,3730606000,100000,100000,12000000,13000000,634506000,634506000,13000000,13000000,3070000000,3070000000,3083000000,3083000000,3095100000,3096100000,100000,100000,12000000,13000000,0,0,13000000,13000000,3070000000,3070000000,3083000000,3083000000,100010,2100010,100000,100000,10,2000010
448,3729606000,3730606000,100000,100000,12000000,13000000,634506000,634506000,13000000,13000000,3070000000,3070000000,3083000000,3083000000,3095100000,3096100000,100000,100000,12000000,13000000,0,0,13000000,13000000,3070000000,3070000000,3083000000,3083000000,100010,2100010,100000,100000,10,2000010
478,3351606000,3352606000,100000,100000,3000000,4000000,634506000,634506000,4000000,4000000,2710000000,2710000000,2714000000,2714000000,2717100000,2718100000,100000,100000,3000000,4000000,0,0,4000000,4000000,2710000000,2710000000,2714000000,2714000000,100010,83100050,100000,100000,10,83000050
508,3529606000,3558606000,100000,100000,8000000,37000000,634506000,634506000,37000000,37000000,2850000000,2850000000,2887000000,2887000000,2895100000,2924100000,100000,100000,8000000,37000000,0,0,37000000,37000000,2850000000,2850000000,2887000000,2887000000,100010,10100040,100000,100000,10,10000040
538,2040606000,2040606000,100000,100000,18000000,18000000,634506000,634506000,18000000,18000000,1370000000,1370000000,1388000000,1388000000,1406100000,1406100000,100000,100000,18000000,18000000,0,0,18000000,18000000,1370000000,1370000000,1388000000,1388000000,100010,62100010,100000,100000,10,62000010
568,2215606000,2224606000,100000,100000,1000000,10000000,634506000,634506000,10000000,10000000,1570000000,1570000000,1580000000,1580000000,1581100000,1590100000,100000,100000,1000000,10000000,0,0,10000000,10000000,1570000000,1570000000,1580000000,1580000000,100010,49100020,100000,100000,10,49000020
598,2779606000,2780606000,100000,100000,7000000,8000000,634506000,634506000,8000000,8000000,2130000000,2130000000,2138000000,2138000000,2145100000,2146100000,100000,100000,7000000,8000000,0,0,8000000,8000000,2130000000,2130000000,2138000000,2138000000,100010,23100030,100000,100000,10,23000030
628,3293606000,3294606000,100000,100000,9000000,10000000,634506000,634506000,10000000,10000000,2640000000,2640000000,2650000000,2650000000,2659100000,2660100000,100000,100000,9000000,10000000,0,0,10000000,10000000,2640000000,2640000000,2650000000,2650000000,100010,83100020,100000,100000,10,83000020
658,2504606000,2504606000,100000,100000,10000000,10000000,634506000,634506000,10000000,10000000,1850000000,1850000000,1860000000,1860000000,1870100000,1870100000,100000,100000,10000000,10000000,0,0,10000000,10000000,1850000000,1850000000,1860000000,1860000000,100010,42100020,100000,100000,10,42000020
688,3760606000,3762606000,100000,100000,17000000,19000000,634506000,634506000,19000000,19000000,3090000000,3090000000,3109000000,3109000000,3126100000,3128100000,100000,100000,17000000,19000000,0,0,19000000,19000000,3090000000,3090000000,3109000000,3109000000,100010,21100010,100000,100000,10,21000010
718,2389606000,2390606000,100000,100000,17000000,18000000,634506000,634506000,18000000,18000000,1720000000,1720000000,1738000000,1738000000,1755100000,1756100000,100000,100000,17000000,18000000,0,0,18000000,18000000,1720000000,1720000000,1738000000,1738000000,100010,21100010,100000,100000,10,21000010
748,1416606000,1416606000,100000,100000,11000000,11000000,634506000,634506000,11000000,11000000,760000000,760000000,771000000,771000000,782100000,782100000,100000,100000,11000000,11000000,0,0,11000000,11000000,760000000,760000000,771000000,771000000,100010,45100040,100000,100000,10,45000040
778,706606000,706606000,100000,100000,1000000,1000000,634506000,634506000,1000000,1000000,70000000,70000000,71000000,71000000,72100000,72100000,100000,100000,1000000,1000000,0,0,1000000,1000000,70000000,70000000,71000000,71000000,100010,1100010,100000,100000,10,1000010
808,1956606000,1956606000,100000,100000,1000000,1000000,634506000,634506000,1000000,1000000,1320000000,1320000000,1321000000,1321000000,1322100000,1322100000,100000,100000,1000000,1000000,0,0,1000000,1000000,1320000000,1320000000,1321000000,1321000000,100010,18100020,100000,100000,10,18000020
838,950606000,950606000,100000,100000,8000000,8000000,634506000,634506000,8000000,8000000,300000000,300000000,308000000,308000000,316100000,316100000,100000,100000,8000000,8000000,0,0,8000000,8000000,300000000,300000000,308000000,308000000,100010,10100030,100000,100000,10,10000030
868,2799606000,2800606000,100000,100000,7000000,8000000,634506000,634506000,8000000,8000000,2150000000,2150000000,2158000000,2158000000,2165100000,2166100000,100000,100000,7000000,8000000,0,0,8000000,8000000,2150000000,2150000000,2158000000,2158000000,100010,85100030,100000,100000,10,85000030
898,2210606000,2210606000,100000,100000,8000000,8000000,634506000,634506000,8000000,8000000,1560000000,1560000000,1568000000,1568000000,1576100000,1576100000,100000,100000,8000000,8000000,0,0,8000000,8000000,1560000000,1560000000,1568000000,1568000000,100010,6100030,100000,100000,10,6000030
928,2630606000,2631606000,100000,100000,18000000,19000000,634506000,634506000,18000000,18000000,1960000000,1960000000,1978000000,1978000000,1996100000,1997100000,100000,100000,18000000,19000000,0,0,18000000,18000000,1960000000,1960000000,1978000000,1978000000,100010,62100010,100000,100000,10,62000010
958,3856606000,3860606000,100000,100000,44000000,48000000,634506000,634506000,48000000,48000000,3130000000,3130000000,3178000000,3178000000,3222100000,3226100000,100000,100000,44000000,48000000,0,0,48000000,48000000,3130000000,3130000000,3178000000,3178000000,100010,38100050,100000,100000,10,38000050
988,3811606000,5752124000,100000,100000,10000000,47000000,634506000,2538024000,47000000,47000000,3120000000,3120000000,3167000000,3167000000,3177100000,3214100000,100000,100000,10000000,47000000,0,0,47000000,47000000,3120000000,3120000000,3167000000,3167000000,100010,88100050,100000,100000,10,88000050
1018,3592606000,5528124000,100000,100000,8000000,40000000,634506000,2538024000,40000000,40000000,2910000000,2910000000,2950000000,2950000000,2958100000,2990100000,100000,100000,8000000,40000000,0,0,40000000,40000000,2910000000,2910000000,2950000000,2950000000,100010,9100030,100000,100000,10,9000030
1048,2480606000,12011196000,100000,100000,6000000,19000000,634506000,10152096000,10000000,10000000,1830000000,1830000000,1840000000,1840000000,1846100000,1859100000,100000,100000,6000000,19000000,0,0,10000000,10000000,1830000000,1830000000,1840000000,1840000000,100010,72100020,100000,100000,10,72000020
1078,713606000,3887136000,100000,100000,19000000,20000000,634506000,3807036000,20000000,20000000,40000000,40000000,60000000,60000000,79100000,80100000,100000,100000,19000000,20000000,0,0,20000000,20000000,40000000,40000000,60000000,60000000,100010,100000,100000,100000,10,0
1108,637606000,1273112000,100000,100000,3000000,4000000,634506000,1269012000,0,0,0,0,0,0,3100000,4100000,100000,100000,3000000,4000000,0,0,0,0,0,0,0,0,100010,100000,100000,100000,10,0
1138,915606000,3454630000,100000,100000,0,1000000,634506000,3172530000,1000000,1000000,280000000,280000000,281000000,281000000,281100000,282100000,100000,100000,0,1000000,0,0,1000000,1000000,280000000,280000000,281000000,281000000,100010,100000,100000,100000,10,0
1168,1080606000,2986124000,100000,100000,17000000,19000000,634506000,2538024000,19000000,19000000,410000000,410000000,429000000,429000000,446100000,448100000,100000,100000,17000000,19000000,0,0,19000000,19000000,410000000,410000000,429000000,429000000,100010,100000,100000,100000,10,0
1198,1957606000,5136136000,100000,100000,4000000,10000000,634506000,3807036000,9000000,9000000,1310000000,1310000000,1319000000,1319000000,1323100000,1329100000,100000,100000,4000000,10000000,0,0,9000000,9000000,1310000000,1310000000,1319000000,1319000000,100010,83100020,100000,100000,10,83000020
1228,965606000,2235618000,100000,100000,10000000,11000000,634506000,1903518000,11000000,11000000,310000000,310000000,321000000,321000000,331100000,332100000,100000,100000,10000000,11000000,0,0,11000000,11000000,310000000,310000000,321000000,321000000,100010,100000,100000,100000,10,0
1258,1080606000,2986124000,100000,100000,17000000,19000000,634506000,2538024000,19000000,19000000,410000000,410000000,429000000,429000000,446100000,448100000,100000,100000,17000000,19000000,0,0,19000000,19000000,410000000,410000000,429000000,429000000,100010,100000,100000,100000,10,0
29,3163606000,3164606000,100000,100000,19000000,20000000,634506000,634506000,20000000,20000000,2490000000,2490000000,2510000000,2510000000,2529100000,2530100000,100000,100000,19000000,20000000,0,0,20000000,20000000,2490000000,2490000000,2510000000,2510000000,100010,22100010,100000,100000,10,22000010
59,1611606000,1614606000,100000,100000,7000000,10000000,634506000,634506000,10000000,10000000,960000000,960000000,970000000,970000000,977100000,980100000,100000,100000,7000000,10000000,0,0,10000000,10000000,960000000,960000000,970000000,970000000,100010,31100030,100000,100000,10,31000030
89,2771606000,2782606000,100000,100000,8000000,19000000,634506000,634506000,19000000,19000000,2110000000,2110000000,2129000000,2129000000,2137100000,2148100000,100000,100000,8000000,19000000,0,0,19000000,19000000,2110000000,2110000000,2129000000,2129000000,100010,22100010,100000,100000,10,22000010
119,3437606000,3438606000,100000,100000,1000000,2000000,634506000,634506000,2000000,2000000,2800000000,2800000000,2802000000,2802000000,2803100000,2804100000,100000,100000,1000000,2000000,0,0,2000000,2000000,2800000000,2800000000,2802000000,2802000000,100010,82100030,100000,100000,10,82000030
149,3401606000,3402606000,100000,100000,8000000,9000000,634506000,634506000,9000000,9000000,2750000000,2750000000,2759000000,2759000000,2767100000,2768100000,100000,100000,8000000,9000000,0,0,9000000,9000000,2750000000,2750000000,2759000000,2759000000,100010,65100040,100000,100000,10,65000040
179,654606000,656606000,100000,100000,20000000,22000000,634506000,634506000,0,0,0,0,0,0,20100000,22100000,100000,100000,20000000,22000000,0,0,0,0,0,0,0,0,100010,100000,100000,100000,10,0
209,1104606000,1104606000,100000,100000,20000000,20000000,634506000,634506000,20000000,20000000,430000000,430000000,450000000,450000000,470100000,470100000,100000,100000,20000000,20000000,0,0,20000000,20000000,430000000,430000000,450000000,450000000,100010,1100010,100000,100000,10,1000010
239,2372606000,2372606000,100000,100000,9000000,9000000,634506000,634506000,9000000,9000000,1720000000,1720000000,1729000000,1729000000,1738100000,1738100000,100000,100000,9000000,9000000,0,0,9000000,9000000,1720000000,1720000000,1729000000,1729000000,100010,16100040,100000,100000,10,16000040
269,2321606000,2322606000,100000,100000,8000000,9000000,634506000,634506000,9000000,9000000,1670000000,1670000000,1679000000,1679000000,1687100000,1688100000,100000,100000,8000000,9000000,0,0,9000000,9000000,1670000000,1670000000,1679000000,1679000000,100010,16100040,100000,100000,10,16000040
299,2372606000,2372606000,100000,100000,9000000,9000000,634506000,634506000,9000000,9000000,1720000000,1720000000,1729000000,1729000000,1738100000,1738100000,100000,100000,9000000,9000000,0,0,9000000,9000000,1720000000,1720000000,1729000000,1729000000,100010,16100040,100000,100000,10,16000040
329,3051606000,3052606000,100000,100000,8000000,9000000,634506000,634506000,9000000,9000000,2400000000,2400000000,2409000000,2409000000,2417100000,2418100000,100000,100000,8000000,9000000,0,0,9000000,9000000,2400000000,2400000000,2409000000,2409000000,100010,33100020,100000,100000,10,33000020
359,3390606000,3392606000,100000,100000,8000000,10000000,634506000,634506000,8000000,8000000,2740000000,2740000000,2748000000,2748000000,2756100000,2758100000,100000,100000,8000000,10000000,0,0,8000000,8000000,2740000000,2740000000,2748000000,2748000000,100010,24100030,100000,100000,10,24000030
389,1286606000,1294606000,100000,100000,1000000,9000000,634506000,634506000,1000000,1000000,650000000,650000000,651000000,651000000,652100000,660100000,100000,100000,1000000,9000000,0,0,1000000,1000000,650000000,650000000,651000000,651000000,100010,12100020,100000,100000,10,12000020
419,3729606000,3730606000,100000,100000,12000000,13000000,634506000,634506000,13000000,13000000,3070000000,3070000000,3083000000,3083000000,3095100000,3096100000,100000,100000,12000000,13000000,0,0,13000000,13000000,3070000000,3070000000,3083000000,3083000000,100010,2100010,100000,100000,10,2000010
449,3729606000,3730606000,100000,100000,12000000,13000000,634506000,634506000,13000000,13000000,3070000000,3070000000,3083000000,3083000000,3095100000,3096100000,100000,100000,12000000,13000000,0,0,13000000,13000000,3070000000,3070000000,3083000000,3083000000,100010,2100010,100000,100000,10,2000010
479,637606000,638606000,100000,100000,3000000,4000000,634506000,634506000,0,0,0,0,0,0,3100000,4100000,100000,100000,3000000,4000000,0,0,0,0,0,0,0,0,100010,100000,100000,100000,10,0
509,3659606000,3660606000,100000,100000,7000000,8000000,634506000,634506000,8000000,8000000,3010000000,3010000000,3018000000,3018000000,3025100000,3026100000,100000,100000,7000000,8000000,0,0,8000000,8000000,3010000000,3010000000,3018000000,3018000000,100010,81100040,100000,100000,10,81000040
539,3266606000,3322606000,100000,100000,18000000,74000000,634506000,634506000,74000000,74000000,2540000000,2540000000,2614000000,2614000000,2632100000,2688100000,100000,100000,18000000,74000000,0,0,74000000,74000000,2540000000,2540000000,2614000000,2614000000,100010,64100030,100000,100000,10,64000030
569,2884606000,2884606000,100000,100000,10000000,10000000,634506000,634506000,10000000,10000000,2230000000,2230000000,2240000000,2240000000,2250100000,2250100000,100000,100000,10000000,10000000,0,0,10000000,10000000,2230000000,2230000000,2240000000,2240000000,100010,49100020,100000,100000,10,49000020
599,3399606000,3400606000,100000,100000,7000000,8000000,634506000,634506000,8000000,8000000,2750000000,2750000000,2758000000,2758000000,2765100000,2766100000,100000,100000,7000000,8000000,0,0,8000000,8000000,2750000000,2750000000,2758000000,2758000000,100010,26100040,100000,100000,10,26000040
629,2973606000,2974606000,100000,100000,9000000,10000000,634506000,634506000,10000000,10000000,2320000000,2320000000,2330000000,2330000000,2339100000,2340100000,100000,100000,9000000,10000000,0,0,10000000,10000000,2320000000,2320000000,2330000000,2330000000,100010,83100020,100000,100000,10,83000020
659,2504606000,2504606000,100000,100000,10000000,10000000,634506000,634506000,10000000,10000000,1850000000,1850000000,1860000000,1860000000,1870100000,1870100000,100000,100000,10000000,10000000,0,0,10000000,10000000,1850000000,1850000000,1860000000,1860000000,100010,42100020,100000,100000,10,42000020
689,3790606000,3792606000,100000,100000,17000000,19000000,634506000,634506000,19000000,19000000,3120000000,3120000000,3139000000,3139000000,3156100000,3158100000,100000,100000,17000000,19000000,0,0,19000000,19000000,3120000000,3120000000,3139000000,3139000000,100010,22100020,100000,100000,10,22000020
719,2389606000,2390606000,100000,100000,17000000,18000000,634506000,634506000,18000000,18000000,1720000000,1720000000,1738000000,1738000000,1755100000,1756100000,100000,100000,17000000,18000000,0,0,18000000,18000000,1720000000,1720000000,1738000000,1738000000,100010,21100010,100000,100000,10,21000010
749,1336606000,1336606000,100000,100000,1000000,1000000,634506000,634506000,1000000,1000000,700000000,700000000,701000000,701000000,702100000,702100000,100000,100000,1000000,1000000,0,0,1000000,1000000,700000000,700000000,701000000,701000000,100010,20100030,100000,100000,10,20000030
779,706606000,706606000,100000,100000,1000000,1000000,634506000,634506000,1000000,1000000,70000000,70000000,71000000,71000000,72100000,72100000,100000,100000,1000000,1000000,0,0,1000000,1000000,70000000,70000000,71000000,71000000,100010,1100010,100000,100000,10,1000010
809,1456606000,1456606000,100000,100000,1000000,1000000,634506000,634506000,1000000,1000000,820000000,820000000,821000000,821000000,822100000,822100000,100000,100000,1000000,1000000,0,0,1000000,1000000,820000000,820000000,821000000,821000000,100010,18100020,100000,100000,10,18000020
839,950606000,950606000,100000,100000,8000000,8000000,634506000,634506000,8000000,8000000,300000000,300000000,308000000,308000000,316100000,316100000,100000,100000,8000000,8000000,0,0,8000000,8000000,300000000,300000000,308000000,308000000,100010,10100030,100000,100000,10,10000030
869,3579606000,3580606000,100000,100000,7000000,8000000,634506000,634506000,8000000,8000000,2930000000,2930000000,2938000000,2938000000,2945100000,2946100000,100000,100000,7000000,8000000,0,0,8000000,8000000,2930000000,2930000000,2938000000,2938000000,100010,81100040,100000,100000,10,81000040
899,1479606000,1480606000,100000,100000,7000000,8000000,634506000,634506000,8000000,8000000,830000000,830000000,838000000,838000000,845100000,846100000,100000,100000,7000000,8000000,0,0,8000000,8000000,830000000,830000000,838000000,838000000,100010,7100010,100000,100000,10,7000010
929,2630606000,2631606000,100000,100000,18000000,19000000,634506000,634506000,18000000,18000000,1960000000,1960000000,1978000000,1978000000,1996100000,1997100000,100000,100000,18000000,19000000,0,0,18000000,18000000,1960000000,1960000000,1978000000,1978000000,100010,62100010,100000,100000,10,62000010
959,2062606000,2062606000,100000,100000,9000000,9000000,634506000,634506000,9000000,9000000,1410000000,1410000000,1419000000,1419000000,1428100000,1428100000,100000,100000,9000000,9000000,0,0,9000000,9000000,1410000000,1410000000,1419000000,1419000000,100010,7100040,100000,100000,10,7000040
989,1771606000,4339630000,100000,100000,7000000,37000000,634506000,3172530000,10000000,10000000,1120000000,1120000000,1130000000,1130000000,1137100000,1167100000,100000,100000,7000000,37000000,0,0,10000000,10000000,1120000000,1120000000,1130000000,1130000000,100010,10100040,100000,100000,10,10000040
1019,3518606000,4817618000,100000,100000,7000000,37000000,634506000,1903518000,37000000,37000000,2840000000,2840000000,2877000000,2877000000,2884100000,2914100000,100000,100000,7000000,37000000,0,0,37000000,37000000,2840000000,2840000000,2877000000,2877000000,100010,10100040,100000,100000,10,10000040
1049,3563606000,14993714000,100000,100000,8000000,17000000,634506000,12055614000,11000000,11000000,2910000000,2910000000,2921000000,2921000000,2929100000,2938100000,100000,100000,8000000,17000000,0,0,11000000,11000000,2910000000,2910000000,2921000000,2921000000,100010,74100040,100000,100000,10,74000040
1079,713606000,3887136000,100000,100000,19000000,20000000,634506000,3807036000,20000000,20000000,40000000,40000000,60000000,60000000,79100000,80100000,100000,100000,19000000,20000000,0,0,20000000,20000000,40000000,40000000,60000000,60000000,100010,100000,100000,100000,10,0
1109,637606000,1273112000,100000,100000,3000000,4000000,634506000,1269012000,0,0,0,0,0,0,3100000,4100000,100000,100000,3000000,4000000,0,0,0,0,0,0,0,0,100010,100000,100000,100000,10,0
1139,915606000,3454630000,100000,100000,0,1000000,634506000,3172530000,1000000,1000000,280000000,280000000,281000000,281000000,281100000,282100000,100000,100000,0,1000000,0,0,1000000,1000000,280000000,280000000,281000000,281000000,100010,100000,100000,100000,10,0
1169,2902606000,15029220000,100000,100000,9000000,80000000,634506000,12690120000,19000000,19000000,2240000000,2240000000,2259000000,2259000000,2268100000,2339100000,100000,100000,9000000,80000000,0,0,19000000,19000000,2240000000,2240000000,2259000000,2259000000,100010,39100050,100000,100000,10,39000050
1199,638606000,639606000,100000,100000,4000000,5000000,634506000,634506000,0,0,0,0,0,0,4100000,5100000,100000,100000,4000000,5000000,0,0,0,0,0,0,0,0,100010,100000,100000,100000,10,0
1229,965606000,2235618000,100000,100000,10000000,11000000,634506000,1903518000,11000000,11000000,310000000,310000000,321000000,321000000,331100000,332100000,100000,100000,10000000,11000000,0,0,11000000,11000000,310000000,310000000,321000000,321000000,100010,100000,100000,100000,10,0
1259,668606000,2573124000,100000,100000,12000000,13000000,634506000,2538024000,12000000,12000000,10000000,10000000,22000000,22000000,34100000,35100000,100000,100000,12000000,13000000,0,0,12000000,12000000,10000000,10000000,22000000,22000000,100010,100000,100000,100000,10,0
30,2863606000,2864606000,100000,100000,19000000,20000000,634506000,634506000,20000000,20000000,2190000000,2190000000,2210000000,2210000000,2229100000,2230100000,100000,100000,19000000,20000000,0,0,20000000,20000000,2190000000,2190000000,2210000000,2210000000,100010,50100040,100000,100000,10,50000040
60,2966606000,2968606000,100000,100000,10000000,12000000,634506000,634506000,12000000,12000000,2310000000,2310000000,2322000000,2322000000,2332100000,2334100000,100000,100000,10000000,12000000,0,0,12000000,12000000,2310000000,2310000000,2322000000,2322000000,100010,68100040,100000,100000,10,68000040
90,2561606000,2572606000,100000,100000,8000000,19000000,634506000,634506000,19000000,19000000,1900000000,1900000000,1919000000,1919000000,1927100000,1938100000,100000,100000,8000000,19000000,0,0,19000000,19000000,1900000000,1900000000,1919000000,1919000000,100010,23100020,100000,100000,10,23000020
120,1575606000,1576606000,100000,100000,0,1000000,634506000,634506000,1000000,1000000,940000000,940000000,941000000,941000000,941100000,942100000,100000,100000,0,1000000,0,0,1000000,1000000,940000000,940000000,941000000,941000000,100010,40100040,100000,100000,10,40000040
150,1680606000,1680606000,100000,100000,8000000,8000000,634506000,634506000,8000000,8000000,1030000000,1030000000,1038000000,1038000000,1046100000,1046100000,100000,100000,8000000,8000000,0,0,8000000,8000000,1030000000,1030000000,1038000000,1038000000,100010,25100030,100000,100000,10,25000030
180,654606000,655606000,100000,100000,20000000,21000000,634506000,634506000,0,0,0,0,0,0,20100000,21100000,100000,100000,20000000,21000000,0,0,0,0,0,0,0,0,100010,100000,100000,100000,10,0
210,1104606000,1104606000,100000,100000,20000000,20000000,634506000,634506000,20000000,20000000,430000000,430000000,450000000,450000000,470100000,470100000,100000,100000,20000000,20000000,0,0,20000000,20000000,430000000,430000000,450000000,450000000,100010,1100010,100000,100000,10,1000010
240,3051606000,3052606000,100000,100000,8000000,9000000,634506000,634506000,9000000,9000000,2400000000,2400000000,2409000000,2409000000,2417100000,2418100000,100000,100000,8000000,9000000,0,0,9000000,9000000,2400000000,2400000000,2409000000,2409000000,100010,33100020,100000,100000,10,33000020
270,2321606000,2322606000,100000,100000,8000000,9000000,634506000,634506000,9000000,9000000,1670000000,1670000000,1679000000,1679000000,1687100000,1688100000,100000,100000,8000000,9000000,0,0,9000000,9000000,1670000000,1670000000,1679000000,1679000000,100010,16100040,100000,100000,10,16000040
300,2372606000,2372606000,100000,100000,9000000,9000000,634506000,634506000,9000000,9000000,1720000000,1720000000,1729000000,1729000000,1738100000,1738100000,100000,100000,9000000,9000000,0,0,9000000,9000000,1720000000,1720000000,1729000000,1729000000,100010,16100040,100000,100000,10,16000040
330,3272606000,3274606000,100000,100000,8000000,10000000,634506000,634506000,10000000,10000000,2620000000,2620000000,2630000000,2630000000,2638100000,2640100000,100000,100000,8000000,10000000,0,0,10000000,10000000,2620000000,2620000000,2630000000,2630000000,100010,17100030,100000,100000,10,17000030
360,680606000,681606000,100000,100000,8000000,9000000,634506000,634506000,8000000,8000000,30000000,30000000,38000000,38000000,46100000,47100000,100000,100000,8000000,9000000,0,0,8000000,8000000,30000000,30000000,38000000,38000000,100010,1100010,100000,100000,10,1000010
390,1952606000,1952606000,100000,100000,9000000,9000000,634506000,634506000,9000000,9000000,1300000000,1300000000,1309000000,1309000000,1318100000,1318100000,100000,100000,9000000,9000000,0,0,9000000,9000000,1300000000,1300000000,1309000000,1309000000,100010,16100030,100000,100000,10,16000030
420,3729606000,3730606000,100000,100000,12000000,13000000,634506000,634506000,13000000,13000000,3070000000,3070000000,3083000000,3083000000,3095100000,3096100000,100000,100000,12000000,13000000,0,0,13000000,13000000,3070000000,3070000000,3083000000,3083000000,100010,2100010,100000,100000,10,2000010
450,3729606000,3730606000,100000,100000,12000000,13000000,634506000,634506000,13000000,13000000,3070000000,3070000000,3083000000,3083000000,3095100000,3096100000,100000,100000,12000000,13000000,0,0,13000000,13000000,3070000000,3070000000,3083000000,3083000000,100010,2100010,100000,100000,10,2000010
480,1081606000,1082606000,100000,100000,3000000,4000000,634506000,634506000,4000000,4000000,440000000,440000000,444000000,444000000,447100000,448100000,100000,100000,3000000,4000000,0,0,4000000,4000000,440000000,440000000,444000000,444000000,100010,10100020,100000,100000,10,10000020
510,1740606000,1740606000,100000,100000,8000000,8000000,634506000,634506000,8000000,8000000,1090000000,1090000000,1098000000,1098000000,1106100000,1106100000,100000,100000,8000000,8000000,0,0,8000000,8000000,1090000000,1090000000,1098000000,1098000000,100010,39100050,100000,100000,10,39000050
540,1770606000,1770606000,100000,100000,18000000,18000000,634506000,634506000,18000000,18000000,1100000000,1100000000,1118000000,1118000000,1136100000,1136100000,100000,100000,18000000,18000000,0,0,18000000,18000000,1100000000,1100000000,1118000000,1118000000,100010,62100010,100000,100000,10,62000010
570,644606000,646606000,100000,100000,10000000,12000000,634506000,634506000,0,0,0,0,0,0,10100000,12100000,100000,100000,10000000,12000000,0,0,0,0,0,0,0,0,100010,100000,100000,100000,10,0
600,3399606000,3400606000,100000,100000,7000000,8000000,634506000,634506000,8000000,8000000,2750000000,2750000000,2758000000,2758000000,2765100000,2766100000,100000,100000,7000000,8000000,0,0,8000000,8000000,2750000000,2750000000,2758000000,2758000000,100010,26100040,100000,100000,10,26000040
630,2973606000,2974606000,100000,100000,9000000,10000000,634506000,634506000,10000000,10000000,2320000000,2320000000,2330000000,2330000000,2339100000,2340100000,100000,100000,9000000,10000000,0,0,10000000,10000000,2320000000,2320000000,2330000000,2330000000,100010,83100020,100000,100000,10,83000020
660,1761606000,1768606000,100000,100000,10000000,17000000,634506000,634506000,17000000,17000000,1100000000,1100000000,1117000000,1117000000,1127100000,1134100000,100000,100000,10000000,17000000,0,0,17000000,17000000,1100000000,1100000000,1117000000,1117000000,100010,22100020,100000,100000,10,22000020
690,2359606000,2360606000,100000,100000,17000000,18000000,634506000,634506000,18000000,18000000,1690000000,1690000000,1708000000,1708000000,1725100000,1726100000,100000,100000,17000000,18000000,0,0,18000000,18000000,1690000000,1690000000,1708000000,1708000000,100010,21100010,100000,100000,10,21000010
720,1344606000,1352606000,100000,100000,1000000,9000000,634506000,634506000,9000000,9000000,700000000,700000000,709000000,709000000,710100000,718100000,100000,100000,1000000,9000000,0,0,9000000,9000000,700000000,700000000,709000000,709000000,100010,1100010,100000,100000,10,1000010
750,706606000,706606000,100000,100000,1000000,1000000,634506000,634506000,1000000,1000000,70000000,70000000,71000000,71000000,72100000,72100000,100000,100000,1000000,1000000,0,0,1000000,1000000,70000000,70000000,71000000,71000000,100010,1100010,100000,100000,10,1000010
780,1726606000,1726606000,100000,100000,1000000,1000000,634506000,634506000,1000000,1000000,1090000000,1090000000,1091000000,1091000000,1092100000,1092100000,100000,100000,1000000,1000000,0,0,1000000,1000000,1090000000,1090000000,1091000000,1091000000,100010,81100040,100000,100000,10,81000040
810,1986606000,1986606000,100000,100000,1000000,1000000,634506000,634506000,1000000,1000000,1350000000,1350000000,1351000000,1351000000,1352100000,1352100000,100000,100000,1000000,1000000,0,0,1000000,1000000,1350000000,1350000000,1351000000,1351000000,100010,18100020,100000,100000,10,18000020
840,950606000,950606000,100000,100000,8000000,8000000,634506000,634506000,8000000,8000000,300000000,300000000,308000000,308000000,316100000,316100000,100000,100000,8000000,8000000,0,0,8000000,8000000,300000000,300000000,308000000,308000000,100010,10100030,100000,100000,10,10000030
870,2909606000,2910606000,100000,100000,7000000,8000000,634506000,634506000,8000000,8000000,2260000000,2260000000,2268000000,2268000000,2275100000,2276100000,100000,100000,7000000,8000000,0,0,8000000,8000000,2260000000,2260000000,2268000000,2268000000,100010,85100030,100000,100000,10,85000030
900,2310606000,2310606000,100000,100000,8000000,8000000,634506000,634506000,8000000,8000000,1660000000,1660000000,1668000000,1668000000,1676100000,1676100000,100000,100000,8000000,8000000,0,0,8000000,8000000,1660000000,1660000000,1668000000,1668000000,100010,85100030,100000,100000,10,85000030
930,2693606000,2754606000,100000,100000,19000000,80000000,634506000,634506000,80000000,80000000,1960000000,1960000000,2040000000,2040000000,2059100000,2120100000,100000,100000,19000000,80000000,0,0,80000000,80000000,1960000000,1960000000,2040000000,2040000000,100010,72100020,100000,100000,10,72000020
960,1821606000,1822606000,100000,100000,8000000,9000000,634506000,634506000,9000000,9000000,1170000000,1170000000,1179000000,1179000000,1187100000,1188100000,100000,100000,8000000,9000000,0,0,9000000,9000000,1170000000,1170000000,1179000000,1179000000,100010,6100030,100000,100000,10,6000030
990,713606000,3887136000,100000,100000,19000000,20000000,634506000,3807036000,20000000,20000000,40000000,40000000,60000000,60000000,79100000,80100000,100000,100000,19000000,20000000,0,0,20000000,20000000,40000000,40000000,60000000,60000000,100010,100000,100000,100000,10,0
1020,645606000,649606000,100000,100000,11000000,15000000,634506000,634506000,0,0,0,0,0,0,11100000,15100000,100000,100000,11000000,15000000,0,0,0,0,0,0,0,0,100010,100000,100000,100000,10,0
1050,640606000,1277112000,100000,100000,6000000,8000000,634506000,1269012000,0,0,0,0,0,0,6100000,8100000,100000,100000,6000000,8000000,0,0,0,0,0,0,0,0,100010,100000,100000,100000,10,0
1080,665606000,2570124000,100000,100000,5000000,6000000,634506000,2538024000,6000000,6000000,20000000,20000000,26000000,26000000,31100000,32100000,100000,100000,5000000,6000000,0,0,6000000,6000000,20000000,20000000,26000000,26000000,100010,100000,100000,100000,10,0
1110,1362606000,10885196000,100000,100000,7000000,12000000,634506000,10152096000,11000000,11000000,710000000,710000000,721000000,721000000,728100000,733100000,100000,100000,7000000,12000000,0,0,11000000,11000000,710000000,710000000,721000000,721000000,100010,7100010,100000,100000,10,7000010
1140,915606000,3454630000,100000,100000,0,1000000,634506000,3172530000,1000000,1000000,280000000,280000000,281000000,281000000,281100000,282100000,100000,100000,0,1000000,0,0,1000000,1000000,280000000,280000000,281000000,281000000,100010,100000,100000,100000,10,0
1170,3350606000,7795148000,100000,100000,8000000,11000000,634506000,5076048000,8000000,8000000,2700000000,2700000000,2708000000,2708000000,2716100000,2719100000,100000,100000,8000000,11000000,0,0,8000000,8000000,2700000000,2700000000,2708000000,2708000000,100010,18100040,100000,100000,10,18000040
1200,645606000,1281112000,100000,100000,11000000,12000000,634506000,1269012000,0,0,0,0,0,0,11100000,12100000,100000,100000,11000000,12000000,0,0,0,0,0,0,0,0,100010,100000,100000,100000,10,0
1230,2146606000,4686630000,100000,100000,10000000,12000000,634506000,3172530000,12000000,12000000,1490000000,1490000000,1502000000,1502000000,1512100000,1514100000,100000,100000,10000000,12000000,0,0,12000000,12000000,1490000000,1490000000,1502000000,1502000000,100010,84100030,100000,100000,10,84000030
1260,710606000,3253630000,100000,100000,8000000,13000000,634506000,3172530000,8000000,8000000,60000000,60000000,68000000,68000000,76100000,81100000,100000,100000,8000000,13000000,0,0,8000000,8000000,60000000,60000000,68000000,68000000,100010,1100010,100000,100000,10,1000010
