,ssdn_lo,ssdn_hi,ssdn_detection_lo,ssdn_detection_hi,ssdn_notification_lo,ssdn_notification_hi,ssdn_computation_lo,ssdn_computation_hi,ssdn_transference_lo,ssdn_transference_hi,ssdn_installation_lo,ssdn_installation_hi,ssdn_update_lo,ssdn_update_hi,pcsdn_lo,pcsdn_hi,pcsdn_detection_lo,pcsdn_detection_hi,pcsdn_notification_lo,pcsdn_notification_hi,pcsdn_computation_lo,pcsdn_computation_hi,pcsdn_transference_lo,pcsdn_transference_hi,pcsdn_installation_lo,pcsdn_installation_hi,pcsdn_update_lo,pcsdn_update_hi,felix_lo,felix_hi,felix_detection_lo,felix_detection_hi,felix_coordination_lo,felix_coordination_hi
1,2110158000,2110983000,100000,100000,2919000,3744000,263395000,263395000,3744000,3744000,1840000000,1840000000,1843744000,1843744000,1846763000,1847588000,100000,100000,2919000,3744000,0,0,3744000,3744000,1840000000,1840000000,1843744000,1843744000,100010,1750020,100000,100000,10,1650020
31,2011255000,3685175000,100000,100000,13135000,14625000,263395000,263395000,14625000,17055000,1720000000,3390000000,1734625000,3407055000,1747860000,3421780000,100000,100000,13135000,14625000,0,0,14625000,17055000,1720000000,3390000000,1734625000,3407055000,100010,4378060,100000,100000,10,4278060
61,1135696000,1136009000,100000,100000,10944000,11257000,263395000,263395000,11257000,11257000,850000000,850000000,861257000,861257000,872301000,872614000,100000,100000,10944000,11257000,0,0,11257000,11257000,850000000,850000000,861257000,861257000,100010,12163070,100000,100000,10,12063070
91,2151070000,2151223000,100000,100000,3711000,3864000,263395000,263395000,3864000,3864000,1880000000,1880000000,1883864000,1883864000,1887675000,1887828000,100000,100000,3711000,3864000,0,0,3864000,3864000,1880000000,1880000000,1883864000,1883864000,100010,4782130,100000,100000,10,4682130
121,2176448000,2176803000,100000,100000,1299000,1654000,263395000,263395000,1654000,1654000,1910000000,1910000000,1911654000,1911654000,1913053000,1913408000,100000,100000,1299000,1654000,0,0,1654000,1654000,1910000000,1910000000,1911654000,1911654000,100010,3328120,100000,100000,10,3228120
151,281704000,282322000,100000,100000,18209000,18827000,263395000,263395000,0,0,0,0,0,0,18309000,18927000,100000,100000,18209000,18827000,0,0,0,0,0,0,0,0,100010,100000,100000,100000,10,0
181,1845214000,3247570000,100000,100000,15549000,16170000,263395000,263395000,16170000,17905000,1550000000,2950000000,1566170000,2967905000,1581819000,2984175000,100000,100000,15549000,16170000,0,0,16170000,17905000,1550000000,2950000000,1566170000,2967905000,100010,5546070,100000,100000,10,5446070
211,274213000,274270000,100000,100000,10718000,10775000,263395000,263395000,0,0,0,0,0,0,10818000,10875000,100000,100000,10718000,10775000,0,0,0,0,0,0,0,0,100010,100000,100000,100000,10,0
241,266352000,266774000,100000,100000,2857000,3279000,263395000,263395000,0,0,0,0,0,0,2957000,3379000,100000,100000,2857000,3279000,0,0,0,0,0,0,0,0,100010,100000,100000,100000,10,0
271,265270000,529098000,100000,100000,1775000,2208000,263395000,526790000,0,0,0,0,0,0,1875000,2308000,100000,100000,1775000,2208000,0,0,0,0,0,0,0,0,100010,100000,100000,100000,10,0
301,1930442000,2194474000,100000,100000,3155000,3792000,263395000,526790000,3792000,3792000,1660000000,1660000000,1663792000,1663792000,1667047000,1667684000,100000,100000,3155000,3792000,0,0,3792000,3792000,1660000000,1660000000,1663792000,1663792000,100010,4455140,100000,100000,10,4355140
331,1991883000,2519565000,100000,100000,13748000,14640000,263395000,790185000,14640000,14640000,1700000000,1700000000,1714640000,1714640000,1728488000,1729380000,100000,100000,13748000,14640000,0,0,14640000,14640000,1700000000,1700000000,1714640000,1714640000,100010,15325120,100000,100000,10,15225120
361,2202105000,2465870000,100000,100000,4120000,4490000,263395000,526790000,4490000,4490000,1930000000,1930000000,1934490000,1934490000,1938710000,1939080000,100000,100000,4120000,4490000,0,0,4490000,4490000,1930000000,1930000000,1934490000,1934490000,100010,925010,100000,100000,10,825010
391,305523000,833138000,100000,100000,978000,1803000,263395000,790185000,1050000,1050000,40000000,40000000,41050000,41050000,42128000,42953000,100000,100000,978000,1803000,0,0,1050000,1050000,40000000,40000000,41050000,41050000,100010,100000,100000,100000,10,0
421,264033000,792088000,100000,100000,538000,1803000,263395000,790185000,0,0,0,0,0,0,638000,1903000,100000,100000,538000,1803000,0,0,0,0,0,0,0,0,100010,100000,100000,100000,10,0
2,2118902000,2119333000,100000,100000,2488000,2919000,263395000,263395000,2919000,2919000,1850000000,1850000000,1852919000,1852919000,1855507000,1855938000,100000,100000,2488000,2919000,0,0,2919000,2919000,1850000000,1850000000,1852919000,1852919000,100010,2050020,100000,100000,10,1950020
32,1799116000,3214839000,100000,100000,12486000,13135000,263395000,263395000,13135000,18209000,1510000000,2920000000,1523135000,2938209000,1535721000,2951444000,100000,100000,12486000,13135000,0,0,13135000,18209000,1510000000,2920000000,1523135000,2938209000,100010,5174070,100000,100000,10,5074070
62,1104914000,1705614000,100000,100000,10475000,10944000,263395000,263395000,10944000,11175000,820000000,1420000000,830944000,1431175000,841519000,1442219000,100000,100000,10475000,10944000,0,0,10944000,11175000,820000000,1420000000,830944000,1431175000,100010,12315100,100000,100000,10,12215100
92,2024437000,2024639000,100000,100000,15370000,15572000,263395000,263395000,15572000,15572000,1730000000,1730000000,1745572000,1745572000,1761042000,1761244000,100000,100000,15370000,15572000,0,0,15572000,15572000,1730000000,1730000000,1745572000,1745572000,100010,5212070,100000,100000,10,5112070
122,1985744000,3687116000,100000,100000,950000,1299000,263395000,263395000,1299000,2322000,1720000000,3420000000,1721299000,3422322000,1722349000,3423721000,100000,100000,950000,1299000,0,0,1299000,2322000,1720000000,3420000000,1721299000,3422322000,100010,2979110,100000,100000,10,2879110
152,679839000,679913000,100000,100000,18135000,18209000,263395000,263395000,18209000,18209000,380000000,380000000,398209000,398209000,416444000,416518000,100000,100000,18135000,18209000,0,0,18209000,18209000,380000000,380000000,398209000,398209000,100010,8729120,100000,100000,10,8629120
182,1993843000,3236949000,100000,100000,14799000,15549000,263395000,263395000,15549000,17905000,1700000000,2940000000,1715549000,2957905000,1730448000,2973554000,100000,100000,14799000,15549000,0,0,15549000,17905000,1700000000,2940000000,1715549000,2957905000,100010,5799080,100000,100000,10,5699080
212,1490621000,1499127000,100000,100000,9310000,17816000,263395000,263395000,17816000,17816000,1200000000,1200000000,1217816000,1217816000,1227226000,1235732000,100000,100000,9310000,17816000,0,0,17816000,17816000,1200000000,1200000000,1217816000,1217816000,100010,8872010,100000,100000,10,8772010
242,265918000,266352000,100000,100000,2423000,2857000,263395000,263395000,0,0,0,0,0,0,2523000,2957000,100000,100000,2423000,2857000,0,0,0,0,0,0,0,0,100010,100000,100000,100000,10,0
272,2128127000,3276853000,100000,100000,1775000,2857000,263395000,790185000,2857000,3711000,1860000000,2480000000,1862857000,2483711000,1864732000,2486668000,100000,100000,1775000,2857000,0,0,2857000,3711000,1860000000,2480000000,1862857000,2483711000,100010,3804140,100000,100000,10,3704140
302,2140672000,2404618000,100000,100000,3313000,3864000,263395000,526790000,3864000,3864000,1870000000,1870000000,1873864000,1873864000,1877277000,1877828000,100000,100000,3313000,3864000,0,0,3864000,3864000,1870000000,1870000000,1873864000,1873864000,100010,4384120,100000,100000,10,4284120
332,2000562000,2265066000,100000,100000,12979000,14088000,263395000,526790000,14088000,14088000,1710000000,1710000000,1724088000,1724088000,1737167000,1738276000,100000,100000,12979000,14088000,0,0,14088000,14088000,1710000000,1710000000,1724088000,1724088000,100010,14556110,100000,100000,10,14456110
362,2191830000,2455650000,100000,100000,4065000,4270000,263395000,526790000,4270000,4490000,1920000000,1920000000,1924270000,1924490000,1928435000,1928860000,100000,100000,4065000,4270000,0,0,4270000,4490000,1920000000,1920000000,1924270000,1924490000,100010,1145020,100000,100000,10,1045020
392,1646581000,2175021000,100000,100000,10718000,12368000,263395000,790185000,12368000,12368000,1360000000,1360000000,1372368000,1372368000,1383186000,1384836000,100000,100000,10718000,12368000,0,0,12368000,12368000,1360000000,1360000000,1372368000,1372368000,100010,12295080,100000,100000,10,12195080
422,280845000,281238000,100000,100000,17350000,17743000,263395000,263395000,0,0,0,0,0,0,17450000,17843000,100000,100000,17350000,17743000,0,0,0,0,0,0,0,0,100010,100000,100000,100000,10,0
3,2099270000,2101335000,100000,100000,2215000,3560000,263395000,263395000,3560000,4280000,1830000000,1830000000,1833560000,1834280000,1835875000,1837940000,100000,100000,2215000,3560000,0,0,3560000,4280000,1830000000,1830000000,1833560000,1834280000,100010,820020,100000,100000,10,720020
33,276109000,276443000,100000,100000,12614000,12948000,263395000,263395000,0,0,0,0,0,0,12714000,13048000,100000,100000,12614000,12948000,0,0,0,0,0,0,0,0,100010,100000,100000,100000,10,0
63,1653743000,1654445000,100000,100000,9773000,10475000,263395000,263395000,10475000,10475000,1370000000,1370000000,1380475000,1380475000,1390348000,1391050000,100000,100000,9773000,10475000,0,0,10475000,10475000,1370000000,1370000000,1380475000,1380475000,100010,11613110,100000,100000,10,11513110
93,2013838000,2014437000,100000,100000,14973000,15370000,263395000,263395000,15370000,15572000,1720000000,1720000000,1735370000,1735572000,1750443000,1751042000,100000,100000,14973000,15370000,0,0,15370000,15572000,1720000000,1720000000,1735370000,1735572000,100010,4853070,100000,100000,10,4753070
123,278135000,278249000,100000,100000,14640000,14754000,263395000,263395000,0,0,0,0,0,0,14740000,14854000,100000,100000,14640000,14754000,0,0,0,0,0,0,0,0,100010,100000,100000,100000,10,0
153,2159535000,2159765000,100000,100000,17905000,18135000,263395000,263395000,18135000,18135000,1860000000,1860000000,1878135000,1878135000,1896140000,1896370000,100000,100000,17905000,18135000,0,0,18135000,18135000,1860000000,1860000000,1878135000,1878135000,100010,8499110,100000,100000,10,8399110
183,2082919000,3226199000,100000,100000,14625000,14799000,263395000,263395000,14799000,17905000,1790000000,2930000000,1804799000,2947905000,1819524000,2962804000,100000,100000,14625000,14799000,0,0,14799000,17905000,1790000000,2930000000,1804799000,2947905000,100010,5868070,100000,100000,10,5768070
213,1452230000,1452345000,100000,100000,9310000,9425000,263395000,263395000,9425000,9425000,1170000000,1170000000,1179425000,1179425000,1188835000,1188950000,100000,100000,9310000,9425000,0,0,9425000,9425000,1170000000,1170000000,1179425000,1179425000,100010,12938060,100000,100000,10,12838060
243,1051084000,1059127000,100000,100000,9773000,17816000,263395000,263395000,17816000,17816000,760000000,760000000,777816000,777816000,787689000,795732000,100000,100000,9773000,17816000,0,0,17816000,17816000,760000000,760000000,777816000,777816000,100010,100000,100000,100000,10,0
273,2026569000,2291443000,100000,100000,1299000,1775000,263395000,526790000,1775000,2778000,1760000000,1760000000,1761775000,1762778000,1763174000,1764653000,100000,100000,1299000,1775000,0,0,1775000,2778000,1760000000,1760000000,1761775000,1762778000,100010,3328120,100000,100000,10,3228120
303,550998000,814546000,100000,100000,3711000,3864000,263395000,526790000,3792000,3792000,280000000,280000000,283792000,283792000,287603000,287756000,100000,100000,3711000,3864000,0,0,3792000,3792000,280000000,280000000,283792000,283792000,100010,3669080,100000,100000,10,3569080
333,959720000,1224434000,100000,100000,12453000,13772000,263395000,526790000,13772000,13772000,670000000,670000000,683772000,683772000,696325000,697644000,100000,100000,12453000,13772000,0,0,13772000,13772000,670000000,670000000,683772000,683772000,100010,12553060,100000,100000,10,12453060
363,291624000,555844000,100000,100000,3744000,4569000,263395000,526790000,4385000,4385000,20000000,20000000,24385000,24385000,28229000,29054000,100000,100000,3744000,4569000,0,0,4385000,4385000,20000000,20000000,24385000,24385000,100010,100000,100000,100000,10,0
393,530783000,1058837000,100000,100000,13516000,14780000,263395000,790185000,13772000,13772000,240000000,240000000,253772000,253772000,267388000,268652000,100000,100000,13516000,14780000,0,0,13772000,13772000,240000000,240000000,253772000,253772000,100010,5888080,100000,100000,10,5788080
423,376339000,904450000,100000,100000,16422000,17743000,263395000,790185000,16422000,16422000,80000000,80000000,96422000,96422000,112944000,114265000,100000,100000,16422000,17743000,0,0,16422000,16422000,80000000,80000000,96422000,96422000,100010,100000,100000,100000,10,0
4,380799000,380983000,100000,100000,3560000,3744000,263395000,263395000,3744000,3744000,110000000,110000000,113744000,113744000,117404000,117588000,100000,100000,3560000,3744000,0,0,3744000,3744000,110000000,110000000,113744000,113744000,100010,1561020,100000,100000,10,1461020
34,1767981000,1768401000,100000,100000,12033000,12453000,263395000,263395000,12453000,12453000,1480000000,1480000000,1492453000,1492453000,1504586000,1505006000,100000,100000,12033000,12453000,0,0,12453000,12453000,1480000000,1480000000,1492453000,1492453000,100010,13873120,100000,100000,10,13773120
64,1513309000,1514645000,100000,100000,9239000,10575000,263395000,263395000,10575000,10575000,1230000000,1230000000,1240575000,1240575000,1249914000,1251250000,100000,100000,9239000,10575000,0,0,10575000,10575000,1230000000,1230000000,1240575000,1240575000,100010,700010,100000,100000,10,600010
94,615237000,637874000,100000,100000,15572000,16170000,263395000,263395000,16170000,18209000,320000000,340000000,336170000,358209000,351842000,374479000,100000,100000,15572000,16170000,0,0,16170000,18209000,320000000,340000000,336170000,358209000,100010,5414080,100000,100000,10,5314080
124,532435000,532775000,100000,100000,14300000,14640000,263395000,263395000,14640000,14640000,240000000,240000000,254640000,254640000,269040000,269380000,100000,100000,14300000,14640000,0,0,14640000,14640000,240000000,240000000,254640000,254640000,100010,7871110,100000,100000,10,7771110
154,2008141000,2008249000,100000,100000,17269000,17377000,263395000,263395000,17377000,17377000,1710000000,1710000000,1727377000,1727377000,1744746000,1744854000,100000,100000,17269000,17377000,0,0,17377000,17377000,1710000000,1710000000,1727377000,1727377000,100010,8269110,100000,100000,10,8169110
184,1507073000,1507353000,100000,100000,1649000,1929000,263395000,263395000,1929000,1929000,1240000000,1240000000,1241929000,1241929000,1243678000,1243958000,100000,100000,1649000,1929000,0,0,1929000,1929000,1240000000,1240000000,1241929000,1241929000,100010,15901140,100000,100000,10,15801140
214,783343000,1142230000,100000,100000,538000,9310000,263395000,263395000,9310000,9425000,510000000,860000000,519310000,869425000,519948000,878835000,100000,100000,538000,9310000,0,0,9310000,9425000,510000000,860000000,519310000,869425000,100010,8606010,100000,100000,10,8506010
244,2099727000,2364378000,100000,100000,2488000,3744000,263395000,526790000,3744000,3744000,1830000000,1830000000,1833744000,1833744000,1836332000,1837588000,100000,100000,2488000,3744000,0,0,3744000,3744000,1830000000,1830000000,1833744000,1833744000,100010,373010,100000,100000,10,273010
274,1866815000,2394351000,100000,100000,11287000,12033000,263395000,790185000,12033000,12033000,1580000000,1580000000,1592033000,1592033000,1603420000,1604166000,100000,100000,11287000,12033000,0,0,12033000,12033000,1580000000,1580000000,1592033000,1592033000,100010,13127100,100000,100000,10,13027100
304,2014040000,2278034000,100000,100000,14973000,15572000,263395000,526790000,15572000,15572000,1720000000,1720000000,1735572000,1735572000,1750645000,1751244000,100000,100000,14973000,15572000,0,0,15572000,15572000,1720000000,1720000000,1735572000,1735572000,100010,4815060,100000,100000,10,4715060
334,266367000,267192000,100000,100000,2872000,3697000,263395000,263395000,0,0,0,0,0,0,2972000,3797000,100000,100000,2872000,3697000,0,0,0,0,0,0,0,0,100010,100000,100000,100000,10,0
364,302150000,565765000,100000,100000,4270000,4490000,263395000,526790000,4385000,4385000,30000000,30000000,34385000,34385000,38755000,38975000,100000,100000,4270000,4490000,0,0,4385000,4385000,30000000,30000000,34385000,34385000,100010,305020,100000,100000,10,205020
394,1270783000,1798967000,100000,100000,12947000,14341000,263395000,790185000,14341000,14341000,980000000,980000000,994341000,994341000,1007388000,1008782000,100000,100000,12947000,14341000,0,0,14341000,14341000,980000000,980000000,994341000,994341000,100010,13878080,100000,100000,10,13778080
424,281704000,282322000,100000,100000,18209000,18827000,263395000,263395000,0,0,0,0,0,0,18309000,18927000,100000,100000,18209000,18827000,0,0,0,0,0,0,0,0,100010,100000,100000,100000,10,0
5,2200936000,2201656000,100000,100000,3560000,3881000,263395000,263395000,3881000,4280000,1930000000,1930000000,1933881000,1934280000,1937541000,1938261000,100000,100000,3560000,3881000,0,0,3881000,4280000,1930000000,1930000000,1933881000,1934280000,100010,1750020,100000,100000,10,1650020
35,1877270000,1877561000,100000,100000,11742000,12033000,263395000,263395000,12033000,12033000,1590000000,1590000000,1602033000,1602033000,1613875000,1614166000,100000,100000,11742000,12033000,0,0,12033000,12033000,1590000000,1590000000,1602033000,1602033000,100010,13582110,100000,100000,10,13482110
65,298523000,298625000,100000,100000,2514000,2616000,263395000,263395000,2514000,2514000,30000000,30000000,32514000,32514000,35128000,35230000,100000,100000,2514000,2616000,0,0,2514000,2514000,30000000,30000000,32514000,32514000,100010,100000,100000,100000,10,0
95,279067000,279463000,100000,100000,15572000,15968000,263395000,263395000,0,0,0,0,0,0,15672000,16068000,100000,100000,15572000,15968000,0,0,0,0,0,0,0,0,100010,100000,100000,100000,10,0
125,2002223000,2002775000,100000,100000,14088000,14640000,263395000,263395000,14640000,14640000,1710000000,1710000000,1724640000,1724640000,1738828000,1739380000,100000,100000,14088000,14640000,0,0,14640000,14640000,1710000000,1710000000,1724640000,1724640000,100010,7960110,100000,100000,10,7860110
155,2048006000,2048033000,100000,100000,17242000,17269000,263395000,263395000,17269000,17269000,1750000000,1750000000,1767269000,1767269000,1784611000,1784638000,100000,100000,17242000,17269000,0,0,17269000,17269000,1750000000,1750000000,1767269000,1767269000,100010,8485100,100000,100000,10,8385100
185,1736580000,1736709000,100000,100000,1478000,1607000,263395000,263395000,1607000,1607000,1470000000,1470000000,1471607000,1471607000,1473185000,1473314000,100000,100000,1478000,1607000,0,0,1607000,1607000,1470000000,1470000000,1471607000,1471607000,100010,12226070,100000,100000,10,12126070
215,1072345000,1112562000,100000,100000,9425000,9757000,263395000,263395000,9425000,9310000,790000000,830000000,799425000,839310000,808950000,849167000,100000,100000,9425000,9757000,0,0,9425000,9310000,790000000,830000000,799425000,839310000,100010,13053060,100000,100000,10,12953060
245,2189591000,3245740000,100000,100000,2215000,4385000,263395000,1316975000,3881000,4280000,1920000000,1920000000,1923881000,1924280000,1926196000,1928765000,100000,100000,2215000,4385000,0,0,3881000,4280000,1920000000,1920000000,1923881000,1924280000,100010,1240020,100000,100000,10,1140020
275,274439000,275026000,100000,100000,10944000,11531000,263395000,263395000,0,0,0,0,0,0,11044000,11631000,100000,100000,10944000,11531000,0,0,0,0,0,0,0,0,100010,100000,100000,100000,10,0
305,545035000,1094664000,100000,100000,15370000,16170000,263395000,790185000,16170000,18209000,250000000,270000000,266170000,288209000,281640000,304479000,100000,100000,15370000,16170000,0,0,16170000,18209000,250000000,270000000,266170000,288209000,100010,5212070,100000,100000,10,5112070
335,1546068000,1809828000,100000,100000,1104000,1469000,263395000,526790000,1469000,1469000,1280000000,1280000000,1281469000,1281469000,1282673000,1283038000,100000,100000,1104000,1469000,0,0,1469000,1469000,1280000000,1280000000,1281469000,1281469000,100010,11920050,100000,100000,10,11820050
365,279463000,543549000,100000,100000,15968000,16659000,263395000,526790000,0,0,0,0,0,0,16068000,16759000,100000,100000,15968000,16659000,0,0,0,0,0,0,0,0,100010,100000,100000,100000,10,0
395,274558000,274764000,100000,100000,11063000,11269000,263395000,263395000,0,0,0,0,0,0,11163000,11369000,100000,100000,11063000,11269000,0,0,0,0,0,0,0,0,100010,100000,100000,100000,10,0
425,1494608000,2294830000,100000,100000,538000,10575000,263395000,1053580000,10575000,10575000,1220000000,1220000000,1230575000,1230575000,1231213000,1241250000,100000,100000,538000,10575000,0,0,10575000,10575000,1220000000,1220000000,1230575000,1230575000,100010,5107090,100000,100000,10,5007090
6,2190960000,2191305000,100000,100000,3560000,3905000,263395000,263395000,3905000,3905000,1920000000,1920000000,1923905000,1923905000,1927565000,1927910000,100000,100000,3560000,3905000,0,0,3905000,3905000,1920000000,1920000000,1923905000,1923905000,100010,1750020,100000,100000,10,1650020
36,2218895000,2219389000,100000,100000,12453000,12947000,263395000,263395000,12947000,12947000,1930000000,1930000000,1942947000,1942947000,1955500000,1955994000,100000,100000,12453000,12947000,0,0,12947000,12947000,1930000000,1930000000,1942947000,1942947000,100010,14293120,100000,100000,10,14193120
66,2197714000,2198523000,100000,100000,1705000,2514000,263395000,263395000,2514000,2514000,1930000000,1930000000,1932514000,1932514000,1934319000,1935128000,100000,100000,1705000,2514000,0,0,2514000,2514000,1930000000,1930000000,1932514000,1932514000,100010,152010,100000,100000,10,52010
96,1822230000,1823055000,100000,100000,13955000,14780000,263395000,263395000,14780000,14780000,1530000000,1530000000,1544780000,1544780000,1558835000,1559660000,100000,100000,13955000,14780000,0,0,14780000,14780000,1530000000,1530000000,1544780000,1544780000,100010,15487120,100000,100000,10,15387120
126,2030222000,2030991000,100000,100000,12979000,13748000,263395000,263395000,13748000,13748000,1740000000,1740000000,1753748000,1753748000,1766827000,1767596000,100000,100000,12979000,13748000,0,0,13748000,13748000,1740000000,1740000000,1753748000,1753748000,100010,14556110,100000,100000,10,14456110
156,2057792000,2057979000,100000,100000,17055000,17242000,263395000,263395000,17242000,17242000,1760000000,1760000000,1777242000,1777242000,1794397000,1794584000,100000,100000,17055000,17242000,0,0,17242000,17242000,1760000000,1760000000,1777242000,1777242000,100010,8298090,100000,100000,10,8198090
186,896212000,896479000,100000,100000,1225000,1492000,263395000,263395000,1492000,1492000,630000000,630000000,631492000,631492000,632817000,633084000,100000,100000,1225000,1492000,0,0,1492000,1492000,630000000,630000000,631492000,631492000,100010,925010,100000,100000,10,825010
216,1483009000,1483071000,100000,100000,9757000,9819000,263395000,263395000,9757000,9757000,1200000000,1200000000,1209757000,1209757000,1219614000,1219676000,100000,100000,9757000,9819000,0,0,9757000,9757000,1200000000,1200000000,1209757000,1209757000,100010,11191060,100000,100000,10,11091060
246,2195653000,2459376000,100000,100000,915000,1243000,263395000,526790000,1243000,1243000,1930000000,1930000000,1931243000,1931243000,1932258000,1932586000,100000,100000,915000,1243000,0,0,1243000,1243000,1930000000,1930000000,1931243000,1931243000,100010,11663040,100000,100000,10,11563040
276,1676024000,2203455000,100000,100000,10944000,11585000,263395000,790185000,11585000,11585000,1390000000,1390000000,1401585000,1401585000,1412629000,1413270000,100000,100000,10944000,11585000,0,0,11585000,11585000,1390000000,1390000000,1401585000,1401585000,100010,2238040,100000,100000,10,2138040
306,1811791000,2339845000,100000,100000,13516000,14780000,263395000,790185000,14780000,14780000,1520000000,1520000000,1534780000,1534780000,1548396000,1549660000,100000,100000,13516000,14780000,0,0,14780000,14780000,1520000000,1520000000,1534780000,1534780000,100010,15048110,100000,100000,10,14948110
336,2585508000,3376816000,100000,100000,445000,1568000,263395000,1053580000,1568000,1568000,2320000000,2320000000,2321568000,2321568000,2322113000,2323236000,100000,100000,445000,1568000,0,0,1568000,1568000,2320000000,2320000000,2321568000,2321568000,100010,11261040,100000,100000,10,11161040
366,279067000,543183000,100000,100000,15572000,16293000,263395000,526790000,0,0,0,0,0,0,15672000,16393000,100000,100000,15572000,16293000,0,0,0,0,0,0,0,0,100010,100000,100000,100000,10,0
396,955325000,1899290000,100000,100000,915000,11269000,263395000,1053580000,915000,14341000,690000000,820000000,690915000,834341000,691930000,845710000,100000,100000,915000,11269000,0,0,915000,14341000,690000000,820000000,690915000,834341000,100010,4111060,100000,100000,10,4011060
426,266775000,266916000,100000,100000,3280000,3421000,263395000,263395000,0,0,0,0,0,0,3380000,3521000,100000,100000,3280000,3421000,0,0,0,0,0,0,0,0,100010,100000,100000,100000,10,0
7,2181440000,2182265000,100000,100000,3560000,4385000,263395000,263395000,4385000,4385000,1910000000,1910000000,1914385000,1914385000,1918045000,1918870000,100000,100000,3560000,4385000,0,0,4385000,4385000,1910000000,1910000000,1914385000,1914385000,100010,1718020,100000,100000,10,1618020
37,1878931000,1879461000,100000,100000,12453000,12983000,263395000,263395000,12983000,12983000,1590000000,1590000000,1602983000,1602983000,1615536000,1616066000,100000,100000,12453000,12983000,0,0,12983000,12983000,1590000000,1590000000,1602983000,1602983000,100010,14293120,100000,100000,10,14193120
67,2197868000,2198727000,100000,100000,1757000,2616000,263395000,263395000,2616000,2616000,1930000000,1930000000,1932616000,1932616000,1934473000,1935332000,100000,100000,1757000,2616000,0,0,2616000,2616000,1930000000,1930000000,1932616000,1932616000,100010,152010,100000,100000,10,52010
97,651750000,652095000,100000,100000,13955000,14300000,263395000,263395000,14300000,14300000,360000000,360000000,374300000,374300000,388355000,388700000,100000,100000,13955000,14300000,0,0,14300000,14300000,360000000,360000000,374300000,374300000,100010,6686090,100000,100000,10,6586090
127,1288842000,1289453000,100000,100000,12368000,12979000,263395000,263395000,12979000,12979000,1000000000,1000000000,1012979000,1012979000,1025447000,1026058000,100000,100000,12368000,12979000,0,0,12979000,12979000,1000000000,1000000000,1012979000,1012979000,100010,13945100,100000,100000,10,13845100
157,2156174000,2157605000,100000,100000,15624000,17055000,263395000,263395000,17055000,17055000,1860000000,1860000000,1877055000,1877055000,1892779000,1894210000,100000,100000,15624000,17055000,0,0,17055000,17055000,1860000000,1860000000,1877055000,1877055000,100010,6867080,100000,100000,10,6767080
187,2177386000,2177589000,100000,100000,1844000,2047000,263395000,263395000,2047000,2047000,1910000000,1910000000,1912047000,1912047000,1913991000,1914194000,100000,100000,1844000,2047000,0,0,2047000,2047000,1910000000,1910000000,1912047000,1912047000,100010,12592080,100000,100000,10,12492080
217,343852000,353133000,100000,100000,538000,9819000,263395000,263395000,9819000,9819000,70000000,70000000,79819000,79819000,80457000,89738000,100000,100000,538000,9819000,0,0,9819000,9819000,70000000,70000000,79819000,79819000,100010,100000,100000,100000,10,0
247,1675610000,2250209000,100000,100000,915000,1200000,263395000,526790000,1200000,2119000,1410000000,1720000000,1411200000,1722119000,1412215000,1723419000,100000,100000,915000,1200000,0,0,1200000,2119000,1410000000,1720000000,1411200000,1722119000,100010,14906080,100000,100000,10,14806080
277,274703000,274850000,100000,100000,11208000,11355000,263395000,263395000,0,0,0,0,0,0,11308000,11455000,100000,100000,11208000,11355000,0,0,0,0,0,0,0,0,100010,100000,100000,100000,10,0
307,1980433000,2809406000,100000,100000,12983000,14341000,263395000,790185000,13955000,14780000,1690000000,1990000000,1703955000,2004780000,1717038000,2019221000,100000,100000,12983000,14341000,0,0,13955000,14780000,1690000000,1990000000,1703955000,2004780000,100010,14823130,100000,100000,10,14723130
337,264599000,264894000,100000,100000,1104000,1399000,263395000,263395000,0,0,0,0,0,0,1204000,1499000,100000,100000,1104000,1399000,0,0,0,0,0,0,0,0,100010,100000,100000,100000,10,0
367,280154000,808403000,100000,100000,16659000,18118000,263395000,790185000,0,0,0,0,0,0,16759000,18218000,100000,100000,16659000,18118000,0,0,0,0,0,0,0,0,100010,100000,100000,100000,10,0
397,1385470000,1912799000,100000,100000,10718000,11257000,263395000,790185000,11257000,11257000,1100000000,1100000000,1111257000,1111257000,1122075000,1122614000,100000,100000,10718000,11257000,0,0,11257000,11257000,1100000000,1100000000,1111257000,1111257000,100010,11950060,100000,100000,10,11850060
427,2184162000,5663695000,100000,100000,0,10718000,263395000,2370555000,667000,2322000,1920000000,3280000000,1920667000,3282322000,1920767000,3293140000,100000,100000,0,10718000,0,0,667000,2322000,1920000000,3280000000,1920667000,3282322000,100010,4011050,100000,100000,10,3911050
8,2205711000,2205981000,100000,100000,973000,1243000,263395000,263395000,1243000,1243000,1940000000,1940000000,1941243000,1941243000,1942316000,1942586000,100000,100000,973000,1243000,0,0,1243000,1243000,1940000000,1940000000,1941243000,1941243000,100010,11721050,100000,100000,10,11621050
38,1188927000,1189453000,100000,100000,12453000,12979000,263395000,263395000,12979000,12979000,900000000,900000000,912979000,912979000,925532000,926058000,100000,100000,12453000,12979000,0,0,12979000,12979000,900000000,900000000,912979000,912979000,100010,13280070,100000,100000,10,13180070
68,266111000,266775000,100000,100000,2616000,3280000,263395000,263395000,0,0,0,0,0,0,2716000,3380000,100000,100000,2616000,3280000,0,0,0,0,0,0,0,0,100010,100000,100000,100000,10,0
98,1990966000,1991405000,100000,100000,13516000,13955000,263395000,263395000,13955000,13955000,1700000000,1700000000,1713955000,1713955000,1727571000,1728010000,100000,100000,13516000,13955000,0,0,13955000,13955000,1700000000,1700000000,1713955000,1713955000,100010,15356140,100000,100000,10,15256140
128,1320246000,1321039000,100000,100000,12979000,13772000,263395000,263395000,13772000,13772000,1030000000,1030000000,1043772000,1043772000,1056851000,1057644000,100000,100000,12979000,13772000,0,0,13772000,13772000,1030000000,1030000000,1043772000,1043772000,100010,14556110,100000,100000,10,14456110
158,387900000,388195000,100000,100000,17055000,17350000,263395000,263395000,17350000,17350000,90000000,90000000,107350000,107350000,124505000,124800000,100000,100000,17055000,17350000,0,0,17350000,17350000,90000000,90000000,107350000,107350000,100010,2371060,100000,100000,10,2271060
188,3017595000,3088369000,100000,100000,1844000,2256000,263395000,263395000,2256000,2618000,2750000000,2820000000,2752256000,2822618000,2754200000,2824974000,100000,100000,1844000,2256000,0,0,2256000,2618000,2750000000,2820000000,2752256000,2822618000,100010,5289130,100000,100000,10,5189130
218,1893087000,1893133000,100000,100000,9773000,9819000,263395000,263395000,9819000,9819000,1610000000,1610000000,1619819000,1619819000,1629692000,1629738000,100000,100000,9773000,9819000,0,0,9819000,9819000,1610000000,1610000000,1619819000,1619819000,100010,1828020,100000,100000,10,1728020
248,1936056000,4023926000,100000,100000,1039000,1522000,263395000,790185000,1522000,2119000,1670000000,3230000000,1671522000,3232119000,1672661000,3233741000,100000,100000,1039000,1522000,0,0,1522000,2119000,1670000000,3230000000,1671522000,3232119000,100010,15030090,100000,100000,10,14930090
278,274439000,274920000,100000,100000,10944000,11425000,263395000,263395000,0,0,0,0,0,0,11044000,11525000,100000,100000,10944000,11425000,0,0,0,0,0,0,0,0,100010,100000,100000,100000,10,0
308,2060467000,2852033000,100000,100000,12983000,14364000,263395000,1053580000,13989000,13989000,1770000000,1770000000,1783989000,1783989000,1797072000,1798453000,100000,100000,12983000,14364000,0,0,13989000,13989000,1770000000,1770000000,1783989000,1783989000,100010,4705080,100000,100000,10,4605080
338,1557273000,1821848000,100000,100000,1299000,2479000,263395000,526790000,2479000,2479000,1290000000,1290000000,1292479000,1292479000,1293878000,1295058000,100000,100000,1299000,2479000,0,0,2479000,2479000,1290000000,1290000000,1292479000,1292479000,100010,2006070,100000,100000,10,1906070
368,279788000,544492000,100000,100000,16293000,17602000,263395000,526790000,0,0,0,0,0,0,16393000,17702000,100000,100000,16293000,17602000,0,0,0,0,0,0,0,0,100010,100000,100000,100000,10,0
398,1845483000,2910161000,100000,100000,445000,11543000,263395000,1316975000,11543000,11543000,1570000000,1570000000,1581543000,1581543000,1582088000,1593186000,100000,100000,445000,11543000,0,0,11543000,11543000,1570000000,1570000000,1581543000,1581543000,100010,4011050,100000,100000,10,3911050
428,914385000,1178125000,100000,100000,445000,790000,263395000,526790000,445000,445000,650000000,650000000,650445000,650445000,650990000,651335000,100000,100000,445000,790000,0,0,445000,445000,650000000,650000000,650445000,650445000,100010,14342090,100000,100000,10,14242090
9,2205383000,2205441000,100000,100000,915000,973000,263395000,263395000,973000,973000,1940000000,1940000000,1940973000,1940973000,1941988000,1942046000,100000,100000,915000,973000,0,0,973000,973000,1940000000,1940000000,1940973000,1940973000,100010,11663040,100000,100000,10,11563040
39,2147558000,2147813000,100000,100000,1904000,2159000,263395000,263395000,2159000,2159000,1880000000,1880000000,1882159000,1882159000,1884163000,1884418000,100000,100000,1904000,2159000,0,0,2159000,2159000,1880000000,1880000000,1882159000,1882159000,100010,2165070,100000,100000,10,2065070
69,2196957000,2197009000,100000,100000,1705000,1757000,263395000,263395000,1757000,1757000,1930000000,1930000000,1931757000,1931757000,1933562000,1933614000,100000,100000,1705000,1757000,0,0,1757000,1757000,1930000000,1930000000,1931757000,1931757000,100010,959010,100000,100000,10,859010
99,2029994000,2030527000,100000,100000,12983000,13516000,263395000,263395000,13516000,13516000,1740000000,1740000000,1753516000,1753516000,1766599000,1767132000,100000,100000,12983000,13516000,0,0,13516000,13516000,1740000000,1740000000,1753516000,1753516000,100010,14823130,100000,100000,10,14723130
129,1677406000,1678231000,100000,100000,11543000,12368000,263395000,263395000,12368000,12368000,1390000000,1390000000,1402368000,1402368000,1414011000,1414836000,100000,100000,11543000,12368000,0,0,12368000,12368000,1390000000,1390000000,1402368000,1402368000,100010,13120090,100000,100000,10,13020090
159,2155541000,2156339000,100000,100000,15624000,16422000,263395000,263395000,16422000,16422000,1860000000,1860000000,1876422000,1876422000,1892146000,1892944000,100000,100000,15624000,16422000,0,0,16422000,16422000,1860000000,1860000000,1876422000,1876422000,100010,4427050,100000,100000,10,4327050
189,2116817000,2117183000,100000,100000,1478000,1844000,263395000,263395000,1844000,1844000,1850000000,1850000000,1851844000,1851844000,1853422000,1853788000,100000,100000,1478000,1844000,0,0,1844000,1844000,1850000000,1850000000,1851844000,1851844000,100010,12226070,100000,100000,10,12126070
219,723759000,733133000,100000,100000,445000,9819000,263395000,263395000,9819000,9819000,450000000,450000000,459819000,459819000,460364000,469738000,100000,100000,445000,9819000,0,0,9819000,9819000,450000000,450000000,459819000,459819000,100010,3653030,100000,100000,10,3553030
249,756946000,1020748000,100000,100000,1522000,1929000,263395000,526790000,1929000,1929000,490000000,490000000,491929000,491929000,493551000,493958000,100000,100000,1522000,1929000,0,0,1929000,1929000,490000000,490000000,491929000,491929000,100010,14688100,100000,100000,10,14588100
279,1676181000,1940374000,100000,100000,10944000,11742000,263395000,526790000,11742000,11742000,1390000000,1390000000,1401742000,1401742000,1412786000,1413584000,100000,100000,10944000,11742000,0,0,11742000,11742000,1390000000,1390000000,1401742000,1401742000,100010,12784090,100000,100000,10,12684090
309,277218000,541339000,100000,100000,13723000,14449000,263395000,526790000,0,0,0,0,0,0,13823000,14549000,100000,100000,13723000,14449000,0,0,0,0,0,0,0,0,100010,100000,100000,100000,10,0
339,787542000,1051848000,100000,100000,1568000,2479000,263395000,526790000,2479000,2479000,520000000,520000000,522479000,522479000,524147000,525058000,100000,100000,1568000,2479000,0,0,2479000,2479000,520000000,520000000,522479000,522479000,100010,2972100,100000,100000,10,2872100
369,281097000,281409000,100000,100000,17602000,17914000,263395000,263395000,0,0,0,0,0,0,17702000,18014000,100000,100000,17602000,17914000,0,0,0,0,0,0,0,0,100010,100000,100000,100000,10,0
399,1471849000,2279312000,100000,100000,538000,17816000,263395000,1053580000,17816000,17816000,1190000000,1190000000,1207816000,1207816000,1208454000,1225732000,100000,100000,538000,17816000,0,0,17816000,17816000,1190000000,1190000000,1207816000,1207816000,100010,4335050,100000,100000,10,4235050
429,1875522000,2139330000,100000,100000,807000,1220000,263395000,526790000,1220000,1220000,1610000000,1610000000,1611220000,1611220000,1612127000,1612540000,100000,100000,807000,1220000,0,0,1220000,1220000,1610000000,1610000000,1611220000,1611220000,100010,15059120,100000,100000,10,14959120
10,1685734000,2006814000,100000,100000,1039000,1200000,263395000,263395000,1200000,2119000,1420000000,1740000000,1421200000,1742119000,1422339000,1743419000,100000,100000,1039000,1200000,0,0,1200000,2119000,1420000000,1740000000,1421200000,1742119000,100010,15030090,100000,100000,10,14930090
40,2147992000,2148171000,100000,100000,2159000,2338000,263395000,263395000,2338000,2338000,1880000000,1880000000,1882338000,1882338000,1884597000,1884776000,100000,100000,2159000,2338000,0,0,2338000,2338000,1880000000,1880000000,1882338000,1882338000,100010,2140060,100000,100000,10,2040060
70,264715000,265200000,100000,100000,1220000,1705000,263395000,263395000,0,0,0,0,0,0,1320000,1805000,100000,100000,1220000,1705000,0,0,0,0,0,0,0,0,100010,100000,100000,100000,10,0
100,1041352000,1042177000,100000,100000,13516000,14341000,263395000,263395000,14341000,14341000,750000000,750000000,764341000,764341000,777957000,778782000,100000,100000,13516000,14341000,0,0,14341000,14341000,750000000,750000000,764341000,764341000,100010,15356140,100000,100000,10,15256140
130,275038000,275863000,100000,100000,11543000,12368000,263395000,263395000,0,0,0,0,0,0,11643000,12468000,100000,100000,11543000,12368000,0,0,0,0,0,0,0,0,100010,100000,100000,100000,10,0
160,2143744000,2145541000,100000,100000,14625000,15624000,263395000,263395000,15624000,16422000,1850000000,1850000000,1865624000,1866422000,1880349000,1882146000,100000,100000,14625000,15624000,0,0,15624000,16422000,1850000000,1850000000,1865624000,1866422000,100010,5868070,100000,100000,10,5768070
190,267264000,267463000,100000,100000,3769000,3968000,263395000,263395000,0,0,0,0,0,0,3869000,4068000,100000,100000,3769000,3968000,0,0,0,0,0,0,0,0,100010,100000,100000,100000,10,0
220,264102000,264164000,100000,100000,607000,669000,263395000,263395000,0,0,0,0,0,0,707000,769000,100000,100000,607000,669000,0,0,0,0,0,0,0,0,100010,100000,100000,100000,10,0
250,2416814000,2944523000,100000,100000,1200000,2119000,263395000,790185000,2119000,2119000,2150000000,2150000000,2152119000,2152119000,2153419000,2154338000,100000,100000,1200000,2119000,0,0,2119000,2119000,2150000000,2150000000,2152119000,2152119000,100010,15191100,100000,100000,10,15091100
280,1004545000,1268640000,100000,100000,10475000,11175000,263395000,526790000,10575000,10575000,720000000,720000000,730575000,730575000,741150000,741850000,100000,100000,10475000,11175000,0,0,10575000,10575000,720000000,720000000,730575000,730575000,100010,100000,100000,100000,10,0
310,461473000,725328000,100000,100000,13989000,14449000,263395000,526790000,13989000,13989000,170000000,170000000,183989000,183989000,198078000,198538000,100000,100000,13989000,14449000,0,0,13989000,13989000,170000000,170000000,183989000,183989000,100010,100000,100000,100000,10,0
340,1976383000,2505766000,100000,100000,1104000,3697000,263395000,790185000,1784000,1784000,1710000000,1710000000,1711784000,1711784000,1712988000,1715581000,100000,100000,1104000,3697000,0,0,1784000,1784000,1710000000,1710000000,1711784000,1711784000,100010,10485020,100000,100000,10,10385020
370,281097000,281613000,100000,100000,17602000,18118000,263395000,263395000,0,0,0,0,0,0,17702000,18218000,100000,100000,17602000,18118000,0,0,0,0,0,0,0,0,100010,100000,100000,100000,10,0
400,1112115000,1375957000,100000,100000,9310000,9757000,263395000,526790000,9310000,9310000,830000000,830000000,839310000,839310000,848720000,849167000,100000,100000,9310000,9757000,0,0,9310000,9310000,830000000,830000000,839310000,839310000,100010,12938060,100000,100000,10,12838060
430,1553568000,2080896000,100000,100000,0,538000,263395000,790185000,73000,73000,1290000000,1290000000,1290073000,1290073000,1290173000,1290711000,100000,100000,0,538000,0,0,73000,73000,1290000000,1290000000,1290073000,1290073000,100010,12596060,100000,100000,10,12496060
11,1725449000,1986653000,100000,100000,915000,1039000,263395000,263395000,1039000,2119000,1460000000,1720000000,1461039000,1722119000,1462054000,1723258000,100000,100000,915000,1039000,0,0,1039000,2119000,1460000000,1720000000,1461039000,1722119000,100010,14906080,100000,100000,10,14806080
41,2187174000,2187303000,100000,100000,1775000,1904000,263395000,263395000,1904000,1904000,1920000000,1920000000,1921904000,1921904000,1923779000,1923908000,100000,100000,1775000,1904000,0,0,1904000,1904000,1920000000,1920000000,1921904000,1921904000,100010,2189060,100000,100000,10,2089060
71,2156116000,2156339000,100000,100000,1199000,1422000,263395000,263395000,1422000,1422000,1890000000,1890000000,1891422000,1891422000,1892721000,1892944000,100000,100000,1199000,1422000,0,0,1422000,1422000,1890000000,1890000000,1891422000,1891422000,100010,11273060,100000,100000,10,11173060
101,2071207000,2071473000,100000,100000,13723000,13989000,263395000,263395000,13989000,13989000,1780000000,1780000000,1793989000,1793989000,1807812000,1808078000,100000,100000,13723000,13989000,0,0,13989000,13989000,1780000000,1780000000,1793989000,1793989000,100010,4930070,100000,100000,10,4830070
131,275863000,276049000,100000,100000,12368000,12554000,263395000,263395000,0,0,0,0,0,0,12468000,12654000,100000,100000,12368000,12554000,0,0,0,0,0,0,0,0,100010,100000,100000,100000,10,0
161,2157267000,2158195000,100000,100000,16422000,17350000,263395000,263395000,17350000,17350000,1860000000,1860000000,1877350000,1877350000,1893872000,1894800000,100000,100000,16422000,17350000,0,0,17350000,17350000,1860000000,1860000000,1877350000,1877350000,100010,5225060,100000,100000,10,5125060
191,2208414000,2209239000,100000,100000,2047000,2872000,263395000,263395000,2872000,2872000,1940000000,1940000000,1942872000,1942872000,1945019000,1945844000,100000,100000,2047000,2872000,0,0,2872000,2872000,1940000000,1940000000,1942872000,1942872000,100010,12795090,100000,100000,10,12695090
221,1454401000,1466031000,100000,100000,299000,607000,263395000,263395000,607000,1929000,1190000000,1200000000,1190607000,1201929000,1191006000,1202636000,100000,100000,299000,607000,0,0,607000,1929000,1190000000,1200000000,1190607000,1201929000,100010,14551090,100000,100000,10,14451090
251,1927232000,2455444000,100000,100000,1522000,2944000,263395000,790185000,2215000,2215000,1660000000,1660000000,1662215000,1662215000,1663837000,1665259000,100000,100000,1522000,2944000,0,0,2215000,2215000,1660000000,1660000000,1662215000,1662215000,100010,15513110,100000,100000,10,15413110
281,1665257000,4270210000,100000,100000,10475000,11531000,263395000,1580370000,11287000,18209000,1380000000,2660000000,1391287000,2678209000,1401862000,2689840000,100000,100000,10475000,11531000,0,0,11287000,18209000,1380000000,2660000000,1391287000,2678209000,100010,12315100,100000,100000,10,12215100
311,2231667000,2759707000,100000,100000,13723000,14973000,263395000,790185000,14449000,14449000,1940000000,1940000000,1954449000,1954449000,1968272000,1969522000,100000,100000,13723000,14973000,0,0,14449000,14449000,1940000000,1940000000,1954449000,1954449000,100010,4928080,100000,100000,10,4828080
341,265063000,530587000,100000,100000,1568000,3697000,263395000,526790000,0,0,0,0,0,0,1668000,3797000,100000,100000,1568000,3697000,0,0,0,0,0,0,0,0,100010,100000,100000,100000,10,0
371,1834464000,3500965000,100000,100000,14799000,16170000,263395000,526790000,16170000,17905000,1540000000,2940000000,1556170000,2957905000,1571069000,2974175000,100000,100000,14799000,16170000,0,0,16170000,17905000,1540000000,2940000000,1556170000,2957905000,100010,3673060,100000,100000,10,3573060
401,1052345000,1599414000,100000,100000,9425000,9819000,263395000,790185000,9425000,9310000,770000000,790000000,779425000,799310000,788950000,809229000,100000,100000,9425000,9819000,0,0,9425000,9310000,770000000,790000000,779425000,799310000,100010,10834090,100000,100000,10,10734090
431,903495000,1168104000,100000,100000,0,299000,263395000,526790000,0,915000,640000000,640000000,640000000,640915000,640100000,641314000,100000,100000,0,299000,0,0,0,915000,640000000,640000000,640000000,640915000,100010,11079030,100000,100000,10,10979030
12,1996217000,3737136000,100000,100000,1200000,1522000,263395000,263395000,1522000,2119000,1730000000,3470000000,1731522000,3472119000,1732822000,3473741000,100000,100000,1200000,1522000,0,0,1522000,2119000,1730000000,3470000000,1731522000,3472119000,100010,15191100,100000,100000,10,15091100
42,2089257000,2089463000,100000,100000,2778000,2984000,263395000,263395000,2984000,2984000,1820000000,1820000000,1822984000,1822984000,1825862000,1826068000,100000,100000,2778000,2984000,0,0,2984000,2984000,1820000000,1820000000,1822984000,1822984000,100010,1637060,100000,100000,10,1537060
72,1746506000,1746673000,100000,100000,1422000,1589000,263395000,263395000,1589000,1589000,1480000000,1480000000,1481589000,1481589000,1483111000,1483278000,100000,100000,1422000,1589000,0,0,1589000,1589000,1480000000,1480000000,1481589000,1481589000,100010,11496070,100000,100000,10,11396070
102,2021582000,2022223000,100000,100000,13723000,14364000,263395000,263395000,14364000,14364000,1730000000,1730000000,1744364000,1744364000,1758187000,1758828000,100000,100000,13723000,14364000,0,0,14364000,14364000,1730000000,1730000000,1744364000,1744364000,100010,4822060,100000,100000,10,4722060
132,1871883000,1872095000,100000,100000,14088000,14300000,263395000,263395000,14300000,14300000,1580000000,1580000000,1594300000,1594300000,1608488000,1608700000,100000,100000,14088000,14300000,0,0,14300000,14300000,1580000000,1580000000,1594300000,1594300000,100010,5613070,100000,100000,10,5513070
162,2148500000,2149535000,100000,100000,17100000,17905000,263395000,263395000,17905000,18135000,1850000000,1850000000,1867905000,1868135000,1885105000,1886140000,100000,100000,17100000,17905000,0,0,17905000,18135000,1850000000,1850000000,1867905000,1868135000,100010,7694100,100000,100000,10,7594100
192,818695000,819383000,100000,100000,2256000,2944000,263395000,263395000,2944000,2944000,550000000,550000000,552944000,552944000,555300000,555988000,100000,100000,2256000,2944000,0,0,2944000,2944000,550000000,550000000,552944000,552944000,100010,5701140,100000,100000,10,5601140
222,2064764000,2064964000,100000,100000,607000,662000,263395000,263395000,662000,807000,1800000000,1800000000,1800662000,1800807000,1801369000,1801569000,100000,100000,607000,662000,0,0,662000,807000,1800000000,1800000000,1800662000,1800807000,100010,14859090,100000,100000,10,14759090
252,1898037000,2953390000,100000,100000,2119000,3892000,263395000,1316975000,2423000,2423000,1630000000,1630000000,1632423000,1632423000,1634642000,1636415000,100000,100000,2119000,3892000,0,0,2423000,2423000,1630000000,1630000000,1632423000,1632423000,100010,16110120,100000,100000,10,16010120
282,1094212000,1710885000,100000,100000,9773000,11175000,263395000,790185000,10944000,9425000,810000000,900000000,820944000,909425000,830817000,920700000,100000,100000,9773000,11175000,0,0,10944000,9425000,810000000,900000000,820944000,909425000,100010,11613110,100000,100000,10,11513110
312,2019464000,2547524000,100000,100000,12453000,13723000,263395000,790185000,13516000,13516000,1730000000,1730000000,1743516000,1743516000,1756069000,1757339000,100000,100000,12453000,13723000,0,0,13516000,13516000,1730000000,1730000000,1743516000,1743516000,100010,14293120,100000,100000,10,14193120
342,497353000,920370000,100000,100000,1929000,2423000,263395000,526790000,1929000,1057000,230000000,390000000,231929000,391057000,233958000,393580000,100000,100000,1929000,2423000,0,0,1929000,1057000,230000000,390000000,231929000,391057000,100010,1367060,100000,100000,10,1267060
372,2146144000,2674485000,100000,100000,15549000,17100000,263395000,790185000,17100000,17100000,1850000000,1850000000,1867100000,1867100000,1882749000,1884300000,100000,100000,15549000,17100000,0,0,17100000,17100000,1850000000,1850000000,1867100000,1867100000,100010,5414080,100000,100000,10,5314080
402,1463697000,2263256000,100000,100000,445000,9819000,263395000,1053580000,9757000,9757000,1190000000,1190000000,1199757000,1199757000,1200302000,1209676000,100000,100000,445000,9819000,0,0,9757000,9757000,1190000000,1190000000,1199757000,1199757000,100010,1828020,100000,100000,10,1728020
432,389051000,652652000,100000,100000,2778000,2984000,263395000,526790000,2778000,2778000,120000000,120000000,122778000,122778000,125656000,125862000,100000,100000,2778000,2984000,0,0,2778000,2778000,120000000,120000000,122778000,122778000,100010,1454050,100000,100000,10,1354050
13,1666173000,1666451000,100000,100000,1200000,1478000,263395000,263395000,1478000,1478000,1400000000,1400000000,1401478000,1401478000,1402778000,1403056000,100000,100000,1200000,1478000,0,0,1478000,1478000,1400000000,1400000000,1401478000,1401478000,100010,11948060,100000,100000,10,11848060
43,2098611000,2099051000,100000,100000,2338000,2778000,263395000,263395000,2778000,2778000,1830000000,1830000000,1832778000,1832778000,1835216000,1835656000,100000,100000,2338000,2778000,0,0,2778000,2778000,1830000000,1830000000,1832778000,1832778000,100010,2319070,100000,100000,10,2219070
73,1406070000,1406247000,100000,100000,1199000,1376000,263395000,263395000,1376000,1376000,1140000000,1140000000,1141376000,1141376000,1142675000,1142852000,100000,100000,1199000,1376000,0,0,1376000,1376000,1140000000,1140000000,1141376000,1141376000,100010,13474100,100000,100000,10,13374100
103,609461000,610201000,100000,100000,12983000,13723000,263395000,263395000,12983000,12983000,320000000,320000000,332983000,332983000,346066000,346806000,100000,100000,12983000,13723000,0,0,12983000,12983000,320000000,320000000,332983000,332983000,100010,5346080,100000,100000,10,5246080
133,2011331000,2011671000,100000,100000,13748000,14088000,263395000,263395000,14088000,14088000,1720000000,1720000000,1734088000,1734088000,1747936000,1748276000,100000,100000,13748000,14088000,0,0,14088000,14088000,1720000000,1720000000,1734088000,1734088000,100010,15325120,100000,100000,10,15225120
163,2156765000,2157695000,100000,100000,16170000,17100000,263395000,263395000,17100000,17100000,1860000000,1860000000,1877100000,1877100000,1893370000,1894300000,100000,100000,16170000,17100000,0,0,17100000,17100000,1860000000,1860000000,1877100000,1877100000,100010,6764090,100000,100000,10,6664090
193,2198229000,2198591000,100000,100000,2256000,2478000,263395000,263395000,2478000,2618000,1930000000,1930000000,1932478000,1932618000,1934834000,1935196000,100000,100000,2256000,2478000,0,0,2478000,2618000,1930000000,1930000000,1932478000,1932618000,100010,2369050,100000,100000,10,2269050
223,923641000,924709000,100000,100000,73000,299000,263395000,263395000,73000,915000,660000000,660000000,660073000,660915000,660246000,661314000,100000,100000,73000,299000,0,0,73000,915000,660000000,660000000,660073000,660915000,100010,11152040,100000,100000,10,11052040
253,2108629000,2372728000,100000,100000,2215000,2919000,263395000,526790000,2919000,2919000,1840000000,1840000000,1842919000,1842919000,1845234000,1845938000,100000,100000,2215000,2919000,0,0,2919000,2919000,1840000000,1840000000,1842919000,1842919000,100010,1777010,100000,100000,10,1677010
283,1443909000,1709240000,100000,100000,9239000,11175000,263395000,526790000,11175000,11175000,1160000000,1160000000,1171175000,1171175000,1180514000,1182450000,100000,100000,9239000,11175000,0,0,11175000,11175000,1160000000,1160000000,1171175000,1171175000,100010,100000,100000,100000,10,0
313,2003229000,2531227000,100000,100000,14364000,15370000,263395000,790185000,15370000,15572000,1710000000,1710000000,1725370000,1725572000,1739834000,1741042000,100000,100000,14364000,15370000,0,0,15370000,15572000,1710000000,1710000000,1725370000,1725572000,100010,4853070,100000,100000,10,4753070
343,966449000,1230268000,100000,100000,1265000,1689000,263395000,526790000,1689000,1689000,700000000,700000000,701689000,701689000,703054000,703478000,100000,100000,1265000,1689000,0,0,1689000,1689000,700000000,700000000,701689000,701689000,100010,11193030,100000,100000,10,11093030
373,2132254000,2662331000,100000,100000,13135000,15624000,263395000,790185000,15624000,16422000,1840000000,1840000000,1855624000,1856422000,1868859000,1872146000,100000,100000,13135000,15624000,0,0,15624000,16422000,1840000000,1840000000,1855624000,1856422000,100010,4378060,100000,100000,10,4278060
403,274213000,274270000,100000,100000,10718000,10775000,263395000,263395000,0,0,0,0,0,0,10818000,10875000,100000,100000,10718000,10775000,0,0,0,0,0,0,0,0,100010,100000,100000,100000,10,0
433,266111000,530311000,100000,100000,2616000,3421000,263395000,526790000,0,0,0,0,0,0,2716000,3521000,100000,100000,2616000,3421000,0,0,0,0,0,0,0,0,100010,100000,100000,100000,10,0
14,767201000,767353000,100000,100000,1777000,1929000,263395000,263395000,1929000,1929000,500000000,500000000,501929000,501929000,503806000,503958000,100000,100000,1777000,1929000,0,0,1929000,1929000,500000000,500000000,501929000,501929000,100010,14943110,100000,100000,10,14843110
44,265435000,265703000,100000,100000,1940000,2208000,263395000,263395000,0,0,0,0,0,0,2040000,2308000,100000,100000,1940000,2208000,0,0,0,0,0,0,0,0,100010,100000,100000,100000,10,0
74,1315539000,1316116000,100000,100000,845000,1199000,263395000,263395000,1199000,1422000,1050000000,1050000000,1051199000,1051422000,1052144000,1052721000,100000,100000,845000,1199000,0,0,1199000,1422000,1050000000,1050000000,1051199000,1051422000,100010,13651110,100000,100000,10,13551110
104,471473000,471933000,100000,100000,13989000,14449000,263395000,263395000,13989000,13989000,180000000,180000000,193989000,193989000,208078000,208538000,100000,100000,13989000,14449000,0,0,13989000,13989000,180000000,180000000,193989000,193989000,100010,185010,100000,100000,10,85010
134,970214000,971039000,100000,100000,12947000,13772000,263395000,263395000,13772000,13772000,680000000,680000000,693772000,693772000,706819000,707644000,100000,100000,12947000,13772000,0,0,13772000,13772000,680000000,680000000,693772000,693772000,100010,13047070,100000,100000,10,12947070
164,538933000,538938000,100000,100000,2719000,2724000,263395000,263395000,2719000,2719000,270000000,270000000,272719000,272719000,275538000,275543000,100000,100000,2719000,2724000,0,0,2719000,2719000,270000000,270000000,272719000,272719000,100010,2218050,100000,100000,10,2118050
194,266439000,267264000,100000,100000,2944000,3769000,263395000,263395000,0,0,0,0,0,0,3044000,3869000,100000,100000,2944000,3769000,0,0,0,0,0,0,0,0,100010,100000,100000,100000,10,0
224,1324639000,1325185000,100000,100000,299000,845000,263395000,263395000,845000,845000,1060000000,1060000000,1060845000,1060845000,1061244000,1061790000,100000,100000,299000,845000,0,0,845000,845000,1060000000,1060000000,1060845000,1060845000,100010,14005100,100000,100000,10,13905100
254,2218095000,2482520000,100000,100000,11785000,12815000,263395000,526790000,12815000,12815000,1930000000,1930000000,1942815000,1942815000,1954700000,1955730000,100000,100000,11785000,12815000,0,0,12815000,12815000,1930000000,1930000000,1942815000,1942815000,100010,100000,100000,100000,10,0
284,265200000,529506000,100000,100000,1705000,2616000,263395000,526790000,0,0,0,0,0,0,1805000,2716000,100000,100000,1705000,2616000,0,0,0,0,0,0,0,0,100010,100000,100000,100000,10,0
314,1944890000,2208790000,100000,100000,445000,950000,263395000,526790000,950000,950000,1680000000,1680000000,1680950000,1680950000,1681495000,1682000000,100000,100000,445000,950000,0,0,950000,950000,1680000000,1680000000,1680950000,1680950000,100010,2942080,100000,100000,10,2842080
344,926433000,1190048000,100000,100000,1469000,1689000,263395000,526790000,1469000,1469000,660000000,660000000,661469000,661469000,663038000,663258000,100000,100000,1469000,1689000,0,0,1469000,1469000,660000000,660000000,661469000,661469000,100010,11342050,100000,100000,10,11242050
374,1983669000,3490344000,100000,100000,14625000,15549000,263395000,526790000,15549000,17905000,1690000000,2930000000,1705549000,2947905000,1720274000,2963554000,100000,100000,14625000,15549000,0,0,15549000,17905000,1690000000,2930000000,1705549000,2947905000,100010,5625070,100000,100000,10,5525070
404,1015418000,1338865000,100000,100000,10944000,11257000,263395000,526790000,10979000,10718000,730000000,790000000,740979000,800718000,752023000,812075000,100000,100000,10944000,11257000,0,0,10979000,10718000,730000000,790000000,740979000,800718000,100010,11718060,100000,100000,10,11618060
434,267387000,268075000,100000,100000,3892000,4580000,263395000,263395000,0,0,0,0,0,0,3992000,4680000,100000,100000,3892000,4580000,0,0,0,0,0,0,0,0,100010,100000,100000,100000,10,0
15,2086794000,2087049000,100000,100000,1522000,1777000,263395000,263395000,1777000,1777000,1820000000,1820000000,1821777000,1821777000,1823399000,1823654000,100000,100000,1522000,1777000,0,0,1777000,1777000,1820000000,1820000000,1821777000,1821777000,100010,15513110,100000,100000,10,15413110
45,2029278000,2030103000,100000,100000,2479000,3304000,263395000,263395000,3304000,3304000,1760000000,1760000000,1763304000,1763304000,1765883000,1766708000,100000,100000,2479000,3304000,0,0,3304000,3304000,1760000000,1760000000,1763304000,1763304000,100010,4013120,100000,100000,10,3913120
75,745947000,746443000,100000,100000,978000,1474000,263395000,263395000,1474000,1474000,480000000,480000000,481474000,481474000,482552000,483048000,100000,100000,978000,1474000,0,0,1474000,1474000,480000000,480000000,481474000,481474000,100010,2342050,100000,100000,10,2242050
105,2242308000,2242393000,100000,100000,14364000,14449000,263395000,263395000,14449000,14449000,1950000000,1950000000,1964449000,1964449000,1978913000,1978998000,100000,100000,14364000,14449000,0,0,14449000,14449000,1950000000,1950000000,1964449000,1964449000,100010,5537080,100000,100000,10,5437080
135,266367000,267192000,100000,100000,2872000,3697000,263395000,263395000,0,0,0,0,0,0,2972000,3797000,100000,100000,2872000,3697000,0,0,0,0,0,0,0,0,100010,100000,100000,100000,10,0
165,2178837000,2178943000,100000,100000,2618000,2724000,263395000,263395000,2724000,2724000,1910000000,1910000000,1912724000,1912724000,1915442000,1915548000,100000,100000,2618000,2724000,0,0,2724000,2724000,1910000000,1910000000,1912724000,1912724000,100010,2731070,100000,100000,10,2631070
195,2208591000,2208731000,100000,100000,2478000,2618000,263395000,263395000,2618000,2618000,1940000000,1940000000,1942618000,1942618000,1945196000,1945336000,100000,100000,2478000,2618000,0,0,2618000,2618000,1940000000,1940000000,1942618000,1942618000,100010,2591060,100000,100000,10,2491060
225,2125347000,2126123000,100000,100000,538000,1314000,263395000,263395000,1314000,1314000,1860000000,1860000000,1861314000,1861314000,1861952000,1862728000,100000,100000,538000,1314000,0,0,1314000,1314000,1860000000,1860000000,1861314000,1861314000,100010,100000,100000,100000,10,0
255,275507000,539705000,100000,100000,12012000,12815000,263395000,526790000,0,0,0,0,0,0,12112000,12915000,100000,100000,12012000,12815000,0,0,0,0,0,0,0,0,100010,100000,100000,100000,10,0
285,265252000,793565000,100000,100000,1757000,3280000,263395000,790185000,0,0,0,0,0,0,1857000,3380000,100000,100000,1757000,3280000,0,0,0,0,0,0,0,0,100010,100000,100000,100000,10,0
315,525533000,789199000,100000,100000,950000,1221000,263395000,526790000,1088000,1088000,260000000,260000000,261088000,261088000,262138000,262409000,100000,100000,950000,1221000,0,0,1088000,1088000,260000000,260000000,261088000,261088000,100010,365010,100000,100000,10,265010
345,528249000,1056489000,100000,100000,17377000,18827000,263395000,790185000,17377000,17377000,230000000,230000000,247377000,247377000,264854000,266304000,100000,100000,17377000,18827000,0,0,17377000,17377000,230000000,230000000,247377000,247377000,100010,7511100,100000,100000,10,7411100
375,1947273000,2474543000,100000,100000,1649000,2129000,263395000,790185000,2129000,2129000,1680000000,1680000000,1682129000,1682129000,1683878000,1684358000,100000,100000,1649000,2129000,0,0,2129000,2129000,1680000000,1680000000,1682129000,1682129000,100010,15768120,100000,100000,10,15668120
405,264102000,264164000,100000,100000,607000,669000,263395000,263395000,0,0,0,0,0,0,707000,769000,100000,100000,607000,669000,0,0,0,0,0,0,0,0,100010,100000,100000,100000,10,0
435,265710000,794865000,100000,100000,2215000,4580000,263395000,790185000,0,0,0,0,0,0,2315000,4680000,100000,100000,2215000,4580000,0,0,0,0,0,0,0,0,100010,100000,100000,100000,10,0
16,2297136000,2297733000,100000,100000,1522000,2119000,263395000,263395000,2119000,2119000,2030000000,2030000000,2032119000,2032119000,2033741000,2034338000,100000,100000,1522000,2119000,0,0,2119000,2119000,2030000000,2030000000,2032119000,2032119000,100010,15513110,100000,100000,10,15413110
46,739457000,739780000,100000,100000,2981000,3304000,263395000,263395000,2981000,2981000,470000000,470000000,472981000,472981000,476062000,476385000,100000,100000,2981000,3304000,0,0,2981000,2981000,470000000,470000000,472981000,472981000,100010,3543090,100000,100000,10,3443090
76,1746443000,1746558000,100000,100000,1474000,1589000,263395000,263395000,1474000,1474000,1480000000,1480000000,1481474000,1481474000,1483048000,1483163000,100000,100000,1474000,1589000,0,0,1474000,1474000,1480000000,1480000000,1481474000,1481474000,100010,11746060,100000,100000,10,11646060
106,1952832000,1953441000,100000,100000,14364000,14973000,263395000,263395000,14973000,14973000,1660000000,1660000000,1674973000,1674973000,1689437000,1690046000,100000,100000,14364000,14973000,0,0,14973000,14973000,1660000000,1660000000,1674973000,1674973000,100010,4928080,100000,100000,10,4828080
136,1556229000,1556433000,100000,100000,1265000,1469000,263395000,263395000,1469000,1469000,1290000000,1290000000,1291469000,1291469000,1292834000,1293038000,100000,100000,1265000,1469000,0,0,1469000,1469000,1290000000,1290000000,1291469000,1291469000,100010,12081060,100000,100000,10,11981060
166,1958261000,1958933000,100000,100000,2047000,2719000,263395000,263395000,2719000,2719000,1690000000,1690000000,1692719000,1692719000,1694866000,1695538000,100000,100000,2047000,2719000,0,0,2719000,2719000,1690000000,1690000000,1692719000,1692719000,100010,2162070,100000,100000,10,2062070
196,1726364000,1726793000,100000,100000,1220000,1649000,263395000,263395000,1649000,1649000,1460000000,1460000000,1461649000,1461649000,1462969000,1463398000,100000,100000,1220000,1649000,0,0,1649000,1649000,1460000000,1460000000,1461649000,1461649000,100010,15472140,100000,100000,10,15372140
226,954571000,1442734000,100000,100000,538000,9239000,263395000,263395000,538000,0,690000000,1170000000,690538000,1170000000,691176000,1179339000,100000,100000,538000,9239000,0,0,538000,0,690000000,1170000000,690538000,1170000000,100010,5641100,100000,100000,10,5541100
256,1876488000,3600279000,100000,100000,11208000,11785000,263395000,790185000,11785000,18209000,1590000000,2780000000,1601785000,2798209000,1613093000,2810094000,100000,100000,11208000,11785000,0,0,11785000,18209000,1590000000,2780000000,1601785000,2798209000,100010,6524090,100000,100000,10,6424090
286,277229000,805313000,100000,100000,1220000,2514000,263395000,790185000,2514000,2514000,10000000,10000000,12514000,12514000,13834000,15128000,100000,100000,1220000,2514000,0,0,2514000,2514000,10000000,10000000,12514000,12514000,100010,100000,100000,100000,10,0
316,525141000,788934000,100000,100000,823000,1221000,263395000,526790000,823000,823000,260000000,260000000,260823000,260823000,261746000,262144000,100000,100000,823000,1221000,0,0,823000,823000,260000000,260000000,260823000,260823000,100010,371010,100000,100000,10,271010
346,669609000,933308000,100000,100000,17905000,18209000,263395000,526790000,18209000,18209000,370000000,370000000,388209000,388209000,406214000,406518000,100000,100000,17905000,18209000,0,0,18209000,18209000,370000000,370000000,388209000,388209000,100010,8499110,100000,100000,10,8399110
376,1506662000,1770268000,100000,100000,1478000,1689000,263395000,526790000,1689000,1689000,1240000000,1240000000,1241689000,1241689000,1243267000,1243478000,100000,100000,1478000,1689000,0,0,1689000,1689000,1240000000,1240000000,1241689000,1241689000,100010,12226070,100000,100000,10,12126070
406,2044456000,2835402000,100000,100000,299000,915000,263395000,1053580000,662000,807000,1780000000,1780000000,1780662000,1780807000,1781061000,1781822000,100000,100000,299000,915000,0,0,662000,807000,1780000000,1780000000,1780662000,1780807000,100010,14551090,100000,100000,10,14451090
436,266352000,266774000,100000,100000,2857000,3279000,263395000,263395000,0,0,0,0,0,0,2957000,3379000,100000,100000,2857000,3279000,0,0,0,0,0,0,0,0,100010,100000,100000,100000,10,0
17,1937829000,1937925000,100000,100000,2119000,2215000,263395000,263395000,2215000,2215000,1670000000,1670000000,1672215000,1672215000,1674434000,1674530000,100000,100000,2119000,2215000,0,0,2215000,2215000,1670000000,1670000000,1672215000,1672215000,100010,16110120,100000,100000,10,16010120
47,265270000,265435000,100000,100000,1775000,1940000,263395000,263395000,0,0,0,0,0,0,1875000,2040000,100000,100000,1775000,1940000,0,0,0,0,0,0,0,0,100010,100000,100000,100000,10,0
77,954181000,962115000,100000,100000,1376000,9310000,263395000,263395000,9310000,9310000,680000000,680000000,689310000,689310000,690786000,698720000,100000,100000,1376000,9310000,0,0,9310000,9310000,680000000,680000000,689310000,689310000,100010,8606010,100000,100000,10,8506010
107,613055000,613248000,100000,100000,14780000,14973000,263395000,263395000,14780000,14780000,320000000,320000000,334780000,334780000,349660000,349853000,100000,100000,14780000,14973000,0,0,14780000,14780000,320000000,320000000,334780000,334780000,100010,5250060,100000,100000,10,5150060
137,1615864000,1616025000,100000,100000,1104000,1265000,263395000,263395000,1265000,1265000,1350000000,1350000000,1351265000,1351265000,1352469000,1352630000,100000,100000,1104000,1265000,0,0,1265000,1265000,1350000000,1350000000,1351265000,1351265000,100010,11920050,100000,100000,10,11820050
167,2211656000,2212055000,100000,100000,3881000,4280000,263395000,263395000,4280000,4280000,1940000000,1940000000,1944280000,1944280000,1948261000,1948660000,100000,100000,3881000,4280000,0,0,4280000,4280000,1940000000,1940000000,1944280000,1944280000,100010,2071030,100000,100000,10,1971030
197,1885772000,1885935000,100000,100000,1057000,1220000,263395000,263395000,1220000,1220000,1620000000,1620000000,1621220000,1621220000,1622377000,1622540000,100000,100000,1057000,1220000,0,0,1220000,1220000,1620000000,1620000000,1621220000,1621220000,100010,15309130,100000,100000,10,15209130
227,1014823000,1015075000,100000,100000,538000,790000,263395000,263395000,790000,790000,750000000,750000000,750790000,750790000,751428000,751680000,100000,100000,538000,790000,0,0,790000,790000,750000000,750000000,750790000,750790000,100010,14342090,100000,100000,10,14242090
257,1837566000,3884503000,100000,100000,11585000,12614000,263395000,1053580000,12486000,18209000,1550000000,2800000000,1562486000,2818209000,1574171000,2830923000,100000,100000,11585000,12614000,0,0,12486000,18209000,1550000000,2800000000,1562486000,2818209000,100010,5823080,100000,100000,10,5723080
287,2187816000,2452122000,100000,100000,1705000,2616000,263395000,526790000,2616000,2616000,1920000000,1920000000,1922616000,1922616000,1924421000,1925332000,100000,100000,1705000,2616000,0,0,2616000,2616000,1920000000,1920000000,1922616000,1922616000,100010,100000,100000,100000,10,0
317,1945219000,2209066000,100000,100000,636000,1088000,263395000,526790000,1088000,1088000,1680000000,1680000000,1681088000,1681088000,1681824000,1682276000,100000,100000,636000,1088000,0,0,1088000,1088000,1680000000,1680000000,1681088000,1681088000,100010,291010,100000,100000,10,191010
347,1998114000,2261644000,100000,100000,17242000,17377000,263395000,526790000,17377000,17377000,1700000000,1700000000,1717377000,1717377000,1734719000,1734854000,100000,100000,17242000,17377000,0,0,17377000,17377000,1700000000,1700000000,1717377000,1717377000,100010,8242100,100000,100000,10,8142100
377,885902000,1149874000,100000,100000,915000,1492000,263395000,526790000,1492000,1492000,620000000,620000000,621492000,621492000,622507000,623084000,100000,100000,915000,1492000,0,0,1492000,1492000,620000000,620000000,621492000,621492000,100010,100000,100000,100000,10,0
407,1444175000,1983059000,100000,100000,73000,845000,263395000,790185000,607000,1929000,1180000000,1190000000,1180607000,1191929000,1180780000,1192874000,100000,100000,73000,845000,0,0,607000,1929000,1180000000,1190000000,1180607000,1191929000,100010,14005100,100000,100000,10,13905100
437,265918000,530169000,100000,100000,2423000,3279000,263395000,526790000,0,0,0,0,0,0,2523000,3379000,100000,100000,2423000,3279000,0,0,0,0,0,0,0,0,100010,100000,100000,100000,10,0
18,1658558000,1659383000,100000,100000,2119000,2944000,263395000,263395000,2944000,2944000,1390000000,1390000000,1392944000,1392944000,1395163000,1395988000,100000,100000,2119000,2944000,0,0,2944000,2944000,1390000000,1390000000,1392944000,1392944000,100010,1791060,100000,100000,10,1691060
48,2327592000,2749528000,100000,100000,1775000,2322000,263395000,263395000,2322000,3711000,2060000000,2480000000,2062322000,2483711000,2064197000,2486133000,100000,100000,1775000,2322000,0,0,2322000,3711000,2060000000,2480000000,2062322000,2483711000,100010,3804140,100000,100000,10,3704140
78,1026247000,1034110000,100000,100000,1376000,9239000,263395000,263395000,1376000,1376000,760000000,760000000,761376000,761376000,762852000,770715000,100000,100000,1376000,9239000,0,0,1376000,1376000,760000000,760000000,761376000,761376000,100010,5202090,100000,100000,10,5102090
108,1954731000,1955077000,100000,100000,445000,791000,263395000,263395000,791000,791000,1690000000,1690000000,1690791000,1690791000,1691336000,1691682000,100000,100000,445000,791000,0,0,791000,791000,1690000000,1690000000,1690791000,1690791000,100010,3101090,100000,100000,10,3001090
138,2676167000,2676631000,100000,100000,1104000,1568000,263395000,263395000,1568000,1568000,2410000000,2410000000,2411568000,2411568000,2412772000,2413236000,100000,100000,1104000,1568000,0,0,1568000,1568000,2410000000,2410000000,2411568000,2411568000,100010,10485020,100000,100000,10,10385020
168,381279000,381667000,100000,100000,3892000,4280000,263395000,263395000,3892000,3892000,110000000,110000000,113892000,113892000,117884000,118272000,100000,100000,3892000,4280000,0,0,3892000,3892000,110000000,110000000,113892000,113892000,100010,2470040,100000,100000,10,2370040
198,512177000,512616000,100000,100000,14341000,14780000,263395000,263395000,14341000,14341000,220000000,220000000,234341000,234341000,248782000,249221000,100000,100000,14341000,14780000,0,0,14341000,14341000,220000000,220000000,234341000,234341000,100010,5888080,100000,100000,10,5788080
228,1613495000,1614033000,100000,100000,0,538000,263395000,263395000,0,0,1350000000,1350000000,1350000000,1350000000,1350100000,1350638000,100000,100000,0,538000,0,0,0,0,1350000000,1350000000,1350000000,1350000000,100010,13903080,100000,100000,10,13803080
258,2000606000,4191965000,100000,100000,12486000,14625000,263395000,790185000,14625000,17055000,1710000000,3370000000,1724625000,3387055000,1737211000,3401780000,100000,100000,12486000,14625000,0,0,14625000,17055000,1710000000,3370000000,1724625000,3387055000,100010,3790050,100000,100000,10,3690050
288,1736283000,2000068000,100000,100000,1199000,1589000,263395000,526790000,1589000,1589000,1470000000,1470000000,1471589000,1471589000,1472888000,1473278000,100000,100000,1199000,1589000,0,0,1589000,1589000,1470000000,1470000000,1471589000,1471589000,100010,11273060,100000,100000,10,11173060
318,1944763000,2208536000,100000,100000,445000,823000,263395000,526790000,823000,823000,1680000000,1680000000,1680823000,1680823000,1681368000,1681746000,100000,100000,445000,823000,0,0,823000,823000,1680000000,1680000000,1680823000,1680823000,100010,446010,100000,100000,10,346010
348,1858973000,2123308000,100000,100000,17269000,18209000,263395000,526790000,18209000,18209000,1560000000,1560000000,1578209000,1578209000,1595578000,1596518000,100000,100000,17269000,18209000,0,0,18209000,18209000,1560000000,1560000000,1578209000,1578209000,100010,6571100,100000,100000,10,6471100
378,2187020000,2714588000,100000,100000,1478000,2256000,263395000,790185000,2047000,2047000,1920000000,1920000000,1922047000,1922047000,1923625000,1924403000,100000,100000,1478000,2256000,0,0,2047000,2047000,1920000000,1920000000,1922047000,1922047000,100010,12226070,100000,100000,10,12126070
408,1304993000,1569511000,100000,100000,299000,1199000,263395000,526790000,1199000,1422000,1040000000,1040000000,1041199000,1041422000,1041598000,1042721000,100000,100000,299000,1199000,0,0,1199000,1422000,1040000000,1040000000,1041199000,1041422000,100010,13651110,100000,100000,10,13551110
438,507753000,1154199000,100000,100000,2129000,2857000,263395000,790185000,2129000,1057000,240000000,360000000,242129000,361057000,244358000,364014000,100000,100000,2129000,2857000,0,0,2129000,1057000,240000000,360000000,242129000,361057000,100010,1846030,100000,100000,10,1746030
19,2058133000,2058341000,100000,100000,2215000,2423000,263395000,263395000,2423000,2423000,1790000000,1790000000,1792423000,1792423000,1794738000,1794946000,100000,100000,2215000,2423000,0,0,2423000,2423000,1790000000,1790000000,1792423000,1792423000,100010,16206130,100000,100000,10,16106130
49,2036912000,2038048000,100000,100000,1642000,1775000,263395000,263395000,1775000,2778000,1770000000,1770000000,1771775000,1772778000,1773517000,1774653000,100000,100000,1642000,1775000,0,0,1775000,2778000,1770000000,1770000000,1771775000,1772778000,100010,3671130,100000,100000,10,3571130
79,335787000,336123000,100000,100000,978000,1314000,263395000,263395000,1314000,1314000,70000000,70000000,71314000,71314000,72392000,72728000,100000,100000,978000,1314000,0,0,1314000,1314000,70000000,70000000,71314000,71314000,100010,1538050,100000,100000,10,1438050
109,1955236000,1955395000,100000,100000,791000,950000,263395000,263395000,950000,950000,1690000000,1690000000,1690950000,1690950000,1691841000,1692000000,100000,100000,791000,950000,0,0,950000,950000,1690000000,1690000000,1690950000,1690950000,100010,2942080,100000,100000,10,2842080
139,264599000,264894000,100000,100000,1104000,1399000,263395000,263395000,0,0,0,0,0,0,1204000,1499000,100000,100000,1104000,1399000,0,0,0,0,0,0,0,0,100010,100000,100000,100000,10,0
169,2181465000,2182050000,100000,100000,3905000,4065000,263395000,263395000,4065000,4490000,1910000000,1910000000,1914065000,1914490000,1918070000,1918655000,100000,100000,3905000,4065000,0,0,4065000,4490000,1910000000,1910000000,1914065000,1914490000,100010,525030,100000,100000,10,425030
199,273252000,273288000,100000,100000,9757000,9793000,263395000,263395000,0,0,0,0,0,0,9857000,9893000,100000,100000,9757000,9793000,0,0,0,0,0,0,0,0,100010,100000,100000,100000,10,0
229,264545000,265136000,100000,100000,1050000,1641000,263395000,263395000,0,0,0,0,0,0,1150000,1741000,100000,100000,1050000,1641000,0,0,0,0,0,0,0,0,100010,100000,100000,100000,10,0
259,1788415000,3458234000,100000,100000,11785000,13135000,263395000,526790000,13135000,18209000,1500000000,2900000000,1513135000,2918209000,1525020000,2931444000,100000,100000,11785000,13135000,0,0,13135000,18209000,1500000000,2900000000,1513135000,2918209000,100010,5174070,100000,100000,10,5074070
289,2145762000,2673129000,100000,100000,845000,1422000,263395000,790185000,1422000,1422000,1880000000,1880000000,1881422000,1881422000,1882367000,1882944000,100000,100000,845000,1422000,0,0,1422000,1422000,1880000000,1880000000,1881422000,1881422000,100010,13474100,100000,100000,10,13374100
319,1565432000,1829874000,100000,100000,445000,1492000,263395000,526790000,1492000,1492000,1300000000,1300000000,1301492000,1301492000,1302037000,1303084000,100000,100000,445000,1492000,0,0,1492000,1492000,1300000000,1300000000,1301492000,1301492000,100010,11261040,100000,100000,10,11161040
349,2046361000,2574877000,100000,100000,15624000,17350000,263395000,790185000,17242000,17242000,1750000000,1750000000,1767242000,1767242000,1782966000,1784692000,100000,100000,15624000,17350000,0,0,17242000,17242000,1750000000,1750000000,1767242000,1767242000,100010,6867080,100000,100000,10,6767080
379,2106539000,2633973000,100000,100000,1200000,1844000,263395000,790185000,1844000,1844000,1840000000,1840000000,1841844000,1841844000,1843144000,1843788000,100000,100000,1200000,1844000,0,0,1844000,1844000,1840000000,1840000000,1841844000,1841844000,100010,11948060,100000,100000,10,11848060
409,2704809000,4294998000,100000,100000,0,9819000,263395000,1843765000,1314000,1314000,2440000000,2440000000,2441314000,2441314000,2441414000,2451233000,100000,100000,0,9819000,0,0,1314000,1314000,2440000000,2440000000,2441314000,2441314000,100010,5472080,100000,100000,10,5372080
439,272805000,544706000,100000,100000,9310000,17816000,263395000,526790000,0,0,0,0,0,0,9410000,17916000,100000,100000,9310000,17816000,0,0,0,0,0,0,0,0,100010,100000,100000,100000,10,0
20,2109602000,2111279000,100000,100000,2215000,3892000,263395000,263395000,3892000,3892000,1840000000,1840000000,1843892000,1843892000,1846207000,1847884000,100000,100000,2215000,3892000,0,0,3892000,3892000,1840000000,1840000000,1843892000,1843892000,100010,804020,100000,100000,10,704020
50,2138674000,2139209000,100000,100000,2322000,2857000,263395000,263395000,2857000,2857000,1870000000,1870000000,1872857000,1872857000,1875279000,1875814000,100000,100000,2322000,2857000,0,0,2857000,2857000,1870000000,1870000000,1872857000,1872857000,100010,3622120,100000,100000,10,3522120
80,1546276000,1547101000,100000,100000,978000,1803000,263395000,263395000,1803000,1803000,1280000000,1280000000,1281803000,1281803000,1282881000,1283706000,100000,100000,978000,1803000,0,0,1803000,1803000,1280000000,1280000000,1281803000,1281803000,100010,13774080,100000,100000,10,13674080
110,535671000,535804000,100000,100000,1088000,1221000,263395000,263395000,1088000,1088000,270000000,270000000,271088000,271088000,272276000,272409000,100000,100000,1088000,1221000,0,0,1088000,1088000,270000000,270000000,271088000,271088000,100010,552020,100000,100000,10,452020
140,1515044000,1515703000,100000,100000,445000,1104000,263395000,263395000,1104000,1104000,1250000000,1250000000,1251104000,1251104000,1251649000,1252308000,100000,100000,445000,1104000,0,0,1104000,1104000,1250000000,1250000000,1251104000,1251104000,100010,11261040,100000,100000,10,11161040
170,2191680000,2192105000,100000,100000,4065000,4120000,263395000,263395000,4120000,4490000,1920000000,1920000000,1924120000,1924490000,1928285000,1928710000,100000,100000,4065000,4120000,0,0,4120000,4490000,1920000000,1920000000,1924120000,1924490000,100010,1295030,100000,100000,10,1195030
200,905376000,905621000,100000,100000,10818000,11063000,263395000,263395000,11063000,11063000,620000000,620000000,631063000,631063000,641981000,642226000,100000,100000,10818000,11063000,0,0,11063000,11063000,620000000,620000000,631063000,631063000,100010,13432060,100000,100000,10,13332060
230,2164990000,2165595000,100000,100000,445000,1050000,263395000,263395000,1050000,1050000,1900000000,1900000000,1901050000,1901050000,1901595000,1902200000,100000,100000,445000,1050000,0,0,1050000,1050000,1900000000,1900000000,1901050000,1901050000,100010,14284060,100000,100000,10,14184060
260,275280000,803233000,100000,100000,11785000,12948000,263395000,790185000,0,0,0,0,0,0,11885000,13048000,100000,100000,11785000,12948000,0,0,0,0,0,0,0,0,100010,100000,100000,100000,10,0
290,736062000,1000068000,100000,100000,978000,1589000,263395000,526790000,1589000,1589000,470000000,470000000,471589000,471589000,472667000,473278000,100000,100000,978000,1589000,0,0,1589000,1589000,470000000,470000000,471589000,471589000,100010,2342050,100000,100000,10,2242050
320,275960000,539874000,100000,100000,973000,1492000,263395000,526790000,1492000,1492000,10000000,10000000,11492000,11492000,12565000,13084000,100000,100000,973000,1492000,0,0,1492000,1492000,10000000,10000000,11492000,11492000,100010,100000,100000,100000,10,0
350,2037819000,2301428000,100000,100000,17055000,17269000,263395000,526790000,17269000,17269000,1740000000,1740000000,1757269000,1757269000,1774424000,1774638000,100000,100000,17055000,17269000,0,0,17269000,17269000,1740000000,1740000000,1757269000,1757269000,100010,8298090,100000,100000,10,8198090
380,267264000,267463000,100000,100000,3769000,3968000,263395000,263395000,0,0,0,0,0,0,3869000,4068000,100000,100000,3769000,3968000,0,0,0,0,0,0,0,0,100010,100000,100000,100000,10,0
410,915743000,1443891000,100000,100000,445000,1803000,263395000,790185000,1803000,1803000,650000000,650000000,651803000,651803000,652348000,653706000,100000,100000,445000,1803000,0,0,1803000,1803000,650000000,650000000,651803000,651803000,100010,10634020,100000,100000,10,10534020
440,1643209000,2441971000,100000,100000,9239000,17816000,263395000,1053580000,10475000,10475000,1360000000,1360000000,1370475000,1370475000,1379814000,1388391000,100000,100000,9239000,17816000,0,0,10475000,10475000,1360000000,1360000000,1370475000,1370475000,100010,11079110,100000,100000,10,10979110
21,2198198000,2198471000,100000,100000,2215000,2488000,263395000,263395000,2488000,2488000,1930000000,1930000000,1932488000,1932488000,1934803000,1935076000,100000,100000,2215000,2488000,0,0,2488000,2488000,1930000000,1930000000,1932488000,1932488000,100010,1777010,100000,100000,10,1677010
51,2128290000,2779679000,100000,100000,2322000,2473000,263395000,263395000,2473000,3711000,1860000000,2510000000,1862473000,2513711000,1864895000,2516284000,100000,100000,2322000,2473000,0,0,2473000,3711000,1860000000,2510000000,1862473000,2513711000,100010,4351150,100000,100000,10,4251150
81,2725011000,2725451000,100000,100000,538000,978000,263395000,263395000,978000,978000,2460000000,2460000000,2460978000,2460978000,2461616000,2462056000,100000,100000,538000,978000,0,0,978000,978000,2460000000,2460000000,2460978000,2460978000,100010,13334070,100000,100000,10,13234070
111,2195666000,2195937000,100000,100000,950000,1221000,263395000,263395000,1221000,1221000,1930000000,1930000000,1931221000,1931221000,1932271000,1932542000,100000,100000,950000,1221000,0,0,1221000,1221000,1930000000,1930000000,1931221000,1931221000,100010,605020,100000,100000,10,505020
141,1567628000,1568453000,100000,100000,1654000,2479000,263395000,263395000,2479000,2479000,1300000000,1300000000,1302479000,1302479000,1304233000,1305058000,100000,100000,1654000,2479000,0,0,2479000,2479000,1300000000,1300000000,1302479000,1302479000,100010,2361080,100000,100000,10,2261080
171,2212255000,2212475000,100000,100000,4270000,4490000,263395000,263395000,4490000,4490000,1940000000,1940000000,1944490000,1944490000,1948860000,1949080000,100000,100000,4270000,4490000,0,0,4490000,4490000,1940000000,1940000000,1944490000,1944490000,100010,925010,100000,100000,10,825010
201,1625031000,1625131000,100000,100000,10718000,10818000,263395000,263395000,10818000,10818000,1340000000,1340000000,1350818000,1350818000,1361636000,1361736000,100000,100000,10718000,10818000,0,0,10818000,10818000,1340000000,1340000000,1350818000,1350818000,100010,13677050,100000,100000,10,13577050
231,2074875000,2075020000,100000,100000,662000,718000,263395000,263395000,718000,807000,1810000000,1810000000,1810718000,1810807000,1811480000,1811625000,100000,100000,662000,718000,0,0,718000,807000,1810000000,1810000000,1810718000,1810807000,100010,14914100,100000,100000,10,14814100
261,276109000,276443000,100000,100000,12614000,12948000,263395000,263395000,0,0,0,0,0,0,12714000,13048000,100000,100000,12614000,12948000,0,0,0,0,0,0,0,0,100010,100000,100000,100000,10,0
291,1736391000,1999953000,100000,100000,1422000,1589000,263395000,526790000,1474000,1474000,1470000000,1470000000,1471474000,1471474000,1472996000,1473163000,100000,100000,1422000,1589000,0,0,1474000,1474000,1470000000,1470000000,1471474000,1471474000,100010,11496070,100000,100000,10,11396070
321,2195327000,3259363000,100000,100000,607000,11063000,263395000,1316975000,1225000,1225000,1930000000,1930000000,1931225000,1931225000,1931932000,1942388000,100000,100000,607000,11063000,0,0,1225000,1225000,1930000000,1930000000,1931225000,1931225000,100010,4499140,100000,100000,10,4399140
351,2144542000,2673762000,100000,100000,14625000,17055000,263395000,790185000,16422000,16422000,1850000000,1850000000,1866422000,1866422000,1881147000,1883577000,100000,100000,14625000,17055000,0,0,16422000,16422000,1850000000,1850000000,1866422000,1866422000,100010,5868070,100000,100000,10,5768070
381,2198211000,2726029000,100000,100000,1844000,2872000,263395000,790185000,2872000,2872000,1930000000,1930000000,1932872000,1932872000,1934816000,1935844000,100000,100000,1844000,2872000,0,0,2872000,2872000,1930000000,1930000000,1932872000,1932872000,100010,12592080,100000,100000,10,12492080
411,2064820000,2328415000,100000,100000,607000,718000,263395000,526790000,718000,807000,1800000000,1800000000,1800718000,1800807000,1801425000,1801625000,100000,100000,607000,718000,0,0,718000,807000,1800000000,1800000000,1800718000,1800807000,100010,14859090,100000,100000,10,14759090
22,2228322000,2229125000,100000,100000,12012000,12815000,263395000,263395000,12815000,12815000,1940000000,1940000000,1952815000,1952815000,1964927000,1965730000,100000,100000,12012000,12815000,0,0,12815000,12815000,1940000000,1940000000,1952815000,1952815000,100010,327010,100000,100000,10,227010
52,2026436000,2027915000,100000,100000,1299000,1642000,263395000,263395000,1642000,2778000,1760000000,1760000000,1761642000,1762778000,1763041000,1764520000,100000,100000,1299000,1642000,0,0,1642000,2778000,1760000000,1760000000,1761642000,1762778000,100010,3328120,100000,100000,10,3228120
82,2120124000,2120443000,100000,100000,3155000,3474000,263395000,263395000,3474000,3474000,1850000000,1850000000,1853474000,1853474000,1856729000,1857048000,100000,100000,3155000,3474000,0,0,3474000,3474000,1850000000,1850000000,1853474000,1853474000,100010,4455140,100000,100000,10,4355140
112,1955406000,1955671000,100000,100000,823000,1088000,263395000,263395000,1088000,1088000,1690000000,1690000000,1691088000,1691088000,1692011000,1692276000,100000,100000,823000,1088000,0,0,1088000,1088000,1690000000,1690000000,1691088000,1691088000,100010,537020,100000,100000,10,437020
142,1986847000,1987063000,100000,100000,1568000,1784000,263395000,263395000,1784000,1784000,1720000000,1720000000,1721784000,1721784000,1723452000,1723668000,100000,100000,1568000,1784000,0,0,1784000,1784000,1720000000,1720000000,1721784000,1721784000,100010,3726080,100000,100000,10,3626080
172,2201885000,2202255000,100000,100000,4120000,4270000,263395000,263395000,4270000,4490000,1930000000,1930000000,1934270000,1934490000,1938490000,1938860000,100000,100000,4120000,4270000,0,0,4270000,4490000,1930000000,1930000000,1934270000,1934490000,100010,1145020,100000,100000,10,1045020
202,936348000,937101000,100000,100000,1050000,1803000,263395000,263395000,1803000,1803000,670000000,670000000,671803000,671803000,672953000,673706000,100000,100000,1050000,1803000,0,0,1803000,1803000,670000000,670000000,671803000,671803000,100010,11239030,100000,100000,10,11139030
232,2085020000,2085109000,100000,100000,718000,807000,263395000,263395000,807000,807000,1820000000,1820000000,1820807000,1820807000,1821625000,1821714000,100000,100000,718000,807000,0,0,807000,807000,1820000000,1820000000,1820807000,1820807000,100010,14970110,100000,100000,10,14870110
262,1757690000,2021796000,100000,100000,11742000,12453000,263395000,526790000,12453000,12453000,1470000000,1470000000,1482453000,1482453000,1494295000,1495006000,100000,100000,11742000,12453000,0,0,12453000,12453000,1470000000,1470000000,1482453000,1482453000,100010,13582110,100000,100000,10,13482110
292,1085893000,1641184000,100000,100000,1199000,9310000,263395000,790185000,1199000,1589000,820000000,840000000,821199000,841589000,822498000,850999000,100000,100000,1199000,9310000,0,0,1199000,1589000,820000000,840000000,821199000,841589000,100010,5202090,100000,100000,10,5102090
322,2166099000,2693593000,100000,100000,950000,1654000,263395000,790185000,1654000,1654000,1900000000,1900000000,1901654000,1901654000,1902704000,1903408000,100000,100000,950000,1654000,0,0,1654000,1654000,1900000000,1900000000,1901654000,1901654000,100010,2979110,100000,100000,10,2879110
352,2146469000,2411590000,100000,100000,15624000,17350000,263395000,526790000,17350000,17350000,1850000000,1850000000,1867350000,1867350000,1883074000,1884800000,100000,100000,15624000,17350000,0,0,17350000,17350000,1850000000,1850000000,1867350000,1867350000,100010,4427050,100000,100000,10,4327050
382,2187817000,2715847000,100000,100000,1844000,2944000,263395000,790185000,2478000,2618000,1920000000,1920000000,1922478000,1922618000,1924422000,1925662000,100000,100000,1844000,2944000,0,0,2478000,2618000,1920000000,1920000000,1922478000,1922618000,100010,5289130,100000,100000,10,5189130
412,2074964000,2338504000,100000,100000,662000,807000,263395000,526790000,807000,807000,1810000000,1810000000,1810807000,1810807000,1811569000,1811714000,100000,100000,662000,807000,0,0,807000,807000,1810000000,1810000000,1810807000,1810807000,100010,14914100,100000,100000,10,14814100
23,2237292000,2237519000,100000,100000,11785000,12012000,263395000,263395000,12012000,12012000,1950000000,1950000000,1962012000,1962012000,1973897000,1974124000,100000,100000,11785000,12012000,0,0,12012000,12012000,1950000000,1950000000,1962012000,1962012000,100010,929010,100000,100000,10,829010
53,1686524000,1686979000,100000,100000,11287000,11742000,263395000,263395000,11742000,11742000,1400000000,1400000000,1411742000,1411742000,1423129000,1423584000,100000,100000,11287000,11742000,0,0,11742000,11742000,1400000000,1400000000,1411742000,1411742000,100010,13127100,100000,100000,10,13027100
83,2169507000,2169805000,100000,100000,2857000,3155000,263395000,263395000,3155000,3155000,1900000000,1900000000,1903155000,1903155000,1906112000,1906410000,100000,100000,2857000,3155000,0,0,3155000,3155000,1900000000,1900000000,1903155000,1903155000,100010,4157130,100000,100000,10,4057130
113,1954954000,1955141000,100000,100000,636000,823000,263395000,263395000,823000,823000,1690000000,1690000000,1690823000,1690823000,1691559000,1691746000,100000,100000,636000,823000,0,0,823000,823000,1690000000,1690000000,1690823000,1690823000,100010,637020,100000,100000,10,537020
143,797758000,798453000,100000,100000,1784000,2479000,263395000,263395000,2479000,2479000,530000000,530000000,532479000,532479000,534363000,535058000,100000,100000,1784000,2479000,0,0,2479000,2479000,530000000,530000000,532479000,532479000,100010,3188110,100000,100000,10,3088110
173,2181808000,2182633000,100000,100000,3744000,4569000,263395000,263395000,4569000,4569000,1910000000,1910000000,1914569000,1914569000,1918413000,1919238000,100000,100000,3744000,4569000,0,0,4569000,4569000,1910000000,1910000000,1914569000,1914569000,100010,1629020,100000,100000,10,1529020
203,296123000,296612000,100000,100000,1314000,1803000,263395000,263395000,1314000,1314000,30000000,30000000,31314000,31314000,32728000,33217000,100000,100000,1314000,1803000,0,0,1314000,1314000,30000000,30000000,31314000,31314000,100010,100000,100000,100000,10,0
233,1885359000,1885609000,100000,100000,807000,1057000,263395000,263395000,1057000,1057000,1620000000,1620000000,1621057000,1621057000,1621964000,1622214000,100000,100000,807000,1057000,0,0,1057000,1057000,1620000000,1620000000,1621057000,1621057000,100010,15059120,100000,100000,10,14959120
263,2208475000,2999610000,100000,100000,12033000,12983000,263395000,1053580000,12947000,12947000,1920000000,1920000000,1932947000,1932947000,1945080000,1946030000,100000,100000,12033000,12983000,0,0,12947000,12947000,1920000000,1920000000,1932947000,1932947000,100010,13873120,100000,100000,10,13773120
293,1535836000,2327286000,100000,100000,538000,1803000,263395000,1053580000,1803000,1803000,1270000000,1270000000,1271803000,1271803000,1272441000,1273706000,100000,100000,538000,1803000,0,0,1803000,1803000,1270000000,1270000000,1271803000,1271803000,100010,13334070,100000,100000,10,13234070
323,2185507000,4193906000,100000,100000,791000,1299000,263395000,790185000,1221000,2322000,1920000000,3400000000,1921221000,3402322000,1922112000,3403721000,100000,100000,791000,1299000,0,0,1221000,2322000,1920000000,3400000000,1921221000,3402322000,100010,2820100,100000,100000,10,2720100
353,2148730000,2413160000,100000,100000,17100000,18135000,263395000,526790000,18135000,18135000,1850000000,1850000000,1868135000,1868135000,1885335000,1886370000,100000,100000,17100000,18135000,0,0,18135000,18135000,1850000000,1850000000,1868135000,1868135000,100010,7694100,100000,100000,10,7594100
383,266439000,530858000,100000,100000,2944000,3968000,263395000,526790000,0,0,0,0,0,0,3044000,4068000,100000,100000,2944000,3968000,0,0,0,0,0,0,0,0,100010,100000,100000,100000,10,0
413,1875270000,2139004000,100000,100000,718000,1057000,263395000,526790000,1057000,1057000,1610000000,1610000000,1611057000,1611057000,1611875000,1612214000,100000,100000,718000,1057000,0,0,1057000,1057000,1610000000,1610000000,1611057000,1611057000,100010,14970110,100000,100000,10,14870110
24,308924000,309125000,100000,100000,12614000,12815000,263395000,263395000,12815000,12815000,20000000,20000000,32815000,32815000,45529000,45730000,100000,100000,12614000,12815000,0,0,12815000,12815000,20000000,20000000,32815000,32815000,100010,100000,100000,100000,10,0
54,274439000,275026000,100000,100000,10944000,11531000,263395000,263395000,0,0,0,0,0,0,11044000,11631000,100000,100000,10944000,11531000,0,0,0,0,0,0,0,0,100010,100000,100000,100000,10,0
84,409336000,409463000,100000,100000,2857000,2984000,263395000,263395000,2984000,2984000,140000000,140000000,142984000,142984000,145941000,146068000,100000,100000,2857000,2984000,0,0,2984000,2984000,140000000,140000000,142984000,142984000,100010,2628050,100000,100000,10,2528050
114,2194576000,2194767000,100000,100000,445000,636000,263395000,263395000,636000,636000,1930000000,1930000000,1930636000,1930636000,1931181000,1931372000,100000,100000,445000,636000,0,0,636000,636000,1930000000,1930000000,1930636000,1930636000,100010,605020,100000,100000,10,505020
144,678760000,680889000,100000,100000,1568000,3697000,263395000,263395000,3697000,3697000,410000000,410000000,413697000,413697000,415365000,417494000,100000,100000,1568000,3697000,0,0,3697000,3697000,410000000,410000000,413697000,413697000,100010,10949030,100000,100000,10,10849030
174,382449000,382633000,100000,100000,4385000,4569000,263395000,263395000,4569000,4569000,110000000,110000000,114569000,114569000,119054000,119238000,100000,100000,4385000,4569000,0,0,4569000,4569000,110000000,110000000,114569000,114569000,100010,1350030,100000,100000,10,1250030
204,1875756000,1876581000,100000,100000,10718000,11543000,263395000,263395000,11543000,11543000,1590000000,1590000000,1601543000,1601543000,1612361000,1613186000,100000,100000,10718000,11543000,0,0,11543000,11543000,1590000000,1590000000,1601543000,1601543000,100010,12295080,100000,100000,10,12195080
234,280845000,281238000,100000,100000,17350000,17743000,263395000,263395000,0,0,0,0,0,0,17450000,17843000,100000,100000,17350000,17743000,0,0,0,0,0,0,0,0,100010,100000,100000,100000,10,0
264,2137737000,2401566000,100000,100000,1904000,2338000,263395000,526790000,2338000,2338000,1870000000,1870000000,1872338000,1872338000,1874342000,1874776000,100000,100000,1904000,2338000,0,0,2338000,2338000,1870000000,1870000000,1872338000,1872338000,100010,1885050,100000,100000,10,1785050
294,2109826000,2373838000,100000,100000,2857000,3474000,263395000,526790000,3474000,3474000,1840000000,1840000000,1843474000,1843474000,1846431000,1847048000,100000,100000,2857000,3474000,0,0,3474000,3474000,1840000000,1840000000,1843474000,1843474000,100010,4157130,100000,100000,10,4057130
324,277583000,805039000,100000,100000,14088000,14754000,263395000,790185000,0,0,0,0,0,0,14188000,14854000,100000,100000,14088000,14754000,0,0,0,0,0,0,0,0,100010,100000,100000,100000,10,0
354,2137570000,2402930000,100000,100000,16170000,17905000,263395000,526790000,17905000,18135000,1840000000,1840000000,1857905000,1858135000,1874175000,1876140000,100000,100000,16170000,17905000,0,0,17905000,18135000,1840000000,1840000000,1857905000,1858135000,100010,6764090,100000,100000,10,6664090
384,2168697000,2432338000,100000,100000,2478000,2724000,263395000,526790000,2724000,2724000,1900000000,1900000000,1902724000,1902724000,1905302000,1905548000,100000,100000,2478000,2724000,0,0,2724000,2724000,1900000000,1900000000,1902724000,1902724000,100010,2591060,100000,100000,10,2491060
414,264545000,265136000,100000,100000,1050000,1641000,263395000,263395000,0,0,0,0,0,0,1150000,1741000,100000,100000,1050000,1641000,0,0,0,0,0,0,0,0,100010,100000,100000,100000,10,0
25,1696288000,1696665000,100000,100000,11208000,11585000,263395000,263395000,11585000,11585000,1410000000,1410000000,1421585000,1421585000,1432893000,1433270000,100000,100000,11208000,11585000,0,0,11585000,11585000,1410000000,1410000000,1421585000,1421585000,100010,2362050,100000,100000,10,2262050
55,274703000,274850000,100000,100000,11208000,11355000,263395000,263395000,0,0,0,0,0,0,11308000,11455000,100000,100000,11208000,11355000,0,0,0,0,0,0,0,0,100010,100000,100000,100000,10,0
85,2180002000,2180121000,100000,100000,3194000,3313000,263395000,263395000,3313000,3313000,1910000000,1910000000,1913313000,1913313000,1916607000,1916726000,100000,100000,3194000,3313000,0,0,3313000,3313000,1910000000,1910000000,1913313000,1913313000,100010,4265110,100000,100000,10,4165110
115,1575654000,1576479000,100000,100000,667000,1492000,263395000,263395000,1492000,1492000,1310000000,1310000000,1311492000,1311492000,1312259000,1313084000,100000,100000,667000,1492000,0,0,1492000,1492000,1310000000,1310000000,1311492000,1311492000,100010,11483050,100000,100000,10,11383050
145,1820064000,1820889000,100000,100000,2872000,3697000,263395000,263395000,3697000,3697000,1550000000,1550000000,1553697000,1553697000,1556669000,1557494000,100000,100000,2872000,3697000,0,0,3697000,3697000,1550000000,1550000000,1553697000,1553697000,100010,13620080,100000,100000,10,13520080
175,312265000,312370000,100000,100000,4385000,4490000,263395000,263395000,4385000,4385000,40000000,40000000,44385000,44385000,48870000,48975000,100000,100000,4385000,4490000,0,0,4385000,4385000,40000000,40000000,44385000,44385000,100010,525030,100000,100000,10,425030
205,1281608000,1282177000,100000,100000,13772000,14341000,263395000,263395000,14341000,14341000,990000000,990000000,1004341000,1004341000,1018213000,1018782000,100000,100000,13772000,14341000,0,0,14341000,14341000,990000000,990000000,1004341000,1004341000,100010,14703090,100000,100000,10,14603090
235,1512507000,1513041000,100000,100000,9239000,9773000,263395000,263395000,9773000,9773000,1230000000,1230000000,1239773000,1239773000,1249112000,1249646000,100000,100000,9239000,9773000,0,0,9773000,9773000,1230000000,1230000000,1239773000,1239773000,100010,12847060,100000,100000,10,12747060
265,2137429000,2401208000,100000,100000,1775000,2159000,263395000,526790000,2159000,2159000,1870000000,1870000000,1872159000,1872159000,1874034000,1874418000,100000,100000,1775000,2159000,0,0,2159000,2159000,1870000000,1870000000,1872159000,1872159000,100010,2036060,100000,100000,10,1936060
295,2158972000,2686595000,100000,100000,2322000,3155000,263395000,790185000,3155000,3155000,1890000000,1890000000,1893155000,1893155000,1895577000,1896410000,100000,100000,2322000,3155000,0,0,3155000,3155000,1890000000,1890000000,1893155000,1893155000,100010,3622120,100000,100000,10,3522120
325,278135000,278249000,100000,100000,14640000,14754000,263395000,263395000,0,0,0,0,0,0,14740000,14854000,100000,100000,14640000,14754000,0,0,0,0,0,0,0,0,100010,100000,100000,100000,10,0
355,528832000,792333000,100000,100000,2618000,2724000,263395000,526790000,2719000,2719000,260000000,260000000,262719000,262719000,265437000,265543000,100000,100000,2618000,2724000,0,0,2719000,2719000,260000000,260000000,262719000,262719000,100010,2112040,100000,100000,10,2012040
385,2198369000,2462126000,100000,100000,2256000,2618000,263395000,526790000,2618000,2618000,1930000000,1930000000,1932618000,1932618000,1934974000,1935336000,100000,100000,2256000,2618000,0,0,2618000,2618000,1930000000,1930000000,1932618000,1932618000,100010,2369050,100000,100000,10,2269050
415,2018453000,2546893000,100000,100000,1654000,3304000,263395000,790185000,3304000,3304000,1750000000,1750000000,1753304000,1753304000,1755058000,1756708000,100000,100000,1654000,3304000,0,0,3304000,3304000,1750000000,1750000000,1753304000,1753304000,100010,3188110,100000,100000,10,3088110
26,1886865000,3093489000,100000,100000,11585000,11785000,263395000,263395000,11785000,18209000,1600000000,2800000000,1611785000,2818209000,1623470000,2830094000,100000,100000,11585000,11785000,0,0,11785000,18209000,1600000000,2800000000,1611785000,2818209000,100010,6524090,100000,100000,10,6424090
56,1685647000,1685911000,100000,100000,10944000,11208000,263395000,263395000,11208000,11208000,1400000000,1400000000,1411208000,1411208000,1422252000,1422516000,100000,100000,10944000,11208000,0,0,11208000,11208000,1400000000,1400000000,1411208000,1411208000,100010,2615050,100000,100000,10,2515050
86,2169670000,2170002000,100000,100000,2981000,3194000,263395000,263395000,3194000,3313000,1900000000,1900000000,1903194000,1903313000,1906275000,1906607000,100000,100000,2981000,3194000,0,0,3194000,3313000,1900000000,1900000000,1903194000,1903313000,100010,4052100,100000,100000,10,3952100
116,2194607000,2194829000,100000,100000,445000,667000,263395000,263395000,667000,667000,1930000000,1930000000,1930667000,1930667000,1931212000,1931434000,100000,100000,445000,667000,0,0,667000,667000,1930000000,1930000000,1930667000,1930667000,100010,11261040,100000,100000,10,11161040
146,537753000,656975000,100000,100000,2129000,2423000,263395000,263395000,2129000,1057000,270000000,390000000,272129000,391057000,274358000,393580000,100000,100000,2129000,2423000,0,0,2129000,1057000,270000000,390000000,272129000,391057000,100010,2054040,100000,100000,10,1954040
176,279463000,279788000,100000,100000,15968000,16293000,263395000,263395000,0,0,0,0,0,0,16068000,16393000,100000,100000,15968000,16293000,0,0,0,0,0,0,0,0,100010,100000,100000,100000,10,0
206,274558000,274764000,100000,100000,11063000,11269000,263395000,263395000,0,0,0,0,0,0,11163000,11369000,100000,100000,11063000,11269000,0,0,0,0,0,0,0,0,100010,100000,100000,100000,10,0
236,266775000,266916000,100000,100000,3280000,3421000,263395000,263395000,0,0,0,0,0,0,3380000,3521000,100000,100000,3280000,3421000,0,0,0,0,0,0,0,0,100010,100000,100000,100000,10,0
266,2078817000,2342858000,100000,100000,2338000,2984000,263395000,526790000,2984000,2984000,1810000000,1810000000,1812984000,1812984000,1815422000,1816068000,100000,100000,2338000,2984000,0,0,2984000,2984000,1810000000,1810000000,1812984000,1812984000,100010,1637060,100000,100000,10,1537060
296,2169789000,2433516000,100000,100000,2981000,3313000,263395000,526790000,3313000,3313000,1900000000,1900000000,1903313000,1903313000,1906394000,1906726000,100000,100000,2981000,3313000,0,0,3313000,3313000,1900000000,1900000000,1903313000,1903313000,100010,4052100,100000,100000,10,3952100
326,2019611000,2811200000,100000,100000,12368000,13772000,263395000,1053580000,13748000,13748000,1730000000,1730000000,1743748000,1743748000,1756216000,1757620000,100000,100000,12368000,13772000,0,0,13748000,13748000,1730000000,1730000000,1743748000,1743748000,100010,13945100,100000,100000,10,13845100
356,308266000,572338000,100000,100000,2047000,2724000,263395000,526790000,2724000,2724000,40000000,40000000,42724000,42724000,44871000,45548000,100000,100000,2047000,2724000,0,0,2724000,2724000,40000000,40000000,42724000,42724000,100010,100000,100000,100000,10,0
386,1496644000,1760748000,100000,100000,1220000,1929000,263395000,526790000,1929000,1929000,1230000000,1230000000,1231929000,1231929000,1233249000,1233958000,100000,100000,1220000,1929000,0,0,1929000,1929000,1230000000,1230000000,1231929000,1231929000,100010,15472140,100000,100000,10,15372140
416,1799239000,2327679000,100000,100000,2047000,3697000,263395000,790185000,3697000,3697000,1530000000,1530000000,1533697000,1533697000,1535844000,1537494000,100000,100000,2047000,3697000,0,0,3697000,3697000,1530000000,1530000000,1533697000,1533697000,100010,12795090,100000,100000,10,12695090
27,556822000,556979000,100000,100000,11585000,11742000,263395000,263395000,11742000,11742000,270000000,270000000,281742000,281742000,293427000,293584000,100000,100000,11585000,11742000,0,0,11742000,11742000,270000000,270000000,281742000,281742000,100010,6724100,100000,100000,10,6624100
57,274439000,274920000,100000,100000,10944000,11425000,263395000,263395000,0,0,0,0,0,0,11044000,11525000,100000,100000,10944000,11425000,0,0,0,0,0,0,0,0,100010,100000,100000,100000,10,0
87,2150519000,2150917000,100000,100000,3313000,3711000,263395000,263395000,3711000,3711000,1880000000,1880000000,1883711000,1883711000,1887124000,1887522000,100000,100000,3313000,3711000,0,0,3711000,3711000,1880000000,1880000000,1883711000,1883711000,100010,4384120,100000,100000,10,4284120
117,286230000,286479000,100000,100000,1243000,1492000,263395000,263395000,1492000,1492000,20000000,20000000,21492000,21492000,22835000,23084000,100000,100000,1243000,1492000,0,0,1492000,1492000,20000000,20000000,21492000,21492000,100010,925010,100000,100000,10,825010
147,1957553000,1957753000,100000,100000,1929000,2129000,263395000,263395000,2129000,2129000,1690000000,1690000000,1692129000,1692129000,1694158000,1694358000,100000,100000,1929000,2129000,0,0,2129000,2129000,1690000000,1690000000,1692129000,1692129000,100010,16181130,100000,100000,10,16081130
177,279788000,280154000,100000,100000,16293000,16659000,263395000,263395000,0,0,0,0,0,0,16393000,16759000,100000,100000,16293000,16659000,0,0,0,0,0,0,0,0,100010,100000,100000,100000,10,0
207,1045537000,1045621000,100000,100000,10979000,11063000,263395000,263395000,11063000,11063000,760000000,760000000,771063000,771063000,782142000,782226000,100000,100000,10979000,11063000,0,0,11063000,11063000,760000000,760000000,771063000,771063000,100010,11463060,100000,100000,10,11363060
237,1474730000,1475075000,100000,100000,445000,790000,263395000,263395000,790000,790000,1210000000,1210000000,1210790000,1210790000,1211335000,1211680000,100000,100000,445000,790000,0,0,790000,790000,1210000000,1210000000,1210790000,1210790000,100010,14752080,100000,100000,10,14652080
267,2088432000,2352446000,100000,100000,2159000,2778000,263395000,526790000,2778000,2778000,1820000000,1820000000,1822778000,1822778000,1825037000,1825656000,100000,100000,2159000,2778000,0,0,2778000,2778000,1820000000,1820000000,1822778000,1822778000,100010,2140060,100000,100000,10,2040060
297,2140400000,2404312000,100000,100000,3194000,3711000,263395000,526790000,3711000,3711000,1870000000,1870000000,1873711000,1873711000,1877005000,1877522000,100000,100000,3194000,3711000,0,0,3711000,3711000,1870000000,1870000000,1873711000,1873711000,100010,4265110,100000,100000,10,4165110
327,1278017000,1542848000,100000,100000,11543000,12979000,263395000,526790000,12979000,12979000,990000000,990000000,1002979000,1002979000,1014622000,1016058000,100000,100000,11543000,12979000,0,0,12979000,12979000,990000000,990000000,1002979000,1002979000,100010,13120090,100000,100000,10,13020090
357,371268000,635062000,100000,100000,3881000,4280000,263395000,526790000,3892000,3892000,100000000,100000000,103892000,103892000,107873000,108272000,100000,100000,3881000,4280000,0,0,3892000,3892000,100000000,100000000,103892000,103892000,100010,2071030,100000,100000,10,1971030
387,1656201000,2183639000,100000,100000,1057000,1705000,263395000,790185000,1649000,1649000,1390000000,1390000000,1391649000,1391649000,1392806000,1393454000,100000,100000,1057000,1705000,0,0,1649000,1649000,1390000000,1390000000,1391649000,1391649000,100010,15309130,100000,100000,10,15209130
417,284829000,812444000,100000,100000,667000,1492000,263395000,790185000,667000,667000,20000000,20000000,20667000,20667000,21434000,22259000,100000,100000,667000,1492000,0,0,667000,667000,20000000,20000000,20667000,20667000,100010,100000,100000,100000,10,0
28,2227894000,2228723000,100000,100000,11785000,12614000,263395000,263395000,12614000,12614000,1940000000,1940000000,1952614000,1952614000,1964499000,1965328000,100000,100000,11785000,12614000,0,0,12614000,12614000,1940000000,1940000000,1952614000,1952614000,100010,327010,100000,100000,10,227010
58,1695726000,1696069000,100000,100000,10944000,11287000,263395000,263395000,11287000,11287000,1410000000,1410000000,1421287000,1421287000,1432331000,1432674000,100000,100000,10944000,11287000,0,0,11287000,11287000,1410000000,1410000000,1421287000,1421287000,100010,12784090,100000,100000,10,12684090
88,1708949000,2790187000,100000,100000,2473000,2981000,263395000,263395000,2981000,3711000,1440000000,2520000000,1442981000,2523711000,1445554000,2526792000,100000,100000,2473000,2981000,0,0,2981000,3711000,1440000000,2520000000,1442981000,2523711000,100010,4502140,100000,100000,10,4402140
118,975325000,1108899000,100000,100000,915000,11063000,263395000,263395000,915000,14341000,710000000,820000000,710915000,834341000,711930000,845504000,100000,100000,915000,11063000,0,0,915000,14341000,710000000,820000000,710915000,834341000,100010,4356070,100000,100000,10,4256070
148,976653000,976873000,100000,100000,1469000,1689000,263395000,263395000,1689000,1689000,710000000,710000000,711689000,711689000,713258000,713478000,100000,100000,1469000,1689000,0,0,1689000,1689000,710000000,710000000,711689000,711689000,100010,11463060,100000,100000,10,11363060
178,280154000,281097000,100000,100000,16659000,17602000,263395000,263395000,0,0,0,0,0,0,16759000,17702000,100000,100000,16659000,17602000,0,0,0,0,0,0,0,0,100010,100000,100000,100000,10,0
208,1395731000,1396009000,100000,100000,10979000,11257000,263395000,263395000,11257000,11257000,1110000000,1110000000,1121257000,1121257000,1132336000,1132614000,100000,100000,10979000,11257000,0,0,11257000,11257000,1110000000,1110000000,1121257000,1121257000,100010,12205070,100000,100000,10,12105070
238,893495000,1154855000,100000,100000,0,445000,263395000,263395000,0,915000,630000000,890000000,630000000,890915000,630100000,891460000,100000,100000,0,445000,0,0,0,915000,630000000,890000000,630000000,890915000,100010,12634040,100000,100000,10,12534040
268,265435000,265703000,100000,100000,1940000,2208000,263395000,263395000,0,0,0,0,0,0,2040000,2308000,100000,100000,1940000,2208000,0,0,0,0,0,0,0,0,100010,100000,100000,100000,10,0
298,1698798000,3043582000,100000,100000,2322000,2981000,263395000,526790000,2981000,3711000,1430000000,2510000000,1432981000,2513711000,1435403000,2516792000,100000,100000,2322000,2981000,0,0,2981000,3711000,1430000000,2510000000,1432981000,2513711000,100010,4351150,100000,100000,10,4251150
328,275038000,539444000,100000,100000,11543000,12554000,263395000,526790000,0,0,0,0,0,0,11643000,12654000,100000,100000,11543000,12554000,0,0,0,0,0,0,0,0,100010,100000,100000,100000,10,0
358,2201335000,2465450000,100000,100000,3560000,4280000,263395000,526790000,4280000,4280000,1930000000,1930000000,1934280000,1934280000,1937940000,1938660000,100000,100000,3560000,4280000,0,0,4280000,4280000,1930000000,1930000000,1934280000,1934280000,100010,1750020,100000,100000,10,1650020
388,501791000,1179030000,100000,100000,13955000,14973000,263395000,790185000,14341000,13772000,210000000,360000000,224341000,373772000,238396000,388845000,100000,100000,13955000,14973000,0,0,14341000,13772000,210000000,360000000,224341000,373772000,100010,5063070,100000,100000,10,4963070
418,477870000,1006310000,100000,100000,2119000,3769000,263395000,790185000,2256000,2256000,210000000,210000000,212256000,212256000,214475000,216125000,100000,100000,2119000,3769000,0,0,2256000,2256000,210000000,210000000,212256000,212256000,100010,874030,100000,100000,10,774030
29,1887766000,3194190000,100000,100000,11785000,12486000,263395000,263395000,12486000,18209000,1600000000,2900000000,1612486000,2918209000,1624371000,2930795000,100000,100000,11785000,12486000,0,0,12486000,18209000,1600000000,2900000000,1612486000,2918209000,100010,5823080,100000,100000,10,5723080
59,1075145000,1075845000,100000,100000,10475000,11175000,263395000,263395000,11175000,11175000,790000000,790000000,801175000,801175000,811750000,812450000,100000,100000,10475000,11175000,0,0,11175000,11175000,790000000,790000000,801175000,801175000,100010,802010,100000,100000,10,702010
89,1940761000,1941079000,100000,100000,3474000,3792000,263395000,263395000,3792000,3792000,1670000000,1670000000,1673792000,1673792000,1677366000,1677684000,100000,100000,3474000,3792000,0,0,3792000,3792000,1670000000,1670000000,1673792000,1673792000,100010,4774150,100000,100000,10,4674150
119,1555017000,1555325000,100000,100000,607000,915000,263395000,263395000,915000,915000,1290000000,1290000000,1290915000,1290915000,1291622000,1291930000,100000,100000,607000,915000,0,0,915000,915000,1290000000,1290000000,1290915000,1290915000,100010,11693070,100000,100000,10,11593070
149,1516791000,1516873000,100000,100000,1607000,1689000,263395000,263395000,1689000,1689000,1250000000,1250000000,1251689000,1251689000,1253396000,1253478000,100000,100000,1607000,1689000,0,0,1689000,1689000,1250000000,1250000000,1251689000,1251689000,100010,12355080,100000,100000,10,12255080
179,281097000,281409000,100000,100000,17602000,17914000,263395000,263395000,0,0,0,0,0,0,17702000,18014000,100000,100000,17602000,17914000,0,0,0,0,0,0,0,0,100010,100000,100000,100000,10,0
209,1334931000,1335192000,100000,100000,10718000,10979000,263395000,263395000,10718000,10718000,1050000000,1050000000,1060718000,1060718000,1071536000,1071797000,100000,100000,10718000,10979000,0,0,10718000,10718000,1050000000,1050000000,1060718000,1060718000,100010,11600060,100000,100000,10,11500060
239,1563568000,1563641000,100000,100000,0,73000,263395000,263395000,73000,73000,1300000000,1300000000,1300073000,1300073000,1300173000,1300246000,100000,100000,0,73000,0,0,73000,73000,1300000000,1300000000,1300073000,1300073000,100010,13079050,100000,100000,10,12979050
269,728955000,993175000,100000,100000,2479000,3304000,263395000,526790000,2981000,2981000,460000000,460000000,462981000,462981000,465560000,466385000,100000,100000,2479000,3304000,0,0,2981000,2981000,460000000,460000000,462981000,462981000,100010,2718080,100000,100000,10,2618080
299,2159162000,2686902000,100000,100000,2473000,3304000,263395000,790185000,3194000,3313000,1890000000,1890000000,1893194000,1893313000,1895767000,1896717000,100000,100000,2473000,3304000,0,0,3194000,3313000,1890000000,1890000000,1893194000,1893313000,100010,3543090,100000,100000,10,3443090
329,275863000,276049000,100000,100000,12368000,12554000,263395000,263395000,0,0,0,0,0,0,12468000,12654000,100000,100000,12368000,12554000,0,0,0,0,0,0,0,0,100010,100000,100000,100000,10,0
359,2181520000,2445500000,100000,100000,3905000,4120000,263395000,526790000,4120000,4490000,1910000000,1910000000,1914120000,1914490000,1918125000,1918710000,100000,100000,3905000,4120000,0,0,4120000,4490000,1910000000,1910000000,1914120000,1914490000,100010,470020,100000,100000,10,370020
389,273252000,273288000,100000,100000,9757000,9793000,263395000,263395000,0,0,0,0,0,0,9857000,9893000,100000,100000,9757000,9793000,0,0,0,0,0,0,0,0,100010,100000,100000,100000,10,0
419,371624000,899423000,100000,100000,3560000,4569000,263395000,790185000,4569000,4569000,100000000,100000000,104569000,104569000,108229000,109238000,100000,100000,3560000,4569000,0,0,4569000,4569000,100000000,100000000,104569000,104569000,100010,525030,100000,100000,10,425030
30,1860353000,1860941000,100000,100000,13135000,13723000,263395000,263395000,13723000,13723000,1570000000,1570000000,1583723000,1583723000,1596958000,1597546000,100000,100000,13135000,13723000,0,0,13723000,13723000,1570000000,1570000000,1583723000,1583723000,100010,4342060,100000,100000,10,4242060
60,1455245000,1455845000,100000,100000,10575000,11175000,263395000,263395000,11175000,11175000,1170000000,1170000000,1181175000,1181175000,1191850000,1192450000,100000,100000,10575000,11175000,0,0,11175000,11175000,1170000000,1170000000,1181175000,1181175000,100010,1436010,100000,100000,10,1336010
90,561079000,561151000,100000,100000,3792000,3864000,263395000,263395000,3792000,3792000,290000000,290000000,293792000,293792000,297684000,297756000,100000,100000,3792000,3864000,0,0,3792000,3792000,290000000,290000000,293792000,293792000,100010,3822090,100000,100000,10,3722090
120,2205635000,2205945000,100000,100000,915000,1225000,263395000,263395000,1225000,1225000,1940000000,1940000000,1941225000,1941225000,1942240000,1942550000,100000,100000,915000,1225000,0,0,1225000,1225000,1940000000,1940000000,1941225000,1941225000,100010,11663040,100000,100000,10,11563040
150,1869081000,1869913000,100000,100000,17377000,18209000,263395000,263395000,18209000,18209000,1570000000,1570000000,1588209000,1588209000,1605686000,1606518000,100000,100000,17377000,18209000,0,0,18209000,18209000,1570000000,1570000000,1588209000,1588209000,100010,7593110,100000,100000,10,7493110
180,281097000,281613000,100000,100000,17602000,18118000,263395000,263395000,0,0,0,0,0,0,17702000,18218000,100000,100000,17602000,18118000,0,0,0,0,0,0,0,0,100010,100000,100000,100000,10,0
210,784658000,794931000,100000,100000,445000,10718000,263395000,263395000,10718000,10718000,510000000,510000000,520718000,520718000,521263000,531536000,100000,100000,445000,10718000,0,0,10718000,10718000,510000000,510000000,520718000,520718000,100010,4011050,100000,100000,10,3911050
240,267387000,268075000,100000,100000,3892000,4580000,263395000,263395000,0,0,0,0,0,0,3992000,4680000,100000,100000,3892000,4580000,0,0,0,0,0,0,0,0,100010,100000,100000,100000,10,0
270,2157041000,2947906000,100000,100000,1642000,2322000,263395000,1053580000,1904000,1904000,1890000000,1890000000,1891904000,1891904000,1893646000,1894326000,100000,100000,1642000,2322000,0,0,1904000,1904000,1890000000,1890000000,1891904000,1891904000,100010,3671130,100000,100000,10,3571130
300,370443000,634228000,100000,100000,3474000,3864000,263395000,526790000,3474000,3474000,100000000,100000000,103474000,103474000,107048000,107438000,100000,100000,3474000,3864000,0,0,3474000,3474000,100000000,100000000,103474000,103474000,100010,3358080,100000,100000,10,3258080
330,522090000,1049565000,100000,100000,13955000,14640000,263395000,790185000,14640000,14640000,230000000,230000000,244640000,244640000,258695000,259380000,100000,100000,13955000,14640000,0,0,14640000,14640000,230000000,230000000,244640000,244640000,100010,6578100,100000,100000,10,6478100
360,2171120000,2435445000,100000,100000,3560000,4065000,263395000,526790000,4065000,4490000,1900000000,1900000000,1904065000,1904490000,1907725000,1908655000,100000,100000,3560000,4065000,0,0,4065000,4490000,1900000000,1900000000,1904065000,1904490000,100010,525030,100000,100000,10,425030
390,895276000,1159016000,100000,100000,10718000,11063000,263395000,526790000,11063000,11063000,610000000,610000000,621063000,621063000,631881000,632226000,100000,100000,10718000,11063000,0,0,11063000,11063000,610000000,610000000,621063000,621063000,100010,13432060,100000,100000,10,13332060
420,2170983000,2699423000,100000,100000,2919000,4569000,263395000,790185000,4569000,4569000,1900000000,1900000000,1904569000,1904569000,1907588000,1909238000,100000,100000,2919000,4569000,0,0,4569000,4569000,1900000000,1900000000,1904569000,1904569000,100010,925010,100000,100000,10,825010
