,ssdn_lo,ssdn_hi,ssdn_detection_lo,ssdn_detection_hi,ssdn_notification_lo,ssdn_notification_hi,ssdn_computation_lo,ssdn_computation_hi,ssdn_transference_lo,ssdn_transference_hi,ssdn_installation_lo,ssdn_installation_hi,ssdn_update_lo,ssdn_update_hi,pcsdn_lo,pcsdn_hi,pcsdn_detection_lo,pcsdn_detection_hi,pcsdn_notification_lo,pcsdn_notification_hi,pcsdn_computation_lo,pcsdn_computation_hi,pcsdn_transference_lo,pcsdn_transference_hi,pcsdn_installation_lo,pcsdn_installation_hi,pcsdn_update_lo,pcsdn_update_hi,felix_lo,felix_hi,felix_detection_lo,felix_detection_hi,felix_coordination_lo,felix_coordination_hi
1,1098506000,1100506000,10000000,10000000,17000000,19000000,634506000,634506000,17000000,17000000,420000000,420000000,437000000,437000000,464000000,466000000,10000000,10000000,17000000,19000000,0,0,17000000,17000000,420000000,420000000,437000000,437000000,10000010,57000020,10000000,10000000,10,47000020
31,732506000,732506000,10000000,10000000,19000000,19000000,634506000,634506000,19000000,19000000,50000000,50000000,69000000,69000000,98000000,98000000,10000000,10000000,19000000,19000000,0,0,19000000,19000000,50000000,50000000,69000000,69000000,10000010,32000010,10000000,10000000,10,22000010
61,3025506000,3026506000,10000000,10000000,10000000,11000000,634506000,634506000,11000000,11000000,2360000000,2360000000,2371000000,2371000000,2391000000,2392000000,10000000,10000000,10000000,11000000,0,0,11000000,11000000,2360000000,2360000000,2371000000,2371000000,10000010,96000040,10000000,10000000,10,86000040
91,3163506000,3164506000,10000000,10000000,19000000,20000000,634506000,634506000,20000000,20000000,2480000000,2480000000,2500000000,2500000000,2529000000,2530000000,10000000,10000000,19000000,20000000,0,0,20000000,20000000,2480000000,2480000000,2500000000,2500000000,10000010,32000010,10000000,10000000,10,22000010
121,3447506000,3448506000,10000000,10000000,1000000,2000000,634506000,634506000,2000000,2000000,2800000000,2800000000,2802000000,2802000000,2813000000,2814000000,10000000,10000000,1000000,2000000,0,0,2000000,2000000,2800000000,2800000000,2802000000,2802000000,10000010,92000030,10000000,10000000,10,82000030
151,1439506000,1440506000,10000000,10000000,7000000,8000000,634506000,634506000,8000000,8000000,780000000,780000000,788000000,788000000,805000000,806000000,10000000,10000000,7000000,8000000,0,0,8000000,8000000,780000000,780000000,788000000,788000000,10000010,18000020,10000000,10000000,10,8000020
181,2294506000,2294506000,10000000,10000000,20000000,20000000,634506000,634506000,20000000,20000000,1610000000,1610000000,1630000000,1630000000,1660000000,1660000000,10000000,10000000,20000000,20000000,0,0,20000000,20000000,1610000000,1610000000,1630000000,1630000000,10000010,37000040,10000000,10000000,10,27000040
211,1114506000,1114506000,10000000,10000000,20000000,20000000,634506000,634506000,20000000,20000000,430000000,430000000,450000000,450000000,480000000,480000000,10000000,10000000,20000000,20000000,0,0,20000000,20000000,430000000,430000000,450000000,450000000,10000010,11000010,10000000,10000000,10,1000010
241,690506000,691506000,10000000,10000000,8000000,9000000,634506000,634506000,8000000,8000000,30000000,30000000,38000000,38000000,56000000,57000000,10000000,10000000,8000000,9000000,0,0,8000000,8000000,30000000,30000000,38000000,38000000,10000010,11000010,10000000,10000000,10,1000010
271,2331506000,2332506000,10000000,10000000,8000000,9000000,634506000,634506000,9000000,9000000,1670000000,1670000000,1679000000,1679000000,1697000000,1698000000,10000000,10000000,8000000,9000000,0,0,9000000,9000000,1670000000,1670000000,1679000000,1679000000,10000010,26000040,10000000,10000000,10,16000040
301,2603506000,2604506000,10000000,10000000,9000000,10000000,634506000,634506000,10000000,10000000,1940000000,1940000000,1950000000,1950000000,1969000000,1970000000,10000000,10000000,9000000,10000000,0,0,10000000,10000000,1940000000,1940000000,1950000000,1950000000,10000010,26000040,10000000,10000000,10,16000040
331,3061506000,3062506000,10000000,10000000,8000000,9000000,634506000,634506000,9000000,9000000,2400000000,2400000000,2409000000,2409000000,2427000000,2428000000,10000000,10000000,8000000,9000000,0,0,9000000,9000000,2400000000,2400000000,2409000000,2409000000,10000010,43000020,10000000,10000000,10,33000020
361,690506000,691506000,10000000,10000000,8000000,9000000,634506000,634506000,8000000,8000000,30000000,30000000,38000000,38000000,56000000,57000000,10000000,10000000,8000000,9000000,0,0,8000000,8000000,30000000,30000000,38000000,38000000,10000010,11000010,10000000,10000000,10,1000010
391,1962506000,1962506000,10000000,10000000,9000000,9000000,634506000,634506000,9000000,9000000,1300000000,1300000000,1309000000,1309000000,1328000000,1328000000,10000000,10000000,9000000,9000000,0,0,9000000,9000000,1300000000,1300000000,1309000000,1309000000,10000010,26000030,10000000,10000000,10,16000030
421,2410506000,2410506000,10000000,10000000,13000000,13000000,634506000,634506000,13000000,13000000,1740000000,1740000000,1753000000,1753000000,1776000000,1776000000,10000000,10000000,13000000,13000000,0,0,13000000,13000000,1740000000,1740000000,1753000000,1753000000,10000010,12000010,10000000,10000000,10,2000010
451,2410506000,2410506000,10000000,10000000,13000000,13000000,634506000,634506000,13000000,13000000,1740000000,1740000000,1753000000,1753000000,1776000000,1776000000,10000000,10000000,13000000,13000000,0,0,13000000,13000000,1740000000,1740000000,1753000000,1753000000,10000010,12000010,10000000,10000000,10,2000010
481,2647506000,2650506000,10000000,10000000,0,3000000,634506000,634506000,3000000,3000000,2000000000,2000000000,2003000000,2003000000,2013000000,2016000000,10000000,10000000,0,3000000,0,0,3000000,3000000,2000000000,2000000000,2003000000,2003000000,10000010,54000050,10000000,10000000,10,44000050
511,3767506000,3768506000,10000000,10000000,46000000,47000000,634506000,634506000,47000000,47000000,3030000000,3030000000,3077000000,3077000000,3133000000,3134000000,10000000,10000000,46000000,47000000,0,0,47000000,47000000,3030000000,3030000000,3077000000,3077000000,10000010,23000050,10000000,10000000,10,13000050
541,1750506000,1751506000,10000000,10000000,18000000,19000000,634506000,634506000,18000000,18000000,1070000000,1070000000,1088000000,1088000000,1116000000,1117000000,10000000,10000000,18000000,19000000,0,0,18000000,18000000,1070000000,1070000000,1088000000,1088000000,10000010,82000020,10000000,10000000,10,72000020
571,2894506000,2894506000,10000000,10000000,10000000,10000000,634506000,634506000,10000000,10000000,2230000000,2230000000,2240000000,2240000000,2260000000,2260000000,10000000,10000000,10000000,10000000,0,0,10000000,10000000,2230000000,2230000000,2240000000,2240000000,10000010,59000020,10000000,10000000,10,49000020
601,3409506000,3410506000,10000000,10000000,7000000,8000000,634506000,634506000,8000000,8000000,2750000000,2750000000,2758000000,2758000000,2775000000,2776000000,10000000,10000000,7000000,8000000,0,0,8000000,8000000,2750000000,2750000000,2758000000,2758000000,10000010,36000040,10000000,10000000,10,26000040
631,2983506000,2984506000,10000000,10000000,9000000,10000000,634506000,634506000,10000000,10000000,2320000000,2320000000,2330000000,2330000000,2349000000,2350000000,10000000,10000000,9000000,10000000,0,0,10000000,10000000,2320000000,2320000000,2330000000,2330000000,10000010,93000020,10000000,10000000,10,83000020
661,2514506000,2514506000,10000000,10000000,10000000,10000000,634506000,634506000,10000000,10000000,1850000000,1850000000,1860000000,1860000000,1880000000,1880000000,10000000,10000000,10000000,10000000,0,0,10000000,10000000,1850000000,1850000000,1860000000,1860000000,10000010,52000020,10000000,10000000,10,42000020
691,1872506000,1888506000,10000000,10000000,1000000,17000000,634506000,634506000,17000000,17000000,1210000000,1210000000,1227000000,1227000000,1238000000,1254000000,10000000,10000000,1000000,17000000,0,0,17000000,17000000,1210000000,1210000000,1227000000,1227000000,10000010,19000020,10000000,10000000,10,9000020
721,1466506000,1466506000,10000000,10000000,1000000,1000000,634506000,634506000,1000000,1000000,820000000,820000000,821000000,821000000,832000000,832000000,10000000,10000000,1000000,1000000,0,0,1000000,1000000,820000000,820000000,821000000,821000000,10000010,28000020,10000000,10000000,10,18000020
751,1736506000,1736506000,10000000,10000000,1000000,1000000,634506000,634506000,1000000,1000000,1090000000,1090000000,1091000000,1091000000,1102000000,1102000000,10000000,10000000,1000000,1000000,0,0,1000000,1000000,1090000000,1090000000,1091000000,1091000000,10000010,91000040,10000000,10000000,10,81000040
781,2165506000,2166506000,10000000,10000000,0,1000000,634506000,634506000,1000000,1000000,1520000000,1520000000,1521000000,1521000000,1531000000,1532000000,10000000,10000000,0,1000000,0,0,1000000,1000000,1520000000,1520000000,1521000000,1521000000,10000010,54000050,10000000,10000000,10,44000050
811,1966506000,1966506000,10000000,10000000,1000000,1000000,634506000,634506000,1000000,1000000,1320000000,1320000000,1321000000,1321000000,1332000000,1332000000,10000000,10000000,1000000,1000000,0,0,1000000,1000000,1320000000,1320000000,1321000000,1321000000,10000010,28000020,10000000,10000000,10,18000020
841,1314506000,1318506000,10000000,10000000,8000000,12000000,634506000,634506000,12000000,12000000,650000000,650000000,662000000,662000000,680000000,684000000,10000000,10000000,8000000,12000000,0,0,12000000,12000000,650000000,650000000,662000000,662000000,10000010,20000030,10000000,10000000,10,10000030
871,2899506000,2900506000,10000000,10000000,7000000,8000000,634506000,634506000,8000000,8000000,2240000000,2240000000,2248000000,2248000000,2265000000,2266000000,10000000,10000000,7000000,8000000,0,0,8000000,8000000,2240000000,2240000000,2248000000,2248000000,10000010,95000030,10000000,10000000,10,85000030
901,2999506000,3000506000,10000000,10000000,7000000,8000000,634506000,634506000,8000000,8000000,2340000000,2340000000,2348000000,2348000000,2365000000,2366000000,10000000,10000000,7000000,8000000,0,0,8000000,8000000,2340000000,2340000000,2348000000,2348000000,10000010,17000010,10000000,10000000,10,7000010
931,654506000,655506000,10000000,10000000,10000000,11000000,634506000,634506000,0,0,0,0,0,0,20000000,21000000,10000000,10000000,10000000,11000000,0,0,0,0,0,0,0,0,10000010,10000000,10000000,10000000,10,0
961,1981506000,1982506000,10000000,10000000,8000000,9000000,634506000,634506000,9000000,9000000,1320000000,1320000000,1329000000,1329000000,1347000000,1348000000,10000000,10000000,8000000,9000000,0,0,9000000,9000000,1320000000,1320000000,1329000000,1329000000,10000010,47000040,10000000,10000000,10,37000040
991,2972506000,16945638000,10000000,10000000,8000000,22000000,634506000,14593638000,20000000,20000000,2300000000,2300000000,2320000000,2320000000,2338000000,2352000000,10000000,10000000,8000000,22000000,0,0,20000000,20000000,2300000000,2300000000,2320000000,2320000000,10000010,32000010,10000000,10000000,10,22000010
1021,3752506000,4393012000,10000000,10000000,41000000,47000000,634506000,1269012000,47000000,47000000,3020000000,3020000000,3067000000,3067000000,3118000000,3124000000,10000000,10000000,41000000,47000000,0,0,47000000,47000000,3020000000,3020000000,3067000000,3067000000,10000010,17000030,10000000,10000000,10,7000030
1051,3777506000,12031084000,10000000,10000000,5000000,10000000,634506000,8883084000,8000000,8000000,3120000000,3120000000,3128000000,3128000000,3143000000,3148000000,10000000,10000000,5000000,10000000,0,0,8000000,8000000,3120000000,3120000000,3128000000,3128000000,10000010,27000030,10000000,10000000,10,17000030
1081,3326506000,12213590000,10000000,10000000,5000000,9000000,634506000,9517590000,7000000,7000000,2670000000,2670000000,2677000000,2677000000,2692000000,2696000000,10000000,10000000,5000000,9000000,0,0,7000000,7000000,2670000000,2670000000,2677000000,2677000000,10000010,87000030,10000000,10000000,10,77000030
1111,3784506000,8232048000,10000000,10000000,7000000,13000000,634506000,5076048000,13000000,13000000,3120000000,3120000000,3133000000,3133000000,3150000000,3156000000,10000000,10000000,7000000,13000000,0,0,13000000,13000000,3120000000,3120000000,3133000000,3133000000,10000010,10000000,10000000,10000000,10,0
1141,3776506000,6959036000,10000000,10000000,1000000,11000000,634506000,3807036000,11000000,11000000,3120000000,3120000000,3131000000,3131000000,3142000000,3152000000,10000000,10000000,1000000,11000000,0,0,11000000,11000000,3120000000,3120000000,3131000000,3131000000,10000010,68000030,10000000,10000000,10,58000030
1171,680506000,3219530000,10000000,10000000,8000000,9000000,634506000,3172530000,8000000,8000000,20000000,20000000,28000000,28000000,46000000,47000000,10000000,10000000,8000000,9000000,0,0,8000000,8000000,20000000,20000000,28000000,28000000,10000010,10000000,10000000,10000000,10,0
1201,2458506000,6267542000,10000000,10000000,11000000,13000000,634506000,4441542000,13000000,13000000,1790000000,1790000000,1803000000,1803000000,1824000000,1826000000,10000000,10000000,11000000,13000000,0,0,13000000,13000000,1790000000,1790000000,1803000000,1803000000,10000010,43000020,10000000,10000000,10,33000020
1231,975506000,2245518000,10000000,10000000,10000000,11000000,634506000,1903518000,11000000,11000000,310000000,310000000,321000000,321000000,341000000,342000000,10000000,10000000,10000000,11000000,0,0,11000000,11000000,310000000,310000000,321000000,321000000,10000010,10000000,10000000,10000000,10,0
1261,659506000,1295012000,10000000,10000000,15000000,16000000,634506000,1269012000,0,0,0,0,0,0,25000000,26000000,10000000,10000000,15000000,16000000,0,0,0,0,0,0,0,0,10000010,10000000,10000000,10000000,10,0
2,2289506000,2290506000,10000000,10000000,17000000,18000000,634506000,634506000,18000000,18000000,1610000000,1610000000,1628000000,1628000000,1655000000,1656000000,10000000,10000000,17000000,18000000,0,0,18000000,18000000,1610000000,1610000000,1628000000,1628000000,10000010,84000030,10000000,10000000,10,74000030
32,3173506000,3174506000,10000000,10000000,19000000,20000000,634506000,634506000,20000000,20000000,2490000000,2490000000,2510000000,2510000000,2539000000,2540000000,10000000,10000000,19000000,20000000,0,0,20000000,20000000,2490000000,2490000000,2510000000,2510000000,10000010,32000010,10000000,10000000,10,22000010
62,2976506000,2978506000,10000000,10000000,10000000,12000000,634506000,634506000,12000000,12000000,2310000000,2310000000,2322000000,2322000000,2342000000,2344000000,10000000,10000000,10000000,12000000,0,0,12000000,12000000,2310000000,2310000000,2322000000,2322000000,10000010,78000040,10000000,10000000,10,68000040
92,3163506000,3164506000,10000000,10000000,19000000,20000000,634506000,634506000,20000000,20000000,2480000000,2480000000,2500000000,2500000000,2529000000,2530000000,10000000,10000000,19000000,20000000,0,0,20000000,20000000,2480000000,2480000000,2500000000,2500000000,10000010,32000010,10000000,10000000,10,22000010
122,1676506000,1676506000,10000000,10000000,1000000,1000000,634506000,634506000,1000000,1000000,1030000000,1030000000,1031000000,1031000000,1042000000,1042000000,10000000,10000000,1000000,1000000,0,0,1000000,1000000,1030000000,1030000000,1031000000,1031000000,10000010,91000040,10000000,10000000,10,81000040
152,1640506000,1640506000,10000000,10000000,8000000,8000000,634506000,634506000,8000000,8000000,980000000,980000000,988000000,988000000,1006000000,1006000000,10000000,10000000,8000000,8000000,0,0,8000000,8000000,980000000,980000000,988000000,988000000,10000010,35000030,10000000,10000000,10,25000030
182,1393506000,1394506000,10000000,10000000,19000000,20000000,634506000,634506000,20000000,20000000,710000000,710000000,730000000,730000000,759000000,760000000,10000000,10000000,19000000,20000000,0,0,20000000,20000000,710000000,710000000,730000000,730000000,10000010,33000020,10000000,10000000,10,23000020
212,2343506000,2344506000,10000000,10000000,19000000,20000000,634506000,634506000,20000000,20000000,1660000000,1660000000,1680000000,1680000000,1709000000,1710000000,10000000,10000000,19000000,20000000,0,0,20000000,20000000,1660000000,1660000000,1680000000,1680000000,10000010,21000010,10000000,10000000,10,11000010
242,1962506000,1962506000,10000000,10000000,9000000,9000000,634506000,634506000,9000000,9000000,1300000000,1300000000,1309000000,1309000000,1328000000,1328000000,10000000,10000000,9000000,9000000,0,0,9000000,9000000,1300000000,1300000000,1309000000,1309000000,10000010,26000030,10000000,10000000,10,16000030
272,2331506000,2332506000,10000000,10000000,8000000,9000000,634506000,634506000,9000000,9000000,1670000000,1670000000,1679000000,1679000000,1697000000,1698000000,10000000,10000000,8000000,9000000,0,0,9000000,9000000,1670000000,1670000000,1679000000,1679000000,10000010,26000040,10000000,10000000,10,16000040
302,2382506000,2382506000,10000000,10000000,9000000,9000000,634506000,634506000,9000000,9000000,1720000000,1720000000,1729000000,1729000000,1748000000,1748000000,10000000,10000000,9000000,9000000,0,0,9000000,9000000,1720000000,1720000000,1729000000,1729000000,10000010,26000040,10000000,10000000,10,16000040
332,3061506000,3062506000,10000000,10000000,8000000,9000000,634506000,634506000,9000000,9000000,2400000000,2400000000,2409000000,2409000000,2427000000,2428000000,10000000,10000000,8000000,9000000,0,0,9000000,9000000,2400000000,2400000000,2409000000,2409000000,10000010,43000020,10000000,10000000,10,33000020
362,1305506000,1310506000,10000000,10000000,8000000,13000000,634506000,634506000,13000000,13000000,640000000,640000000,653000000,653000000,671000000,676000000,10000000,10000000,8000000,13000000,0,0,13000000,13000000,640000000,640000000,653000000,653000000,10000010,17000040,10000000,10000000,10,7000040
392,1962506000,1962506000,10000000,10000000,9000000,9000000,634506000,634506000,9000000,9000000,1300000000,1300000000,1309000000,1309000000,1328000000,1328000000,10000000,10000000,9000000,9000000,0,0,9000000,9000000,1300000000,1300000000,1309000000,1309000000,10000010,26000030,10000000,10000000,10,16000030
422,3739506000,3740506000,10000000,10000000,12000000,13000000,634506000,634506000,13000000,13000000,3070000000,3070000000,3083000000,3083000000,3105000000,3106000000,10000000,10000000,12000000,13000000,0,0,13000000,13000000,3070000000,3070000000,3083000000,3083000000,10000010,12000010,10000000,10000000,10,2000010
452,655506000,659506000,10000000,10000000,11000000,15000000,634506000,634506000,0,0,0,0,0,0,21000000,25000000,10000000,10000000,11000000,15000000,0,0,0,0,0,0,0,0,10000010,10000000,10000000,10000000,10,0
482,3211506000,3212506000,10000000,10000000,3000000,4000000,634506000,634506000,4000000,4000000,2560000000,2560000000,2564000000,2564000000,2577000000,2578000000,10000000,10000000,3000000,4000000,0,0,4000000,4000000,2560000000,2560000000,2564000000,2564000000,10000010,92000040,10000000,10000000,10,82000040
512,3761506000,3766506000,10000000,10000000,41000000,46000000,634506000,634506000,46000000,46000000,3030000000,3030000000,3076000000,3076000000,3127000000,3132000000,10000000,10000000,41000000,46000000,0,0,46000000,46000000,3030000000,3030000000,3076000000,3076000000,10000010,19000040,10000000,10000000,10,9000040
542,1509506000,1510506000,10000000,10000000,17000000,18000000,634506000,634506000,18000000,18000000,830000000,830000000,848000000,848000000,875000000,876000000,10000000,10000000,17000000,18000000,0,0,18000000,18000000,830000000,830000000,848000000,848000000,10000010,31000010,10000000,10000000,10,21000010
572,2894506000,2894506000,10000000,10000000,10000000,10000000,634506000,634506000,10000000,10000000,2230000000,2230000000,2240000000,2240000000,2260000000,2260000000,10000000,10000000,10000000,10000000,0,0,10000000,10000000,2230000000,2230000000,2240000000,2240000000,10000010,59000020,10000000,10000000,10,49000020
602,3409506000,3410506000,10000000,10000000,7000000,8000000,634506000,634506000,8000000,8000000,2750000000,2750000000,2758000000,2758000000,2775000000,2776000000,10000000,10000000,7000000,8000000,0,0,8000000,8000000,2750000000,2750000000,2758000000,2758000000,10000010,36000040,10000000,10000000,10,26000040
632,2193506000,2194506000,10000000,10000000,9000000,10000000,634506000,634506000,10000000,10000000,1530000000,1530000000,1540000000,1540000000,1559000000,1560000000,10000000,10000000,9000000,10000000,0,0,10000000,10000000,1530000000,1530000000,1540000000,1540000000,10000010,93000020,10000000,10000000,10,83000020
662,3788506000,3790506000,10000000,10000000,6000000,8000000,634506000,634506000,8000000,8000000,3130000000,3130000000,3138000000,3138000000,3154000000,3156000000,10000000,10000000,6000000,8000000,0,0,8000000,8000000,3130000000,3130000000,3138000000,3138000000,10000010,32000030,10000000,10000000,10,22000030
692,3249506000,3250506000,10000000,10000000,17000000,18000000,634506000,634506000,18000000,18000000,2570000000,2570000000,2588000000,2588000000,2615000000,2616000000,10000000,10000000,17000000,18000000,0,0,18000000,18000000,2570000000,2570000000,2588000000,2588000000,10000010,31000010,10000000,10000000,10,21000010
722,2255506000,2256506000,10000000,10000000,0,1000000,634506000,634506000,1000000,1000000,1610000000,1610000000,1611000000,1611000000,1621000000,1622000000,10000000,10000000,0,1000000,0,0,1000000,1000000,1610000000,1610000000,1611000000,1611000000,10000010,91000030,10000000,10000000,10,81000030
752,1966506000,1966506000,10000000,10000000,1000000,1000000,634506000,634506000,1000000,1000000,1320000000,1320000000,1321000000,1321000000,1332000000,1332000000,10000000,10000000,1000000,1000000,0,0,1000000,1000000,1320000000,1320000000,1321000000,1321000000,10000010,28000020,10000000,10000000,10,18000020
782,1766506000,1766506000,10000000,10000000,1000000,1000000,634506000,634506000,1000000,1000000,1120000000,1120000000,1121000000,1121000000,1132000000,1132000000,10000000,10000000,1000000,1000000,0,0,1000000,1000000,1120000000,1120000000,1121000000,1121000000,10000010,91000040,10000000,10000000,10,81000040
812,1996506000,1996506000,10000000,10000000,1000000,1000000,634506000,634506000,1000000,1000000,1350000000,1350000000,1351000000,1351000000,1362000000,1362000000,10000000,10000000,1000000,1000000,0,0,1000000,1000000,1350000000,1350000000,1351000000,1351000000,10000010,28000020,10000000,10000000,10,18000020
842,940506000,940506000,10000000,10000000,8000000,8000000,634506000,634506000,8000000,8000000,280000000,280000000,288000000,288000000,306000000,306000000,10000000,10000000,8000000,8000000,0,0,8000000,8000000,280000000,280000000,288000000,288000000,10000010,20000030,10000000,10000000,10,10000030
872,1959506000,1960506000,10000000,10000000,7000000,8000000,634506000,634506000,8000000,8000000,1300000000,1300000000,1308000000,1308000000,1325000000,1326000000,10000000,10000000,7000000,8000000,0,0,8000000,8000000,1300000000,1300000000,1308000000,1308000000,10000010,43000030,10000000,10000000,10,33000030
902,3359506000,3360506000,10000000,10000000,7000000,8000000,634506000,634506000,8000000,8000000,2700000000,2700000000,2708000000,2708000000,2725000000,2726000000,10000000,10000000,7000000,8000000,0,0,8000000,8000000,2700000000,2700000000,2708000000,2708000000,10000010,55000040,10000000,10000000,10,45000040
932,2224506000,2224506000,10000000,10000000,10000000,10000000,634506000,634506000,10000000,10000000,1560000000,1560000000,1570000000,1570000000,1590000000,1590000000,10000000,10000000,10000000,10000000,0,0,10000000,10000000,1560000000,1560000000,1570000000,1570000000,10000010,34000030,10000000,10000000,10,24000030
962,2050506000,2050506000,10000000,10000000,13000000,13000000,634506000,634506000,13000000,13000000,1380000000,1380000000,1393000000,1393000000,1416000000,1416000000,10000000,10000000,13000000,13000000,0,0,13000000,13000000,1380000000,1380000000,1393000000,1393000000,10000010,57000050,10000000,10000000,10,47000050
992,2723506000,14791120000,10000000,10000000,9000000,21000000,634506000,12690120000,20000000,20000000,2050000000,2050000000,2070000000,2070000000,2089000000,2101000000,10000000,10000000,9000000,21000000,0,0,20000000,20000000,2050000000,2050000000,2070000000,2070000000,10000010,57000020,10000000,10000000,10,47000020
1022,846506000,1482012000,10000000,10000000,46000000,47000000,634506000,1269012000,46000000,46000000,110000000,110000000,156000000,156000000,212000000,213000000,10000000,10000000,46000000,47000000,0,0,46000000,46000000,110000000,110000000,156000000,156000000,10000010,19000040,10000000,10000000,10,9000040
1052,3647506000,10632072000,10000000,10000000,5000000,10000000,634506000,7614072000,8000000,8000000,2990000000,2990000000,2998000000,2998000000,3013000000,3018000000,10000000,10000000,5000000,10000000,0,0,8000000,8000000,2990000000,2990000000,2998000000,2998000000,10000010,10000000,10000000,10000000,10,0
1082,2910506000,11809590000,10000000,10000000,0,16000000,634506000,9517590000,6000000,6000000,2260000000,2260000000,2266000000,2266000000,2276000000,2292000000,10000000,10000000,0,16000000,0,0,6000000,6000000,2260000000,2260000000,2266000000,2266000000,10000010,78000040,10000000,10000000,10,68000040
1112,1485506000,4030530000,10000000,10000000,2000000,9000000,634506000,3172530000,9000000,9000000,830000000,830000000,839000000,839000000,851000000,858000000,10000000,10000000,2000000,9000000,0,0,9000000,9000000,830000000,830000000,839000000,839000000,10000010,17000020,10000000,10000000,10,7000020
1142,925506000,4099036000,10000000,10000000,0,1000000,634506000,3807036000,1000000,1000000,280000000,280000000,281000000,281000000,291000000,292000000,10000000,10000000,0,1000000,0,0,1000000,1000000,280000000,280000000,281000000,281000000,10000010,10000000,10000000,10000000,10,0
1172,680506000,3219530000,10000000,10000000,8000000,9000000,634506000,3172530000,8000000,8000000,20000000,20000000,28000000,28000000,46000000,47000000,10000000,10000000,8000000,9000000,0,0,8000000,8000000,20000000,20000000,28000000,28000000,10000010,10000000,10000000,10000000,10,0
1202,660506000,661506000,10000000,10000000,16000000,17000000,634506000,634506000,0,0,0,0,0,0,26000000,27000000,10000000,10000000,16000000,17000000,0,0,0,0,0,0,0,0,10000010,10000000,10000000,10000000,10,0
1232,918506000,3457530000,10000000,10000000,7000000,8000000,634506000,3172530000,7000000,7000000,260000000,260000000,267000000,267000000,284000000,285000000,10000000,10000000,7000000,8000000,0,0,7000000,7000000,260000000,260000000,267000000,267000000,10000010,10000000,10000000,10000000,10,0
1262,1090506000,2996024000,10000000,10000000,17000000,19000000,634506000,2538024000,19000000,19000000,410000000,410000000,429000000,429000000,456000000,458000000,10000000,10000000,17000000,19000000,0,0,19000000,19000000,410000000,410000000,429000000,429000000,10000010,10000000,10000000,10000000,10,0
3,1278506000,1278506000,10000000,10000000,17000000,17000000,634506000,634506000,17000000,17000000,600000000,600000000,617000000,617000000,644000000,644000000,10000000,10000000,17000000,17000000,0,0,17000000,17000000,600000000,600000000,617000000,617000000,10000010,78000020,10000000,10000000,10,68000020
33,2763506000,2764506000,10000000,10000000,19000000,20000000,634506000,634506000,20000000,20000000,2080000000,2080000000,2100000000,2100000000,2129000000,2130000000,10000000,10000000,19000000,20000000,0,0,20000000,20000000,2080000000,2080000000,2100000000,2100000000,10000010,37000050,10000000,10000000,10,27000050
63,3075506000,3076506000,10000000,10000000,10000000,11000000,634506000,634506000,11000000,11000000,2410000000,2410000000,2421000000,2421000000,2441000000,2442000000,10000000,10000000,10000000,11000000,0,0,11000000,11000000,2410000000,2410000000,2421000000,2421000000,10000010,78000040,10000000,10000000,10,68000040
93,3163506000,3164506000,10000000,10000000,19000000,20000000,634506000,634506000,20000000,20000000,2480000000,2480000000,2500000000,2500000000,2529000000,2530000000,10000000,10000000,19000000,20000000,0,0,20000000,20000000,2480000000,2480000000,2500000000,2500000000,10000010,32000010,10000000,10000000,10,22000010
123,2103506000,2110506000,10000000,10000000,1000000,8000000,634506000,634506000,8000000,8000000,1450000000,1450000000,1458000000,1458000000,1469000000,1476000000,10000000,10000000,1000000,8000000,0,0,8000000,8000000,1450000000,1450000000,1458000000,1458000000,10000010,30000030,10000000,10000000,10,20000030
153,1690506000,1690506000,10000000,10000000,8000000,8000000,634506000,634506000,8000000,8000000,1030000000,1030000000,1038000000,1038000000,1056000000,1056000000,10000000,10000000,8000000,8000000,0,0,8000000,8000000,1030000000,1030000000,1038000000,1038000000,10000010,35000030,10000000,10000000,10,25000030
183,1984506000,1984506000,10000000,10000000,20000000,20000000,634506000,634506000,20000000,20000000,1300000000,1300000000,1320000000,1320000000,1350000000,1350000000,10000000,10000000,20000000,20000000,0,0,20000000,20000000,1300000000,1300000000,1320000000,1320000000,10000010,77000030,10000000,10000000,10,67000030
213,1114506000,1114506000,10000000,10000000,20000000,20000000,634506000,634506000,20000000,20000000,430000000,430000000,450000000,450000000,480000000,480000000,10000000,10000000,20000000,20000000,0,0,20000000,20000000,430000000,430000000,450000000,450000000,10000010,11000010,10000000,10000000,10,1000010
243,2331506000,2332506000,10000000,10000000,8000000,9000000,634506000,634506000,9000000,9000000,1670000000,1670000000,1679000000,1679000000,1697000000,1698000000,10000000,10000000,8000000,9000000,0,0,9000000,9000000,1670000000,1670000000,1679000000,1679000000,10000010,26000040,10000000,10000000,10,16000040
273,2331506000,2332506000,10000000,10000000,8000000,9000000,634506000,634506000,9000000,9000000,1670000000,1670000000,1679000000,1679000000,1697000000,1698000000,10000000,10000000,8000000,9000000,0,0,9000000,9000000,1670000000,1670000000,1679000000,1679000000,10000010,26000040,10000000,10000000,10,16000040
303,2382506000,2382506000,10000000,10000000,9000000,9000000,634506000,634506000,9000000,9000000,1720000000,1720000000,1729000000,1729000000,1748000000,1748000000,10000000,10000000,9000000,9000000,0,0,9000000,9000000,1720000000,1720000000,1729000000,1729000000,10000010,26000040,10000000,10000000,10,16000040
333,3061506000,3062506000,10000000,10000000,8000000,9000000,634506000,634506000,9000000,9000000,2400000000,2400000000,2409000000,2409000000,2427000000,2428000000,10000000,10000000,8000000,9000000,0,0,9000000,9000000,2400000000,2400000000,2409000000,2409000000,10000010,43000020,10000000,10000000,10,33000020
363,1753506000,1760506000,10000000,10000000,1000000,8000000,634506000,634506000,8000000,8000000,1100000000,1100000000,1108000000,1108000000,1119000000,1126000000,10000000,10000000,1000000,8000000,0,0,8000000,8000000,1100000000,1100000000,1108000000,1108000000,10000010,84000050,10000000,10000000,10,74000050
393,1962506000,1962506000,10000000,10000000,9000000,9000000,634506000,634506000,9000000,9000000,1300000000,1300000000,1309000000,1309000000,1328000000,1328000000,10000000,10000000,9000000,9000000,0,0,9000000,9000000,1300000000,1300000000,1309000000,1309000000,10000010,26000030,10000000,10000000,10,16000030
423,2476506000,2476506000,10000000,10000000,11000000,11000000,634506000,634506000,11000000,11000000,1810000000,1810000000,1821000000,1821000000,1842000000,1842000000,10000000,10000000,11000000,11000000,0,0,11000000,11000000,1810000000,1810000000,1821000000,1821000000,10000010,36000040,10000000,10000000,10,26000040
453,1606506000,1606506000,10000000,10000000,11000000,11000000,634506000,634506000,11000000,11000000,940000000,940000000,951000000,951000000,972000000,972000000,10000000,10000000,11000000,11000000,0,0,11000000,11000000,940000000,940000000,951000000,951000000,10000010,43000020,10000000,10000000,10,33000020
483,3361506000,3362506000,10000000,10000000,3000000,4000000,634506000,634506000,4000000,4000000,2710000000,2710000000,2714000000,2714000000,2727000000,2728000000,10000000,10000000,3000000,4000000,0,0,4000000,4000000,2710000000,2710000000,2714000000,2714000000,10000010,93000050,10000000,10000000,10,83000050
513,848506000,848506000,10000000,10000000,47000000,47000000,634506000,634506000,47000000,47000000,110000000,110000000,157000000,157000000,214000000,214000000,10000000,10000000,47000000,47000000,0,0,47000000,47000000,110000000,110000000,157000000,157000000,10000010,19000040,10000000,10000000,10,9000040
543,2050506000,2050506000,10000000,10000000,18000000,18000000,634506000,634506000,18000000,18000000,1370000000,1370000000,1388000000,1388000000,1416000000,1416000000,10000000,10000000,18000000,18000000,0,0,18000000,18000000,1370000000,1370000000,1388000000,1388000000,10000010,72000010,10000000,10000000,10,62000010
573,2894506000,2894506000,10000000,10000000,10000000,10000000,634506000,634506000,10000000,10000000,2230000000,2230000000,2240000000,2240000000,2260000000,2260000000,10000000,10000000,10000000,10000000,0,0,10000000,10000000,2230000000,2230000000,2240000000,2240000000,10000010,59000020,10000000,10000000,10,49000020
603,3389506000,3390506000,10000000,10000000,7000000,8000000,634506000,634506000,8000000,8000000,2730000000,2730000000,2738000000,2738000000,2755000000,2756000000,10000000,10000000,7000000,8000000,0,0,8000000,8000000,2730000000,2730000000,2738000000,2738000000,10000010,36000040,10000000,10000000,10,26000040
633,2193506000,2194506000,10000000,10000000,9000000,10000000,634506000,634506000,10000000,10000000,1530000000,1530000000,1540000000,1540000000,1559000000,1560000000,10000000,10000000,9000000,10000000,0,0,10000000,10000000,1530000000,1530000000,1540000000,1540000000,10000010,93000020,10000000,10000000,10,83000020
663,3658506000,3660506000,10000000,10000000,6000000,8000000,634506000,634506000,8000000,8000000,3000000000,3000000000,3008000000,3008000000,3024000000,3026000000,10000000,10000000,6000000,8000000,0,0,8000000,8000000,3000000000,3000000000,3008000000,3008000000,10000010,20000010,10000000,10000000,10,10000010
693,2369506000,2370506000,10000000,10000000,17000000,18000000,634506000,634506000,18000000,18000000,1690000000,1690000000,1708000000,1708000000,1735000000,1736000000,10000000,10000000,17000000,18000000,0,0,18000000,18000000,1690000000,1690000000,1708000000,1708000000,10000010,31000010,10000000,10000000,10,21000010
723,1236506000,1236506000,10000000,10000000,1000000,1000000,634506000,634506000,1000000,1000000,590000000,590000000,591000000,591000000,602000000,602000000,10000000,10000000,1000000,1000000,0,0,1000000,1000000,590000000,590000000,591000000,591000000,10000010,91000040,10000000,10000000,10,81000040
753,2755506000,2756506000,10000000,10000000,0,1000000,634506000,634506000,1000000,1000000,2110000000,2110000000,2111000000,2111000000,2121000000,2122000000,10000000,10000000,0,1000000,0,0,1000000,1000000,2110000000,2110000000,2111000000,2111000000,10000010,91000030,10000000,10000000,10,81000030
783,1766506000,1766506000,10000000,10000000,1000000,1000000,634506000,634506000,1000000,1000000,1120000000,1120000000,1121000000,1121000000,1132000000,1132000000,10000000,10000000,1000000,1000000,0,0,1000000,1000000,1120000000,1120000000,1121000000,1121000000,10000010,91000040,10000000,10000000,10,81000040
813,1966506000,1966506000,10000000,10000000,1000000,1000000,634506000,634506000,1000000,1000000,1320000000,1320000000,1321000000,1321000000,1332000000,1332000000,10000000,10000000,1000000,1000000,0,0,1000000,1000000,1320000000,1320000000,1321000000,1321000000,10000010,28000020,10000000,10000000,10,18000020
843,1393506000,1396506000,10000000,10000000,8000000,11000000,634506000,634506000,11000000,11000000,730000000,730000000,741000000,741000000,759000000,762000000,10000000,10000000,8000000,11000000,0,0,11000000,11000000,730000000,730000000,741000000,741000000,10000010,18000020,10000000,10000000,10,8000020
873,3749506000,3750506000,10000000,10000000,7000000,8000000,634506000,634506000,8000000,8000000,3090000000,3090000000,3098000000,3098000000,3115000000,3116000000,10000000,10000000,7000000,8000000,0,0,8000000,8000000,3090000000,3090000000,3098000000,3098000000,10000010,91000040,10000000,10000000,10,81000040
903,3009506000,3010506000,10000000,10000000,7000000,8000000,634506000,634506000,8000000,8000000,2350000000,2350000000,2358000000,2358000000,2375000000,2376000000,10000000,10000000,7000000,8000000,0,0,8000000,8000000,2350000000,2350000000,2358000000,2358000000,10000010,17000010,10000000,10000000,10,7000010
933,2290506000,2290506000,10000000,10000000,13000000,13000000,634506000,634506000,13000000,13000000,1620000000,1620000000,1633000000,1633000000,1656000000,1656000000,10000000,10000000,13000000,13000000,0,0,13000000,13000000,1620000000,1620000000,1633000000,1633000000,10000010,36000040,10000000,10000000,10,26000040
963,670506000,670506000,10000000,10000000,8000000,8000000,634506000,634506000,8000000,8000000,10000000,10000000,18000000,18000000,36000000,36000000,10000000,10000000,8000000,8000000,0,0,8000000,8000000,10000000,10000000,18000000,18000000,10000010,10000000,10000000,10000000,10,0
993,1103506000,11256602000,10000000,10000000,19000000,20000000,634506000,10786602000,20000000,20000000,420000000,420000000,440000000,440000000,469000000,470000000,10000000,10000000,19000000,20000000,0,0,20000000,20000000,420000000,420000000,440000000,440000000,10000010,10000000,10000000,10000000,10,0
1023,3804506000,5081518000,10000000,10000000,38000000,46000000,634506000,1903518000,42000000,42000000,3080000000,3080000000,3122000000,3122000000,3170000000,3178000000,10000000,10000000,38000000,46000000,0,0,42000000,42000000,3080000000,3080000000,3122000000,3122000000,10000010,122000070,10000000,10000000,10,112000070
1053,650506000,656506000,10000000,10000000,6000000,12000000,634506000,634506000,0,0,0,0,0,0,16000000,22000000,10000000,10000000,6000000,12000000,0,0,0,0,0,0,0,0,10000010,10000000,10000000,10000000,10,0
1083,680506000,3219530000,10000000,10000000,8000000,9000000,634506000,3172530000,8000000,8000000,20000000,20000000,28000000,28000000,46000000,47000000,10000000,10000000,8000000,9000000,0,0,8000000,8000000,20000000,20000000,28000000,28000000,10000010,10000000,10000000,10000000,10,0
1113,651506000,1921518000,10000000,10000000,7000000,8000000,634506000,1903518000,0,0,0,0,0,0,17000000,18000000,10000000,10000000,7000000,8000000,0,0,0,0,0,0,0,0,10000010,10000000,10000000,10000000,10,0
1143,955506000,4136036000,10000000,10000000,0,8000000,634506000,3807036000,1000000,1000000,310000000,310000000,311000000,311000000,321000000,329000000,10000000,10000000,0,8000000,0,0,1000000,1000000,310000000,310000000,311000000,311000000,10000010,10000000,10000000,10000000,10,0
1173,2285506000,6097542000,10000000,10000000,8000000,13000000,634506000,4441542000,13000000,13000000,1620000000,1620000000,1633000000,1633000000,1651000000,1656000000,10000000,10000000,8000000,13000000,0,0,13000000,13000000,1620000000,1620000000,1633000000,1633000000,10000010,27000030,10000000,10000000,10,17000030
1203,654506000,655506000,10000000,10000000,10000000,11000000,634506000,634506000,0,0,0,0,0,0,20000000,21000000,10000000,10000000,10000000,11000000,0,0,0,0,0,0,0,0,10000010,10000000,10000000,10000000,10,0
1233,3335506000,3971012000,10000000,10000000,80000000,81000000,634506000,1269012000,81000000,81000000,2530000000,2530000000,2611000000,2611000000,2701000000,2702000000,10000000,10000000,80000000,81000000,0,0,81000000,81000000,2530000000,2530000000,2611000000,2611000000,10000010,142000030,10000000,10000000,10,132000030
1263,650506000,652506000,10000000,10000000,6000000,8000000,634506000,634506000,0,0,0,0,0,0,16000000,18000000,10000000,10000000,6000000,8000000,0,0,0,0,0,0,0,0,10000010,10000000,10000000,10000000,10,0
4,1621506000,1628506000,10000000,10000000,10000000,17000000,634506000,634506000,17000000,17000000,950000000,950000000,967000000,967000000,987000000,994000000,10000000,10000000,10000000,17000000,0,0,17000000,17000000,950000000,950000000,967000000,967000000,10000010,75000030,10000000,10000000,10,65000030
34,3173506000,3174506000,10000000,10000000,19000000,20000000,634506000,634506000,20000000,20000000,2490000000,2490000000,2510000000,2510000000,2539000000,2540000000,10000000,10000000,19000000,20000000,0,0,20000000,20000000,2490000000,2490000000,2510000000,2510000000,10000010,32000010,10000000,10000000,10,22000010
64,3075506000,3076506000,10000000,10000000,10000000,11000000,634506000,634506000,11000000,11000000,2410000000,2410000000,2421000000,2421000000,2441000000,2442000000,10000000,10000000,10000000,11000000,0,0,11000000,11000000,2410000000,2410000000,2421000000,2421000000,10000010,78000040,10000000,10000000,10,68000040
94,1522506000,1522506000,10000000,10000000,19000000,19000000,634506000,634506000,19000000,19000000,840000000,840000000,859000000,859000000,888000000,888000000,10000000,10000000,19000000,19000000,0,0,19000000,19000000,840000000,840000000,859000000,859000000,10000010,32000010,10000000,10000000,10,22000010
124,2256506000,2256506000,10000000,10000000,1000000,1000000,634506000,634506000,1000000,1000000,1610000000,1610000000,1611000000,1611000000,1622000000,1622000000,10000000,10000000,1000000,1000000,0,0,1000000,1000000,1610000000,1610000000,1611000000,1611000000,10000010,22000030,10000000,10000000,10,12000030
154,1670506000,1670506000,10000000,10000000,8000000,8000000,634506000,634506000,8000000,8000000,1010000000,1010000000,1018000000,1018000000,1036000000,1036000000,10000000,10000000,8000000,8000000,0,0,8000000,8000000,1010000000,1010000000,1018000000,1018000000,10000010,35000030,10000000,10000000,10,25000030
184,2284506000,2284506000,10000000,10000000,20000000,20000000,634506000,634506000,20000000,20000000,1600000000,1600000000,1620000000,1620000000,1650000000,1650000000,10000000,10000000,20000000,20000000,0,0,20000000,20000000,1600000000,1600000000,1620000000,1620000000,10000010,37000040,10000000,10000000,10,27000040
214,1004506000,1004506000,10000000,10000000,20000000,20000000,634506000,634506000,20000000,20000000,320000000,320000000,340000000,340000000,370000000,370000000,10000000,10000000,20000000,20000000,0,0,20000000,20000000,320000000,320000000,340000000,340000000,10000010,11000010,10000000,10000000,10,1000010
244,2311506000,2312506000,10000000,10000000,8000000,9000000,634506000,634506000,9000000,9000000,1650000000,1650000000,1659000000,1659000000,1677000000,1678000000,10000000,10000000,8000000,9000000,0,0,9000000,9000000,1650000000,1650000000,1659000000,1659000000,10000010,21000010,10000000,10000000,10,11000010
274,2331506000,2332506000,10000000,10000000,8000000,9000000,634506000,634506000,9000000,9000000,1670000000,1670000000,1679000000,1679000000,1697000000,1698000000,10000000,10000000,8000000,9000000,0,0,9000000,9000000,1670000000,1670000000,1679000000,1679000000,10000010,26000040,10000000,10000000,10,16000040
304,2382506000,2382506000,10000000,10000000,9000000,9000000,634506000,634506000,9000000,9000000,1720000000,1720000000,1729000000,1729000000,1748000000,1748000000,10000000,10000000,9000000,9000000,0,0,9000000,9000000,1720000000,1720000000,1729000000,1729000000,10000010,26000040,10000000,10000000,10,16000040
334,3061506000,3062506000,10000000,10000000,8000000,9000000,634506000,634506000,9000000,9000000,2400000000,2400000000,2409000000,2409000000,2427000000,2428000000,10000000,10000000,8000000,9000000,0,0,9000000,9000000,2400000000,2400000000,2409000000,2409000000,10000010,43000020,10000000,10000000,10,33000020
364,690506000,691506000,10000000,10000000,8000000,9000000,634506000,634506000,8000000,8000000,30000000,30000000,38000000,38000000,56000000,57000000,10000000,10000000,8000000,9000000,0,0,8000000,8000000,30000000,30000000,38000000,38000000,10000010,11000010,10000000,10000000,10,1000010
394,1962506000,1962506000,10000000,10000000,9000000,9000000,634506000,634506000,9000000,9000000,1300000000,1300000000,1309000000,1309000000,1328000000,1328000000,10000000,10000000,9000000,9000000,0,0,9000000,9000000,1300000000,1300000000,1309000000,1309000000,10000010,26000030,10000000,10000000,10,16000030
424,2367506000,2368506000,10000000,10000000,11000000,12000000,634506000,634506000,12000000,12000000,1700000000,1700000000,1712000000,1712000000,1733000000,1734000000,10000000,10000000,11000000,12000000,0,0,12000000,12000000,1700000000,1700000000,1712000000,1712000000,10000010,36000040,10000000,10000000,10,26000040
454,1507506000,1508506000,10000000,10000000,11000000,12000000,634506000,634506000,12000000,12000000,840000000,840000000,852000000,852000000,873000000,874000000,10000000,10000000,11000000,12000000,0,0,12000000,12000000,840000000,840000000,852000000,852000000,10000010,43000020,10000000,10000000,10,33000020
484,3361506000,3362506000,10000000,10000000,3000000,4000000,634506000,634506000,4000000,4000000,2710000000,2710000000,2714000000,2714000000,2727000000,2728000000,10000000,10000000,3000000,4000000,0,0,4000000,4000000,2710000000,2710000000,2714000000,2714000000,10000010,93000050,10000000,10000000,10,83000050
514,3817506000,3818506000,10000000,10000000,41000000,42000000,634506000,634506000,42000000,42000000,3090000000,3090000000,3132000000,3132000000,3183000000,3184000000,10000000,10000000,41000000,42000000,0,0,42000000,42000000,3090000000,3090000000,3132000000,3132000000,10000010,125000080,10000000,10000000,10,115000080
544,2050506000,2050506000,10000000,10000000,18000000,18000000,634506000,634506000,18000000,18000000,1370000000,1370000000,1388000000,1388000000,1416000000,1416000000,10000000,10000000,18000000,18000000,0,0,18000000,18000000,1370000000,1370000000,1388000000,1388000000,10000010,72000010,10000000,10000000,10,62000010
574,2894506000,2894506000,10000000,10000000,10000000,10000000,634506000,634506000,10000000,10000000,2230000000,2230000000,2240000000,2240000000,2260000000,2260000000,10000000,10000000,10000000,10000000,0,0,10000000,10000000,2230000000,2230000000,2240000000,2240000000,10000010,59000020,10000000,10000000,10,49000020
604,2153506000,2158506000,10000000,10000000,7000000,12000000,634506000,634506000,12000000,12000000,1490000000,1490000000,1502000000,1502000000,1519000000,1524000000,10000000,10000000,7000000,12000000,0,0,12000000,12000000,1490000000,1490000000,1502000000,1502000000,10000010,21000030,10000000,10000000,10,11000030
634,2133506000,2134506000,10000000,10000000,9000000,10000000,634506000,634506000,10000000,10000000,1470000000,1470000000,1480000000,1480000000,1499000000,1500000000,10000000,10000000,9000000,10000000,0,0,10000000,10000000,1470000000,1470000000,1480000000,1480000000,10000010,93000020,10000000,10000000,10,83000020
664,1866506000,1866506000,10000000,10000000,6000000,6000000,634506000,634506000,6000000,6000000,1210000000,1210000000,1216000000,1216000000,1232000000,1232000000,10000000,10000000,6000000,6000000,0,0,6000000,6000000,1210000000,1210000000,1216000000,1216000000,10000010,30000030,10000000,10000000,10,20000030
694,3249506000,3250506000,10000000,10000000,17000000,18000000,634506000,634506000,18000000,18000000,2570000000,2570000000,2588000000,2588000000,2615000000,2616000000,10000000,10000000,17000000,18000000,0,0,18000000,18000000,2570000000,2570000000,2588000000,2588000000,10000010,31000010,10000000,10000000,10,21000010
724,1354506000,1362506000,10000000,10000000,1000000,9000000,634506000,634506000,9000000,9000000,700000000,700000000,709000000,709000000,720000000,728000000,10000000,10000000,1000000,9000000,0,0,9000000,9000000,700000000,700000000,709000000,709000000,10000010,11000010,10000000,10000000,10,1000010
754,1346506000,1346506000,10000000,10000000,1000000,1000000,634506000,634506000,1000000,1000000,700000000,700000000,701000000,701000000,712000000,712000000,10000000,10000000,1000000,1000000,0,0,1000000,1000000,700000000,700000000,701000000,701000000,10000010,30000030,10000000,10000000,10,20000030
784,1766506000,1766506000,10000000,10000000,1000000,1000000,634506000,634506000,1000000,1000000,1120000000,1120000000,1121000000,1121000000,1132000000,1132000000,10000000,10000000,1000000,1000000,0,0,1000000,1000000,1120000000,1120000000,1121000000,1121000000,10000010,91000040,10000000,10000000,10,81000040
814,2755506000,2756506000,10000000,10000000,0,1000000,634506000,634506000,1000000,1000000,2110000000,2110000000,2111000000,2111000000,2121000000,2122000000,10000000,10000000,0,1000000,0,0,1000000,1000000,2110000000,2110000000,2111000000,2111000000,10000010,91000030,10000000,10000000,10,81000030
844,652506000,653506000,10000000,10000000,8000000,9000000,634506000,634506000,0,0,0,0,0,0,18000000,19000000,10000000,10000000,8000000,9000000,0,0,0,0,0,0,0,0,10000010,10000000,10000000,10000000,10,0
874,3749506000,3750506000,10000000,10000000,7000000,8000000,634506000,634506000,8000000,8000000,3090000000,3090000000,3098000000,3098000000,3115000000,3116000000,10000000,10000000,7000000,8000000,0,0,8000000,8000000,3090000000,3090000000,3098000000,3098000000,10000010,91000040,10000000,10000000,10,81000040
904,3359506000,3360506000,10000000,10000000,7000000,8000000,634506000,634506000,8000000,8000000,2700000000,2700000000,2708000000,2708000000,2725000000,2726000000,10000000,10000000,7000000,8000000,0,0,8000000,8000000,2700000000,2700000000,2708000000,2708000000,10000010,55000040,10000000,10000000,10,45000040
934,2300506000,2300506000,10000000,10000000,13000000,13000000,634506000,634506000,13000000,13000000,1630000000,1630000000,1643000000,1643000000,1666000000,1666000000,10000000,10000000,13000000,13000000,0,0,13000000,13000000,1630000000,1630000000,1643000000,1643000000,10000010,36000040,10000000,10000000,10,26000040
964,3752506000,3756506000,10000000,10000000,42000000,46000000,634506000,634506000,46000000,46000000,3020000000,3020000000,3066000000,3066000000,3118000000,3122000000,10000000,10000000,42000000,46000000,0,0,46000000,46000000,3020000000,3020000000,3066000000,3066000000,10000010,126000090,10000000,10000000,10,116000090
994,3612506000,20775168000,10000000,10000000,8000000,39000000,634506000,17766168000,20000000,20000000,2940000000,2940000000,2960000000,2960000000,2978000000,3009000000,10000000,10000000,8000000,39000000,0,0,20000000,20000000,2940000000,2940000000,2960000000,2960000000,10000010,27000030,10000000,10000000,10,17000030
1024,2791506000,5985036000,10000000,10000000,18000000,39000000,634506000,3807036000,39000000,39000000,2090000000,2090000000,2129000000,2129000000,2157000000,2178000000,10000000,10000000,18000000,39000000,0,0,39000000,39000000,2090000000,2090000000,2129000000,2129000000,10000010,21000010,10000000,10000000,10,11000010
1054,675506000,3220530000,10000000,10000000,5000000,12000000,634506000,3172530000,6000000,6000000,20000000,20000000,26000000,26000000,41000000,48000000,10000000,10000000,5000000,12000000,0,0,6000000,6000000,20000000,20000000,26000000,26000000,10000010,10000000,10000000,10000000,10,0
1084,664506000,666506000,10000000,10000000,20000000,22000000,634506000,634506000,0,0,0,0,0,0,30000000,32000000,10000000,10000000,20000000,22000000,0,0,0,0,0,0,0,0,10000010,10000000,10000000,10000000,10,0
1114,651506000,1921518000,10000000,10000000,7000000,8000000,634506000,1903518000,0,0,0,0,0,0,17000000,18000000,10000000,10000000,7000000,8000000,0,0,0,0,0,0,0,0,10000010,10000000,10000000,10000000,10,0
1144,925506000,3464530000,10000000,10000000,0,1000000,634506000,3172530000,1000000,1000000,280000000,280000000,281000000,281000000,291000000,292000000,10000000,10000000,0,1000000,0,0,1000000,1000000,280000000,280000000,281000000,281000000,10000010,10000000,10000000,10000000,10,0
1174,680506000,2585024000,10000000,10000000,8000000,9000000,634506000,2538024000,8000000,8000000,20000000,20000000,28000000,28000000,46000000,47000000,10000000,10000000,8000000,9000000,0,0,8000000,8000000,20000000,20000000,28000000,28000000,10000010,10000000,10000000,10000000,10,0
1204,662506000,1298012000,10000000,10000000,18000000,19000000,634506000,1269012000,0,0,0,0,0,0,28000000,29000000,10000000,10000000,18000000,19000000,0,0,0,0,0,0,0,0,10000010,10000000,10000000,10000000,10,0
1234,3383506000,4715518000,10000000,10000000,18000000,81000000,634506000,1903518000,81000000,81000000,2640000000,2640000000,2721000000,2721000000,2749000000,2812000000,10000000,10000000,18000000,81000000,0,0,81000000,81000000,2640000000,2640000000,2721000000,2721000000,10000010,68000020,10000000,10000000,10,58000020
1264,650506000,652506000,10000000,10000000,6000000,8000000,634506000,634506000,0,0,0,0,0,0,16000000,18000000,10000000,10000000,6000000,8000000,0,0,0,0,0,0,0,0,10000010,10000000,10000000,10000000,10,0
5,1078506000,1080506000,10000000,10000000,17000000,19000000,634506000,634506000,17000000,17000000,400000000,400000000,417000000,417000000,444000000,446000000,10000000,10000000,17000000,19000000,0,0,17000000,17000000,400000000,400000000,417000000,417000000,10000010,57000020,10000000,10000000,10,47000020
35,3173506000,3174506000,10000000,10000000,19000000,20000000,634506000,634506000,20000000,20000000,2490000000,2490000000,2510000000,2510000000,2539000000,2540000000,10000000,10000000,19000000,20000000,0,0,20000000,20000000,2490000000,2490000000,2510000000,2510000000,10000010,32000010,10000000,10000000,10,22000010
65,3065506000,3066506000,10000000,10000000,10000000,11000000,634506000,634506000,11000000,11000000,2400000000,2400000000,2411000000,2411000000,2431000000,2432000000,10000000,10000000,10000000,11000000,0,0,11000000,11000000,2400000000,2400000000,2411000000,2411000000,10000010,78000040,10000000,10000000,10,68000040
95,2863506000,2864506000,10000000,10000000,19000000,20000000,634506000,634506000,20000000,20000000,2180000000,2180000000,2200000000,2200000000,2229000000,2230000000,10000000,10000000,19000000,20000000,0,0,20000000,20000000,2180000000,2180000000,2200000000,2200000000,10000010,60000040,10000000,10000000,10,50000040
125,3447506000,3448506000,10000000,10000000,1000000,2000000,634506000,634506000,2000000,2000000,2800000000,2800000000,2802000000,2802000000,2813000000,2814000000,10000000,10000000,1000000,2000000,0,0,2000000,2000000,2800000000,2800000000,2802000000,2802000000,10000010,92000030,10000000,10000000,10,82000030
155,1970506000,1970506000,10000000,10000000,8000000,8000000,634506000,634506000,8000000,8000000,1310000000,1310000000,1318000000,1318000000,1336000000,1336000000,10000000,10000000,8000000,8000000,0,0,8000000,8000000,1310000000,1310000000,1318000000,1318000000,10000010,35000030,10000000,10000000,10,25000030
185,2284506000,2284506000,10000000,10000000,20000000,20000000,634506000,634506000,20000000,20000000,1600000000,1600000000,1620000000,1620000000,1650000000,1650000000,10000000,10000000,20000000,20000000,0,0,20000000,20000000,1600000000,1600000000,1620000000,1620000000,10000010,37000040,10000000,10000000,10,27000040
215,1114506000,1114506000,10000000,10000000,20000000,20000000,634506000,634506000,20000000,20000000,430000000,430000000,450000000,450000000,480000000,480000000,10000000,10000000,20000000,20000000,0,0,20000000,20000000,430000000,430000000,450000000,450000000,10000010,11000010,10000000,10000000,10,1000010
245,2331506000,2332506000,10000000,10000000,8000000,9000000,634506000,634506000,9000000,9000000,1670000000,1670000000,1679000000,1679000000,1697000000,1698000000,10000000,10000000,8000000,9000000,0,0,9000000,9000000,1670000000,1670000000,1679000000,1679000000,10000010,26000040,10000000,10000000,10,16000040
275,2382506000,2382506000,10000000,10000000,9000000,9000000,634506000,634506000,9000000,9000000,1720000000,1720000000,1729000000,1729000000,1748000000,1748000000,10000000,10000000,9000000,9000000,0,0,9000000,9000000,1720000000,1720000000,1729000000,1729000000,10000010,26000040,10000000,10000000,10,16000040
305,2382506000,2382506000,10000000,10000000,9000000,9000000,634506000,634506000,9000000,9000000,1720000000,1720000000,1729000000,1729000000,1748000000,1748000000,10000000,10000000,9000000,9000000,0,0,9000000,9000000,1720000000,1720000000,1729000000,1729000000,10000010,26000040,10000000,10000000,10,16000040
335,760506000,760506000,10000000,10000000,8000000,8000000,634506000,634506000,8000000,8000000,100000000,100000000,108000000,108000000,126000000,126000000,10000000,10000000,8000000,8000000,0,0,8000000,8000000,100000000,100000000,108000000,108000000,10000010,23000010,10000000,10000000,10,13000010
365,690506000,691506000,10000000,10000000,8000000,9000000,634506000,634506000,8000000,8000000,30000000,30000000,38000000,38000000,56000000,57000000,10000000,10000000,8000000,9000000,0,0,8000000,8000000,30000000,30000000,38000000,38000000,10000010,11000010,10000000,10000000,10,1000010
395,1962506000,1962506000,10000000,10000000,9000000,9000000,634506000,634506000,9000000,9000000,1300000000,1300000000,1309000000,1309000000,1328000000,1328000000,10000000,10000000,9000000,9000000,0,0,9000000,9000000,1300000000,1300000000,1309000000,1309000000,10000010,26000030,10000000,10000000,10,16000030
425,1572506000,1576506000,10000000,10000000,7000000,11000000,634506000,634506000,11000000,11000000,910000000,910000000,921000000,921000000,938000000,942000000,10000000,10000000,7000000,11000000,0,0,11000000,11000000,910000000,910000000,921000000,921000000,10000010,29000030,10000000,10000000,10,19000030
455,2076506000,2076506000,10000000,10000000,11000000,11000000,634506000,634506000,11000000,11000000,1410000000,1410000000,1421000000,1421000000,1442000000,1442000000,10000000,10000000,11000000,11000000,0,0,11000000,11000000,1410000000,1410000000,1421000000,1421000000,10000010,43000020,10000000,10000000,10,33000020
485,3361506000,3362506000,10000000,10000000,3000000,4000000,634506000,634506000,4000000,4000000,2710000000,2710000000,2714000000,2714000000,2727000000,2728000000,10000000,10000000,3000000,4000000,0,0,4000000,4000000,2710000000,2710000000,2714000000,2714000000,10000010,93000050,10000000,10000000,10,83000050
515,2822506000,2822506000,10000000,10000000,39000000,39000000,634506000,634506000,39000000,39000000,2100000000,2100000000,2139000000,2139000000,2188000000,2188000000,10000000,10000000,39000000,39000000,0,0,39000000,39000000,2100000000,2100000000,2139000000,2139000000,10000010,43000020,10000000,10000000,10,33000020
545,2552506000,2614506000,10000000,10000000,18000000,80000000,634506000,634506000,80000000,80000000,1810000000,1810000000,1890000000,1890000000,1918000000,1980000000,10000000,10000000,18000000,80000000,0,0,80000000,80000000,1810000000,1810000000,1890000000,1890000000,10000010,68000020,10000000,10000000,10,58000020
575,2884506000,2884506000,10000000,10000000,10000000,10000000,634506000,634506000,10000000,10000000,2220000000,2220000000,2230000000,2230000000,2250000000,2250000000,10000000,10000000,10000000,10000000,0,0,10000000,10000000,2220000000,2220000000,2230000000,2230000000,10000010,59000020,10000000,10000000,10,49000020
605,653506000,655506000,10000000,10000000,9000000,11000000,634506000,634506000,0,0,0,0,0,0,19000000,21000000,10000000,10000000,9000000,11000000,0,0,0,0,0,0,0,0,10000010,10000000,10000000,10000000,10,0
635,653506000,654506000,10000000,10000000,9000000,10000000,634506000,634506000,0,0,0,0,0,0,19000000,20000000,10000000,10000000,9000000,10000000,0,0,0,0,0,0,0,0,10000010,10000000,10000000,10000000,10,0
665,1696506000,1696506000,10000000,10000000,6000000,6000000,634506000,634506000,6000000,6000000,1040000000,1040000000,1046000000,1046000000,1062000000,1062000000,10000000,10000000,6000000,6000000,0,0,6000000,6000000,1040000000,1040000000,1046000000,1046000000,10000010,22000020,10000000,10000000,10,12000020
695,2369506000,2370506000,10000000,10000000,17000000,18000000,634506000,634506000,18000000,18000000,1690000000,1690000000,1708000000,1708000000,1735000000,1736000000,10000000,10000000,17000000,18000000,0,0,18000000,18000000,1690000000,1690000000,1708000000,1708000000,10000010,31000010,10000000,10000000,10,21000010
725,986506000,986506000,10000000,10000000,1000000,1000000,634506000,634506000,1000000,1000000,340000000,340000000,341000000,341000000,352000000,352000000,10000000,10000000,1000000,1000000,0,0,1000000,1000000,340000000,340000000,341000000,341000000,10000010,21000030,10000000,10000000,10,11000030
755,1596506000,1596506000,10000000,10000000,1000000,1000000,634506000,634506000,1000000,1000000,950000000,950000000,951000000,951000000,962000000,962000000,10000000,10000000,1000000,1000000,0,0,1000000,1000000,950000000,950000000,951000000,951000000,10000010,28000020,10000000,10000000,10,18000020
785,1766506000,1766506000,10000000,10000000,1000000,1000000,634506000,634506000,1000000,1000000,1120000000,1120000000,1121000000,1121000000,1132000000,1132000000,10000000,10000000,1000000,1000000,0,0,1000000,1000000,1120000000,1120000000,1121000000,1121000000,10000010,91000040,10000000,10000000,10,81000040
815,1761506000,1768506000,10000000,10000000,0,7000000,634506000,634506000,7000000,7000000,1110000000,1110000000,1117000000,1117000000,1127000000,1134000000,10000000,10000000,0,7000000,0,0,7000000,7000000,1110000000,1110000000,1117000000,1117000000,10000010,83000040,10000000,10000000,10,73000040
845,960506000,960506000,10000000,10000000,8000000,8000000,634506000,634506000,8000000,8000000,300000000,300000000,308000000,308000000,326000000,326000000,10000000,10000000,8000000,8000000,0,0,8000000,8000000,300000000,300000000,308000000,308000000,10000010,20000030,10000000,10000000,10,10000030
875,2649506000,2650506000,10000000,10000000,7000000,8000000,634506000,634506000,8000000,8000000,1990000000,1990000000,1998000000,1998000000,2015000000,2016000000,10000000,10000000,7000000,8000000,0,0,8000000,8000000,1990000000,1990000000,1998000000,1998000000,10000010,95000030,10000000,10000000,10,85000030
905,2919506000,2920506000,10000000,10000000,7000000,8000000,634506000,634506000,8000000,8000000,2260000000,2260000000,2268000000,2268000000,2285000000,2286000000,10000000,10000000,7000000,8000000,0,0,8000000,8000000,2260000000,2260000000,2268000000,2268000000,10000010,17000010,10000000,10000000,10,7000010
935,1846506000,1849506000,10000000,10000000,6000000,9000000,634506000,634506000,6000000,6000000,1190000000,1190000000,1196000000,1196000000,1212000000,1215000000,10000000,10000000,6000000,9000000,0,0,6000000,6000000,1190000000,1190000000,1196000000,1196000000,10000010,18000020,10000000,10000000,10,8000020
965,3699506000,3700506000,10000000,10000000,47000000,48000000,634506000,634506000,48000000,48000000,2960000000,2960000000,3008000000,3008000000,3065000000,3066000000,10000000,10000000,47000000,48000000,0,0,48000000,48000000,2960000000,2960000000,3008000000,3008000000,10000010,14000010,10000000,10000000,10,4000010
995,680506000,3219530000,10000000,10000000,8000000,9000000,634506000,3172530000,8000000,8000000,20000000,20000000,28000000,28000000,46000000,47000000,10000000,10000000,8000000,9000000,0,0,8000000,8000000,20000000,20000000,28000000,28000000,10000010,10000000,10000000,10000000,10,0
1025,682506000,1318012000,10000000,10000000,38000000,39000000,634506000,1269012000,0,0,0,0,0,0,48000000,49000000,10000000,10000000,38000000,39000000,0,0,0,0,0,0,0,0,10000010,10000000,10000000,10000000,10,0
1055,1511506000,2783518000,10000000,10000000,17000000,20000000,634506000,1903518000,20000000,20000000,830000000,830000000,850000000,850000000,877000000,880000000,10000000,10000000,17000000,20000000,0,0,20000000,20000000,830000000,830000000,850000000,850000000,10000010,10000000,10000000,10000000,10,0
1085,664506000,665506000,10000000,10000000,20000000,21000000,634506000,634506000,0,0,0,0,0,0,30000000,31000000,10000000,10000000,20000000,21000000,0,0,0,0,0,0,0,0,10000010,10000000,10000000,10000000,10,0
1115,651506000,1921518000,10000000,10000000,7000000,8000000,634506000,1903518000,0,0,0,0,0,0,17000000,18000000,10000000,10000000,7000000,8000000,0,0,0,0,0,0,0,0,10000010,10000000,10000000,10000000,10,0
1145,925506000,4099036000,10000000,10000000,0,1000000,634506000,3807036000,1000000,1000000,280000000,280000000,281000000,281000000,291000000,292000000,10000000,10000000,0,1000000,0,0,1000000,1000000,280000000,280000000,281000000,281000000,10000010,10000000,10000000,10000000,10,0
1175,653506000,661506000,10000000,10000000,9000000,17000000,634506000,634506000,0,0,0,0,0,0,19000000,27000000,10000000,10000000,9000000,17000000,0,0,0,0,0,0,0,0,10000010,10000000,10000000,10000000,10,0
1205,653506000,1923518000,10000000,10000000,9000000,10000000,634506000,1903518000,0,0,0,0,0,0,19000000,20000000,10000000,10000000,9000000,10000000,0,0,0,0,0,0,0,0,10000010,10000000,10000000,10000000,10,0
1235,654506000,665506000,10000000,10000000,10000000,21000000,634506000,634506000,0,0,0,0,0,0,20000000,31000000,10000000,10000000,10000000,21000000,0,0,0,0,0,0,0,0,10000010,10000000,10000000,10000000,10,0
1265,1090506000,2996024000,10000000,10000000,17000000,19000000,634506000,2538024000,19000000,19000000,410000000,410000000,429000000,429000000,456000000,458000000,10000000,10000000,17000000,19000000,0,0,19000000,19000000,410000000,410000000,429000000,429000000,10000010,10000000,10000000,10000000,10,0
6,2589506000,2590506000,10000000,10000000,17000000,18000000,634506000,634506000,18000000,18000000,1910000000,1910000000,1928000000,1928000000,1955000000,1956000000,10000000,10000000,17000000,18000000,0,0,18000000,18000000,1910000000,1910000000,1928000000,1928000000,10000010,57000020,10000000,10000000,10,47000020
36,1081506000,1082506000,10000000,10000000,18000000,19000000,634506000,634506000,19000000,19000000,400000000,400000000,419000000,419000000,447000000,448000000,10000000,10000000,18000000,19000000,0,0,19000000,19000000,400000000,400000000,419000000,419000000,10000010,32000020,10000000,10000000,10,22000020
66,1678506000,1681506000,10000000,10000000,7000000,10000000,634506000,634506000,7000000,7000000,1020000000,1020000000,1027000000,1027000000,1044000000,1047000000,10000000,10000000,7000000,10000000,0,0,7000000,7000000,1020000000,1020000000,1027000000,1027000000,10000010,18000020,10000000,10000000,10,8000020
96,3163506000,3164506000,10000000,10000000,19000000,20000000,634506000,634506000,20000000,20000000,2480000000,2480000000,2500000000,2500000000,2529000000,2530000000,10000000,10000000,19000000,20000000,0,0,20000000,20000000,2480000000,2480000000,2500000000,2500000000,10000010,32000010,10000000,10000000,10,22000010
126,2256506000,2256506000,10000000,10000000,1000000,1000000,634506000,634506000,1000000,1000000,1610000000,1610000000,1611000000,1611000000,1622000000,1622000000,10000000,10000000,1000000,1000000,0,0,1000000,1000000,1610000000,1610000000,1611000000,1611000000,10000010,22000030,10000000,10000000,10,12000030
156,2349506000,2350506000,10000000,10000000,7000000,8000000,634506000,634506000,8000000,8000000,1690000000,1690000000,1698000000,1698000000,1715000000,1716000000,10000000,10000000,7000000,8000000,0,0,8000000,8000000,1690000000,1690000000,1698000000,1698000000,10000010,18000010,10000000,10000000,10,8000010
186,2284506000,2284506000,10000000,10000000,20000000,20000000,634506000,634506000,20000000,20000000,1600000000,1600000000,1620000000,1620000000,1650000000,1650000000,10000000,10000000,20000000,20000000,0,0,20000000,20000000,1600000000,1600000000,1620000000,1620000000,10000010,37000040,10000000,10000000,10,27000040
216,1114506000,1114506000,10000000,10000000,20000000,20000000,634506000,634506000,20000000,20000000,430000000,430000000,450000000,450000000,480000000,480000000,10000000,10000000,20000000,20000000,0,0,20000000,20000000,430000000,430000000,450000000,450000000,10000010,11000010,10000000,10000000,10,1000010
246,1651506000,1652506000,10000000,10000000,8000000,9000000,634506000,634506000,9000000,9000000,990000000,990000000,999000000,999000000,1017000000,1018000000,10000000,10000000,8000000,9000000,0,0,9000000,9000000,990000000,990000000,999000000,999000000,10000010,26000040,10000000,10000000,10,16000040
276,2372506000,2372506000,10000000,10000000,9000000,9000000,634506000,634506000,9000000,9000000,1710000000,1710000000,1719000000,1719000000,1738000000,1738000000,10000000,10000000,9000000,9000000,0,0,9000000,9000000,1710000000,1710000000,1719000000,1719000000,10000010,26000040,10000000,10000000,10,16000040
306,2382506000,2382506000,10000000,10000000,9000000,9000000,634506000,634506000,9000000,9000000,1720000000,1720000000,1729000000,1729000000,1748000000,1748000000,10000000,10000000,9000000,9000000,0,0,9000000,9000000,1720000000,1720000000,1729000000,1729000000,10000010,26000040,10000000,10000000,10,16000040
336,2811506000,2812506000,10000000,10000000,8000000,9000000,634506000,634506000,9000000,9000000,2150000000,2150000000,2159000000,2159000000,2177000000,2178000000,10000000,10000000,8000000,9000000,0,0,9000000,9000000,2150000000,2150000000,2159000000,2159000000,10000010,27000030,10000000,10000000,10,17000030
366,690506000,691506000,10000000,10000000,8000000,9000000,634506000,634506000,8000000,8000000,30000000,30000000,38000000,38000000,56000000,57000000,10000000,10000000,8000000,9000000,0,0,8000000,8000000,30000000,30000000,38000000,38000000,10000010,11000010,10000000,10000000,10,1000010
396,1962506000,1962506000,10000000,10000000,9000000,9000000,634506000,634506000,9000000,9000000,1300000000,1300000000,1309000000,1309000000,1328000000,1328000000,10000000,10000000,9000000,9000000,0,0,9000000,9000000,1300000000,1300000000,1309000000,1309000000,10000010,26000030,10000000,10000000,10,16000030
426,3717506000,3718506000,10000000,10000000,11000000,12000000,634506000,634506000,12000000,12000000,3050000000,3050000000,3062000000,3062000000,3083000000,3084000000,10000000,10000000,11000000,12000000,0,0,12000000,12000000,3050000000,3050000000,3062000000,3062000000,10000010,45000050,10000000,10000000,10,35000050
456,1696506000,1696506000,10000000,10000000,11000000,11000000,634506000,634506000,11000000,11000000,1030000000,1030000000,1041000000,1041000000,1062000000,1062000000,10000000,10000000,11000000,11000000,0,0,11000000,11000000,1030000000,1030000000,1041000000,1041000000,10000010,96000040,10000000,10000000,10,86000040
486,2058506000,2060506000,10000000,10000000,1000000,3000000,634506000,634506000,3000000,3000000,1410000000,1410000000,1413000000,1413000000,1424000000,1426000000,10000000,10000000,1000000,3000000,0,0,3000000,3000000,1410000000,1410000000,1413000000,1413000000,10000010,90000040,10000000,10000000,10,80000040
516,1761506000,1762506000,10000000,10000000,38000000,39000000,634506000,634506000,39000000,39000000,1040000000,1040000000,1079000000,1079000000,1127000000,1128000000,10000000,10000000,38000000,39000000,0,0,39000000,39000000,1040000000,1040000000,1079000000,1079000000,10000010,32000010,10000000,10000000,10,22000010
546,651506000,655506000,10000000,10000000,7000000,11000000,634506000,634506000,0,0,0,0,0,0,17000000,21000000,10000000,10000000,7000000,11000000,0,0,0,0,0,0,0,0,10000010,10000000,10000000,10000000,10,0
576,1782506000,1783506000,10000000,10000000,9000000,10000000,634506000,634506000,9000000,9000000,1120000000,1120000000,1129000000,1129000000,1148000000,1149000000,10000000,10000000,9000000,10000000,0,0,9000000,9000000,1120000000,1120000000,1129000000,1129000000,10000010,29000030,10000000,10000000,10,19000030
606,1354506000,1362506000,10000000,10000000,1000000,9000000,634506000,634506000,9000000,9000000,700000000,700000000,709000000,709000000,720000000,728000000,10000000,10000000,1000000,9000000,0,0,9000000,9000000,700000000,700000000,709000000,709000000,10000010,21000030,10000000,10000000,10,11000030
636,1622506000,1623506000,10000000,10000000,9000000,10000000,634506000,634506000,9000000,9000000,960000000,960000000,969000000,969000000,988000000,989000000,10000000,10000000,9000000,10000000,0,0,9000000,9000000,960000000,960000000,969000000,969000000,10000010,103000030,10000000,10000000,10,93000030
666,1496506000,1500506000,10000000,10000000,6000000,10000000,634506000,634506000,6000000,6000000,840000000,840000000,846000000,846000000,862000000,866000000,10000000,10000000,6000000,10000000,0,0,6000000,6000000,840000000,840000000,846000000,846000000,10000010,15000030,10000000,10000000,10,5000030
696,2369506000,2370506000,10000000,10000000,17000000,18000000,634506000,634506000,18000000,18000000,1690000000,1690000000,1708000000,1708000000,1735000000,1736000000,10000000,10000000,17000000,18000000,0,0,18000000,18000000,1690000000,1690000000,1708000000,1708000000,10000010,31000010,10000000,10000000,10,21000010
726,1690506000,1692506000,10000000,10000000,18000000,20000000,634506000,634506000,18000000,18000000,1010000000,1010000000,1028000000,1028000000,1056000000,1058000000,10000000,10000000,18000000,20000000,0,0,18000000,18000000,1010000000,1010000000,1028000000,1028000000,10000010,73000020,10000000,10000000,10,63000020
756,2325506000,2326506000,10000000,10000000,0,1000000,634506000,634506000,1000000,1000000,1680000000,1680000000,1681000000,1681000000,1691000000,1692000000,10000000,10000000,0,1000000,0,0,1000000,1000000,1680000000,1680000000,1681000000,1681000000,10000010,91000030,10000000,10000000,10,81000030
786,1766506000,1766506000,10000000,10000000,1000000,1000000,634506000,634506000,1000000,1000000,1120000000,1120000000,1121000000,1121000000,1132000000,1132000000,10000000,10000000,1000000,1000000,0,0,1000000,1000000,1120000000,1120000000,1121000000,1121000000,10000010,91000040,10000000,10000000,10,81000040
816,2729506000,2744506000,10000000,10000000,0,15000000,634506000,634506000,15000000,15000000,2070000000,2070000000,2085000000,2085000000,2095000000,2110000000,10000000,10000000,0,15000000,0,0,15000000,15000000,2070000000,2070000000,2085000000,2085000000,10000010,76000020,10000000,10000000,10,66000020
846,960506000,960506000,10000000,10000000,8000000,8000000,634506000,634506000,8000000,8000000,300000000,300000000,308000000,308000000,326000000,326000000,10000000,10000000,8000000,8000000,0,0,8000000,8000000,300000000,300000000,308000000,308000000,10000010,20000030,10000000,10000000,10,10000030
876,2869506000,2870506000,10000000,10000000,7000000,8000000,634506000,634506000,8000000,8000000,2210000000,2210000000,2218000000,2218000000,2235000000,2236000000,10000000,10000000,7000000,8000000,0,0,8000000,8000000,2210000000,2210000000,2218000000,2218000000,10000010,95000030,10000000,10000000,10,85000030
906,3009506000,3010506000,10000000,10000000,7000000,8000000,634506000,634506000,8000000,8000000,2350000000,2350000000,2358000000,2358000000,2375000000,2376000000,10000000,10000000,7000000,8000000,0,0,8000000,8000000,2350000000,2350000000,2358000000,2358000000,10000010,17000010,10000000,10000000,10,7000010
936,1176506000,1176506000,10000000,10000000,6000000,6000000,634506000,634506000,6000000,6000000,520000000,520000000,526000000,526000000,542000000,542000000,10000000,10000000,6000000,6000000,0,0,6000000,6000000,520000000,520000000,526000000,526000000,10000010,15000010,10000000,10000000,10,5000010
966,3609506000,3638506000,10000000,10000000,8000000,37000000,634506000,634506000,37000000,37000000,2920000000,2920000000,2957000000,2957000000,2975000000,3004000000,10000000,10000000,8000000,37000000,0,0,37000000,37000000,2920000000,2920000000,2957000000,2957000000,10000010,22000040,10000000,10000000,10,12000040
996,3393506000,24985710000,10000000,10000000,0,19000000,634506000,22207710000,9000000,9000000,2740000000,2740000000,2749000000,2749000000,2759000000,2778000000,10000000,10000000,0,19000000,0,0,9000000,9000000,2740000000,2740000000,2749000000,2749000000,10000010,88000040,10000000,10000000,10,78000040
1026,3810506000,8274048000,10000000,10000000,17000000,39000000,634506000,5076048000,39000000,39000000,3110000000,3110000000,3149000000,3149000000,3176000000,3198000000,10000000,10000000,17000000,39000000,0,0,39000000,39000000,3110000000,3110000000,3149000000,3149000000,10000010,72000010,10000000,10000000,10,62000010
1056,1201506000,1838012000,10000000,10000000,18000000,20000000,634506000,1269012000,19000000,19000000,520000000,520000000,539000000,539000000,567000000,569000000,10000000,10000000,18000000,20000000,0,0,19000000,19000000,520000000,520000000,539000000,539000000,10000010,10000000,10000000,10000000,10,0
1086,1531506000,5341542000,10000000,10000000,8000000,11000000,634506000,4441542000,9000000,9000000,870000000,870000000,879000000,879000000,897000000,900000000,10000000,10000000,8000000,11000000,0,0,9000000,9000000,870000000,870000000,879000000,879000000,10000010,66000030,10000000,10000000,10,56000030
1116,651506000,1921518000,10000000,10000000,7000000,8000000,634506000,1903518000,0,0,0,0,0,0,17000000,18000000,10000000,10000000,7000000,8000000,0,0,0,0,0,0,0,0,10000010,10000000,10000000,10000000,10,0
1146,925506000,3464530000,10000000,10000000,0,1000000,634506000,3172530000,1000000,1000000,280000000,280000000,281000000,281000000,291000000,292000000,10000000,10000000,0,1000000,0,0,1000000,1000000,280000000,280000000,281000000,281000000,10000010,10000000,10000000,10000000,10,0
1176,1943506000,6393048000,10000000,10000000,1000000,9000000,634506000,5076048000,8000000,8000000,1290000000,1290000000,1298000000,1298000000,1309000000,1317000000,10000000,10000000,1000000,9000000,0,0,8000000,8000000,1290000000,1290000000,1298000000,1298000000,10000010,43000020,10000000,10000000,10,33000020
1206,653506000,1923518000,10000000,10000000,9000000,10000000,634506000,1903518000,0,0,0,0,0,0,19000000,20000000,10000000,10000000,9000000,10000000,0,0,0,0,0,0,0,0,10000010,10000000,10000000,10000000,10,0
1236,696506000,1973518000,10000000,10000000,1000000,9000000,634506000,1903518000,1000000,1000000,50000000,50000000,51000000,51000000,62000000,70000000,10000000,10000000,1000000,9000000,0,0,1000000,1000000,50000000,50000000,51000000,51000000,10000010,10000000,10000000,10000000,10,0
1266,3685506000,4325012000,10000000,10000000,43000000,48000000,634506000,1269012000,48000000,48000000,2950000000,2950000000,2998000000,2998000000,3051000000,3056000000,10000000,10000000,43000000,48000000,0,0,48000000,48000000,2950000000,2950000000,2998000000,2998000000,10000010,10000000,10000000,10000000,10,0
7,3439506000,3440506000,10000000,10000000,17000000,18000000,634506000,634506000,18000000,18000000,2760000000,2760000000,2778000000,2778000000,2805000000,2806000000,10000000,10000000,17000000,18000000,0,0,18000000,18000000,2760000000,2760000000,2778000000,2778000000,10000010,85000030,10000000,10000000,10,75000030
37,1610506000,1610506000,10000000,10000000,18000000,18000000,634506000,634506000,18000000,18000000,930000000,930000000,948000000,948000000,976000000,976000000,10000000,10000000,18000000,18000000,0,0,18000000,18000000,930000000,930000000,948000000,948000000,10000010,84000030,10000000,10000000,10,74000030
67,2765506000,2766506000,10000000,10000000,10000000,11000000,634506000,634506000,11000000,11000000,2100000000,2100000000,2111000000,2111000000,2131000000,2132000000,10000000,10000000,10000000,11000000,0,0,11000000,11000000,2100000000,2100000000,2111000000,2111000000,10000010,34000030,10000000,10000000,10,24000030
97,3163506000,3164506000,10000000,10000000,19000000,20000000,634506000,634506000,20000000,20000000,2480000000,2480000000,2500000000,2500000000,2529000000,2530000000,10000000,10000000,19000000,20000000,0,0,20000000,20000000,2480000000,2480000000,2500000000,2500000000,10000010,32000010,10000000,10000000,10,22000010
127,1440506000,1444506000,10000000,10000000,1000000,5000000,634506000,634506000,5000000,5000000,790000000,790000000,795000000,795000000,806000000,810000000,10000000,10000000,1000000,5000000,0,0,5000000,5000000,790000000,790000000,795000000,795000000,10000010,19000030,10000000,10000000,10,9000030
157,2119506000,2120506000,10000000,10000000,7000000,8000000,634506000,634506000,8000000,8000000,1460000000,1460000000,1468000000,1468000000,1485000000,1486000000,10000000,10000000,7000000,8000000,0,0,8000000,8000000,1460000000,1460000000,1468000000,1468000000,10000010,95000030,10000000,10000000,10,85000030
187,1874506000,1874506000,10000000,10000000,20000000,20000000,634506000,634506000,20000000,20000000,1190000000,1190000000,1210000000,1210000000,1240000000,1240000000,10000000,10000000,20000000,20000000,0,0,20000000,20000000,1190000000,1190000000,1210000000,1210000000,10000010,37000040,10000000,10000000,10,27000040
217,1114506000,1114506000,10000000,10000000,20000000,20000000,634506000,634506000,20000000,20000000,430000000,430000000,450000000,450000000,480000000,480000000,10000000,10000000,20000000,20000000,0,0,20000000,20000000,430000000,430000000,450000000,450000000,10000010,11000010,10000000,10000000,10,1000010
247,1968506000,1969506000,10000000,10000000,7000000,8000000,634506000,634506000,7000000,7000000,1310000000,1310000000,1317000000,1317000000,1334000000,1335000000,10000000,10000000,7000000,8000000,0,0,7000000,7000000,1310000000,1310000000,1317000000,1317000000,10000010,67000040,10000000,10000000,10,57000040
277,2382506000,2382506000,10000000,10000000,9000000,9000000,634506000,634506000,9000000,9000000,1720000000,1720000000,1729000000,1729000000,1748000000,1748000000,10000000,10000000,9000000,9000000,0,0,9000000,9000000,1720000000,1720000000,1729000000,1729000000,10000010,26000040,10000000,10000000,10,16000040
307,2132506000,2132506000,10000000,10000000,9000000,9000000,634506000,634506000,9000000,9000000,1470000000,1470000000,1479000000,1479000000,1498000000,1498000000,10000000,10000000,9000000,9000000,0,0,9000000,9000000,1470000000,1470000000,1479000000,1479000000,10000010,26000040,10000000,10000000,10,16000040
337,2116506000,2118506000,10000000,10000000,6000000,8000000,634506000,634506000,6000000,6000000,1460000000,1460000000,1466000000,1466000000,1482000000,1484000000,10000000,10000000,6000000,8000000,0,0,6000000,6000000,1460000000,1460000000,1466000000,1466000000,10000010,87000030,10000000,10000000,10,77000030
367,690506000,691506000,10000000,10000000,8000000,9000000,634506000,634506000,8000000,8000000,30000000,30000000,38000000,38000000,56000000,57000000,10000000,10000000,8000000,9000000,0,0,8000000,8000000,30000000,30000000,38000000,38000000,10000010,11000010,10000000,10000000,10,1000010
397,1962506000,1962506000,10000000,10000000,9000000,9000000,634506000,634506000,9000000,9000000,1300000000,1300000000,1309000000,1309000000,1328000000,1328000000,10000000,10000000,9000000,9000000,0,0,9000000,9000000,1300000000,1300000000,1309000000,1309000000,10000010,26000030,10000000,10000000,10,16000030
427,1726506000,1726506000,10000000,10000000,11000000,11000000,634506000,634506000,11000000,11000000,1060000000,1060000000,1071000000,1071000000,1092000000,1092000000,10000000,10000000,11000000,11000000,0,0,11000000,11000000,1060000000,1060000000,1071000000,1071000000,10000010,33000020,10000000,10000000,10,23000020
457,1507506000,1508506000,10000000,10000000,11000000,12000000,634506000,634506000,12000000,12000000,840000000,840000000,852000000,852000000,873000000,874000000,10000000,10000000,11000000,12000000,0,0,12000000,12000000,840000000,840000000,852000000,852000000,10000010,43000020,10000000,10000000,10,33000020
487,3352506000,3352506000,10000000,10000000,4000000,4000000,634506000,634506000,4000000,4000000,2700000000,2700000000,2704000000,2704000000,2718000000,2718000000,10000000,10000000,4000000,4000000,0,0,4000000,4000000,2700000000,2700000000,2704000000,2704000000,10000010,25000040,10000000,10000000,10,15000040
517,2781506000,2802506000,10000000,10000000,18000000,39000000,634506000,634506000,39000000,39000000,2080000000,2080000000,2119000000,2119000000,2147000000,2168000000,10000000,10000000,18000000,39000000,0,0,39000000,39000000,2080000000,2080000000,2119000000,2119000000,10000010,35000040,10000000,10000000,10,25000040
547,2629506000,2630506000,10000000,10000000,7000000,8000000,634506000,634506000,8000000,8000000,1970000000,1970000000,1978000000,1978000000,1995000000,1996000000,10000000,10000000,7000000,8000000,0,0,8000000,8000000,1970000000,1970000000,1978000000,1978000000,10000010,32000030,10000000,10000000,10,22000030
577,2894506000,2894506000,10000000,10000000,10000000,10000000,634506000,634506000,10000000,10000000,2230000000,2230000000,2240000000,2240000000,2260000000,2260000000,10000000,10000000,10000000,10000000,0,0,10000000,10000000,2230000000,2230000000,2240000000,2240000000,10000010,59000020,10000000,10000000,10,49000020
607,1883506000,1892506000,10000000,10000000,0,9000000,634506000,634506000,9000000,9000000,1230000000,1230000000,1239000000,1239000000,1249000000,1258000000,10000000,10000000,0,9000000,0,0,9000000,9000000,1230000000,1230000000,1239000000,1239000000,10000010,22000040,10000000,10000000,10,12000040
637,1868506000,1870506000,10000000,10000000,7000000,9000000,634506000,634506000,7000000,7000000,1210000000,1210000000,1217000000,1217000000,1234000000,1236000000,10000000,10000000,7000000,9000000,0,0,7000000,7000000,1210000000,1210000000,1217000000,1217000000,10000010,93000020,10000000,10000000,10,83000020
667,1856506000,1856506000,10000000,10000000,6000000,6000000,634506000,634506000,6000000,6000000,1200000000,1200000000,1206000000,1206000000,1222000000,1222000000,10000000,10000000,6000000,6000000,0,0,6000000,6000000,1200000000,1200000000,1206000000,1206000000,10000010,30000030,10000000,10000000,10,20000030
697,2369506000,2370506000,10000000,10000000,17000000,18000000,634506000,634506000,18000000,18000000,1690000000,1690000000,1708000000,1708000000,1735000000,1736000000,10000000,10000000,17000000,18000000,0,0,18000000,18000000,1690000000,1690000000,1708000000,1708000000,10000010,31000010,10000000,10000000,10,21000010
727,2466506000,2466506000,10000000,10000000,6000000,6000000,634506000,634506000,6000000,6000000,1810000000,1810000000,1816000000,1816000000,1832000000,1832000000,10000000,10000000,6000000,6000000,0,0,6000000,6000000,1810000000,1810000000,1816000000,1816000000,10000010,92000030,10000000,10000000,10,82000030
757,1366506000,1366506000,10000000,10000000,1000000,1000000,634506000,634506000,1000000,1000000,720000000,720000000,721000000,721000000,732000000,732000000,10000000,10000000,1000000,1000000,0,0,1000000,1000000,720000000,720000000,721000000,721000000,10000010,91000040,10000000,10000000,10,81000040
787,1766506000,1766506000,10000000,10000000,1000000,1000000,634506000,634506000,1000000,1000000,1120000000,1120000000,1121000000,1121000000,1132000000,1132000000,10000000,10000000,1000000,1000000,0,0,1000000,1000000,1120000000,1120000000,1121000000,1121000000,10000010,91000040,10000000,10000000,10,81000040
817,2785506000,2786506000,10000000,10000000,0,1000000,634506000,634506000,1000000,1000000,2140000000,2140000000,2141000000,2141000000,2151000000,2152000000,10000000,10000000,0,1000000,0,0,1000000,1000000,2140000000,2140000000,2141000000,2141000000,10000010,91000030,10000000,10000000,10,81000030
847,960506000,960506000,10000000,10000000,8000000,8000000,634506000,634506000,8000000,8000000,300000000,300000000,308000000,308000000,326000000,326000000,10000000,10000000,8000000,8000000,0,0,8000000,8000000,300000000,300000000,308000000,308000000,10000010,20000030,10000000,10000000,10,10000030
877,2248506000,2249506000,10000000,10000000,12000000,13000000,634506000,634506000,12000000,12000000,1580000000,1580000000,1592000000,1592000000,1614000000,1615000000,10000000,10000000,12000000,13000000,0,0,12000000,12000000,1580000000,1580000000,1592000000,1592000000,10000010,36000040,10000000,10000000,10,26000040
907,2989506000,2990506000,10000000,10000000,7000000,8000000,634506000,634506000,8000000,8000000,2330000000,2330000000,2338000000,2338000000,2355000000,2356000000,10000000,10000000,7000000,8000000,0,0,8000000,8000000,2330000000,2330000000,2338000000,2338000000,10000010,17000010,10000000,10000000,10,7000010
937,942506000,944506000,10000000,10000000,9000000,11000000,634506000,634506000,9000000,9000000,280000000,280000000,289000000,289000000,308000000,310000000,10000000,10000000,9000000,11000000,0,0,9000000,9000000,280000000,280000000,289000000,289000000,10000010,18000010,10000000,10000000,10,8000010
967,1650506000,1650506000,10000000,10000000,8000000,8000000,634506000,634506000,8000000,8000000,990000000,990000000,998000000,998000000,1016000000,1016000000,10000000,10000000,8000000,8000000,0,0,8000000,8000000,990000000,990000000,998000000,998000000,10000010,46000030,10000000,10000000,10,36000030
997,3139506000,25996722000,10000000,10000000,5000000,20000000,634506000,23476722000,20000000,20000000,2470000000,2470000000,2490000000,2490000000,2505000000,2520000000,10000000,10000000,5000000,20000000,0,0,20000000,20000000,2470000000,2470000000,2490000000,2490000000,10000010,73000040,10000000,10000000,10,63000040
1027,3793506000,19727156000,10000000,10000000,9000000,80000000,634506000,16497156000,20000000,20000000,3120000000,3120000000,3140000000,3140000000,3159000000,3230000000,10000000,10000000,9000000,80000000,0,0,20000000,20000000,3120000000,3120000000,3140000000,3140000000,10000010,55000030,10000000,10000000,10,45000030
1057,3744506000,15183614000,10000000,10000000,1000000,19000000,634506000,12055614000,19000000,19000000,3080000000,3080000000,3099000000,3099000000,3110000000,3128000000,10000000,10000000,1000000,19000000,0,0,19000000,19000000,3080000000,3080000000,3099000000,3099000000,10000010,10000000,10000000,10000000,10,0
1087,652506000,1922518000,10000000,10000000,8000000,9000000,634506000,1903518000,0,0,0,0,0,0,18000000,19000000,10000000,10000000,8000000,9000000,0,0,0,0,0,0,0,0,10000010,10000000,10000000,10000000,10,0
1117,651506000,1921518000,10000000,10000000,7000000,8000000,634506000,1903518000,0,0,0,0,0,0,17000000,18000000,10000000,10000000,7000000,8000000,0,0,0,0,0,0,0,0,10000010,10000000,10000000,10000000,10,0
1147,925506000,4099036000,10000000,10000000,0,1000000,634506000,3807036000,1000000,1000000,280000000,280000000,281000000,281000000,291000000,292000000,10000000,10000000,0,1000000,0,0,1000000,1000000,280000000,280000000,281000000,281000000,10000010,10000000,10000000,10000000,10,0
1177,680506000,3219530000,10000000,10000000,8000000,9000000,634506000,3172530000,8000000,8000000,20000000,20000000,28000000,28000000,46000000,47000000,10000000,10000000,8000000,9000000,0,0,8000000,8000000,20000000,20000000,28000000,28000000,10000010,10000000,10000000,10000000,10,0
1207,653506000,1923518000,10000000,10000000,9000000,10000000,634506000,1903518000,0,0,0,0,0,0,19000000,20000000,10000000,10000000,9000000,10000000,0,0,0,0,0,0,0,0,10000010,10000000,10000000,10000000,10,0
1237,688506000,1958518000,10000000,10000000,17000000,18000000,634506000,1903518000,17000000,17000000,10000000,10000000,27000000,27000000,54000000,55000000,10000000,10000000,17000000,18000000,0,0,17000000,17000000,10000000,10000000,27000000,27000000,10000010,10000000,10000000,10000000,10,0
1267,3598506000,4897518000,10000000,10000000,7000000,37000000,634506000,1903518000,37000000,37000000,2910000000,2910000000,2947000000,2947000000,2964000000,2994000000,10000000,10000000,7000000,37000000,0,0,37000000,37000000,2910000000,2910000000,2947000000,2947000000,10000010,18000020,10000000,10000000,10,8000020
8,2109506000,2110506000,10000000,10000000,17000000,18000000,634506000,634506000,18000000,18000000,1430000000,1430000000,1448000000,1448000000,1475000000,1476000000,10000000,10000000,17000000,18000000,0,0,18000000,18000000,1430000000,1430000000,1448000000,1448000000,10000010,35000030,10000000,10000000,10,25000030
38,1430506000,1440506000,10000000,10000000,8000000,18000000,634506000,634506000,18000000,18000000,760000000,760000000,778000000,778000000,796000000,806000000,10000000,10000000,8000000,18000000,0,0,18000000,18000000,760000000,760000000,778000000,778000000,10000010,76000030,10000000,10000000,10,66000030
68,1431506000,1434506000,10000000,10000000,7000000,10000000,634506000,634506000,10000000,10000000,770000000,770000000,780000000,780000000,797000000,800000000,10000000,10000000,7000000,10000000,0,0,10000000,10000000,770000000,770000000,780000000,780000000,10000010,32000020,10000000,10000000,10,22000020
98,3163506000,3164506000,10000000,10000000,19000000,20000000,634506000,634506000,20000000,20000000,2480000000,2480000000,2500000000,2500000000,2529000000,2530000000,10000000,10000000,19000000,20000000,0,0,20000000,20000000,2480000000,2480000000,2500000000,2500000000,10000010,32000010,10000000,10000000,10,22000010
128,2186506000,2186506000,10000000,10000000,1000000,1000000,634506000,634506000,1000000,1000000,1540000000,1540000000,1541000000,1541000000,1552000000,1552000000,10000000,10000000,1000000,1000000,0,0,1000000,1000000,1540000000,1540000000,1541000000,1541000000,10000010,22000030,10000000,10000000,10,12000030
158,1540506000,1540506000,10000000,10000000,8000000,8000000,634506000,634506000,8000000,8000000,880000000,880000000,888000000,888000000,906000000,906000000,10000000,10000000,8000000,8000000,0,0,8000000,8000000,880000000,880000000,888000000,888000000,10000010,54000030,10000000,10000000,10,44000030
188,2284506000,2284506000,10000000,10000000,20000000,20000000,634506000,634506000,20000000,20000000,1600000000,1600000000,1620000000,1620000000,1650000000,1650000000,10000000,10000000,20000000,20000000,0,0,20000000,20000000,1600000000,1600000000,1620000000,1620000000,10000010,37000040,10000000,10000000,10,27000040
218,1652506000,1672506000,10000000,10000000,19000000,39000000,634506000,634506000,39000000,39000000,950000000,950000000,989000000,989000000,1018000000,1038000000,10000000,10000000,19000000,39000000,0,0,39000000,39000000,950000000,950000000,989000000,989000000,10000010,22000020,10000000,10000000,10,12000020
248,2331506000,2332506000,10000000,10000000,8000000,9000000,634506000,634506000,9000000,9000000,1670000000,1670000000,1679000000,1679000000,1697000000,1698000000,10000000,10000000,8000000,9000000,0,0,9000000,9000000,1670000000,1670000000,1679000000,1679000000,10000010,26000040,10000000,10000000,10,16000040
278,1722506000,1722506000,10000000,10000000,9000000,9000000,634506000,634506000,9000000,9000000,1060000000,1060000000,1069000000,1069000000,1088000000,1088000000,10000000,10000000,9000000,9000000,0,0,9000000,9000000,1060000000,1060000000,1069000000,1069000000,10000010,26000040,10000000,10000000,10,16000040
308,2382506000,2382506000,10000000,10000000,9000000,9000000,634506000,634506000,9000000,9000000,1720000000,1720000000,1729000000,1729000000,1748000000,1748000000,10000000,10000000,9000000,9000000,0,0,9000000,9000000,1720000000,1720000000,1729000000,1729000000,10000010,26000040,10000000,10000000,10,16000040
338,2991506000,3002506000,10000000,10000000,8000000,19000000,634506000,634506000,19000000,19000000,2320000000,2320000000,2339000000,2339000000,2357000000,2368000000,10000000,10000000,8000000,19000000,0,0,19000000,19000000,2320000000,2320000000,2339000000,2339000000,10000010,26000030,10000000,10000000,10,16000030
368,690506000,691506000,10000000,10000000,8000000,9000000,634506000,634506000,8000000,8000000,30000000,30000000,38000000,38000000,56000000,57000000,10000000,10000000,8000000,9000000,0,0,8000000,8000000,30000000,30000000,38000000,38000000,10000010,11000010,10000000,10000000,10,1000010
398,1962506000,1962506000,10000000,10000000,9000000,9000000,634506000,634506000,9000000,9000000,1300000000,1300000000,1309000000,1309000000,1328000000,1328000000,10000000,10000000,9000000,9000000,0,0,9000000,9000000,1300000000,1300000000,1309000000,1309000000,10000010,26000030,10000000,10000000,10,16000030
428,2867506000,2868506000,10000000,10000000,11000000,12000000,634506000,634506000,12000000,12000000,2200000000,2200000000,2212000000,2212000000,2233000000,2234000000,10000000,10000000,11000000,12000000,0,0,12000000,12000000,2200000000,2200000000,2212000000,2212000000,10000010,55000040,10000000,10000000,10,45000040
458,1976506000,1976506000,10000000,10000000,11000000,11000000,634506000,634506000,11000000,11000000,1310000000,1310000000,1321000000,1321000000,1342000000,1342000000,10000000,10000000,11000000,11000000,0,0,11000000,11000000,1310000000,1310000000,1321000000,1321000000,10000010,43000020,10000000,10000000,10,33000020
488,1389506000,1396506000,10000000,10000000,4000000,11000000,634506000,634506000,11000000,11000000,730000000,730000000,741000000,741000000,755000000,762000000,10000000,10000000,4000000,11000000,0,0,11000000,11000000,730000000,730000000,741000000,741000000,10000010,84000050,10000000,10000000,10,74000050
518,2822506000,2822506000,10000000,10000000,39000000,39000000,634506000,634506000,39000000,39000000,2100000000,2100000000,2139000000,2139000000,2188000000,2188000000,10000000,10000000,39000000,39000000,0,0,39000000,39000000,2100000000,2100000000,2139000000,2139000000,10000010,43000020,10000000,10000000,10,33000020
548,1548506000,1548506000,10000000,10000000,7000000,7000000,634506000,634506000,7000000,7000000,890000000,890000000,897000000,897000000,914000000,914000000,10000000,10000000,7000000,7000000,0,0,7000000,7000000,890000000,890000000,897000000,897000000,10000010,18000010,10000000,10000000,10,8000010
578,2754506000,2770506000,10000000,10000000,57000000,73000000,634506000,634506000,73000000,73000000,1980000000,1980000000,2053000000,2053000000,2120000000,2136000000,10000000,10000000,57000000,73000000,0,0,73000000,73000000,1980000000,1980000000,2053000000,2053000000,10000010,115000030,10000000,10000000,10,105000030
608,2673506000,2674506000,10000000,10000000,9000000,10000000,634506000,634506000,10000000,10000000,2010000000,2010000000,2020000000,2020000000,2039000000,2040000000,10000000,10000000,9000000,10000000,0,0,10000000,10000000,2010000000,2010000000,2020000000,2020000000,10000010,31000040,10000000,10000000,10,21000040
638,1726506000,1729506000,10000000,10000000,6000000,9000000,634506000,634506000,6000000,6000000,1070000000,1070000000,1076000000,1076000000,1092000000,1095000000,10000000,10000000,6000000,9000000,0,0,6000000,6000000,1070000000,1070000000,1076000000,1076000000,10000010,25000020,10000000,10000000,10,15000020
668,1856506000,1856506000,10000000,10000000,6000000,6000000,634506000,634506000,6000000,6000000,1200000000,1200000000,1206000000,1206000000,1222000000,1222000000,10000000,10000000,6000000,6000000,0,0,6000000,6000000,1200000000,1200000000,1206000000,1206000000,10000010,30000030,10000000,10000000,10,20000030
698,2369506000,2370506000,10000000,10000000,17000000,18000000,634506000,634506000,18000000,18000000,1690000000,1690000000,1708000000,1708000000,1735000000,1736000000,10000000,10000000,17000000,18000000,0,0,18000000,18000000,1690000000,1690000000,1708000000,1708000000,10000010,31000010,10000000,10000000,10,21000010
728,2525506000,2526506000,10000000,10000000,5000000,6000000,634506000,634506000,6000000,6000000,1870000000,1870000000,1876000000,1876000000,1891000000,1892000000,10000000,10000000,5000000,6000000,0,0,6000000,6000000,1870000000,1870000000,1876000000,1876000000,10000010,92000040,10000000,10000000,10,82000040
758,1376506000,1376506000,10000000,10000000,1000000,1000000,634506000,634506000,1000000,1000000,730000000,730000000,731000000,731000000,742000000,742000000,10000000,10000000,1000000,1000000,0,0,1000000,1000000,730000000,730000000,731000000,731000000,10000010,30000030,10000000,10000000,10,20000030
788,2234506000,2242506000,10000000,10000000,1000000,9000000,634506000,634506000,9000000,9000000,1580000000,1580000000,1589000000,1589000000,1600000000,1608000000,10000000,10000000,1000000,9000000,0,0,9000000,9000000,1580000000,1580000000,1589000000,1589000000,10000010,89000030,10000000,10000000,10,79000030
818,644506000,645506000,10000000,10000000,0,1000000,634506000,634506000,0,0,0,0,0,0,10000000,11000000,10000000,10000000,0,1000000,0,0,0,0,0,0,0,0,10000010,10000000,10000000,10000000,10,0
848,3799506000,3800506000,10000000,10000000,12000000,13000000,634506000,634506000,13000000,13000000,3130000000,3130000000,3143000000,3143000000,3165000000,3166000000,10000000,10000000,12000000,13000000,0,0,13000000,13000000,3130000000,3130000000,3143000000,3143000000,10000010,19000010,10000000,10000000,10,9000010
878,1849506000,1850506000,10000000,10000000,12000000,13000000,634506000,634506000,13000000,13000000,1180000000,1180000000,1193000000,1193000000,1215000000,1216000000,10000000,10000000,12000000,13000000,0,0,13000000,13000000,1180000000,1180000000,1193000000,1193000000,10000010,25000040,10000000,10000000,10,15000040
908,1799506000,1800506000,10000000,10000000,7000000,8000000,634506000,634506000,8000000,8000000,1140000000,1140000000,1148000000,1148000000,1165000000,1166000000,10000000,10000000,7000000,8000000,0,0,8000000,8000000,1140000000,1140000000,1148000000,1148000000,10000010,25000030,10000000,10000000,10,15000030
938,1982506000,1983506000,10000000,10000000,9000000,10000000,634506000,634506000,9000000,9000000,1320000000,1320000000,1329000000,1329000000,1348000000,1349000000,10000000,10000000,9000000,10000000,0,0,9000000,9000000,1320000000,1320000000,1329000000,1329000000,10000010,94000030,10000000,10000000,10,84000030
968,890506000,890506000,10000000,10000000,8000000,8000000,634506000,634506000,8000000,8000000,230000000,230000000,238000000,238000000,256000000,256000000,10000000,10000000,8000000,8000000,0,0,8000000,8000000,230000000,230000000,238000000,238000000,10000010,11000010,10000000,10000000,10,1000010
998,3563506000,31511770000,10000000,10000000,0,19000000,634506000,28552770000,9000000,20000000,2910000000,2910000000,2919000000,2930000000,2929000000,2959000000,10000000,10000000,0,19000000,0,0,9000000,20000000,2910000000,2910000000,2919000000,2930000000,10000010,84000030,10000000,10000000,10,74000030
1028,682506000,1318012000,10000000,10000000,38000000,39000000,634506000,1269012000,0,0,0,0,0,0,48000000,49000000,10000000,10000000,38000000,39000000,0,0,0,0,0,0,0,0,10000010,10000000,10000000,10000000,10,0
1058,3774506000,15867120000,10000000,10000000,1000000,38000000,634506000,12690120000,19000000,19000000,3110000000,3110000000,3129000000,3129000000,3140000000,3177000000,10000000,10000000,1000000,38000000,0,0,19000000,19000000,3110000000,3110000000,3129000000,3129000000,10000010,20000020,10000000,10000000,10,10000020
1088,1892506000,3163518000,10000000,10000000,9000000,11000000,634506000,1903518000,9000000,9000000,1230000000,1230000000,1239000000,1239000000,1258000000,1260000000,10000000,10000000,9000000,11000000,0,0,9000000,9000000,1230000000,1230000000,1239000000,1239000000,10000010,44000030,10000000,10000000,10,34000030
1118,3784506000,8232048000,10000000,10000000,7000000,13000000,634506000,5076048000,13000000,13000000,3120000000,3120000000,3133000000,3133000000,3150000000,3156000000,10000000,10000000,7000000,13000000,0,0,13000000,13000000,3120000000,3120000000,3133000000,3133000000,10000010,10000000,10000000,10000000,10,0
1148,678506000,1314012000,10000000,10000000,12000000,13000000,634506000,1269012000,12000000,12000000,10000000,10000000,22000000,22000000,44000000,45000000,10000000,10000000,12000000,13000000,0,0,12000000,12000000,10000000,10000000,22000000,22000000,10000010,10000000,10000000,10000000,10,0
1178,680506000,3219530000,10000000,10000000,8000000,9000000,634506000,3172530000,8000000,8000000,20000000,20000000,28000000,28000000,46000000,47000000,10000000,10000000,8000000,9000000,0,0,8000000,8000000,20000000,20000000,28000000,28000000,10000010,10000000,10000000,10000000,10,0
1208,653506000,1289012000,10000000,10000000,9000000,10000000,634506000,1269012000,0,0,0,0,0,0,19000000,20000000,10000000,10000000,9000000,10000000,0,0,0,0,0,0,0,0,10000010,10000000,10000000,10000000,10,0
1238,1090506000,2996024000,10000000,10000000,17000000,19000000,634506000,2538024000,19000000,19000000,410000000,410000000,429000000,429000000,456000000,458000000,10000000,10000000,17000000,19000000,0,0,19000000,19000000,410000000,410000000,429000000,429000000,10000010,10000000,10000000,10000000,10,0
1268,3540506000,4205012000,10000000,10000000,8000000,38000000,634506000,1269012000,38000000,38000000,2850000000,2850000000,2888000000,2888000000,2906000000,2936000000,10000000,10000000,8000000,38000000,0,0,38000000,38000000,2850000000,2850000000,2888000000,2888000000,10000010,21000030,10000000,10000000,10,11000030
9,3449506000,3450506000,10000000,10000000,17000000,18000000,634506000,634506000,18000000,18000000,2770000000,2770000000,2788000000,2788000000,2815000000,2816000000,10000000,10000000,17000000,18000000,0,0,18000000,18000000,2770000000,2770000000,2788000000,2788000000,10000010,57000020,10000000,10000000,10,47000020
39,2691506000,2692506000,10000000,10000000,18000000,19000000,634506000,634506000,19000000,19000000,2010000000,2010000000,2029000000,2029000000,2057000000,2058000000,10000000,10000000,18000000,19000000,0,0,19000000,19000000,2010000000,2010000000,2029000000,2029000000,10000010,82000020,10000000,10000000,10,72000020
69,2976506000,2978506000,10000000,10000000,10000000,12000000,634506000,634506000,12000000,12000000,2310000000,2310000000,2322000000,2322000000,2342000000,2344000000,10000000,10000000,10000000,12000000,0,0,12000000,12000000,2310000000,2310000000,2322000000,2322000000,10000010,78000040,10000000,10000000,10,68000040
99,3163506000,3164506000,10000000,10000000,19000000,20000000,634506000,634506000,20000000,20000000,2480000000,2480000000,2500000000,2500000000,2529000000,2530000000,10000000,10000000,19000000,20000000,0,0,20000000,20000000,2480000000,2480000000,2500000000,2500000000,10000010,32000010,10000000,10000000,10,22000010
129,2256506000,2256506000,10000000,10000000,1000000,1000000,634506000,634506000,1000000,1000000,1610000000,1610000000,1611000000,1611000000,1622000000,1622000000,10000000,10000000,1000000,1000000,0,0,1000000,1000000,1610000000,1610000000,1611000000,1611000000,10000010,22000030,10000000,10000000,10,12000030
159,5083506000,5086506000,10000000,10000000,43000000,46000000,634506000,634506000,46000000,46000000,4350000000,4350000000,4396000000,4396000000,4449000000,4452000000,10000000,10000000,43000000,46000000,0,0,46000000,46000000,4350000000,4350000000,4396000000,4396000000,10000010,131000060,10000000,10000000,10,121000060
189,1443506000,1444506000,10000000,10000000,19000000,20000000,634506000,634506000,20000000,20000000,760000000,760000000,780000000,780000000,809000000,810000000,10000000,10000000,19000000,20000000,0,0,20000000,20000000,760000000,760000000,780000000,780000000,10000010,32000010,10000000,10000000,10,22000010
219,2893506000,2894506000,10000000,10000000,19000000,20000000,634506000,634506000,20000000,20000000,2210000000,2210000000,2230000000,2230000000,2259000000,2260000000,10000000,10000000,19000000,20000000,0,0,20000000,20000000,2210000000,2210000000,2230000000,2230000000,10000010,33000020,10000000,10000000,10,23000020
249,2331506000,2332506000,10000000,10000000,8000000,9000000,634506000,634506000,9000000,9000000,1670000000,1670000000,1679000000,1679000000,1697000000,1698000000,10000000,10000000,8000000,9000000,0,0,9000000,9000000,1670000000,1670000000,1679000000,1679000000,10000010,26000040,10000000,10000000,10,16000040
279,2382506000,2382506000,10000000,10000000,9000000,9000000,634506000,634506000,9000000,9000000,1720000000,1720000000,1729000000,1729000000,1748000000,1748000000,10000000,10000000,9000000,9000000,0,0,9000000,9000000,1720000000,1720000000,1729000000,1729000000,10000010,26000040,10000000,10000000,10,16000040
309,3061506000,3062506000,10000000,10000000,8000000,9000000,634506000,634506000,9000000,9000000,2400000000,2400000000,2409000000,2409000000,2427000000,2428000000,10000000,10000000,8000000,9000000,0,0,9000000,9000000,2400000000,2400000000,2409000000,2409000000,10000010,43000020,10000000,10000000,10,33000020
339,3061506000,3062506000,10000000,10000000,8000000,9000000,634506000,634506000,9000000,9000000,2400000000,2400000000,2409000000,2409000000,2427000000,2428000000,10000000,10000000,8000000,9000000,0,0,9000000,9000000,2400000000,2400000000,2409000000,2409000000,10000010,43000020,10000000,10000000,10,33000020
369,690506000,691506000,10000000,10000000,8000000,9000000,634506000,634506000,8000000,8000000,30000000,30000000,38000000,38000000,56000000,57000000,10000000,10000000,8000000,9000000,0,0,8000000,8000000,30000000,30000000,38000000,38000000,10000010,11000010,10000000,10000000,10,1000010
399,3749506000,3750506000,10000000,10000000,12000000,13000000,634506000,634506000,13000000,13000000,3080000000,3080000000,3093000000,3093000000,3115000000,3116000000,10000000,10000000,12000000,13000000,0,0,13000000,13000000,3080000000,3080000000,3093000000,3093000000,10000010,12000010,10000000,10000000,10,2000010
429,2276506000,2276506000,10000000,10000000,11000000,11000000,634506000,634506000,11000000,11000000,1610000000,1610000000,1621000000,1621000000,1642000000,1642000000,10000000,10000000,11000000,11000000,0,0,11000000,11000000,1610000000,1610000000,1621000000,1621000000,10000010,36000040,10000000,10000000,10,26000040
459,3578506000,3580506000,10000000,10000000,11000000,13000000,634506000,634506000,13000000,13000000,2910000000,2910000000,2923000000,2923000000,2944000000,2946000000,10000000,10000000,11000000,13000000,0,0,13000000,13000000,2910000000,2910000000,2923000000,2923000000,10000010,79000050,10000000,10000000,10,69000050
489,1732506000,1738506000,10000000,10000000,4000000,10000000,634506000,634506000,4000000,4000000,1080000000,1080000000,1084000000,1084000000,1098000000,1104000000,10000000,10000000,4000000,10000000,0,0,4000000,4000000,1080000000,1080000000,1084000000,1084000000,10000010,84000050,10000000,10000000,10,74000050
519,3841506000,3842506000,10000000,10000000,38000000,39000000,634506000,634506000,39000000,39000000,3120000000,3120000000,3159000000,3159000000,3207000000,3208000000,10000000,10000000,38000000,39000000,0,0,39000000,39000000,3120000000,3120000000,3159000000,3159000000,10000010,93000020,10000000,10000000,10,83000020
549,1562506000,1568506000,10000000,10000000,1000000,7000000,634506000,634506000,7000000,7000000,910000000,910000000,917000000,917000000,928000000,934000000,10000000,10000000,1000000,7000000,0,0,7000000,7000000,910000000,910000000,917000000,917000000,10000010,28000020,10000000,10000000,10,18000020
579,3079506000,3080506000,10000000,10000000,57000000,58000000,634506000,634506000,58000000,58000000,2320000000,2320000000,2378000000,2378000000,2445000000,2446000000,10000000,10000000,57000000,58000000,0,0,58000000,58000000,2320000000,2320000000,2378000000,2378000000,10000010,115000030,10000000,10000000,10,105000030
609,2683506000,2684506000,10000000,10000000,9000000,10000000,634506000,634506000,10000000,10000000,2020000000,2020000000,2030000000,2030000000,2049000000,2050000000,10000000,10000000,9000000,10000000,0,0,10000000,10000000,2020000000,2020000000,2030000000,2030000000,10000010,31000040,10000000,10000000,10,21000040
639,2193506000,2194506000,10000000,10000000,9000000,10000000,634506000,634506000,10000000,10000000,1530000000,1530000000,1540000000,1540000000,1559000000,1560000000,10000000,10000000,9000000,10000000,0,0,10000000,10000000,1530000000,1530000000,1540000000,1540000000,10000010,93000020,10000000,10000000,10,83000020
669,1856506000,1856506000,10000000,10000000,6000000,6000000,634506000,634506000,6000000,6000000,1200000000,1200000000,1206000000,1206000000,1222000000,1222000000,10000000,10000000,6000000,6000000,0,0,6000000,6000000,1200000000,1200000000,1206000000,1206000000,10000010,20000010,10000000,10000000,10,10000010
699,2369506000,2370506000,10000000,10000000,17000000,18000000,634506000,634506000,18000000,18000000,1690000000,1690000000,1708000000,1708000000,1735000000,1736000000,10000000,10000000,17000000,18000000,0,0,18000000,18000000,1690000000,1690000000,1708000000,1708000000,10000010,31000010,10000000,10000000,10,21000010
729,1575506000,1576506000,10000000,10000000,5000000,6000000,634506000,634506000,6000000,6000000,920000000,920000000,926000000,926000000,941000000,942000000,10000000,10000000,5000000,6000000,0,0,6000000,6000000,920000000,920000000,926000000,926000000,10000010,24000030,10000000,10000000,10,14000030
759,1376506000,1376506000,10000000,10000000,1000000,1000000,634506000,634506000,1000000,1000000,730000000,730000000,731000000,731000000,742000000,742000000,10000000,10000000,1000000,1000000,0,0,1000000,1000000,730000000,730000000,731000000,731000000,10000010,30000030,10000000,10000000,10,20000030
789,1736506000,1736506000,10000000,10000000,1000000,1000000,634506000,634506000,1000000,1000000,1090000000,1090000000,1091000000,1091000000,1102000000,1102000000,10000000,10000000,1000000,1000000,0,0,1000000,1000000,1090000000,1090000000,1091000000,1091000000,10000010,91000040,10000000,10000000,10,81000040
819,2291506000,2298506000,10000000,10000000,0,7000000,634506000,634506000,7000000,7000000,1640000000,1640000000,1647000000,1647000000,1657000000,1664000000,10000000,10000000,0,7000000,0,0,7000000,7000000,1640000000,1640000000,1647000000,1647000000,10000010,84000040,10000000,10000000,10,74000040
849,2258506000,2258506000,10000000,10000000,12000000,12000000,634506000,634506000,12000000,12000000,1590000000,1590000000,1602000000,1602000000,1624000000,1624000000,10000000,10000000,12000000,12000000,0,0,12000000,12000000,1590000000,1590000000,1602000000,1602000000,10000010,19000010,10000000,10000000,10,9000010
879,1839506000,1840506000,10000000,10000000,12000000,13000000,634506000,634506000,13000000,13000000,1170000000,1170000000,1183000000,1183000000,1205000000,1206000000,10000000,10000000,12000000,13000000,0,0,13000000,13000000,1170000000,1170000000,1183000000,1183000000,10000010,15000010,10000000,10000000,10,5000010
909,2959506000,2960506000,10000000,10000000,7000000,8000000,634506000,634506000,8000000,8000000,2300000000,2300000000,2308000000,2308000000,2325000000,2326000000,10000000,10000000,7000000,8000000,0,0,8000000,8000000,2300000000,2300000000,2308000000,2308000000,10000010,95000030,10000000,10000000,10,85000030
939,3794506000,3796506000,10000000,10000000,9000000,11000000,634506000,634506000,11000000,11000000,3130000000,3130000000,3141000000,3141000000,3160000000,3162000000,10000000,10000000,9000000,11000000,0,0,11000000,11000000,3130000000,3130000000,3141000000,3141000000,10000010,38000040,10000000,10000000,10,28000040
969,1810506000,1810506000,10000000,10000000,8000000,8000000,634506000,634506000,8000000,8000000,1150000000,1150000000,1158000000,1158000000,1176000000,1176000000,10000000,10000000,8000000,8000000,0,0,8000000,8000000,1150000000,1150000000,1158000000,1158000000,10000010,18000020,10000000,10000000,10,8000020
999,1575506000,20629686000,10000000,10000000,1000000,20000000,634506000,19669686000,20000000,20000000,910000000,910000000,930000000,930000000,941000000,960000000,10000000,10000000,1000000,20000000,0,0,20000000,20000000,910000000,910000000,930000000,930000000,10000010,18000020,10000000,10000000,10,8000020
1029,651506000,655506000,10000000,10000000,7000000,11000000,634506000,634506000,0,0,0,0,0,0,17000000,21000000,10000000,10000000,7000000,11000000,0,0,0,0,0,0,0,0,10000010,10000000,10000000,10000000,10,0
1059,654506000,655506000,10000000,10000000,10000000,11000000,634506000,634506000,0,0,0,0,0,0,20000000,21000000,10000000,10000000,10000000,11000000,0,0,0,0,0,0,0,0,10000010,10000000,10000000,10000000,10,0
1089,3747506000,7557542000,10000000,10000000,10000000,13000000,634506000,4441542000,13000000,13000000,3080000000,3080000000,3093000000,3093000000,3113000000,3116000000,10000000,10000000,10000000,13000000,0,0,13000000,13000000,3080000000,3080000000,3093000000,3093000000,10000010,10000000,10000000,10000000,10,0
1119,2104506000,4014024000,10000000,10000000,7000000,13000000,634506000,2538024000,13000000,13000000,1440000000,1440000000,1453000000,1453000000,1470000000,1476000000,10000000,10000000,7000000,13000000,0,0,13000000,13000000,1440000000,1440000000,1453000000,1453000000,10000010,10000000,10000000,10000000,10,0
1149,918506000,3457530000,10000000,10000000,7000000,8000000,634506000,3172530000,7000000,7000000,260000000,260000000,267000000,267000000,284000000,285000000,10000000,10000000,7000000,8000000,0,0,7000000,7000000,260000000,260000000,267000000,267000000,10000010,10000000,10000000,10000000,10,0
1179,680506000,3219530000,10000000,10000000,8000000,9000000,634506000,3172530000,8000000,8000000,20000000,20000000,28000000,28000000,46000000,47000000,10000000,10000000,8000000,9000000,0,0,8000000,8000000,20000000,20000000,28000000,28000000,10000010,10000000,10000000,10000000,10,0
1209,653506000,1923518000,10000000,10000000,9000000,10000000,634506000,1903518000,0,0,0,0,0,0,19000000,20000000,10000000,10000000,9000000,10000000,0,0,0,0,0,0,0,0,10000010,10000000,10000000,10000000,10,0
1239,856506000,2126518000,10000000,10000000,46000000,47000000,634506000,1903518000,46000000,46000000,120000000,120000000,166000000,166000000,222000000,223000000,10000000,10000000,46000000,47000000,0,0,46000000,46000000,120000000,120000000,166000000,166000000,10000010,17000040,10000000,10000000,10,7000040
1269,2120506000,7198554000,10000000,10000000,7000000,9000000,634506000,5710554000,9000000,9000000,1460000000,1460000000,1469000000,1469000000,1486000000,1488000000,10000000,10000000,7000000,9000000,0,0,9000000,9000000,1460000000,1460000000,1469000000,1469000000,10000010,46000030,10000000,10000000,10,36000030
10,2409506000,2410506000,10000000,10000000,17000000,18000000,634506000,634506000,18000000,18000000,1730000000,1730000000,1748000000,1748000000,1775000000,1776000000,10000000,10000000,17000000,18000000,0,0,18000000,18000000,1730000000,1730000000,1748000000,1748000000,10000010,57000020,10000000,10000000,10,47000020
40,662506000,664506000,10000000,10000000,18000000,20000000,634506000,634506000,0,0,0,0,0,0,28000000,30000000,10000000,10000000,18000000,20000000,0,0,0,0,0,0,0,0,10000010,10000000,10000000,10000000,10,0
70,3075506000,3076506000,10000000,10000000,10000000,11000000,634506000,634506000,11000000,11000000,2410000000,2410000000,2421000000,2421000000,2441000000,2442000000,10000000,10000000,10000000,11000000,0,0,11000000,11000000,2410000000,2410000000,2421000000,2421000000,10000010,78000040,10000000,10000000,10,68000040
100,1580506000,1581506000,10000000,10000000,18000000,19000000,634506000,634506000,18000000,18000000,900000000,900000000,918000000,918000000,946000000,947000000,10000000,10000000,18000000,19000000,0,0,18000000,18000000,900000000,900000000,918000000,918000000,10000010,31000010,10000000,10000000,10,21000010
130,1726506000,1726506000,10000000,10000000,1000000,1000000,634506000,634506000,1000000,1000000,1080000000,1080000000,1081000000,1081000000,1092000000,1092000000,10000000,10000000,1000000,1000000,0,0,1000000,1000000,1080000000,1080000000,1081000000,1081000000,10000010,22000030,10000000,10000000,10,12000030
160,3691506000,3692506000,10000000,10000000,43000000,44000000,634506000,634506000,44000000,44000000,2960000000,2960000000,3004000000,3004000000,3057000000,3058000000,10000000,10000000,43000000,44000000,0,0,44000000,44000000,2960000000,2960000000,3004000000,3004000000,10000010,131000060,10000000,10000000,10,121000060
190,2334506000,2334506000,10000000,10000000,20000000,20000000,634506000,634506000,20000000,20000000,1650000000,1650000000,1670000000,1670000000,1700000000,1700000000,10000000,10000000,20000000,20000000,0,0,20000000,20000000,1650000000,1650000000,1670000000,1670000000,10000010,37000050,10000000,10000000,10,27000050
220,3633506000,3634506000,10000000,10000000,19000000,20000000,634506000,634506000,20000000,20000000,2950000000,2950000000,2970000000,2970000000,2999000000,3000000000,10000000,10000000,19000000,20000000,0,0,20000000,20000000,2950000000,2950000000,2970000000,2970000000,10000010,38000040,10000000,10000000,10,28000040
250,1301506000,1302506000,10000000,10000000,8000000,9000000,634506000,634506000,9000000,9000000,640000000,640000000,649000000,649000000,667000000,668000000,10000000,10000000,8000000,9000000,0,0,9000000,9000000,640000000,640000000,649000000,649000000,10000010,26000030,10000000,10000000,10,16000030
280,2382506000,2382506000,10000000,10000000,9000000,9000000,634506000,634506000,9000000,9000000,1720000000,1720000000,1729000000,1729000000,1748000000,1748000000,10000000,10000000,9000000,9000000,0,0,9000000,9000000,1720000000,1720000000,1729000000,1729000000,10000010,26000040,10000000,10000000,10,16000040
310,3041506000,3042506000,10000000,10000000,8000000,9000000,634506000,634506000,9000000,9000000,2380000000,2380000000,2389000000,2389000000,2407000000,2408000000,10000000,10000000,8000000,9000000,0,0,9000000,9000000,2380000000,2380000000,2389000000,2389000000,10000010,43000020,10000000,10000000,10,33000020
340,3061506000,3062506000,10000000,10000000,8000000,9000000,634506000,634506000,9000000,9000000,2400000000,2400000000,2409000000,2409000000,2427000000,2428000000,10000000,10000000,8000000,9000000,0,0,9000000,9000000,2400000000,2400000000,2409000000,2409000000,10000010,43000020,10000000,10000000,10,33000020
370,690506000,691506000,10000000,10000000,8000000,9000000,634506000,634506000,8000000,8000000,30000000,30000000,38000000,38000000,56000000,57000000,10000000,10000000,8000000,9000000,0,0,8000000,8000000,30000000,30000000,38000000,38000000,10000010,11000010,10000000,10000000,10,1000010
400,3759506000,3760506000,10000000,10000000,12000000,13000000,634506000,634506000,13000000,13000000,3090000000,3090000000,3103000000,3103000000,3125000000,3126000000,10000000,10000000,12000000,13000000,0,0,13000000,13000000,3090000000,3090000000,3103000000,3103000000,10000010,12000010,10000000,10000000,10,2000010
430,2476506000,2476506000,10000000,10000000,11000000,11000000,634506000,634506000,11000000,11000000,1810000000,1810000000,1821000000,1821000000,1842000000,1842000000,10000000,10000000,11000000,11000000,0,0,11000000,11000000,1810000000,1810000000,1821000000,1821000000,10000010,36000040,10000000,10000000,10,26000040
460,1383506000,1386506000,10000000,10000000,8000000,11000000,634506000,634506000,11000000,11000000,720000000,720000000,731000000,731000000,749000000,752000000,10000000,10000000,8000000,11000000,0,0,11000000,11000000,720000000,720000000,731000000,731000000,10000010,76000040,10000000,10000000,10,66000040
490,648506000,649506000,10000000,10000000,4000000,5000000,634506000,634506000,0,0,0,0,0,0,14000000,15000000,10000000,10000000,4000000,5000000,0,0,0,0,0,0,0,0,10000010,10000000,10000000,10000000,10,0
520,3841506000,3842506000,10000000,10000000,38000000,39000000,634506000,634506000,39000000,39000000,3120000000,3120000000,3159000000,3159000000,3207000000,3208000000,10000000,10000000,38000000,39000000,0,0,39000000,39000000,3120000000,3120000000,3159000000,3159000000,10000010,93000020,10000000,10000000,10,83000020
550,2249506000,2250506000,10000000,10000000,7000000,8000000,634506000,634506000,8000000,8000000,1590000000,1590000000,1598000000,1598000000,1615000000,1616000000,10000000,10000000,7000000,8000000,0,0,8000000,8000000,1590000000,1590000000,1598000000,1598000000,10000010,20000030,10000000,10000000,10,10000030
580,3089506000,3090506000,10000000,10000000,57000000,58000000,634506000,634506000,58000000,58000000,2330000000,2330000000,2388000000,2388000000,2455000000,2456000000,10000000,10000000,57000000,58000000,0,0,58000000,58000000,2330000000,2330000000,2388000000,2388000000,10000010,115000030,10000000,10000000,10,105000030
610,2683506000,2684506000,10000000,10000000,9000000,10000000,634506000,634506000,10000000,10000000,2020000000,2020000000,2030000000,2030000000,2049000000,2050000000,10000000,10000000,9000000,10000000,0,0,10000000,10000000,2020000000,2020000000,2030000000,2030000000,10000010,31000040,10000000,10000000,10,21000040
640,1462506000,1472506000,10000000,10000000,9000000,19000000,634506000,634506000,19000000,19000000,790000000,790000000,809000000,809000000,828000000,838000000,10000000,10000000,9000000,19000000,0,0,19000000,19000000,790000000,790000000,809000000,809000000,10000010,82000020,10000000,10000000,10,72000020
670,1866506000,1866506000,10000000,10000000,6000000,6000000,634506000,634506000,6000000,6000000,1210000000,1210000000,1216000000,1216000000,1232000000,1232000000,10000000,10000000,6000000,6000000,0,0,6000000,6000000,1210000000,1210000000,1216000000,1216000000,10000010,30000030,10000000,10000000,10,20000030
700,2369506000,2370506000,10000000,10000000,17000000,18000000,634506000,634506000,18000000,18000000,1690000000,1690000000,1708000000,1708000000,1735000000,1736000000,10000000,10000000,17000000,18000000,0,0,18000000,18000000,1690000000,1690000000,1708000000,1708000000,10000010,31000010,10000000,10000000,10,21000010
730,2876506000,2876506000,10000000,10000000,6000000,6000000,634506000,634506000,6000000,6000000,2220000000,2220000000,2226000000,2226000000,2242000000,2242000000,10000000,10000000,6000000,6000000,0,0,6000000,6000000,2220000000,2220000000,2226000000,2226000000,10000010,92000030,10000000,10000000,10,82000030
760,1306506000,1306506000,10000000,10000000,1000000,1000000,634506000,634506000,1000000,1000000,660000000,660000000,661000000,661000000,672000000,672000000,10000000,10000000,1000000,1000000,0,0,1000000,1000000,660000000,660000000,661000000,661000000,10000010,30000030,10000000,10000000,10,20000030
790,1736506000,1736506000,10000000,10000000,1000000,1000000,634506000,634506000,1000000,1000000,1090000000,1090000000,1091000000,1091000000,1102000000,1102000000,10000000,10000000,1000000,1000000,0,0,1000000,1000000,1090000000,1090000000,1091000000,1091000000,10000010,91000040,10000000,10000000,10,81000040
820,2785506000,2786506000,10000000,10000000,0,1000000,634506000,634506000,1000000,1000000,2140000000,2140000000,2141000000,2141000000,2151000000,2152000000,10000000,10000000,0,1000000,0,0,1000000,1000000,2140000000,2140000000,2141000000,2141000000,10000010,91000030,10000000,10000000,10,81000030
850,3019506000,3020506000,10000000,10000000,12000000,13000000,634506000,634506000,13000000,13000000,2350000000,2350000000,2363000000,2363000000,2385000000,2386000000,10000000,10000000,12000000,13000000,0,0,13000000,13000000,2350000000,2350000000,2363000000,2363000000,10000010,19000010,10000000,10000000,10,9000010
880,3615506000,3616506000,10000000,10000000,15000000,16000000,634506000,634506000,16000000,16000000,2940000000,2940000000,2956000000,2956000000,2981000000,2982000000,10000000,10000000,15000000,16000000,0,0,16000000,16000000,2940000000,2940000000,2956000000,2956000000,10000010,38000040,10000000,10000000,10,28000040
910,680506000,680506000,10000000,10000000,8000000,8000000,634506000,634506000,8000000,8000000,20000000,20000000,28000000,28000000,46000000,46000000,10000000,10000000,8000000,8000000,0,0,8000000,8000000,20000000,20000000,28000000,28000000,10000010,11000010,10000000,10000000,10,1000010
940,2952506000,2952506000,10000000,10000000,9000000,9000000,634506000,634506000,9000000,9000000,2290000000,2290000000,2299000000,2299000000,2318000000,2318000000,10000000,10000000,9000000,9000000,0,0,9000000,9000000,2290000000,2290000000,2299000000,2299000000,10000010,26000040,10000000,10000000,10,16000040
970,1810506000,1810506000,10000000,10000000,8000000,8000000,634506000,634506000,8000000,8000000,1150000000,1150000000,1158000000,1158000000,1176000000,1176000000,10000000,10000000,8000000,8000000,0,0,8000000,8000000,1150000000,1150000000,1158000000,1158000000,10000010,18000020,10000000,10000000,10,8000020
1000,3015506000,22704192000,10000000,10000000,1000000,20000000,634506000,20304192000,20000000,20000000,2350000000,2350000000,2370000000,2370000000,2381000000,2400000000,10000000,10000000,1000000,20000000,0,0,20000000,20000000,2350000000,2350000000,2370000000,2370000000,10000010,25000050,10000000,10000000,10,15000050
1030,2823506000,14890120000,10000000,10000000,1000000,12000000,634506000,12690120000,8000000,8000000,2170000000,2170000000,2178000000,2178000000,2189000000,2200000000,10000000,10000000,1000000,12000000,0,0,8000000,8000000,2170000000,2170000000,2178000000,2178000000,10000010,27000030,10000000,10000000,10,17000030
1060,653506000,1923518000,10000000,10000000,9000000,10000000,634506000,1903518000,0,0,0,0,0,0,19000000,20000000,10000000,10000000,9000000,10000000,0,0,0,0,0,0,0,0,10000010,10000000,10000000,10000000,10,0
1090,3727506000,6903036000,10000000,10000000,10000000,13000000,634506000,3807036000,13000000,13000000,3060000000,3060000000,3073000000,3073000000,3093000000,3096000000,10000000,10000000,10000000,13000000,0,0,13000000,13000000,3060000000,3060000000,3073000000,3073000000,10000010,10000000,10000000,10000000,10,0
1120,1644506000,6091048000,10000000,10000000,8000000,13000000,634506000,5076048000,12000000,12000000,980000000,980000000,992000000,992000000,1010000000,1015000000,10000000,10000000,8000000,13000000,0,0,12000000,12000000,980000000,980000000,992000000,992000000,10000010,32000020,10000000,10000000,10,22000020
1150,2309506000,9293072000,10000000,10000000,7000000,11000000,634506000,7614072000,8000000,8000000,1650000000,1650000000,1658000000,1658000000,1675000000,1679000000,10000000,10000000,7000000,11000000,0,0,8000000,8000000,1650000000,1650000000,1658000000,1658000000,10000010,93000020,10000000,10000000,10,83000020
1180,680506000,3219530000,10000000,10000000,8000000,9000000,634506000,3172530000,8000000,8000000,20000000,20000000,28000000,28000000,46000000,47000000,10000000,10000000,8000000,9000000,0,0,8000000,8000000,20000000,20000000,28000000,28000000,10000010,10000000,10000000,10000000,10,0
1210,653506000,1923518000,10000000,10000000,9000000,10000000,634506000,1903518000,0,0,0,0,0,0,19000000,20000000,10000000,10000000,9000000,10000000,0,0,0,0,0,0,0,0,10000010,10000000,10000000,10000000,10,0
1240,3850506000,5764024000,10000000,10000000,38000000,48000000,634506000,2538024000,48000000,48000000,3120000000,3120000000,3168000000,3168000000,3216000000,3226000000,10000000,10000000,38000000,48000000,0,0,48000000,48000000,3120000000,3120000000,3168000000,3168000000,10000010,42000040,10000000,10000000,10,32000040
1270,918506000,2823024000,10000000,10000000,7000000,8000000,634506000,2538024000,7000000,7000000,260000000,260000000,267000000,267000000,284000000,285000000,10000000,10000000,7000000,8000000,0,0,7000000,7000000,260000000,260000000,267000000,267000000,10000010,10000000,10000000,10000000,10,0
11,2002506000,2018506000,10000000,10000000,1000000,17000000,634506000,634506000,17000000,17000000,1340000000,1340000000,1357000000,1357000000,1368000000,1384000000,10000000,10000000,1000000,17000000,0,0,17000000,17000000,1340000000,1340000000,1357000000,1357000000,10000010,19000030,10000000,10000000,10,9000030
41,1760506000,1760506000,10000000,10000000,18000000,18000000,634506000,634506000,18000000,18000000,1080000000,1080000000,1098000000,1098000000,1126000000,1126000000,10000000,10000000,18000000,18000000,0,0,18000000,18000000,1080000000,1080000000,1098000000,1098000000,10000010,25000020,10000000,10000000,10,15000020
71,2976506000,2978506000,10000000,10000000,10000000,12000000,634506000,634506000,12000000,12000000,2310000000,2310000000,2322000000,2322000000,2342000000,2344000000,10000000,10000000,10000000,12000000,0,0,12000000,12000000,2310000000,2310000000,2322000000,2322000000,10000010,78000040,10000000,10000000,10,68000040
101,1530506000,1532506000,10000000,10000000,18000000,20000000,634506000,634506000,18000000,18000000,850000000,850000000,868000000,868000000,896000000,898000000,10000000,10000000,18000000,20000000,0,0,18000000,18000000,850000000,850000000,868000000,868000000,10000010,31000030,10000000,10000000,10,21000030
131,1246506000,1253506000,10000000,10000000,1000000,8000000,634506000,634506000,1000000,1000000,600000000,600000000,601000000,601000000,612000000,619000000,10000000,10000000,1000000,8000000,0,0,1000000,1000000,600000000,600000000,601000000,601000000,10000010,22000020,10000000,10000000,10,12000020
161,3864506000,3868506000,10000000,10000000,43000000,47000000,634506000,634506000,47000000,47000000,3130000000,3130000000,3177000000,3177000000,3230000000,3234000000,10000000,10000000,43000000,47000000,0,0,47000000,47000000,3130000000,3130000000,3177000000,3177000000,10000010,47000040,10000000,10000000,10,37000040
191,2744506000,2744506000,10000000,10000000,20000000,20000000,634506000,634506000,20000000,20000000,2060000000,2060000000,2080000000,2080000000,2110000000,2110000000,10000000,10000000,20000000,20000000,0,0,20000000,20000000,2060000000,2060000000,2080000000,2080000000,10000010,61000030,10000000,10000000,10,51000030
221,2883506000,2884506000,10000000,10000000,19000000,20000000,634506000,634506000,20000000,20000000,2200000000,2200000000,2220000000,2220000000,2249000000,2250000000,10000000,10000000,19000000,20000000,0,0,20000000,20000000,2200000000,2200000000,2220000000,2220000000,10000010,32000010,10000000,10000000,10,22000010
251,1846506000,1848506000,10000000,10000000,6000000,8000000,634506000,634506000,6000000,6000000,1190000000,1190000000,1196000000,1196000000,1212000000,1214000000,10000000,10000000,6000000,8000000,0,0,6000000,6000000,1190000000,1190000000,1196000000,1196000000,10000010,25000020,10000000,10000000,10,15000020
281,1412506000,1412506000,10000000,10000000,9000000,9000000,634506000,634506000,9000000,9000000,750000000,750000000,759000000,759000000,778000000,778000000,10000000,10000000,9000000,9000000,0,0,9000000,9000000,750000000,750000000,759000000,759000000,10000010,25000020,10000000,10000000,10,15000020
311,3061506000,3062506000,10000000,10000000,8000000,9000000,634506000,634506000,9000000,9000000,2400000000,2400000000,2409000000,2409000000,2427000000,2428000000,10000000,10000000,8000000,9000000,0,0,9000000,9000000,2400000000,2400000000,2409000000,2409000000,10000010,43000020,10000000,10000000,10,33000020
341,3061506000,3062506000,10000000,10000000,8000000,9000000,634506000,634506000,9000000,9000000,2400000000,2400000000,2409000000,2409000000,2427000000,2428000000,10000000,10000000,8000000,9000000,0,0,9000000,9000000,2400000000,2400000000,2409000000,2409000000,10000010,43000020,10000000,10000000,10,33000020
371,690506000,691506000,10000000,10000000,8000000,9000000,634506000,634506000,8000000,8000000,30000000,30000000,38000000,38000000,56000000,57000000,10000000,10000000,8000000,9000000,0,0,8000000,8000000,30000000,30000000,38000000,38000000,10000010,11000010,10000000,10000000,10,1000010
401,3739506000,3740506000,10000000,10000000,12000000,13000000,634506000,634506000,13000000,13000000,3070000000,3070000000,3083000000,3083000000,3105000000,3106000000,10000000,10000000,12000000,13000000,0,0,13000000,13000000,3070000000,3070000000,3083000000,3083000000,10000010,12000010,10000000,10000000,10,2000010
431,1665506000,1666506000,10000000,10000000,10000000,11000000,634506000,634506000,11000000,11000000,1000000000,1000000000,1011000000,1011000000,1031000000,1032000000,10000000,10000000,10000000,11000000,0,0,11000000,11000000,1000000000,1000000000,1011000000,1011000000,10000010,36000040,10000000,10000000,10,26000040
461,1596506000,1596506000,10000000,10000000,11000000,11000000,634506000,634506000,11000000,11000000,930000000,930000000,941000000,941000000,962000000,962000000,10000000,10000000,11000000,11000000,0,0,11000000,11000000,930000000,930000000,941000000,941000000,10000010,43000020,10000000,10000000,10,33000020
491,3352506000,3352506000,10000000,10000000,4000000,4000000,634506000,634506000,4000000,4000000,2700000000,2700000000,2704000000,2704000000,2718000000,2718000000,10000000,10000000,4000000,4000000,0,0,4000000,4000000,2700000000,2700000000,2704000000,2704000000,10000010,25000040,10000000,10000000,10,15000040
521,1621506000,1640506000,10000000,10000000,19000000,38000000,634506000,634506000,38000000,38000000,920000000,920000000,958000000,958000000,987000000,1006000000,10000000,10000000,19000000,38000000,0,0,38000000,38000000,920000000,920000000,958000000,958000000,10000010,72000010,10000000,10000000,10,62000010
551,2849506000,2850506000,10000000,10000000,7000000,8000000,634506000,634506000,8000000,8000000,2190000000,2190000000,2198000000,2198000000,2215000000,2216000000,10000000,10000000,7000000,8000000,0,0,8000000,8000000,2190000000,2190000000,2198000000,2198000000,10000010,32000030,10000000,10000000,10,22000030
581,3256506000,3284506000,10000000,10000000,57000000,85000000,634506000,634506000,85000000,85000000,2470000000,2470000000,2555000000,2555000000,2622000000,2650000000,10000000,10000000,57000000,85000000,0,0,85000000,85000000,2470000000,2470000000,2555000000,2555000000,10000010,116000030,10000000,10000000,10,106000030
611,2683506000,2684506000,10000000,10000000,9000000,10000000,634506000,634506000,10000000,10000000,2020000000,2020000000,2030000000,2030000000,2049000000,2050000000,10000000,10000000,9000000,10000000,0,0,10000000,10000000,2020000000,2020000000,2030000000,2030000000,10000010,31000040,10000000,10000000,10,21000040
641,2513506000,2514506000,10000000,10000000,9000000,10000000,634506000,634506000,10000000,10000000,1850000000,1850000000,1860000000,1860000000,1879000000,1880000000,10000000,10000000,9000000,10000000,0,0,10000000,10000000,1850000000,1850000000,1860000000,1860000000,10000010,93000020,10000000,10000000,10,83000020
671,2757506000,2758506000,10000000,10000000,6000000,7000000,634506000,634506000,7000000,7000000,2100000000,2100000000,2107000000,2107000000,2123000000,2124000000,10000000,10000000,6000000,7000000,0,0,7000000,7000000,2100000000,2100000000,2107000000,2107000000,10000010,30000030,10000000,10000000,10,20000030
701,2369506000,2370506000,10000000,10000000,17000000,18000000,634506000,634506000,18000000,18000000,1690000000,1690000000,1708000000,1708000000,1735000000,1736000000,10000000,10000000,17000000,18000000,0,0,18000000,18000000,1690000000,1690000000,1708000000,1708000000,10000010,31000010,10000000,10000000,10,21000010
731,2056506000,2056506000,10000000,10000000,6000000,6000000,634506000,634506000,6000000,6000000,1400000000,1400000000,1406000000,1406000000,1422000000,1422000000,10000000,10000000,6000000,6000000,0,0,6000000,6000000,1400000000,1400000000,1406000000,1406000000,10000010,22000020,10000000,10000000,10,12000020
761,1376506000,1376506000,10000000,10000000,1000000,1000000,634506000,634506000,1000000,1000000,730000000,730000000,731000000,731000000,742000000,742000000,10000000,10000000,1000000,1000000,0,0,1000000,1000000,730000000,730000000,731000000,731000000,10000010,30000030,10000000,10000000,10,20000030
791,1236506000,1236506000,10000000,10000000,1000000,1000000,634506000,634506000,1000000,1000000,590000000,590000000,591000000,591000000,602000000,602000000,10000000,10000000,1000000,1000000,0,0,1000000,1000000,590000000,590000000,591000000,591000000,10000010,91000040,10000000,10000000,10,81000040
821,2785506000,2786506000,10000000,10000000,0,1000000,634506000,634506000,1000000,1000000,2140000000,2140000000,2141000000,2141000000,2151000000,2152000000,10000000,10000000,0,1000000,0,0,1000000,1000000,2140000000,2140000000,2141000000,2141000000,10000010,91000030,10000000,10000000,10,81000030
851,1749506000,1750506000,10000000,10000000,12000000,13000000,634506000,634506000,13000000,13000000,1080000000,1080000000,1093000000,1093000000,1115000000,1116000000,10000000,10000000,12000000,13000000,0,0,13000000,13000000,1080000000,1080000000,1093000000,1093000000,10000010,19000010,10000000,10000000,10,9000010
881,3635506000,3636506000,10000000,10000000,15000000,16000000,634506000,634506000,16000000,16000000,2960000000,2960000000,2976000000,2976000000,3001000000,3002000000,10000000,10000000,15000000,16000000,0,0,16000000,16000000,2960000000,2960000000,2976000000,2976000000,10000010,38000040,10000000,10000000,10,28000040
911,660506000,661506000,10000000,10000000,16000000,17000000,634506000,634506000,0,0,0,0,0,0,26000000,27000000,10000000,10000000,16000000,17000000,0,0,0,0,0,0,0,0,10000010,10000000,10000000,10000000,10,0
941,3443506000,3444506000,10000000,10000000,9000000,10000000,634506000,634506000,10000000,10000000,2780000000,2780000000,2790000000,2790000000,2809000000,2810000000,10000000,10000000,9000000,10000000,0,0,10000000,10000000,2780000000,2780000000,2790000000,2790000000,10000010,37000040,10000000,10000000,10,27000040
971,1416506000,1416506000,10000000,10000000,11000000,11000000,634506000,634506000,11000000,11000000,750000000,750000000,761000000,761000000,782000000,782000000,10000000,10000000,11000000,11000000,0,0,11000000,11000000,750000000,750000000,761000000,761000000,10000010,12000010,10000000,10000000,10,2000010
1001,3747506000,7557542000,10000000,10000000,10000000,13000000,634506000,4441542000,13000000,13000000,3080000000,3080000000,3093000000,3093000000,3113000000,3116000000,10000000,10000000,10000000,13000000,0,0,13000000,13000000,3080000000,3080000000,3093000000,3093000000,10000010,10000000,10000000,10000000,10,0
1031,2122506000,5342036000,10000000,10000000,10000000,57000000,634506000,3807036000,18000000,18000000,1450000000,1450000000,1468000000,1468000000,1488000000,1535000000,10000000,10000000,10000000,57000000,0,0,18000000,18000000,1450000000,1450000000,1468000000,1468000000,10000010,38000010,10000000,10000000,10,28000010
1061,1933506000,5748542000,10000000,10000000,1000000,9000000,634506000,4441542000,8000000,8000000,1280000000,1280000000,1288000000,1288000000,1299000000,1307000000,10000000,10000000,1000000,9000000,0,0,8000000,8000000,1280000000,1280000000,1288000000,1288000000,10000010,43000020,10000000,10000000,10,33000020
1091,3707506000,6248530000,10000000,10000000,10000000,13000000,634506000,3172530000,13000000,13000000,3040000000,3040000000,3053000000,3053000000,3073000000,3076000000,10000000,10000000,10000000,13000000,0,0,13000000,13000000,3040000000,3040000000,3053000000,3053000000,10000010,10000000,10000000,10000000,10,0
1121,652506000,653506000,10000000,10000000,8000000,9000000,634506000,634506000,0,0,0,0,0,0,18000000,19000000,10000000,10000000,8000000,9000000,0,0,0,0,0,0,0,0,10000010,10000000,10000000,10000000,10,0
1151,3342506000,12235590000,10000000,10000000,0,10000000,634506000,9517590000,8000000,8000000,2690000000,2690000000,2698000000,2698000000,2708000000,2718000000,10000000,10000000,0,10000000,0,0,8000000,8000000,2690000000,2690000000,2698000000,2698000000,10000010,90000040,10000000,10000000,10,80000040
1181,680506000,3219530000,10000000,10000000,8000000,9000000,634506000,3172530000,8000000,8000000,20000000,20000000,28000000,28000000,46000000,47000000,10000000,10000000,8000000,9000000,0,0,8000000,8000000,20000000,20000000,28000000,28000000,10000010,10000000,10000000,10000000,10,0
1211,653506000,1923518000,10000000,10000000,9000000,10000000,634506000,1903518000,0,0,0,0,0,0,19000000,20000000,10000000,10000000,9000000,10000000,0,0,0,0,0,0,0,0,10000010,10000000,10000000,10000000,10,0
1241,1051506000,1687012000,10000000,10000000,8000000,9000000,634506000,1269012000,9000000,9000000,390000000,390000000,399000000,399000000,417000000,418000000,10000000,10000000,8000000,9000000,0,0,9000000,9000000,390000000,390000000,399000000,399000000,10000010,10000000,10000000,10000000,10,0
1271,1090506000,2996024000,10000000,10000000,17000000,19000000,634506000,2538024000,19000000,19000000,410000000,410000000,429000000,429000000,456000000,458000000,10000000,10000000,17000000,19000000,0,0,19000000,19000000,410000000,410000000,429000000,429000000,10000010,10000000,10000000,10000000,10,0
12,3793506000,3794506000,10000000,10000000,19000000,20000000,634506000,634506000,20000000,20000000,3110000000,3110000000,3130000000,3130000000,3159000000,3160000000,10000000,10000000,19000000,20000000,0,0,20000000,20000000,3110000000,3110000000,3130000000,3130000000,10000010,33000020,10000000,10000000,10,23000020
42,661506000,662506000,10000000,10000000,17000000,18000000,634506000,634506000,0,0,0,0,0,0,27000000,28000000,10000000,10000000,17000000,18000000,0,0,0,0,0,0,0,0,10000010,10000000,10000000,10000000,10,0
72,3075506000,3076506000,10000000,10000000,10000000,11000000,634506000,634506000,11000000,11000000,2410000000,2410000000,2421000000,2421000000,2441000000,2442000000,10000000,10000000,10000000,11000000,0,0,11000000,11000000,2410000000,2410000000,2421000000,2421000000,10000010,78000040,10000000,10000000,10,68000040
102,1590506000,1590506000,10000000,10000000,18000000,18000000,634506000,634506000,18000000,18000000,910000000,910000000,928000000,928000000,956000000,956000000,10000000,10000000,18000000,18000000,0,0,18000000,18000000,910000000,910000000,928000000,928000000,10000010,57000020,10000000,10000000,10,47000020
132,2256506000,2256506000,10000000,10000000,1000000,1000000,634506000,634506000,1000000,1000000,1610000000,1610000000,1611000000,1611000000,1622000000,1622000000,10000000,10000000,1000000,1000000,0,0,1000000,1000000,1610000000,1610000000,1611000000,1611000000,10000010,22000030,10000000,10000000,10,12000030
162,1030506000,1058506000,10000000,10000000,9000000,37000000,634506000,634506000,37000000,37000000,340000000,340000000,377000000,377000000,396000000,424000000,10000000,10000000,9000000,37000000,0,0,37000000,37000000,340000000,340000000,377000000,377000000,10000010,20000040,10000000,10000000,10,10000040
192,2754506000,2754506000,10000000,10000000,20000000,20000000,634506000,634506000,20000000,20000000,2070000000,2070000000,2090000000,2090000000,2120000000,2120000000,10000000,10000000,20000000,20000000,0,0,20000000,20000000,2070000000,2070000000,2090000000,2090000000,10000010,61000030,10000000,10000000,10,51000030
222,2883506000,2884506000,10000000,10000000,19000000,20000000,634506000,634506000,20000000,20000000,2200000000,2200000000,2220000000,2220000000,2249000000,2250000000,10000000,10000000,19000000,20000000,0,0,20000000,20000000,2200000000,2200000000,2220000000,2220000000,10000010,32000010,10000000,10000000,10,22000010
252,1966506000,1968506000,10000000,10000000,6000000,8000000,634506000,634506000,6000000,6000000,1310000000,1310000000,1316000000,1316000000,1332000000,1334000000,10000000,10000000,6000000,8000000,0,0,6000000,6000000,1310000000,1310000000,1316000000,1316000000,10000010,27000030,10000000,10000000,10,17000030
282,2602506000,2602506000,10000000,10000000,9000000,9000000,634506000,634506000,9000000,9000000,1940000000,1940000000,1949000000,1949000000,1968000000,1968000000,10000000,10000000,9000000,9000000,0,0,9000000,9000000,1940000000,1940000000,1949000000,1949000000,10000010,26000040,10000000,10000000,10,16000040
312,2401506000,2402506000,10000000,10000000,8000000,9000000,634506000,634506000,9000000,9000000,1740000000,1740000000,1749000000,1749000000,1767000000,1768000000,10000000,10000000,8000000,9000000,0,0,9000000,9000000,1740000000,1740000000,1749000000,1749000000,10000010,66000030,10000000,10000000,10,56000030
342,3061506000,3062506000,10000000,10000000,8000000,9000000,634506000,634506000,9000000,9000000,2400000000,2400000000,2409000000,2409000000,2427000000,2428000000,10000000,10000000,8000000,9000000,0,0,9000000,9000000,2400000000,2400000000,2409000000,2409000000,10000010,43000020,10000000,10000000,10,33000020
372,1962506000,1962506000,10000000,10000000,9000000,9000000,634506000,634506000,9000000,9000000,1300000000,1300000000,1309000000,1309000000,1328000000,1328000000,10000000,10000000,9000000,9000000,0,0,9000000,9000000,1300000000,1300000000,1309000000,1309000000,10000010,26000030,10000000,10000000,10,16000030
402,2367506000,2368506000,10000000,10000000,11000000,12000000,634506000,634506000,12000000,12000000,1700000000,1700000000,1712000000,1712000000,1733000000,1734000000,10000000,10000000,11000000,12000000,0,0,12000000,12000000,1700000000,1700000000,1712000000,1712000000,10000010,36000040,10000000,10000000,10,26000040
432,2466506000,2466506000,10000000,10000000,11000000,11000000,634506000,634506000,11000000,11000000,1800000000,1800000000,1811000000,1811000000,1832000000,1832000000,10000000,10000000,11000000,11000000,0,0,11000000,11000000,1800000000,1800000000,1811000000,1811000000,10000010,36000040,10000000,10000000,10,26000040
462,1606506000,1606506000,10000000,10000000,11000000,11000000,634506000,634506000,11000000,11000000,940000000,940000000,951000000,951000000,972000000,972000000,10000000,10000000,11000000,11000000,0,0,11000000,11000000,940000000,940000000,951000000,951000000,10000010,43000020,10000000,10000000,10,33000020
492,3212506000,3212506000,10000000,10000000,4000000,4000000,634506000,634506000,4000000,4000000,2560000000,2560000000,2564000000,2564000000,2578000000,2578000000,10000000,10000000,4000000,4000000,0,0,4000000,4000000,2560000000,2560000000,2564000000,2564000000,10000010,83000040,10000000,10000000,10,73000040
522,1979506000,2000506000,10000000,10000000,17000000,38000000,634506000,634506000,38000000,38000000,1280000000,1280000000,1318000000,1318000000,1345000000,1366000000,10000000,10000000,17000000,38000000,0,0,38000000,38000000,1280000000,1280000000,1318000000,1318000000,10000010,36000040,10000000,10000000,10,26000040
552,2849506000,2850506000,10000000,10000000,7000000,8000000,634506000,634506000,8000000,8000000,2190000000,2190000000,2198000000,2198000000,2215000000,2216000000,10000000,10000000,7000000,8000000,0,0,8000000,8000000,2190000000,2190000000,2198000000,2198000000,10000010,32000030,10000000,10000000,10,22000030
582,874506000,876506000,10000000,10000000,44000000,46000000,634506000,634506000,46000000,46000000,140000000,140000000,186000000,186000000,240000000,242000000,10000000,10000000,44000000,46000000,0,0,46000000,46000000,140000000,140000000,186000000,186000000,10000010,47000060,10000000,10000000,10,37000060
612,2683506000,2684506000,10000000,10000000,9000000,10000000,634506000,634506000,10000000,10000000,2020000000,2020000000,2030000000,2030000000,2049000000,2050000000,10000000,10000000,9000000,10000000,0,0,10000000,10000000,2020000000,2020000000,2030000000,2030000000,10000010,31000040,10000000,10000000,10,21000040
642,2193506000,2194506000,10000000,10000000,9000000,10000000,634506000,634506000,10000000,10000000,1530000000,1530000000,1540000000,1540000000,1559000000,1560000000,10000000,10000000,9000000,10000000,0,0,10000000,10000000,1530000000,1530000000,1540000000,1540000000,10000010,93000020,10000000,10000000,10,83000020
672,2015506000,2016506000,10000000,10000000,5000000,6000000,634506000,634506000,6000000,6000000,1360000000,1360000000,1366000000,1366000000,1381000000,1382000000,10000000,10000000,5000000,6000000,0,0,6000000,6000000,1360000000,1360000000,1366000000,1366000000,10000010,92000040,10000000,10000000,10,82000040
702,1969506000,1970506000,10000000,10000000,17000000,18000000,634506000,634506000,18000000,18000000,1290000000,1290000000,1308000000,1308000000,1335000000,1336000000,10000000,10000000,17000000,18000000,0,0,18000000,18000000,1290000000,1290000000,1308000000,1308000000,10000010,31000010,10000000,10000000,10,21000010
732,2456506000,2456506000,10000000,10000000,6000000,6000000,634506000,634506000,6000000,6000000,1800000000,1800000000,1806000000,1806000000,1822000000,1822000000,10000000,10000000,6000000,6000000,0,0,6000000,6000000,1800000000,1800000000,1806000000,1806000000,10000010,92000030,10000000,10000000,10,82000030
762,1376506000,1376506000,10000000,10000000,1000000,1000000,634506000,634506000,1000000,1000000,730000000,730000000,731000000,731000000,742000000,742000000,10000000,10000000,1000000,1000000,0,0,1000000,1000000,730000000,730000000,731000000,731000000,10000010,30000030,10000000,10000000,10,20000030
792,1766506000,1766506000,10000000,10000000,1000000,1000000,634506000,634506000,1000000,1000000,1120000000,1120000000,1121000000,1121000000,1132000000,1132000000,10000000,10000000,1000000,1000000,0,0,1000000,1000000,1120000000,1120000000,1121000000,1121000000,10000010,91000040,10000000,10000000,10,81000040
822,2785506000,2786506000,10000000,10000000,0,1000000,634506000,634506000,1000000,1000000,2140000000,2140000000,2141000000,2141000000,2151000000,2152000000,10000000,10000000,0,1000000,0,0,1000000,1000000,2140000000,2140000000,2141000000,2141000000,10000010,91000030,10000000,10000000,10,81000030
852,3009506000,3010506000,10000000,10000000,12000000,13000000,634506000,634506000,13000000,13000000,2340000000,2340000000,2353000000,2353000000,2375000000,2376000000,10000000,10000000,12000000,13000000,0,0,13000000,13000000,2340000000,2340000000,2353000000,2353000000,10000010,19000010,10000000,10000000,10,9000010
882,2365506000,2366506000,10000000,10000000,15000000,16000000,634506000,634506000,16000000,16000000,1690000000,1690000000,1706000000,1706000000,1731000000,1732000000,10000000,10000000,15000000,16000000,0,0,16000000,16000000,1690000000,1690000000,1706000000,1706000000,10000010,38000050,10000000,10000000,10,28000050
912,660506000,661506000,10000000,10000000,16000000,17000000,634506000,634506000,0,0,0,0,0,0,26000000,27000000,10000000,10000000,16000000,17000000,0,0,0,0,0,0,0,0,10000010,10000000,10000000,10000000,10,0
942,1671506000,1672506000,10000000,10000000,8000000,9000000,634506000,634506000,9000000,9000000,1010000000,1010000000,1019000000,1019000000,1037000000,1038000000,10000000,10000000,8000000,9000000,0,0,9000000,9000000,1010000000,1010000000,1019000000,1019000000,10000010,48000050,10000000,10000000,10,38000050
972,1597506000,1624506000,10000000,10000000,58000000,85000000,634506000,634506000,85000000,85000000,810000000,810000000,895000000,895000000,963000000,990000000,10000000,10000000,58000000,85000000,0,0,85000000,85000000,810000000,810000000,895000000,895000000,10000010,116000020,10000000,10000000,10,106000020
1002,789506000,4597542000,10000000,10000000,12000000,13000000,634506000,4441542000,13000000,13000000,120000000,120000000,133000000,133000000,155000000,156000000,10000000,10000000,12000000,13000000,0,0,13000000,13000000,120000000,120000000,133000000,133000000,10000010,10000000,10000000,10000000,10,0
1032,661506000,1931518000,10000000,10000000,17000000,18000000,634506000,1903518000,0,0,0,0,0,0,27000000,28000000,10000000,10000000,17000000,18000000,0,0,0,0,0,0,0,0,10000010,10000000,10000000,10000000,10,0
1062,1343506000,5794048000,10000000,10000000,0,9000000,634506000,5076048000,9000000,9000000,690000000,690000000,699000000,699000000,709000000,718000000,10000000,10000000,0,9000000,0,0,9000000,9000000,690000000,690000000,699000000,699000000,10000010,10000000,10000000,10000000,10,0
1092,3747506000,7557542000,10000000,10000000,10000000,13000000,634506000,4441542000,13000000,13000000,3080000000,3080000000,3093000000,3093000000,3113000000,3116000000,10000000,10000000,10000000,13000000,0,0,13000000,13000000,3080000000,3080000000,3093000000,3093000000,10000010,10000000,10000000,10000000,10,0
1122,651506000,1921518000,10000000,10000000,7000000,8000000,634506000,1903518000,0,0,0,0,0,0,17000000,18000000,10000000,10000000,7000000,8000000,0,0,0,0,0,0,0,0,10000010,10000000,10000000,10000000,10,0
1152,918506000,4092036000,10000000,10000000,7000000,8000000,634506000,3807036000,7000000,7000000,260000000,260000000,267000000,267000000,284000000,285000000,10000000,10000000,7000000,8000000,0,0,7000000,7000000,260000000,260000000,267000000,267000000,10000010,10000000,10000000,10000000,10,0
1182,680506000,3219530000,10000000,10000000,8000000,9000000,634506000,3172530000,8000000,8000000,20000000,20000000,28000000,28000000,46000000,47000000,10000000,10000000,8000000,9000000,0,0,8000000,8000000,20000000,20000000,28000000,28000000,10000010,10000000,10000000,10000000,10,0
1212,652506000,1288012000,10000000,10000000,8000000,9000000,634506000,1269012000,0,0,0,0,0,0,18000000,19000000,10000000,10000000,8000000,9000000,0,0,0,0,0,0,0,0,10000010,10000000,10000000,10000000,10,0
1242,2061506000,4602530000,10000000,10000000,8000000,11000000,634506000,3172530000,9000000,9000000,1400000000,1400000000,1409000000,1409000000,1427000000,1430000000,10000000,10000000,8000000,11000000,0,0,9000000,9000000,1400000000,1400000000,1409000000,1409000000,10000010,26000020,10000000,10000000,10,16000020
1272,1090506000,2996024000,10000000,10000000,17000000,19000000,634506000,2538024000,19000000,19000000,410000000,410000000,429000000,429000000,456000000,458000000,10000000,10000000,17000000,19000000,0,0,19000000,19000000,410000000,410000000,429000000,429000000,10000010,10000000,10000000,10000000,10,0
13,3173506000,3174506000,10000000,10000000,19000000,20000000,634506000,634506000,20000000,20000000,2490000000,2490000000,2510000000,2510000000,2539000000,2540000000,10000000,10000000,19000000,20000000,0,0,20000000,20000000,2490000000,2490000000,2510000000,2510000000,10000010,32000010,10000000,10000000,10,22000010
43,2349506000,2350506000,10000000,10000000,17000000,18000000,634506000,634506000,18000000,18000000,1670000000,1670000000,1688000000,1688000000,1715000000,1716000000,10000000,10000000,17000000,18000000,0,0,18000000,18000000,1670000000,1670000000,1688000000,1688000000,10000010,39000040,10000000,10000000,10,29000040
73,3075506000,3076506000,10000000,10000000,10000000,11000000,634506000,634506000,11000000,11000000,2410000000,2410000000,2421000000,2421000000,2441000000,2442000000,10000000,10000000,10000000,11000000,0,0,11000000,11000000,2410000000,2410000000,2421000000,2421000000,10000010,78000040,10000000,10000000,10,68000040
103,1513506000,1520506000,10000000,10000000,11000000,18000000,634506000,634506000,18000000,18000000,840000000,840000000,858000000,858000000,879000000,886000000,10000000,10000000,11000000,18000000,0,0,18000000,18000000,840000000,840000000,858000000,858000000,10000010,85000040,10000000,10000000,10,75000040
133,2256506000,2256506000,10000000,10000000,1000000,1000000,634506000,634506000,1000000,1000000,1610000000,1610000000,1611000000,1611000000,1622000000,1622000000,10000000,10000000,1000000,1000000,0,0,1000000,1000000,1610000000,1610000000,1611000000,1611000000,10000010,22000030,10000000,10000000,10,12000030
163,1030506000,1058506000,10000000,10000000,9000000,37000000,634506000,634506000,37000000,37000000,340000000,340000000,377000000,377000000,396000000,424000000,10000000,10000000,9000000,37000000,0,0,37000000,37000000,340000000,340000000,377000000,377000000,10000010,16000030,10000000,10000000,10,6000030
193,2754506000,2754506000,10000000,10000000,20000000,20000000,634506000,634506000,20000000,20000000,2070000000,2070000000,2090000000,2090000000,2120000000,2120000000,10000000,10000000,20000000,20000000,0,0,20000000,20000000,2070000000,2070000000,2090000000,2090000000,10000010,61000030,10000000,10000000,10,51000030
223,1551506000,1570506000,10000000,10000000,19000000,38000000,634506000,634506000,38000000,38000000,850000000,850000000,888000000,888000000,917000000,936000000,10000000,10000000,19000000,38000000,0,0,38000000,38000000,850000000,850000000,888000000,888000000,10000010,22000020,10000000,10000000,10,12000020
253,1472506000,1480506000,10000000,10000000,0,8000000,634506000,634506000,8000000,8000000,820000000,820000000,828000000,828000000,838000000,846000000,10000000,10000000,0,8000000,0,0,8000000,8000000,820000000,820000000,828000000,828000000,10000010,21000010,10000000,10000000,10,11000010
283,2242506000,2242506000,10000000,10000000,9000000,9000000,634506000,634506000,9000000,9000000,1580000000,1580000000,1589000000,1589000000,1608000000,1608000000,10000000,10000000,9000000,9000000,0,0,9000000,9000000,1580000000,1580000000,1589000000,1589000000,10000010,26000040,10000000,10000000,10,16000040
313,1246506000,1253506000,10000000,10000000,1000000,8000000,634506000,634506000,1000000,1000000,600000000,600000000,601000000,601000000,612000000,619000000,10000000,10000000,1000000,8000000,0,0,1000000,1000000,600000000,600000000,601000000,601000000,10000010,22000020,10000000,10000000,10,12000020
343,1246506000,1253506000,10000000,10000000,1000000,8000000,634506000,634506000,1000000,1000000,600000000,600000000,601000000,601000000,612000000,619000000,10000000,10000000,1000000,8000000,0,0,1000000,1000000,600000000,600000000,601000000,601000000,10000010,22000020,10000000,10000000,10,12000020
373,1952506000,1952506000,10000000,10000000,9000000,9000000,634506000,634506000,9000000,9000000,1290000000,1290000000,1299000000,1299000000,1318000000,1318000000,10000000,10000000,9000000,9000000,0,0,9000000,9000000,1290000000,1290000000,1299000000,1299000000,10000010,26000030,10000000,10000000,10,16000030
403,3739506000,3740506000,10000000,10000000,12000000,13000000,634506000,634506000,13000000,13000000,3070000000,3070000000,3083000000,3083000000,3105000000,3106000000,10000000,10000000,12000000,13000000,0,0,13000000,13000000,3070000000,3070000000,3083000000,3083000000,10000010,12000010,10000000,10000000,10,2000010
433,2367506000,2368506000,10000000,10000000,11000000,12000000,634506000,634506000,12000000,12000000,1700000000,1700000000,1712000000,1712000000,1733000000,1734000000,10000000,10000000,11000000,12000000,0,0,12000000,12000000,1700000000,1700000000,1712000000,1712000000,10000010,36000040,10000000,10000000,10,26000040
463,1242506000,1244506000,10000000,10000000,9000000,11000000,634506000,634506000,9000000,9000000,580000000,580000000,589000000,589000000,608000000,610000000,10000000,10000000,9000000,11000000,0,0,9000000,9000000,580000000,580000000,589000000,589000000,10000010,27000030,10000000,10000000,10,17000030
493,3352506000,3352506000,10000000,10000000,4000000,4000000,634506000,634506000,4000000,4000000,2700000000,2700000000,2704000000,2704000000,2718000000,2718000000,10000000,10000000,4000000,4000000,0,0,4000000,4000000,2700000000,2700000000,2704000000,2704000000,10000010,25000040,10000000,10000000,10,15000040
523,1760506000,1780506000,10000000,10000000,18000000,38000000,634506000,634506000,38000000,38000000,1060000000,1060000000,1098000000,1098000000,1126000000,1146000000,10000000,10000000,18000000,38000000,0,0,38000000,38000000,1060000000,1060000000,1098000000,1098000000,10000010,72000010,10000000,10000000,10,62000010
553,2033506000,2038506000,10000000,10000000,7000000,12000000,634506000,634506000,12000000,12000000,1370000000,1370000000,1382000000,1382000000,1399000000,1404000000,10000000,10000000,7000000,12000000,0,0,12000000,12000000,1370000000,1370000000,1382000000,1382000000,10000010,33000030,10000000,10000000,10,23000030
583,3717506000,3718506000,10000000,10000000,46000000,47000000,634506000,634506000,47000000,47000000,2980000000,2980000000,3027000000,3027000000,3083000000,3084000000,10000000,10000000,46000000,47000000,0,0,47000000,47000000,2980000000,2980000000,3027000000,3027000000,10000010,49000050,10000000,10000000,10,39000050
613,2683506000,2684506000,10000000,10000000,9000000,10000000,634506000,634506000,10000000,10000000,2020000000,2020000000,2030000000,2030000000,2049000000,2050000000,10000000,10000000,9000000,10000000,0,0,10000000,10000000,2020000000,2020000000,2030000000,2030000000,10000010,31000040,10000000,10000000,10,21000040
643,2193506000,2194506000,10000000,10000000,9000000,10000000,634506000,634506000,10000000,10000000,1530000000,1530000000,1540000000,1540000000,1559000000,1560000000,10000000,10000000,9000000,10000000,0,0,10000000,10000000,1530000000,1530000000,1540000000,1540000000,10000010,93000020,10000000,10000000,10,83000020
673,1456506000,1456506000,10000000,10000000,6000000,6000000,634506000,634506000,6000000,6000000,800000000,800000000,806000000,806000000,822000000,822000000,10000000,10000000,6000000,6000000,0,0,6000000,6000000,800000000,800000000,806000000,806000000,10000010,20000010,10000000,10000000,10,10000010
703,2369506000,2370506000,10000000,10000000,17000000,18000000,634506000,634506000,18000000,18000000,1690000000,1690000000,1708000000,1708000000,1735000000,1736000000,10000000,10000000,17000000,18000000,0,0,18000000,18000000,1690000000,1690000000,1708000000,1708000000,10000010,31000010,10000000,10000000,10,21000010
733,2456506000,2456506000,10000000,10000000,6000000,6000000,634506000,634506000,6000000,6000000,1800000000,1800000000,1806000000,1806000000,1822000000,1822000000,10000000,10000000,6000000,6000000,0,0,6000000,6000000,1800000000,1800000000,1806000000,1806000000,10000010,22000020,10000000,10000000,10,12000020
763,1376506000,1376506000,10000000,10000000,1000000,1000000,634506000,634506000,1000000,1000000,730000000,730000000,731000000,731000000,742000000,742000000,10000000,10000000,1000000,1000000,0,0,1000000,1000000,730000000,730000000,731000000,731000000,10000010,30000030,10000000,10000000,10,20000030
793,1766506000,1766506000,10000000,10000000,1000000,1000000,634506000,634506000,1000000,1000000,1120000000,1120000000,1121000000,1121000000,1132000000,1132000000,10000000,10000000,1000000,1000000,0,0,1000000,1000000,1120000000,1120000000,1121000000,1121000000,10000010,91000040,10000000,10000000,10,81000040
823,2785506000,2786506000,10000000,10000000,0,1000000,634506000,634506000,1000000,1000000,2140000000,2140000000,2141000000,2141000000,2151000000,2152000000,10000000,10000000,0,1000000,0,0,1000000,1000000,2140000000,2140000000,2141000000,2141000000,10000010,91000030,10000000,10000000,10,81000030
853,1024506000,1030506000,10000000,10000000,2000000,8000000,634506000,634506000,8000000,8000000,370000000,370000000,378000000,378000000,390000000,396000000,10000000,10000000,2000000,8000000,0,0,8000000,8000000,370000000,370000000,378000000,378000000,10000010,17000030,10000000,10000000,10,7000030
883,3346506000,3346506000,10000000,10000000,81000000,81000000,634506000,634506000,81000000,81000000,2540000000,2540000000,2621000000,2621000000,2712000000,2712000000,10000000,10000000,81000000,81000000,0,0,81000000,81000000,2540000000,2540000000,2621000000,2621000000,10000010,142000030,10000000,10000000,10,132000030
913,654506000,665506000,10000000,10000000,10000000,21000000,634506000,634506000,0,0,0,0,0,0,20000000,31000000,10000000,10000000,10000000,21000000,0,0,0,0,0,0,0,0,10000010,10000000,10000000,10000000,10,0
943,2650506000,2650506000,10000000,10000000,8000000,8000000,634506000,634506000,8000000,8000000,1990000000,1990000000,1998000000,1998000000,2016000000,2016000000,10000000,10000000,8000000,8000000,0,0,8000000,8000000,1990000000,1990000000,1998000000,1998000000,10000010,54000030,10000000,10000000,10,44000030
973,3423506000,9786566000,10000000,10000000,1000000,19000000,634506000,6979566000,18000000,18000000,2760000000,2760000000,2778000000,2778000000,2789000000,2807000000,10000000,10000000,1000000,19000000,0,0,18000000,18000000,2760000000,2760000000,2778000000,2778000000,10000010,78000020,10000000,10000000,10,68000020
1003,779506000,3953036000,10000000,10000000,12000000,13000000,634506000,3807036000,13000000,13000000,110000000,110000000,123000000,123000000,145000000,146000000,10000000,10000000,12000000,13000000,0,0,13000000,13000000,110000000,110000000,123000000,123000000,10000010,10000000,10000000,10000000,10,0
1033,2865506000,10496578000,10000000,10000000,1000000,18000000,634506000,8248578000,10000000,10000000,2210000000,2210000000,2220000000,2220000000,2231000000,2248000000,10000000,10000000,1000000,18000000,0,0,10000000,10000000,2210000000,2210000000,2220000000,2220000000,10000010,78000020,10000000,10000000,10,68000020
1063,723506000,3262530000,10000000,10000000,19000000,20000000,634506000,3172530000,20000000,20000000,40000000,40000000,60000000,60000000,89000000,90000000,10000000,10000000,19000000,20000000,0,0,20000000,20000000,40000000,40000000,60000000,60000000,10000010,10000000,10000000,10000000,10,0
1093,3747506000,7557542000,10000000,10000000,10000000,13000000,634506000,4441542000,13000000,13000000,3080000000,3080000000,3093000000,3093000000,3113000000,3116000000,10000000,10000000,10000000,13000000,0,0,13000000,13000000,3080000000,3080000000,3093000000,3093000000,10000010,10000000,10000000,10000000,10,0
1123,651506000,1921518000,10000000,10000000,7000000,8000000,634506000,1903518000,0,0,0,0,0,0,17000000,18000000,10000000,10000000,7000000,8000000,0,0,0,0,0,0,0,0,10000010,10000000,10000000,10000000,10,0
1153,660506000,661506000,10000000,10000000,16000000,17000000,634506000,634506000,0,0,0,0,0,0,26000000,27000000,10000000,10000000,16000000,17000000,0,0,0,0,0,0,0,0,10000010,10000000,10000000,10000000,10,0
1183,680506000,3219530000,10000000,10000000,8000000,9000000,634506000,3172530000,8000000,8000000,20000000,20000000,28000000,28000000,46000000,47000000,10000000,10000000,8000000,9000000,0,0,8000000,8000000,20000000,20000000,28000000,28000000,10000010,10000000,10000000,10000000,10,0
1213,645506000,646506000,10000000,10000000,1000000,2000000,634506000,634506000,0,0,0,0,0,0,11000000,12000000,10000000,10000000,1000000,2000000,0,0,0,0,0,0,0,0,10000010,10000000,10000000,10000000,10,0
1243,1078506000,1715012000,10000000,10000000,11000000,13000000,634506000,1269012000,13000000,13000000,410000000,410000000,423000000,423000000,444000000,446000000,10000000,10000000,11000000,13000000,0,0,13000000,13000000,410000000,410000000,423000000,423000000,10000010,43000020,10000000,10000000,10,33000020
1273,1360506000,3901530000,10000000,10000000,17000000,20000000,634506000,3172530000,19000000,19000000,680000000,680000000,699000000,699000000,726000000,729000000,10000000,10000000,17000000,20000000,0,0,19000000,19000000,680000000,680000000,699000000,699000000,10000010,72000010,10000000,10000000,10,62000010
14,1052506000,1052506000,10000000,10000000,19000000,19000000,634506000,634506000,19000000,19000000,370000000,370000000,389000000,389000000,418000000,418000000,10000000,10000000,19000000,19000000,0,0,19000000,19000000,370000000,370000000,389000000,389000000,10000010,32000010,10000000,10000000,10,22000010
44,3559506000,3560506000,10000000,10000000,17000000,18000000,634506000,634506000,18000000,18000000,2880000000,2880000000,2898000000,2898000000,2925000000,2926000000,10000000,10000000,17000000,18000000,0,0,18000000,18000000,2880000000,2880000000,2898000000,2898000000,10000010,71000050,10000000,10000000,10,61000050
74,2725506000,2726506000,10000000,10000000,10000000,11000000,634506000,634506000,11000000,11000000,2060000000,2060000000,2071000000,2071000000,2091000000,2092000000,10000000,10000000,10000000,11000000,0,0,11000000,11000000,2060000000,2060000000,2071000000,2071000000,10000010,44000040,10000000,10000000,10,34000040
104,1630506000,1630506000,10000000,10000000,18000000,18000000,634506000,634506000,18000000,18000000,950000000,950000000,968000000,968000000,996000000,996000000,10000000,10000000,18000000,18000000,0,0,18000000,18000000,950000000,950000000,968000000,968000000,10000010,83000030,10000000,10000000,10,73000030
134,2256506000,2256506000,10000000,10000000,1000000,1000000,634506000,634506000,1000000,1000000,1610000000,1610000000,1611000000,1611000000,1622000000,1622000000,10000000,10000000,1000000,1000000,0,0,1000000,1000000,1610000000,1610000000,1611000000,1611000000,10000010,22000030,10000000,10000000,10,12000030
164,1812506000,1814506000,10000000,10000000,9000000,11000000,634506000,634506000,9000000,9000000,1150000000,1150000000,1159000000,1159000000,1178000000,1180000000,10000000,10000000,9000000,11000000,0,0,9000000,9000000,1150000000,1150000000,1159000000,1159000000,10000010,40000010,10000000,10000000,10,30000010
194,3263506000,3274506000,10000000,10000000,9000000,20000000,634506000,634506000,20000000,20000000,2590000000,2590000000,2610000000,2610000000,2629000000,2640000000,10000000,10000000,9000000,20000000,0,0,20000000,20000000,2590000000,2590000000,2610000000,2610000000,10000010,29000040,10000000,10000000,10,19000040
224,2883506000,2884506000,10000000,10000000,19000000,20000000,634506000,634506000,20000000,20000000,2200000000,2200000000,2220000000,2220000000,2249000000,2250000000,10000000,10000000,19000000,20000000,0,0,20000000,20000000,2200000000,2200000000,2220000000,2220000000,10000010,32000010,10000000,10000000,10,22000010
254,2131506000,2132506000,10000000,10000000,8000000,9000000,634506000,634506000,9000000,9000000,1470000000,1470000000,1479000000,1479000000,1497000000,1498000000,10000000,10000000,8000000,9000000,0,0,9000000,9000000,1470000000,1470000000,1479000000,1479000000,10000010,26000040,10000000,10000000,10,16000040
284,1412506000,1412506000,10000000,10000000,9000000,9000000,634506000,634506000,9000000,9000000,750000000,750000000,759000000,759000000,778000000,778000000,10000000,10000000,9000000,9000000,0,0,9000000,9000000,750000000,750000000,759000000,759000000,10000010,23000030,10000000,10000000,10,13000030
314,2002506000,2004506000,10000000,10000000,8000000,10000000,634506000,634506000,10000000,10000000,1340000000,1340000000,1350000000,1350000000,1368000000,1370000000,10000000,10000000,8000000,10000000,0,0,10000000,10000000,1340000000,1340000000,1350000000,1350000000,10000010,87000030,10000000,10000000,10,77000030
344,3061506000,3062506000,10000000,10000000,8000000,9000000,634506000,634506000,9000000,9000000,2400000000,2400000000,2409000000,2409000000,2427000000,2428000000,10000000,10000000,8000000,9000000,0,0,9000000,9000000,2400000000,2400000000,2409000000,2409000000,10000010,43000020,10000000,10000000,10,33000020
374,1962506000,1962506000,10000000,10000000,9000000,9000000,634506000,634506000,9000000,9000000,1300000000,1300000000,1309000000,1309000000,1328000000,1328000000,10000000,10000000,9000000,9000000,0,0,9000000,9000000,1300000000,1300000000,1309000000,1309000000,10000010,26000030,10000000,10000000,10,16000030
404,1507506000,1508506000,10000000,10000000,11000000,12000000,634506000,634506000,12000000,12000000,840000000,840000000,852000000,852000000,873000000,874000000,10000000,10000000,11000000,12000000,0,0,12000000,12000000,840000000,840000000,852000000,852000000,10000010,43000020,10000000,10000000,10,33000020
434,2476506000,2476506000,10000000,10000000,11000000,11000000,634506000,634506000,11000000,11000000,1810000000,1810000000,1821000000,1821000000,1842000000,1842000000,10000000,10000000,11000000,11000000,0,0,11000000,11000000,1810000000,1810000000,1821000000,1821000000,10000010,36000040,10000000,10000000,10,26000040
464,1507506000,1508506000,10000000,10000000,11000000,12000000,634506000,634506000,12000000,12000000,840000000,840000000,852000000,852000000,873000000,874000000,10000000,10000000,11000000,12000000,0,0,12000000,12000000,840000000,840000000,852000000,852000000,10000010,43000020,10000000,10000000,10,33000020
494,3352506000,3352506000,10000000,10000000,4000000,4000000,634506000,634506000,4000000,4000000,2700000000,2700000000,2704000000,2704000000,2718000000,2718000000,10000000,10000000,4000000,4000000,0,0,4000000,4000000,2700000000,2700000000,2704000000,2704000000,10000010,25000040,10000000,10000000,10,15000040
524,3812506000,3814506000,10000000,10000000,18000000,20000000,634506000,634506000,20000000,20000000,3130000000,3130000000,3150000000,3150000000,3178000000,3180000000,10000000,10000000,18000000,20000000,0,0,20000000,20000000,3130000000,3130000000,3150000000,3150000000,10000010,36000040,10000000,10000000,10,26000040
554,2849506000,2850506000,10000000,10000000,7000000,8000000,634506000,634506000,8000000,8000000,2190000000,2190000000,2198000000,2198000000,2215000000,2216000000,10000000,10000000,7000000,8000000,0,0,8000000,8000000,2190000000,2190000000,2198000000,2198000000,10000010,32000030,10000000,10000000,10,22000030
584,690506000,695506000,10000000,10000000,46000000,51000000,634506000,634506000,0,0,0,0,0,0,56000000,61000000,10000000,10000000,46000000,51000000,0,0,0,0,0,0,0,0,10000010,10000000,10000000,10000000,10,0
614,2683506000,2684506000,10000000,10000000,9000000,10000000,634506000,634506000,10000000,10000000,2020000000,2020000000,2030000000,2030000000,2049000000,2050000000,10000000,10000000,9000000,10000000,0,0,10000000,10000000,2020000000,2020000000,2030000000,2030000000,10000010,31000040,10000000,10000000,10,21000040
644,2193506000,2194506000,10000000,10000000,9000000,10000000,634506000,634506000,10000000,10000000,1530000000,1530000000,1540000000,1540000000,1559000000,1560000000,10000000,10000000,9000000,10000000,0,0,10000000,10000000,1530000000,1530000000,1540000000,1540000000,10000010,93000020,10000000,10000000,10,83000020
674,1736506000,1736506000,10000000,10000000,6000000,6000000,634506000,634506000,6000000,6000000,1080000000,1080000000,1086000000,1086000000,1102000000,1102000000,10000000,10000000,6000000,6000000,0,0,6000000,6000000,1080000000,1080000000,1086000000,1086000000,10000010,20000010,10000000,10000000,10,10000010
704,2369506000,2370506000,10000000,10000000,17000000,18000000,634506000,634506000,18000000,18000000,1690000000,1690000000,1708000000,1708000000,1735000000,1736000000,10000000,10000000,17000000,18000000,0,0,18000000,18000000,1690000000,1690000000,1708000000,1708000000,10000010,31000010,10000000,10000000,10,21000010
734,2466506000,2466506000,10000000,10000000,6000000,6000000,634506000,634506000,6000000,6000000,1810000000,1810000000,1816000000,1816000000,1832000000,1832000000,10000000,10000000,6000000,6000000,0,0,6000000,6000000,1810000000,1810000000,1816000000,1816000000,10000010,92000030,10000000,10000000,10,82000030
764,1346506000,1346506000,10000000,10000000,1000000,1000000,634506000,634506000,1000000,1000000,700000000,700000000,701000000,701000000,712000000,712000000,10000000,10000000,1000000,1000000,0,0,1000000,1000000,700000000,700000000,701000000,701000000,10000010,30000030,10000000,10000000,10,20000030
794,1736506000,1736506000,10000000,10000000,1000000,1000000,634506000,634506000,1000000,1000000,1090000000,1090000000,1091000000,1091000000,1102000000,1102000000,10000000,10000000,1000000,1000000,0,0,1000000,1000000,1090000000,1090000000,1091000000,1091000000,10000010,91000040,10000000,10000000,10,81000040
824,2785506000,2786506000,10000000,10000000,0,1000000,634506000,634506000,1000000,1000000,2140000000,2140000000,2141000000,2141000000,2151000000,2152000000,10000000,10000000,0,1000000,0,0,1000000,1000000,2140000000,2140000000,2141000000,2141000000,10000010,91000030,10000000,10000000,10,81000030
854,1960506000,1961506000,10000000,10000000,8000000,9000000,634506000,634506000,8000000,8000000,1300000000,1300000000,1308000000,1308000000,1326000000,1327000000,10000000,10000000,8000000,9000000,0,0,8000000,8000000,1300000000,1300000000,1308000000,1308000000,10000010,44000030,10000000,10000000,10,34000030
884,2106506000,2106506000,10000000,10000000,16000000,16000000,634506000,634506000,16000000,16000000,1430000000,1430000000,1446000000,1446000000,1472000000,1472000000,10000000,10000000,16000000,16000000,0,0,16000000,16000000,1430000000,1430000000,1446000000,1446000000,10000010,35000030,10000000,10000000,10,25000030
914,3758506000,3760506000,10000000,10000000,41000000,43000000,634506000,634506000,43000000,43000000,3030000000,3030000000,3073000000,3073000000,3124000000,3126000000,10000000,10000000,41000000,43000000,0,0,43000000,43000000,3030000000,3030000000,3073000000,3073000000,10000010,125000080,10000000,10000000,10,115000080
944,2650506000,2650506000,10000000,10000000,8000000,8000000,634506000,634506000,8000000,8000000,1990000000,1990000000,1998000000,1998000000,2016000000,2016000000,10000000,10000000,8000000,8000000,0,0,8000000,8000000,1990000000,1990000000,1998000000,1998000000,10000010,54000030,10000000,10000000,10,44000030
974,3772506000,19030650000,10000000,10000000,8000000,38000000,634506000,15862650000,20000000,20000000,3100000000,3100000000,3120000000,3120000000,3138000000,3168000000,10000000,10000000,8000000,38000000,0,0,20000000,20000000,3100000000,3100000000,3120000000,3120000000,10000010,57000020,10000000,10000000,10,47000020
1004,799506000,5242048000,10000000,10000000,12000000,13000000,634506000,5076048000,13000000,13000000,130000000,130000000,143000000,143000000,165000000,166000000,10000000,10000000,12000000,13000000,0,0,13000000,13000000,130000000,130000000,143000000,143000000,10000010,10000000,10000000,10000000,10,0
1034,661506000,1931518000,10000000,10000000,17000000,18000000,634506000,1903518000,0,0,0,0,0,0,27000000,28000000,10000000,10000000,17000000,18000000,0,0,0,0,0,0,0,0,10000010,10000000,10000000,10000000,10,0
1064,663506000,1299012000,10000000,10000000,19000000,20000000,634506000,1269012000,0,0,0,0,0,0,29000000,30000000,10000000,10000000,19000000,20000000,0,0,0,0,0,0,0,0,10000010,10000000,10000000,10000000,10,0
1094,3747506000,7557542000,10000000,10000000,10000000,13000000,634506000,4441542000,13000000,13000000,3080000000,3080000000,3093000000,3093000000,3113000000,3116000000,10000000,10000000,10000000,13000000,0,0,13000000,13000000,3080000000,3080000000,3093000000,3093000000,10000010,10000000,10000000,10000000,10,0
1124,651506000,1921518000,10000000,10000000,7000000,8000000,634506000,1903518000,0,0,0,0,0,0,17000000,18000000,10000000,10000000,7000000,8000000,0,0,0,0,0,0,0,0,10000010,10000000,10000000,10000000,10,0
1154,659506000,2565024000,10000000,10000000,15000000,17000000,634506000,2538024000,0,0,0,0,0,0,25000000,27000000,10000000,10000000,15000000,17000000,0,0,0,0,0,0,0,0,10000010,10000000,10000000,10000000,10,0
1184,680506000,3219530000,10000000,10000000,8000000,9000000,634506000,3172530000,8000000,8000000,20000000,20000000,28000000,28000000,46000000,47000000,10000000,10000000,8000000,9000000,0,0,8000000,8000000,20000000,20000000,28000000,28000000,10000010,10000000,10000000,10000000,10,0
1214,3749506000,4387012000,10000000,10000000,41000000,44000000,634506000,1269012000,44000000,44000000,3020000000,3020000000,3064000000,3064000000,3115000000,3118000000,10000000,10000000,41000000,44000000,0,0,44000000,44000000,3020000000,3020000000,3064000000,3064000000,10000010,125000080,10000000,10000000,10,115000080
1244,655506000,1292012000,10000000,10000000,11000000,13000000,634506000,1269012000,0,0,0,0,0,0,21000000,23000000,10000000,10000000,11000000,13000000,0,0,0,0,0,0,0,0,10000010,10000000,10000000,10000000,10,0
1274,1090506000,2996024000,10000000,10000000,17000000,19000000,634506000,2538024000,19000000,19000000,410000000,410000000,429000000,429000000,456000000,458000000,10000000,10000000,17000000,19000000,0,0,19000000,19000000,410000000,410000000,429000000,429000000,10000010,10000000,10000000,10000000,10,0
15,3183506000,3184506000,10000000,10000000,19000000,20000000,634506000,634506000,20000000,20000000,2500000000,2500000000,2520000000,2520000000,2549000000,2550000000,10000000,10000000,19000000,20000000,0,0,20000000,20000000,2500000000,2500000000,2520000000,2520000000,10000010,61000030,10000000,10000000,10,51000030
45,1541506000,1548506000,10000000,10000000,10000000,17000000,634506000,634506000,17000000,17000000,870000000,870000000,887000000,887000000,907000000,914000000,10000000,10000000,10000000,17000000,0,0,17000000,17000000,870000000,870000000,887000000,887000000,10000010,50000010,10000000,10000000,10,40000010
75,1955506000,1956506000,10000000,10000000,10000000,11000000,634506000,634506000,11000000,11000000,1290000000,1290000000,1301000000,1301000000,1321000000,1322000000,10000000,10000000,10000000,11000000,0,0,11000000,11000000,1290000000,1290000000,1301000000,1301000000,10000010,44000040,10000000,10000000,10,34000040
105,1370506000,1370506000,10000000,10000000,18000000,18000000,634506000,634506000,18000000,18000000,690000000,690000000,708000000,708000000,736000000,736000000,10000000,10000000,18000000,18000000,0,0,18000000,18000000,690000000,690000000,708000000,708000000,10000010,35000020,10000000,10000000,10,25000020
135,2829506000,2832506000,10000000,10000000,1000000,4000000,634506000,634506000,4000000,4000000,2180000000,2180000000,2184000000,2184000000,2195000000,2198000000,10000000,10000000,1000000,4000000,0,0,4000000,4000000,2180000000,2180000000,2184000000,2184000000,10000010,29000030,10000000,10000000,10,19000030
165,3520506000,3522506000,10000000,10000000,7000000,9000000,634506000,634506000,9000000,9000000,2860000000,2860000000,2869000000,2869000000,2886000000,2888000000,10000000,10000000,7000000,9000000,0,0,9000000,9000000,2860000000,2860000000,2869000000,2869000000,10000010,91000040,10000000,10000000,10,81000040
195,2744506000,2744506000,10000000,10000000,20000000,20000000,634506000,634506000,20000000,20000000,2060000000,2060000000,2080000000,2080000000,2110000000,2110000000,10000000,10000000,20000000,20000000,0,0,20000000,20000000,2060000000,2060000000,2080000000,2080000000,10000010,61000030,10000000,10000000,10,51000030
225,2883506000,2884506000,10000000,10000000,19000000,20000000,634506000,634506000,20000000,20000000,2200000000,2200000000,2220000000,2220000000,2249000000,2250000000,10000000,10000000,19000000,20000000,0,0,20000000,20000000,2200000000,2200000000,2220000000,2220000000,10000010,32000010,10000000,10000000,10,22000010
255,2851506000,2852506000,10000000,10000000,8000000,9000000,634506000,634506000,9000000,9000000,2190000000,2190000000,2199000000,2199000000,2217000000,2218000000,10000000,10000000,8000000,9000000,0,0,9000000,9000000,2190000000,2190000000,2199000000,2199000000,10000010,26000040,10000000,10000000,10,16000040
285,2382506000,2382506000,10000000,10000000,9000000,9000000,634506000,634506000,9000000,9000000,1720000000,1720000000,1729000000,1729000000,1748000000,1748000000,10000000,10000000,9000000,9000000,0,0,9000000,9000000,1720000000,1720000000,1729000000,1729000000,10000010,26000040,10000000,10000000,10,16000040
315,3061506000,3062506000,10000000,10000000,8000000,9000000,634506000,634506000,9000000,9000000,2400000000,2400000000,2409000000,2409000000,2427000000,2428000000,10000000,10000000,8000000,9000000,0,0,9000000,9000000,2400000000,2400000000,2409000000,2409000000,10000010,43000020,10000000,10000000,10,33000020
345,3061506000,3062506000,10000000,10000000,8000000,9000000,634506000,634506000,9000000,9000000,2400000000,2400000000,2409000000,2409000000,2427000000,2428000000,10000000,10000000,8000000,9000000,0,0,9000000,9000000,2400000000,2400000000,2409000000,2409000000,10000010,43000020,10000000,10000000,10,33000020
375,1532506000,1532506000,10000000,10000000,9000000,9000000,634506000,634506000,9000000,9000000,870000000,870000000,879000000,879000000,898000000,898000000,10000000,10000000,9000000,9000000,0,0,9000000,9000000,870000000,870000000,879000000,879000000,10000010,26000030,10000000,10000000,10,16000030
405,3749506000,3750506000,10000000,10000000,12000000,13000000,634506000,634506000,13000000,13000000,3080000000,3080000000,3093000000,3093000000,3115000000,3116000000,10000000,10000000,12000000,13000000,0,0,13000000,13000000,3080000000,3080000000,3093000000,3093000000,10000010,12000010,10000000,10000000,10,2000010
435,2367506000,2368506000,10000000,10000000,11000000,12000000,634506000,634506000,12000000,12000000,1700000000,1700000000,1712000000,1712000000,1733000000,1734000000,10000000,10000000,11000000,12000000,0,0,12000000,12000000,1700000000,1700000000,1712000000,1712000000,10000010,36000040,10000000,10000000,10,26000040
465,1606506000,1606506000,10000000,10000000,11000000,11000000,634506000,634506000,11000000,11000000,940000000,940000000,951000000,951000000,972000000,972000000,10000000,10000000,11000000,11000000,0,0,11000000,11000000,940000000,940000000,951000000,951000000,10000010,43000020,10000000,10000000,10,33000020
495,3629506000,3630506000,10000000,10000000,37000000,38000000,634506000,634506000,38000000,38000000,2910000000,2910000000,2948000000,2948000000,2995000000,2996000000,10000000,10000000,37000000,38000000,0,0,38000000,38000000,2910000000,2910000000,2948000000,2948000000,10000010,46000040,10000000,10000000,10,36000040
525,2050506000,2050506000,10000000,10000000,18000000,18000000,634506000,634506000,18000000,18000000,1370000000,1370000000,1388000000,1388000000,1416000000,1416000000,10000000,10000000,18000000,18000000,0,0,18000000,18000000,1370000000,1370000000,1388000000,1388000000,10000010,72000010,10000000,10000000,10,62000010
555,2849506000,2850506000,10000000,10000000,7000000,8000000,634506000,634506000,8000000,8000000,2190000000,2190000000,2198000000,2198000000,2215000000,2216000000,10000000,10000000,7000000,8000000,0,0,8000000,8000000,2190000000,2190000000,2198000000,2198000000,10000010,32000030,10000000,10000000,10,22000030
585,3761506000,3762506000,10000000,10000000,43000000,44000000,634506000,634506000,44000000,44000000,3030000000,3030000000,3074000000,3074000000,3127000000,3128000000,10000000,10000000,43000000,44000000,0,0,44000000,44000000,3030000000,3030000000,3074000000,3074000000,10000010,127000090,10000000,10000000,10,117000090
615,2983506000,2984506000,10000000,10000000,9000000,10000000,634506000,634506000,10000000,10000000,2320000000,2320000000,2330000000,2330000000,2349000000,2350000000,10000000,10000000,9000000,10000000,0,0,10000000,10000000,2320000000,2320000000,2330000000,2330000000,10000010,93000020,10000000,10000000,10,83000020
645,2193506000,2194506000,10000000,10000000,9000000,10000000,634506000,634506000,10000000,10000000,1530000000,1530000000,1540000000,1540000000,1559000000,1560000000,10000000,10000000,9000000,10000000,0,0,10000000,10000000,1530000000,1530000000,1540000000,1540000000,10000010,93000020,10000000,10000000,10,83000020
675,1736506000,1736506000,10000000,10000000,6000000,6000000,634506000,634506000,6000000,6000000,1080000000,1080000000,1086000000,1086000000,1102000000,1102000000,10000000,10000000,6000000,6000000,0,0,6000000,6000000,1080000000,1080000000,1086000000,1086000000,10000010,22000020,10000000,10000000,10,12000020
705,2399506000,2400506000,10000000,10000000,17000000,18000000,634506000,634506000,18000000,18000000,1720000000,1720000000,1738000000,1738000000,1765000000,1766000000,10000000,10000000,17000000,18000000,0,0,18000000,18000000,1720000000,1720000000,1738000000,1738000000,10000010,31000010,10000000,10000000,10,21000010
735,650506000,652506000,10000000,10000000,6000000,8000000,634506000,634506000,0,0,0,0,0,0,16000000,18000000,10000000,10000000,6000000,8000000,0,0,0,0,0,0,0,0,10000010,10000000,10000000,10000000,10,0
765,976506000,976506000,10000000,10000000,1000000,1000000,634506000,634506000,1000000,1000000,330000000,330000000,331000000,331000000,342000000,342000000,10000000,10000000,1000000,1000000,0,0,1000000,1000000,330000000,330000000,331000000,331000000,10000010,21000030,10000000,10000000,10,11000030
795,1966506000,1966506000,10000000,10000000,1000000,1000000,634506000,634506000,1000000,1000000,1320000000,1320000000,1321000000,1321000000,1332000000,1332000000,10000000,10000000,1000000,1000000,0,0,1000000,1000000,1320000000,1320000000,1321000000,1321000000,10000010,28000020,10000000,10000000,10,18000020
825,2755506000,2756506000,10000000,10000000,0,1000000,634506000,634506000,1000000,1000000,2110000000,2110000000,2111000000,2111000000,2121000000,2122000000,10000000,10000000,0,1000000,0,0,1000000,1000000,2110000000,2110000000,2111000000,2111000000,10000010,91000030,10000000,10000000,10,81000030
855,3799506000,3800506000,10000000,10000000,12000000,13000000,634506000,634506000,13000000,13000000,3130000000,3130000000,3143000000,3143000000,3165000000,3166000000,10000000,10000000,12000000,13000000,0,0,13000000,13000000,3130000000,3130000000,3143000000,3143000000,10000010,19000010,10000000,10000000,10,9000010
885,2126506000,2126506000,10000000,10000000,16000000,16000000,634506000,634506000,16000000,16000000,1450000000,1450000000,1466000000,1466000000,1492000000,1492000000,10000000,10000000,16000000,16000000,0,0,16000000,16000000,1450000000,1450000000,1466000000,1466000000,10000010,35000030,10000000,10000000,10,25000030
915,2640506000,2641506000,10000000,10000000,18000000,19000000,634506000,634506000,18000000,18000000,1960000000,1960000000,1978000000,1978000000,2006000000,2007000000,10000000,10000000,18000000,19000000,0,0,18000000,18000000,1960000000,1960000000,1978000000,1978000000,10000010,72000010,10000000,10000000,10,62000010
945,2050506000,2050506000,10000000,10000000,8000000,8000000,634506000,634506000,8000000,8000000,1390000000,1390000000,1398000000,1398000000,1416000000,1416000000,10000000,10000000,8000000,8000000,0,0,8000000,8000000,1390000000,1390000000,1398000000,1398000000,10000010,54000030,10000000,10000000,10,44000030
975,2661506000,6480542000,10000000,10000000,8000000,20000000,634506000,4441542000,19000000,19000000,1990000000,1990000000,2009000000,2009000000,2027000000,2039000000,10000000,10000000,8000000,20000000,0,0,19000000,19000000,1990000000,1990000000,2009000000,2009000000,10000010,82000020,10000000,10000000,10,72000020
1005,3844506000,19083650000,10000000,10000000,7000000,18000000,634506000,15862650000,13000000,13000000,3180000000,3180000000,3193000000,3193000000,3210000000,3221000000,10000000,10000000,7000000,18000000,0,0,13000000,13000000,3180000000,3180000000,3193000000,3193000000,10000010,85000040,10000000,10000000,10,75000040
1035,4324506000,7565036000,10000000,10000000,17000000,85000000,634506000,3807036000,73000000,73000000,3590000000,3590000000,3663000000,3663000000,3690000000,3758000000,10000000,10000000,17000000,85000000,0,0,73000000,73000000,3590000000,3590000000,3663000000,3663000000,10000010,76000030,10000000,10000000,10,66000030
1065,723506000,3897036000,10000000,10000000,19000000,20000000,634506000,3807036000,20000000,20000000,40000000,40000000,60000000,60000000,89000000,90000000,10000000,10000000,19000000,20000000,0,0,20000000,20000000,40000000,40000000,60000000,60000000,10000010,10000000,10000000,10000000,10,0
1095,2418506000,4958530000,10000000,10000000,11000000,13000000,634506000,3172530000,13000000,13000000,1750000000,1750000000,1763000000,1763000000,1784000000,1786000000,10000000,10000000,11000000,13000000,0,0,13000000,13000000,1750000000,1750000000,1763000000,1763000000,10000010,10000000,10000000,10000000,10,0
1125,3732506000,16417120000,10000000,10000000,0,10000000,634506000,12690120000,8000000,37000000,3080000000,3670000000,3088000000,3707000000,3098000000,3727000000,10000000,10000000,0,10000000,0,0,8000000,37000000,3080000000,3670000000,3088000000,3707000000,10000010,90000040,10000000,10000000,10,80000040
1155,795506000,1431012000,10000000,10000000,10000000,11000000,634506000,1269012000,11000000,11000000,130000000,130000000,141000000,141000000,161000000,162000000,10000000,10000000,10000000,11000000,0,0,11000000,11000000,130000000,130000000,141000000,141000000,10000010,10000000,10000000,10000000,10,0
1185,680506000,3219530000,10000000,10000000,8000000,9000000,634506000,3172530000,8000000,8000000,20000000,20000000,28000000,28000000,46000000,47000000,10000000,10000000,8000000,9000000,0,0,8000000,8000000,20000000,20000000,28000000,28000000,10000010,10000000,10000000,10000000,10,0
1215,688506000,1958518000,10000000,10000000,17000000,18000000,634506000,1903518000,17000000,17000000,10000000,10000000,27000000,27000000,54000000,55000000,10000000,10000000,17000000,18000000,0,0,17000000,17000000,10000000,10000000,27000000,27000000,10000010,10000000,10000000,10000000,10,0
1245,653506000,654506000,10000000,10000000,9000000,10000000,634506000,634506000,0,0,0,0,0,0,19000000,20000000,10000000,10000000,9000000,10000000,0,0,0,0,0,0,0,0,10000010,10000000,10000000,10000000,10,0
1275,1090506000,2996024000,10000000,10000000,17000000,19000000,634506000,2538024000,19000000,19000000,410000000,410000000,429000000,429000000,456000000,458000000,10000000,10000000,17000000,19000000,0,0,19000000,19000000,410000000,410000000,429000000,429000000,10000010,10000000,10000000,10000000,10,0
16,3173506000,3174506000,10000000,10000000,19000000,20000000,634506000,634506000,20000000,20000000,2490000000,2490000000,2510000000,2510000000,2539000000,2540000000,10000000,10000000,19000000,20000000,0,0,20000000,20000000,2490000000,2490000000,2510000000,2510000000,10000010,32000010,10000000,10000000,10,22000010
46,3219506000,3220506000,10000000,10000000,17000000,18000000,634506000,634506000,18000000,18000000,2540000000,2540000000,2558000000,2558000000,2585000000,2586000000,10000000,10000000,17000000,18000000,0,0,18000000,18000000,2540000000,2540000000,2558000000,2558000000,10000010,78000020,10000000,10000000,10,68000020
76,3075506000,3076506000,10000000,10000000,10000000,11000000,634506000,634506000,11000000,11000000,2410000000,2410000000,2421000000,2421000000,2441000000,2442000000,10000000,10000000,10000000,11000000,0,0,11000000,11000000,2410000000,2410000000,2421000000,2421000000,10000010,78000040,10000000,10000000,10,68000040
106,2090506000,2090506000,10000000,10000000,18000000,18000000,634506000,634506000,18000000,18000000,1410000000,1410000000,1428000000,1428000000,1456000000,1456000000,10000000,10000000,18000000,18000000,0,0,18000000,18000000,1410000000,1410000000,1428000000,1428000000,10000010,35000040,10000000,10000000,10,25000040
136,1414506000,1422506000,10000000,10000000,1000000,9000000,634506000,634506000,9000000,9000000,760000000,760000000,769000000,769000000,780000000,788000000,10000000,10000000,1000000,9000000,0,0,9000000,9000000,760000000,760000000,769000000,769000000,10000010,21000030,10000000,10000000,10,11000030
166,2284506000,2284506000,10000000,10000000,20000000,20000000,634506000,634506000,20000000,20000000,1600000000,1600000000,1620000000,1620000000,1650000000,1650000000,10000000,10000000,20000000,20000000,0,0,20000000,20000000,1600000000,1600000000,1620000000,1620000000,10000010,37000040,10000000,10000000,10,27000040
196,2744506000,2744506000,10000000,10000000,20000000,20000000,634506000,634506000,20000000,20000000,2060000000,2060000000,2080000000,2080000000,2110000000,2110000000,10000000,10000000,20000000,20000000,0,0,20000000,20000000,2060000000,2060000000,2080000000,2080000000,10000010,61000030,10000000,10000000,10,51000030
226,3443506000,3444506000,10000000,10000000,19000000,20000000,634506000,634506000,20000000,20000000,2760000000,2760000000,2780000000,2780000000,2809000000,2810000000,10000000,10000000,19000000,20000000,0,0,20000000,20000000,2760000000,2760000000,2780000000,2780000000,10000010,32000010,10000000,10000000,10,22000010
256,2331506000,2332506000,10000000,10000000,8000000,9000000,634506000,634506000,9000000,9000000,1670000000,1670000000,1679000000,1679000000,1697000000,1698000000,10000000,10000000,8000000,9000000,0,0,9000000,9000000,1670000000,1670000000,1679000000,1679000000,10000010,26000040,10000000,10000000,10,16000040
286,1804506000,1808506000,10000000,10000000,5000000,9000000,634506000,634506000,5000000,5000000,1150000000,1150000000,1155000000,1155000000,1170000000,1174000000,10000000,10000000,5000000,9000000,0,0,5000000,5000000,1150000000,1150000000,1155000000,1155000000,10000010,27000030,10000000,10000000,10,17000030
316,3061506000,3062506000,10000000,10000000,8000000,9000000,634506000,634506000,9000000,9000000,2400000000,2400000000,2409000000,2409000000,2427000000,2428000000,10000000,10000000,8000000,9000000,0,0,9000000,9000000,2400000000,2400000000,2409000000,2409000000,10000010,43000020,10000000,10000000,10,33000020
346,690506000,691506000,10000000,10000000,8000000,9000000,634506000,634506000,8000000,8000000,30000000,30000000,38000000,38000000,56000000,57000000,10000000,10000000,8000000,9000000,0,0,8000000,8000000,30000000,30000000,38000000,38000000,10000010,11000010,10000000,10000000,10,1000010
376,1962506000,1962506000,10000000,10000000,9000000,9000000,634506000,634506000,9000000,9000000,1300000000,1300000000,1309000000,1309000000,1328000000,1328000000,10000000,10000000,9000000,9000000,0,0,9000000,9000000,1300000000,1300000000,1309000000,1309000000,10000010,26000030,10000000,10000000,10,16000030
406,3739506000,3740506000,10000000,10000000,12000000,13000000,634506000,634506000,13000000,13000000,3070000000,3070000000,3083000000,3083000000,3105000000,3106000000,10000000,10000000,12000000,13000000,0,0,13000000,13000000,3070000000,3070000000,3083000000,3083000000,10000010,12000010,10000000,10000000,10,2000010
436,2367506000,2368506000,10000000,10000000,11000000,12000000,634506000,634506000,12000000,12000000,1700000000,1700000000,1712000000,1712000000,1733000000,1734000000,10000000,10000000,11000000,12000000,0,0,12000000,12000000,1700000000,1700000000,1712000000,1712000000,10000010,36000040,10000000,10000000,10,26000040
466,1507506000,1508506000,10000000,10000000,11000000,12000000,634506000,634506000,12000000,12000000,840000000,840000000,852000000,852000000,873000000,874000000,10000000,10000000,11000000,12000000,0,0,12000000,12000000,840000000,840000000,852000000,852000000,10000010,43000020,10000000,10000000,10,33000020
496,3591506000,3594506000,10000000,10000000,37000000,40000000,634506000,634506000,40000000,40000000,2870000000,2870000000,2910000000,2910000000,2957000000,2960000000,10000000,10000000,37000000,40000000,0,0,40000000,40000000,2870000000,2870000000,2910000000,2910000000,10000010,40000010,10000000,10000000,10,30000010
526,2751506000,2752506000,10000000,10000000,18000000,19000000,634506000,634506000,19000000,19000000,2070000000,2070000000,2089000000,2089000000,2117000000,2118000000,10000000,10000000,18000000,19000000,0,0,19000000,19000000,2070000000,2070000000,2089000000,2089000000,10000010,72000010,10000000,10000000,10,62000010
556,2849506000,2850506000,10000000,10000000,7000000,8000000,634506000,634506000,8000000,8000000,2190000000,2190000000,2198000000,2198000000,2215000000,2216000000,10000000,10000000,7000000,8000000,0,0,8000000,8000000,2190000000,2190000000,2198000000,2198000000,10000010,32000030,10000000,10000000,10,22000030
586,3775506000,3778506000,10000000,10000000,44000000,47000000,634506000,634506000,47000000,47000000,3040000000,3040000000,3087000000,3087000000,3141000000,3144000000,10000000,10000000,44000000,47000000,0,0,47000000,47000000,3040000000,3040000000,3087000000,3087000000,10000010,48000050,10000000,10000000,10,38000050
616,2193506000,2194506000,10000000,10000000,9000000,10000000,634506000,634506000,10000000,10000000,1530000000,1530000000,1540000000,1540000000,1559000000,1560000000,10000000,10000000,9000000,10000000,0,0,10000000,10000000,1530000000,1530000000,1540000000,1540000000,10000010,93000020,10000000,10000000,10,83000020
646,2514506000,2514506000,10000000,10000000,10000000,10000000,634506000,634506000,10000000,10000000,1850000000,1850000000,1860000000,1860000000,1880000000,1880000000,10000000,10000000,10000000,10000000,0,0,10000000,10000000,1850000000,1850000000,1860000000,1860000000,10000010,52000020,10000000,10000000,10,42000020
676,1766506000,1770506000,10000000,10000000,6000000,10000000,634506000,634506000,6000000,6000000,1110000000,1110000000,1116000000,1116000000,1132000000,1136000000,10000000,10000000,6000000,10000000,0,0,6000000,6000000,1110000000,1110000000,1116000000,1116000000,10000010,16000040,10000000,10000000,10,6000040
706,1872506000,1888506000,10000000,10000000,1000000,17000000,634506000,634506000,17000000,17000000,1210000000,1210000000,1227000000,1227000000,1238000000,1254000000,10000000,10000000,1000000,17000000,0,0,17000000,17000000,1210000000,1210000000,1227000000,1227000000,10000010,32000020,10000000,10000000,10,22000020
736,3357506000,3358506000,10000000,10000000,6000000,7000000,634506000,634506000,7000000,7000000,2700000000,2700000000,2707000000,2707000000,2723000000,2724000000,10000000,10000000,6000000,7000000,0,0,7000000,7000000,2700000000,2700000000,2707000000,2707000000,10000010,48000030,10000000,10000000,10,38000030
766,1376506000,1376506000,10000000,10000000,1000000,1000000,634506000,634506000,1000000,1000000,730000000,730000000,731000000,731000000,742000000,742000000,10000000,10000000,1000000,1000000,0,0,1000000,1000000,730000000,730000000,731000000,731000000,10000010,30000030,10000000,10000000,10,20000030
796,1996506000,1996506000,10000000,10000000,1000000,1000000,634506000,634506000,1000000,1000000,1350000000,1350000000,1351000000,1351000000,1362000000,1362000000,10000000,10000000,1000000,1000000,0,0,1000000,1000000,1350000000,1350000000,1351000000,1351000000,10000010,28000020,10000000,10000000,10,18000020
826,2255506000,2256506000,10000000,10000000,0,1000000,634506000,634506000,1000000,1000000,1610000000,1610000000,1611000000,1611000000,1621000000,1622000000,10000000,10000000,0,1000000,0,0,1000000,1000000,1610000000,1610000000,1611000000,1611000000,10000010,91000030,10000000,10000000,10,81000030
856,2258506000,2258506000,10000000,10000000,12000000,12000000,634506000,634506000,12000000,12000000,1590000000,1590000000,1602000000,1602000000,1624000000,1624000000,10000000,10000000,12000000,12000000,0,0,12000000,12000000,1590000000,1590000000,1602000000,1602000000,10000010,19000010,10000000,10000000,10,9000010
886,1478506000,1478506000,10000000,10000000,2000000,2000000,634506000,634506000,2000000,2000000,830000000,830000000,832000000,832000000,844000000,844000000,10000000,10000000,2000000,2000000,0,0,2000000,2000000,830000000,830000000,832000000,832000000,10000010,17000020,10000000,10000000,10,7000020
916,2932506000,2932506000,10000000,10000000,19000000,19000000,634506000,634506000,19000000,19000000,2250000000,2250000000,2269000000,2269000000,2298000000,2298000000,10000000,10000000,19000000,19000000,0,0,19000000,19000000,2250000000,2250000000,2269000000,2269000000,10000010,72000010,10000000,10000000,10,62000010
946,3061506000,3062506000,10000000,10000000,8000000,9000000,634506000,634506000,9000000,9000000,2400000000,2400000000,2409000000,2409000000,2427000000,2428000000,10000000,10000000,8000000,9000000,0,0,9000000,9000000,2400000000,2400000000,2409000000,2409000000,10000010,55000040,10000000,10000000,10,45000040
976,3531506000,10583072000,10000000,10000000,9000000,81000000,634506000,7614072000,18000000,18000000,2860000000,2860000000,2878000000,2878000000,2897000000,2969000000,10000000,10000000,9000000,81000000,0,0,18000000,18000000,2860000000,2860000000,2878000000,2878000000,10000010,62000050,10000000,10000000,10,52000050
1006,799506000,5242048000,10000000,10000000,12000000,13000000,634506000,5076048000,13000000,13000000,130000000,130000000,143000000,143000000,165000000,166000000,10000000,10000000,12000000,13000000,0,0,13000000,13000000,130000000,130000000,143000000,143000000,10000010,10000000,10000000,10000000,10,0
1036,3694506000,5606024000,10000000,10000000,43000000,51000000,634506000,2538024000,47000000,47000000,2960000000,2960000000,3007000000,3007000000,3060000000,3068000000,10000000,10000000,43000000,51000000,0,0,47000000,47000000,2960000000,2960000000,3007000000,3007000000,10000010,46000050,10000000,10000000,10,36000050
1066,723506000,3897036000,10000000,10000000,19000000,20000000,634506000,3807036000,20000000,20000000,40000000,40000000,60000000,60000000,89000000,90000000,10000000,10000000,19000000,20000000,0,0,20000000,20000000,40000000,40000000,60000000,60000000,10000010,10000000,10000000,10000000,10,0
1096,925506000,4099036000,10000000,10000000,0,1000000,634506000,3807036000,1000000,1000000,280000000,280000000,281000000,281000000,291000000,292000000,10000000,10000000,0,1000000,0,0,1000000,1000000,280000000,280000000,281000000,281000000,10000010,10000000,10000000,10000000,10,0
1126,1894506000,5073036000,10000000,10000000,7000000,13000000,634506000,3807036000,13000000,13000000,1230000000,1230000000,1243000000,1243000000,1260000000,1266000000,10000000,10000000,7000000,13000000,0,0,13000000,13000000,1230000000,1230000000,1243000000,1243000000,10000010,20000030,10000000,10000000,10,10000030
1156,653506000,1289012000,10000000,10000000,9000000,10000000,634506000,1269012000,0,0,0,0,0,0,19000000,20000000,10000000,10000000,9000000,10000000,0,0,0,0,0,0,0,0,10000010,10000000,10000000,10000000,10,0
1186,680506000,3219530000,10000000,10000000,8000000,9000000,634506000,3172530000,8000000,8000000,20000000,20000000,28000000,28000000,46000000,47000000,10000000,10000000,8000000,9000000,0,0,8000000,8000000,20000000,20000000,28000000,28000000,10000010,10000000,10000000,10000000,10,0
1216,1090506000,2996024000,10000000,10000000,17000000,19000000,634506000,2538024000,19000000,19000000,410000000,410000000,429000000,429000000,456000000,458000000,10000000,10000000,17000000,19000000,0,0,19000000,19000000,410000000,410000000,429000000,429000000,10000010,10000000,10000000,10000000,10,0
1246,652506000,1288012000,10000000,10000000,8000000,9000000,634506000,1269012000,0,0,0,0,0,0,18000000,19000000,10000000,10000000,8000000,9000000,0,0,0,0,0,0,0,0,10000010,10000000,10000000,10000000,10,0
1276,1404506000,2041012000,10000000,10000000,9000000,11000000,634506000,1269012000,11000000,11000000,740000000,740000000,751000000,751000000,770000000,772000000,10000000,10000000,9000000,11000000,0,0,11000000,11000000,740000000,740000000,751000000,751000000,10000010,10000000,10000000,10000000,10,0
17,1701506000,1720506000,10000000,10000000,19000000,38000000,634506000,634506000,38000000,38000000,1000000000,1000000000,1038000000,1038000000,1067000000,1086000000,10000000,10000000,19000000,38000000,0,0,38000000,38000000,1000000000,1000000000,1038000000,1038000000,10000010,29000030,10000000,10000000,10,19000030
47,2186506000,2188506000,10000000,10000000,15000000,17000000,634506000,634506000,17000000,17000000,1510000000,1510000000,1527000000,1527000000,1552000000,1554000000,10000000,10000000,15000000,17000000,0,0,17000000,17000000,1510000000,1510000000,1527000000,1527000000,10000010,74000010,10000000,10000000,10,64000010
77,2985506000,2986506000,10000000,10000000,10000000,11000000,634506000,634506000,11000000,11000000,2320000000,2320000000,2331000000,2331000000,2351000000,2352000000,10000000,10000000,10000000,11000000,0,0,11000000,11000000,2320000000,2320000000,2331000000,2331000000,10000010,78000040,10000000,10000000,10,68000040
107,1330506000,1330506000,10000000,10000000,18000000,18000000,634506000,634506000,18000000,18000000,650000000,650000000,668000000,668000000,696000000,696000000,10000000,10000000,18000000,18000000,0,0,18000000,18000000,650000000,650000000,668000000,668000000,10000010,78000020,10000000,10000000,10,68000020
137,2226506000,2226506000,10000000,10000000,1000000,1000000,634506000,634506000,1000000,1000000,1580000000,1580000000,1581000000,1581000000,1592000000,1592000000,10000000,10000000,1000000,1000000,0,0,1000000,1000000,1580000000,1580000000,1581000000,1581000000,10000010,22000030,10000000,10000000,10,12000030
167,2744506000,2744506000,10000000,10000000,20000000,20000000,634506000,634506000,20000000,20000000,2060000000,2060000000,2080000000,2080000000,2110000000,2110000000,10000000,10000000,20000000,20000000,0,0,20000000,20000000,2060000000,2060000000,2080000000,2080000000,10000010,61000030,10000000,10000000,10,51000030
197,2744506000,2744506000,10000000,10000000,20000000,20000000,634506000,634506000,20000000,20000000,2060000000,2060000000,2080000000,2080000000,2110000000,2110000000,10000000,10000000,20000000,20000000,0,0,20000000,20000000,2060000000,2060000000,2080000000,2080000000,10000010,61000030,10000000,10000000,10,51000030
227,1252506000,1262506000,10000000,10000000,9000000,19000000,634506000,634506000,9000000,9000000,590000000,590000000,599000000,599000000,618000000,628000000,10000000,10000000,9000000,19000000,0,0,9000000,9000000,590000000,590000000,599000000,599000000,10000010,33000020,10000000,10000000,10,23000020
257,2271506000,2272506000,10000000,10000000,8000000,9000000,634506000,634506000,9000000,9000000,1610000000,1610000000,1619000000,1619000000,1637000000,1638000000,10000000,10000000,8000000,9000000,0,0,9000000,9000000,1610000000,1610000000,1619000000,1619000000,10000010,21000010,10000000,10000000,10,11000010
287,2322506000,2322506000,10000000,10000000,9000000,9000000,634506000,634506000,9000000,9000000,1660000000,1660000000,1669000000,1669000000,1688000000,1688000000,10000000,10000000,9000000,9000000,0,0,9000000,9000000,1660000000,1660000000,1669000000,1669000000,10000010,26000040,10000000,10000000,10,16000040
317,1951506000,1952506000,10000000,10000000,8000000,9000000,634506000,634506000,9000000,9000000,1290000000,1290000000,1299000000,1299000000,1317000000,1318000000,10000000,10000000,8000000,9000000,0,0,9000000,9000000,1290000000,1290000000,1299000000,1299000000,10000010,83000040,10000000,10000000,10,73000040
347,690506000,691506000,10000000,10000000,8000000,9000000,634506000,634506000,8000000,8000000,30000000,30000000,38000000,38000000,56000000,57000000,10000000,10000000,8000000,9000000,0,0,8000000,8000000,30000000,30000000,38000000,38000000,10000010,11000010,10000000,10000000,10,1000010
377,1962506000,1962506000,10000000,10000000,9000000,9000000,634506000,634506000,9000000,9000000,1300000000,1300000000,1309000000,1309000000,1328000000,1328000000,10000000,10000000,9000000,9000000,0,0,9000000,9000000,1300000000,1300000000,1309000000,1309000000,10000010,26000030,10000000,10000000,10,16000030
407,3749506000,3750506000,10000000,10000000,12000000,13000000,634506000,634506000,13000000,13000000,3080000000,3080000000,3093000000,3093000000,3115000000,3116000000,10000000,10000000,12000000,13000000,0,0,13000000,13000000,3080000000,3080000000,3093000000,3093000000,10000010,12000010,10000000,10000000,10,2000010
437,3738506000,3740506000,10000000,10000000,11000000,13000000,634506000,634506000,13000000,13000000,3070000000,3070000000,3083000000,3083000000,3104000000,3106000000,10000000,10000000,11000000,13000000,0,0,13000000,13000000,3070000000,3070000000,3083000000,3083000000,10000010,106000050,10000000,10000000,10,96000050
467,1606506000,1606506000,10000000,10000000,11000000,11000000,634506000,634506000,11000000,11000000,940000000,940000000,951000000,951000000,972000000,972000000,10000000,10000000,11000000,11000000,0,0,11000000,11000000,940000000,940000000,951000000,951000000,10000010,43000020,10000000,10000000,10,33000020
497,681506000,685506000,10000000,10000000,37000000,41000000,634506000,634506000,0,0,0,0,0,0,47000000,51000000,10000000,10000000,37000000,41000000,0,0,0,0,0,0,0,0,10000010,10000000,10000000,10000000,10,0
527,1401506000,1410506000,10000000,10000000,9000000,18000000,634506000,634506000,18000000,18000000,730000000,730000000,748000000,748000000,767000000,776000000,10000000,10000000,9000000,18000000,0,0,18000000,18000000,730000000,730000000,748000000,748000000,10000010,72000010,10000000,10000000,10,62000010
557,2849506000,2850506000,10000000,10000000,7000000,8000000,634506000,634506000,8000000,8000000,2190000000,2190000000,2198000000,2198000000,2215000000,2216000000,10000000,10000000,7000000,8000000,0,0,8000000,8000000,2190000000,2190000000,2198000000,2198000000,10000010,32000030,10000000,10000000,10,22000030
587,868506000,868506000,10000000,10000000,47000000,47000000,634506000,634506000,47000000,47000000,130000000,130000000,177000000,177000000,234000000,234000000,10000000,10000000,47000000,47000000,0,0,47000000,47000000,130000000,130000000,177000000,177000000,10000010,47000030,10000000,10000000,10,37000030
617,2514506000,2514506000,10000000,10000000,10000000,10000000,634506000,634506000,10000000,10000000,1850000000,1850000000,1860000000,1860000000,1880000000,1880000000,10000000,10000000,10000000,10000000,0,0,10000000,10000000,1850000000,1850000000,1860000000,1860000000,10000010,52000020,10000000,10000000,10,42000020
647,2514506000,2514506000,10000000,10000000,10000000,10000000,634506000,634506000,10000000,10000000,1850000000,1850000000,1860000000,1860000000,1880000000,1880000000,10000000,10000000,10000000,10000000,0,0,10000000,10000000,1850000000,1850000000,1860000000,1860000000,10000010,52000020,10000000,10000000,10,42000020
677,1726506000,1726506000,10000000,10000000,6000000,6000000,634506000,634506000,6000000,6000000,1070000000,1070000000,1076000000,1076000000,1092000000,1092000000,10000000,10000000,6000000,6000000,0,0,6000000,6000000,1070000000,1070000000,1076000000,1076000000,10000010,20000010,10000000,10000000,10,10000010
707,3279506000,3280506000,10000000,10000000,17000000,18000000,634506000,634506000,18000000,18000000,2600000000,2600000000,2618000000,2618000000,2645000000,2646000000,10000000,10000000,17000000,18000000,0,0,18000000,18000000,2600000000,2600000000,2618000000,2618000000,10000010,31000010,10000000,10000000,10,21000010
737,650506000,652506000,10000000,10000000,6000000,8000000,634506000,634506000,0,0,0,0,0,0,16000000,18000000,10000000,10000000,6000000,8000000,0,0,0,0,0,0,0,0,10000010,10000000,10000000,10000000,10,0
767,1376506000,1376506000,10000000,10000000,1000000,1000000,634506000,634506000,1000000,1000000,730000000,730000000,731000000,731000000,742000000,742000000,10000000,10000000,1000000,1000000,0,0,1000000,1000000,730000000,730000000,731000000,731000000,10000010,30000030,10000000,10000000,10,20000030
797,3917506000,3918506000,10000000,10000000,1000000,2000000,634506000,634506000,2000000,2000000,3270000000,3270000000,3272000000,3272000000,3283000000,3284000000,10000000,10000000,1000000,2000000,0,0,2000000,2000000,3270000000,3270000000,3272000000,3272000000,10000010,68000030,10000000,10000000,10,58000030
827,2785506000,2786506000,10000000,10000000,0,1000000,634506000,634506000,1000000,1000000,2140000000,2140000000,2141000000,2141000000,2151000000,2152000000,10000000,10000000,0,1000000,0,0,1000000,1000000,2140000000,2140000000,2141000000,2141000000,10000010,91000030,10000000,10000000,10,81000030
857,3019506000,3020506000,10000000,10000000,12000000,13000000,634506000,634506000,13000000,13000000,2350000000,2350000000,2363000000,2363000000,2385000000,2386000000,10000000,10000000,12000000,13000000,0,0,13000000,13000000,2350000000,2350000000,2363000000,2363000000,10000010,19000010,10000000,10000000,10,9000010
887,1412506000,1412506000,10000000,10000000,9000000,9000000,634506000,634506000,9000000,9000000,750000000,750000000,759000000,759000000,778000000,778000000,10000000,10000000,9000000,9000000,0,0,9000000,9000000,750000000,750000000,759000000,759000000,10000010,36000030,10000000,10000000,10,26000030
917,2640506000,2641506000,10000000,10000000,18000000,19000000,634506000,634506000,18000000,18000000,1960000000,1960000000,1978000000,1978000000,2006000000,2007000000,10000000,10000000,18000000,19000000,0,0,18000000,18000000,1960000000,1960000000,1978000000,1978000000,10000010,72000010,10000000,10000000,10,62000010
947,2030506000,2030506000,10000000,10000000,8000000,8000000,634506000,634506000,8000000,8000000,1370000000,1370000000,1378000000,1378000000,1396000000,1396000000,10000000,10000000,8000000,8000000,0,0,8000000,8000000,1370000000,1370000000,1378000000,1378000000,10000010,54000030,10000000,10000000,10,44000030
977,3722506000,20229662000,10000000,10000000,7000000,17000000,634506000,17131662000,11000000,11000000,3060000000,3060000000,3071000000,3071000000,3088000000,3098000000,10000000,10000000,7000000,17000000,0,0,11000000,11000000,3060000000,3060000000,3071000000,3071000000,10000010,75000030,10000000,10000000,10,65000030
1007,3555506000,18790650000,10000000,10000000,8000000,15000000,634506000,15862650000,13000000,13000000,2890000000,2890000000,2903000000,2903000000,2921000000,2928000000,10000000,10000000,8000000,15000000,0,0,13000000,13000000,2890000000,2890000000,2903000000,2903000000,10000010,76000040,10000000,10000000,10,66000040
1037,863506000,1501012000,10000000,10000000,43000000,46000000,634506000,1269012000,46000000,46000000,130000000,130000000,176000000,176000000,229000000,232000000,10000000,10000000,43000000,46000000,0,0,46000000,46000000,130000000,130000000,176000000,176000000,10000010,46000050,10000000,10000000,10,36000050
1067,723506000,3897036000,10000000,10000000,19000000,20000000,634506000,3807036000,20000000,20000000,40000000,40000000,60000000,60000000,89000000,90000000,10000000,10000000,19000000,20000000,0,0,20000000,20000000,40000000,40000000,60000000,60000000,10000010,10000000,10000000,10000000,10,0
1097,1732506000,14431626000,10000000,10000000,0,9000000,634506000,13324626000,8000000,8000000,1080000000,1080000000,1088000000,1088000000,1098000000,1107000000,10000000,10000000,0,9000000,0,0,8000000,8000000,1080000000,1080000000,1088000000,1088000000,10000010,83000040,10000000,10000000,10,73000040
1127,1015506000,1664012000,10000000,10000000,4000000,18000000,634506000,1269012000,17000000,17000000,350000000,350000000,367000000,367000000,381000000,395000000,10000000,10000000,4000000,18000000,0,0,17000000,17000000,350000000,350000000,367000000,367000000,10000010,78000020,10000000,10000000,10,68000020
1157,654506000,656506000,10000000,10000000,10000000,12000000,634506000,634506000,0,0,0,0,0,0,20000000,22000000,10000000,10000000,10000000,12000000,0,0,0,0,0,0,0,0,10000010,10000000,10000000,10000000,10,0
1187,680506000,3219530000,10000000,10000000,8000000,9000000,634506000,3172530000,8000000,8000000,20000000,20000000,28000000,28000000,46000000,47000000,10000000,10000000,8000000,9000000,0,0,8000000,8000000,20000000,20000000,28000000,28000000,10000010,10000000,10000000,10000000,10,0
1217,662506000,663506000,10000000,10000000,18000000,19000000,634506000,634506000,0,0,0,0,0,0,28000000,29000000,10000000,10000000,18000000,19000000,0,0,0,0,0,0,0,0,10000010,10000000,10000000,10000000,10,0
1247,664506000,665506000,10000000,10000000,20000000,21000000,634506000,634506000,0,0,0,0,0,0,30000000,31000000,10000000,10000000,20000000,21000000,0,0,0,0,0,0,0,0,10000010,10000000,10000000,10000000,10,0
1277,653506000,1289012000,10000000,10000000,9000000,10000000,634506000,1269012000,0,0,0,0,0,0,19000000,20000000,10000000,10000000,9000000,10000000,0,0,0,0,0,0,0,0,10000010,10000000,10000000,10000000,10,0
18,1783506000,1784506000,10000000,10000000,19000000,20000000,634506000,634506000,20000000,20000000,1100000000,1100000000,1120000000,1120000000,1149000000,1150000000,10000000,10000000,19000000,20000000,0,0,20000000,20000000,1100000000,1100000000,1120000000,1120000000,10000010,33000020,10000000,10000000,10,23000020
48,1592506000,1656506000,10000000,10000000,17000000,81000000,634506000,634506000,81000000,81000000,850000000,850000000,931000000,931000000,958000000,1022000000,10000000,10000000,17000000,81000000,0,0,81000000,81000000,850000000,850000000,931000000,931000000,10000010,78000020,10000000,10000000,10,68000020
78,2976506000,2978506000,10000000,10000000,10000000,12000000,634506000,634506000,12000000,12000000,2310000000,2310000000,2322000000,2322000000,2342000000,2344000000,10000000,10000000,10000000,12000000,0,0,12000000,12000000,2310000000,2310000000,2322000000,2322000000,10000010,78000040,10000000,10000000,10,68000040
108,2390506000,2390506000,10000000,10000000,18000000,18000000,634506000,634506000,18000000,18000000,1710000000,1710000000,1728000000,1728000000,1756000000,1756000000,10000000,10000000,18000000,18000000,0,0,18000000,18000000,1710000000,1710000000,1728000000,1728000000,10000010,57000020,10000000,10000000,10,47000020
138,2256506000,2256506000,10000000,10000000,1000000,1000000,634506000,634506000,1000000,1000000,1610000000,1610000000,1611000000,1611000000,1622000000,1622000000,10000000,10000000,1000000,1000000,0,0,1000000,1000000,1610000000,1610000000,1611000000,1611000000,10000010,22000030,10000000,10000000,10,12000030
168,1114506000,1114506000,10000000,10000000,20000000,20000000,634506000,634506000,20000000,20000000,430000000,430000000,450000000,450000000,480000000,480000000,10000000,10000000,20000000,20000000,0,0,20000000,20000000,430000000,430000000,450000000,450000000,10000010,11000010,10000000,10000000,10,1000010
198,1682506000,1683506000,10000000,10000000,19000000,20000000,634506000,634506000,19000000,19000000,1000000000,1000000000,1019000000,1019000000,1048000000,1049000000,10000000,10000000,19000000,20000000,0,0,19000000,19000000,1000000000,1000000000,1019000000,1019000000,10000010,61000030,10000000,10000000,10,51000030
228,3443506000,3444506000,10000000,10000000,19000000,20000000,634506000,634506000,20000000,20000000,2760000000,2760000000,2780000000,2780000000,2809000000,2810000000,10000000,10000000,19000000,20000000,0,0,20000000,20000000,2760000000,2760000000,2780000000,2780000000,10000010,32000010,10000000,10000000,10,22000010
258,3381506000,3382506000,10000000,10000000,8000000,9000000,634506000,634506000,9000000,9000000,2720000000,2720000000,2729000000,2729000000,2747000000,2748000000,10000000,10000000,8000000,9000000,0,0,9000000,9000000,2720000000,2720000000,2729000000,2729000000,10000010,95000050,10000000,10000000,10,85000050
288,2472506000,2472506000,10000000,10000000,9000000,9000000,634506000,634506000,9000000,9000000,1810000000,1810000000,1819000000,1819000000,1838000000,1838000000,10000000,10000000,9000000,9000000,0,0,9000000,9000000,1810000000,1810000000,1819000000,1819000000,10000010,26000040,10000000,10000000,10,16000040
318,1262506000,1270506000,10000000,10000000,0,8000000,634506000,634506000,8000000,8000000,610000000,610000000,618000000,618000000,628000000,636000000,10000000,10000000,0,8000000,0,0,8000000,8000000,610000000,610000000,618000000,618000000,10000010,22000020,10000000,10000000,10,12000020
348,690506000,691506000,10000000,10000000,8000000,9000000,634506000,634506000,8000000,8000000,30000000,30000000,38000000,38000000,56000000,57000000,10000000,10000000,8000000,9000000,0,0,8000000,8000000,30000000,30000000,38000000,38000000,10000010,11000010,10000000,10000000,10,1000010
378,1362506000,1363506000,10000000,10000000,9000000,10000000,634506000,634506000,9000000,9000000,700000000,700000000,709000000,709000000,728000000,729000000,10000000,10000000,9000000,10000000,0,0,9000000,9000000,700000000,700000000,709000000,709000000,10000010,22000020,10000000,10000000,10,12000020
408,3749506000,3750506000,10000000,10000000,12000000,13000000,634506000,634506000,13000000,13000000,3080000000,3080000000,3093000000,3093000000,3115000000,3116000000,10000000,10000000,12000000,13000000,0,0,13000000,13000000,3080000000,3080000000,3093000000,3093000000,10000010,12000010,10000000,10000000,10,2000010
438,2367506000,2368506000,10000000,10000000,11000000,12000000,634506000,634506000,12000000,12000000,1700000000,1700000000,1712000000,1712000000,1733000000,1734000000,10000000,10000000,11000000,12000000,0,0,12000000,12000000,1700000000,1700000000,1712000000,1712000000,10000010,36000040,10000000,10000000,10,26000040
468,1606506000,1606506000,10000000,10000000,11000000,11000000,634506000,634506000,11000000,11000000,940000000,940000000,951000000,951000000,972000000,972000000,10000000,10000000,11000000,11000000,0,0,11000000,11000000,940000000,940000000,951000000,951000000,10000010,43000020,10000000,10000000,10,33000020
498,3549506000,3578506000,10000000,10000000,8000000,37000000,634506000,634506000,37000000,37000000,2860000000,2860000000,2897000000,2897000000,2915000000,2944000000,10000000,10000000,8000000,37000000,0,0,37000000,37000000,2860000000,2860000000,2897000000,2897000000,10000010,38000050,10000000,10000000,10,28000050
528,2980506000,2980506000,10000000,10000000,18000000,18000000,634506000,634506000,18000000,18000000,2300000000,2300000000,2318000000,2318000000,2346000000,2346000000,10000000,10000000,18000000,18000000,0,0,18000000,18000000,2300000000,2300000000,2318000000,2318000000,10000010,36000040,10000000,10000000,10,26000040
558,2319506000,2320506000,10000000,10000000,7000000,8000000,634506000,634506000,8000000,8000000,1660000000,1660000000,1668000000,1668000000,1685000000,1686000000,10000000,10000000,7000000,8000000,0,0,8000000,8000000,1660000000,1660000000,1668000000,1668000000,10000010,25000020,10000000,10000000,10,15000020
588,1590506000,1590506000,10000000,10000000,8000000,8000000,634506000,634506000,8000000,8000000,930000000,930000000,938000000,938000000,956000000,956000000,10000000,10000000,8000000,8000000,0,0,8000000,8000000,930000000,930000000,938000000,938000000,10000010,18000020,10000000,10000000,10,8000020
618,2983506000,2984506000,10000000,10000000,9000000,10000000,634506000,634506000,10000000,10000000,2320000000,2320000000,2330000000,2330000000,2349000000,2350000000,10000000,10000000,9000000,10000000,0,0,10000000,10000000,2320000000,2320000000,2330000000,2330000000,10000010,93000020,10000000,10000000,10,83000020
648,2025506000,2026506000,10000000,10000000,10000000,11000000,634506000,634506000,11000000,11000000,1360000000,1360000000,1371000000,1371000000,1391000000,1392000000,10000000,10000000,10000000,11000000,0,0,11000000,11000000,1360000000,1360000000,1371000000,1371000000,10000010,104000040,10000000,10000000,10,94000040
678,1726506000,1726506000,10000000,10000000,6000000,6000000,634506000,634506000,6000000,6000000,1070000000,1070000000,1076000000,1076000000,1092000000,1092000000,10000000,10000000,6000000,6000000,0,0,6000000,6000000,1070000000,1070000000,1076000000,1076000000,10000010,20000010,10000000,10000000,10,10000010
708,2399506000,2400506000,10000000,10000000,17000000,18000000,634506000,634506000,18000000,18000000,1720000000,1720000000,1738000000,1738000000,1765000000,1766000000,10000000,10000000,17000000,18000000,0,0,18000000,18000000,1720000000,1720000000,1738000000,1738000000,10000010,31000010,10000000,10000000,10,21000010
738,1609506000,1614506000,10000000,10000000,0,5000000,634506000,634506000,5000000,5000000,960000000,960000000,965000000,965000000,975000000,980000000,10000000,10000000,0,5000000,0,0,5000000,5000000,960000000,960000000,965000000,965000000,10000010,54000050,10000000,10000000,10,44000050
768,1376506000,1376506000,10000000,10000000,1000000,1000000,634506000,634506000,1000000,1000000,730000000,730000000,731000000,731000000,742000000,742000000,10000000,10000000,1000000,1000000,0,0,1000000,1000000,730000000,730000000,731000000,731000000,10000010,30000030,10000000,10000000,10,20000030
798,2927506000,2928506000,10000000,10000000,1000000,2000000,634506000,634506000,2000000,2000000,2280000000,2280000000,2282000000,2282000000,2293000000,2294000000,10000000,10000000,1000000,2000000,0,0,2000000,2000000,2280000000,2280000000,2282000000,2282000000,10000010,68000030,10000000,10000000,10,58000030
828,2755506000,2756506000,10000000,10000000,0,1000000,634506000,634506000,1000000,1000000,2110000000,2110000000,2111000000,2111000000,2121000000,2122000000,10000000,10000000,0,1000000,0,0,1000000,1000000,2110000000,2110000000,2111000000,2111000000,10000010,91000030,10000000,10000000,10,81000030
858,1749506000,1750506000,10000000,10000000,12000000,13000000,634506000,634506000,13000000,13000000,1080000000,1080000000,1093000000,1093000000,1115000000,1116000000,10000000,10000000,12000000,13000000,0,0,13000000,13000000,1080000000,1080000000,1093000000,1093000000,10000010,19000010,10000000,10000000,10,9000010
888,3794506000,3796506000,10000000,10000000,9000000,11000000,634506000,634506000,11000000,11000000,3130000000,3130000000,3141000000,3141000000,3160000000,3162000000,10000000,10000000,9000000,11000000,0,0,11000000,11000000,3130000000,3130000000,3141000000,3141000000,10000010,76000040,10000000,10000000,10,66000040
918,2640506000,2641506000,10000000,10000000,18000000,19000000,634506000,634506000,18000000,18000000,1960000000,1960000000,1978000000,1978000000,2006000000,2007000000,10000000,10000000,18000000,19000000,0,0,18000000,18000000,1960000000,1960000000,1978000000,1978000000,10000010,72000010,10000000,10000000,10,62000010
948,1608506000,1608506000,10000000,10000000,12000000,12000000,634506000,634506000,12000000,12000000,940000000,940000000,952000000,952000000,974000000,974000000,10000000,10000000,12000000,12000000,0,0,12000000,12000000,940000000,940000000,952000000,952000000,10000010,44000030,10000000,10000000,10,34000030
978,3752506000,17742638000,10000000,10000000,8000000,39000000,634506000,14593638000,20000000,20000000,3080000000,3080000000,3100000000,3100000000,3118000000,3149000000,10000000,10000000,8000000,39000000,0,0,20000000,20000000,3080000000,3080000000,3100000000,3100000000,10000010,18000020,10000000,10000000,10,8000020
1008,661506000,662506000,10000000,10000000,17000000,18000000,634506000,634506000,0,0,0,0,0,0,27000000,28000000,10000000,10000000,17000000,18000000,0,0,0,0,0,0,0,0,10000010,10000000,10000000,10000000,10,0
1038,855506000,2127518000,10000000,10000000,44000000,47000000,634506000,1903518000,47000000,47000000,120000000,120000000,167000000,167000000,221000000,224000000,10000000,10000000,44000000,47000000,0,0,47000000,47000000,120000000,120000000,167000000,167000000,10000010,44000020,10000000,10000000,10,34000020
1068,723506000,3897036000,10000000,10000000,19000000,20000000,634506000,3807036000,20000000,20000000,40000000,40000000,60000000,60000000,89000000,90000000,10000000,10000000,19000000,20000000,0,0,20000000,20000000,40000000,40000000,60000000,60000000,10000010,10000000,10000000,10000000,10,0
1098,2333506000,9322072000,10000000,10000000,0,9000000,634506000,7614072000,9000000,9000000,1680000000,1680000000,1689000000,1689000000,1699000000,1708000000,10000000,10000000,0,9000000,0,0,9000000,9000000,1680000000,1680000000,1689000000,1689000000,10000010,91000030,10000000,10000000,10,81000030
1128,3610506000,6165530000,10000000,10000000,0,17000000,634506000,3172530000,16000000,16000000,2950000000,2950000000,2966000000,2966000000,2976000000,2993000000,10000000,10000000,0,17000000,0,0,16000000,16000000,2950000000,2950000000,2966000000,2966000000,10000010,74000010,10000000,10000000,10,64000010
1158,653506000,1289012000,10000000,10000000,9000000,10000000,634506000,1269012000,0,0,0,0,0,0,19000000,20000000,10000000,10000000,9000000,10000000,0,0,0,0,0,0,0,0,10000010,10000000,10000000,10000000,10,0
1188,675506000,3214530000,10000000,10000000,5000000,6000000,634506000,3172530000,6000000,6000000,20000000,20000000,26000000,26000000,41000000,42000000,10000000,10000000,5000000,6000000,0,0,6000000,6000000,20000000,20000000,26000000,26000000,10000010,10000000,10000000,10000000,10,0
1218,649506000,1285012000,10000000,10000000,5000000,6000000,634506000,1269012000,0,0,0,0,0,0,15000000,16000000,10000000,10000000,5000000,6000000,0,0,0,0,0,0,0,0,10000010,10000000,10000000,10000000,10,0
1248,651506000,1921518000,10000000,10000000,7000000,8000000,634506000,1903518000,0,0,0,0,0,0,17000000,18000000,10000000,10000000,7000000,8000000,0,0,0,0,0,0,0,0,10000010,10000000,10000000,10000000,10,0
1278,1820506000,4995036000,10000000,10000000,7000000,9000000,634506000,3807036000,9000000,9000000,1160000000,1160000000,1169000000,1169000000,1186000000,1188000000,10000000,10000000,7000000,9000000,0,0,9000000,9000000,1160000000,1160000000,1169000000,1169000000,10000010,47000040,10000000,10000000,10,37000040
19,3173506000,3174506000,10000000,10000000,19000000,20000000,634506000,634506000,20000000,20000000,2490000000,2490000000,2510000000,2510000000,2539000000,2540000000,10000000,10000000,19000000,20000000,0,0,20000000,20000000,2490000000,2490000000,2510000000,2510000000,10000010,32000010,10000000,10000000,10,22000010
49,1212506000,1220506000,10000000,10000000,9000000,17000000,634506000,634506000,9000000,9000000,550000000,550000000,559000000,559000000,578000000,586000000,10000000,10000000,9000000,17000000,0,0,9000000,9000000,550000000,550000000,559000000,559000000,10000010,42000040,10000000,10000000,10,32000040
79,3773506000,3774506000,10000000,10000000,19000000,20000000,634506000,634506000,20000000,20000000,3090000000,3090000000,3110000000,3110000000,3139000000,3140000000,10000000,10000000,19000000,20000000,0,0,20000000,20000000,3090000000,3090000000,3110000000,3110000000,10000010,33000020,10000000,10000000,10,23000020
109,2158506000,2159506000,10000000,10000000,17000000,18000000,634506000,634506000,17000000,17000000,1480000000,1480000000,1497000000,1497000000,1524000000,1525000000,10000000,10000000,17000000,18000000,0,0,17000000,17000000,1480000000,1480000000,1497000000,1497000000,10000010,32000040,10000000,10000000,10,22000040
139,1726506000,1726506000,10000000,10000000,1000000,1000000,634506000,634506000,1000000,1000000,1080000000,1080000000,1081000000,1081000000,1092000000,1092000000,10000000,10000000,1000000,1000000,0,0,1000000,1000000,1080000000,1080000000,1081000000,1081000000,10000010,22000030,10000000,10000000,10,12000030
169,2883506000,2884506000,10000000,10000000,19000000,20000000,634506000,634506000,20000000,20000000,2200000000,2200000000,2220000000,2220000000,2249000000,2250000000,10000000,10000000,19000000,20000000,0,0,20000000,20000000,2200000000,2200000000,2220000000,2220000000,10000010,32000010,10000000,10000000,10,22000010
199,2444506000,2444506000,10000000,10000000,20000000,20000000,634506000,634506000,20000000,20000000,1760000000,1760000000,1780000000,1780000000,1810000000,1810000000,10000000,10000000,20000000,20000000,0,0,20000000,20000000,1760000000,1760000000,1780000000,1780000000,10000010,60000040,10000000,10000000,10,50000040
229,1352506000,1362506000,10000000,10000000,9000000,19000000,634506000,634506000,19000000,19000000,680000000,680000000,699000000,699000000,718000000,728000000,10000000,10000000,9000000,19000000,0,0,19000000,19000000,680000000,680000000,699000000,699000000,10000010,16000030,10000000,10000000,10,6000030
259,2851506000,2852506000,10000000,10000000,8000000,9000000,634506000,634506000,9000000,9000000,2190000000,2190000000,2199000000,2199000000,2217000000,2218000000,10000000,10000000,8000000,9000000,0,0,9000000,9000000,2190000000,2190000000,2199000000,2199000000,10000010,26000040,10000000,10000000,10,16000040
289,2382506000,2382506000,10000000,10000000,9000000,9000000,634506000,634506000,9000000,9000000,1720000000,1720000000,1729000000,1729000000,1748000000,1748000000,10000000,10000000,9000000,9000000,0,0,9000000,9000000,1720000000,1720000000,1729000000,1729000000,10000010,26000040,10000000,10000000,10,16000040
319,3281506000,3282506000,10000000,10000000,8000000,9000000,634506000,634506000,9000000,9000000,2620000000,2620000000,2629000000,2629000000,2647000000,2648000000,10000000,10000000,8000000,9000000,0,0,9000000,9000000,2620000000,2620000000,2629000000,2629000000,10000010,27000030,10000000,10000000,10,17000030
349,700506000,701506000,10000000,10000000,8000000,9000000,634506000,634506000,8000000,8000000,40000000,40000000,48000000,48000000,66000000,67000000,10000000,10000000,8000000,9000000,0,0,8000000,8000000,40000000,40000000,48000000,48000000,10000010,11000010,10000000,10000000,10,1000010
379,1962506000,1962506000,10000000,10000000,9000000,9000000,634506000,634506000,9000000,9000000,1300000000,1300000000,1309000000,1309000000,1328000000,1328000000,10000000,10000000,9000000,9000000,0,0,9000000,9000000,1300000000,1300000000,1309000000,1309000000,10000010,26000030,10000000,10000000,10,16000030
409,2420506000,2420506000,10000000,10000000,13000000,13000000,634506000,634506000,13000000,13000000,1750000000,1750000000,1763000000,1763000000,1786000000,1786000000,10000000,10000000,13000000,13000000,0,0,13000000,13000000,1750000000,1750000000,1763000000,1763000000,10000010,12000010,10000000,10000000,10,2000010
439,2476506000,2476506000,10000000,10000000,11000000,11000000,634506000,634506000,11000000,11000000,1810000000,1810000000,1821000000,1821000000,1842000000,1842000000,10000000,10000000,11000000,11000000,0,0,11000000,11000000,1810000000,1810000000,1821000000,1821000000,10000010,36000040,10000000,10000000,10,26000040
469,1507506000,1508506000,10000000,10000000,11000000,12000000,634506000,634506000,12000000,12000000,840000000,840000000,852000000,852000000,873000000,874000000,10000000,10000000,11000000,12000000,0,0,12000000,12000000,840000000,840000000,852000000,852000000,10000010,43000020,10000000,10000000,10,33000020
499,862506000,864506000,10000000,10000000,38000000,40000000,634506000,634506000,40000000,40000000,140000000,140000000,180000000,180000000,228000000,230000000,10000000,10000000,38000000,40000000,0,0,40000000,40000000,140000000,140000000,180000000,180000000,10000010,21000030,10000000,10000000,10,11000030
529,2050506000,2050506000,10000000,10000000,18000000,18000000,634506000,634506000,18000000,18000000,1370000000,1370000000,1388000000,1388000000,1416000000,1416000000,10000000,10000000,18000000,18000000,0,0,18000000,18000000,1370000000,1370000000,1388000000,1388000000,10000010,72000010,10000000,10000000,10,62000010
559,2849506000,2850506000,10000000,10000000,7000000,8000000,634506000,634506000,8000000,8000000,2190000000,2190000000,2198000000,2198000000,2215000000,2216000000,10000000,10000000,7000000,8000000,0,0,8000000,8000000,2190000000,2190000000,2198000000,2198000000,10000010,32000030,10000000,10000000,10,22000030
589,3779506000,3780506000,10000000,10000000,7000000,8000000,634506000,634506000,8000000,8000000,3120000000,3120000000,3128000000,3128000000,3145000000,3146000000,10000000,10000000,7000000,8000000,0,0,8000000,8000000,3120000000,3120000000,3128000000,3128000000,10000010,36000040,10000000,10000000,10,26000040
619,1952506000,1952506000,10000000,10000000,9000000,9000000,634506000,634506000,9000000,9000000,1290000000,1290000000,1299000000,1299000000,1318000000,1318000000,10000000,10000000,9000000,9000000,0,0,9000000,9000000,1290000000,1290000000,1299000000,1299000000,10000010,35000040,10000000,10000000,10,25000040
649,1974506000,1974506000,10000000,10000000,10000000,10000000,634506000,634506000,10000000,10000000,1310000000,1310000000,1320000000,1320000000,1340000000,1340000000,10000000,10000000,10000000,10000000,0,0,10000000,10000000,1310000000,1310000000,1320000000,1320000000,10000010,52000020,10000000,10000000,10,42000020
679,1726506000,1726506000,10000000,10000000,6000000,6000000,634506000,634506000,6000000,6000000,1070000000,1070000000,1076000000,1076000000,1092000000,1092000000,10000000,10000000,6000000,6000000,0,0,6000000,6000000,1070000000,1070000000,1076000000,1076000000,10000010,20000010,10000000,10000000,10,10000010
709,3279506000,3280506000,10000000,10000000,17000000,18000000,634506000,634506000,18000000,18000000,2600000000,2600000000,2618000000,2618000000,2645000000,2646000000,10000000,10000000,17000000,18000000,0,0,18000000,18000000,2600000000,2600000000,2618000000,2618000000,10000010,31000010,10000000,10000000,10,21000010
739,2515506000,2516506000,10000000,10000000,5000000,6000000,634506000,634506000,6000000,6000000,1860000000,1860000000,1866000000,1866000000,1881000000,1882000000,10000000,10000000,5000000,6000000,0,0,6000000,6000000,1860000000,1860000000,1866000000,1866000000,10000010,92000040,10000000,10000000,10,82000040
769,1346506000,1346506000,10000000,10000000,1000000,1000000,634506000,634506000,1000000,1000000,700000000,700000000,701000000,701000000,712000000,712000000,10000000,10000000,1000000,1000000,0,0,1000000,1000000,700000000,700000000,701000000,701000000,10000010,30000030,10000000,10000000,10,20000030
799,2125506000,2126506000,10000000,10000000,0,1000000,634506000,634506000,1000000,1000000,1480000000,1480000000,1481000000,1481000000,1491000000,1492000000,10000000,10000000,0,1000000,0,0,1000000,1000000,1480000000,1480000000,1481000000,1481000000,10000010,27000020,10000000,10000000,10,17000020
829,2785506000,2786506000,10000000,10000000,0,1000000,634506000,634506000,1000000,1000000,2140000000,2140000000,2141000000,2141000000,2151000000,2152000000,10000000,10000000,0,1000000,0,0,1000000,1000000,2140000000,2140000000,2141000000,2141000000,10000010,91000030,10000000,10000000,10,81000030
859,3009506000,3010506000,10000000,10000000,12000000,13000000,634506000,634506000,13000000,13000000,2340000000,2340000000,2353000000,2353000000,2375000000,2376000000,10000000,10000000,12000000,13000000,0,0,13000000,13000000,2340000000,2340000000,2353000000,2353000000,10000010,19000010,10000000,10000000,10,9000010
889,2562506000,2562506000,10000000,10000000,9000000,9000000,634506000,634506000,9000000,9000000,1900000000,1900000000,1909000000,1909000000,1928000000,1928000000,10000000,10000000,9000000,9000000,0,0,9000000,9000000,1900000000,1900000000,1909000000,1909000000,10000010,38000040,10000000,10000000,10,28000040
919,2640506000,2641506000,10000000,10000000,18000000,19000000,634506000,634506000,18000000,18000000,1960000000,1960000000,1978000000,1978000000,2006000000,2007000000,10000000,10000000,18000000,19000000,0,0,18000000,18000000,1960000000,1960000000,1978000000,1978000000,10000010,72000010,10000000,10000000,10,62000010
949,2167506000,2168506000,10000000,10000000,11000000,12000000,634506000,634506000,12000000,12000000,1500000000,1500000000,1512000000,1512000000,1533000000,1534000000,10000000,10000000,11000000,12000000,0,0,12000000,12000000,1500000000,1500000000,1512000000,1512000000,10000010,54000030,10000000,10000000,10,44000030
979,1613506000,5429542000,10000000,10000000,11000000,20000000,634506000,4441542000,18000000,18000000,940000000,940000000,958000000,958000000,979000000,988000000,10000000,10000000,11000000,20000000,0,0,18000000,18000000,940000000,940000000,958000000,958000000,10000010,83000030,10000000,10000000,10,73000030
1009,680506000,3219530000,10000000,10000000,8000000,9000000,634506000,3172530000,8000000,8000000,20000000,20000000,28000000,28000000,46000000,47000000,10000000,10000000,8000000,9000000,0,0,8000000,8000000,20000000,20000000,28000000,28000000,10000010,10000000,10000000,10000000,10,0
1039,690506000,695506000,10000000,10000000,46000000,51000000,634506000,634506000,0,0,0,0,0,0,56000000,61000000,10000000,10000000,46000000,51000000,0,0,0,0,0,0,0,0,10000010,10000000,10000000,10000000,10,0
1069,663506000,1933518000,10000000,10000000,19000000,20000000,634506000,1903518000,0,0,0,0,0,0,29000000,30000000,10000000,10000000,19000000,20000000,0,0,0,0,0,0,0,0,10000010,10000000,10000000,10000000,10,0
1099,2223506000,16834144000,10000000,10000000,0,17000000,634506000,15228144000,9000000,9000000,1570000000,1570000000,1579000000,1579000000,1589000000,1606000000,10000000,10000000,0,17000000,0,0,9000000,9000000,1570000000,1570000000,1579000000,1579000000,10000010,75000040,10000000,10000000,10,65000040
1129,1302506000,2001012000,10000000,10000000,17000000,81000000,634506000,1269012000,81000000,81000000,560000000,560000000,641000000,641000000,668000000,732000000,10000000,10000000,17000000,81000000,0,0,81000000,81000000,560000000,560000000,641000000,641000000,10000010,78000020,10000000,10000000,10,68000020
1159,653506000,1289012000,10000000,10000000,9000000,10000000,634506000,1269012000,0,0,0,0,0,0,19000000,20000000,10000000,10000000,9000000,10000000,0,0,0,0,0,0,0,0,10000010,10000000,10000000,10000000,10,0
1189,808506000,3350530000,10000000,10000000,5000000,9000000,634506000,3172530000,9000000,9000000,150000000,150000000,159000000,159000000,174000000,178000000,10000000,10000000,5000000,9000000,0,0,9000000,9000000,150000000,150000000,159000000,159000000,10000010,10000000,10000000,10000000,10,0
1219,649506000,651506000,10000000,10000000,5000000,7000000,634506000,634506000,0,0,0,0,0,0,15000000,17000000,10000000,10000000,5000000,7000000,0,0,0,0,0,0,0,0,10000010,10000000,10000000,10000000,10,0
1249,651506000,1921518000,10000000,10000000,7000000,8000000,634506000,1903518000,0,0,0,0,0,0,17000000,18000000,10000000,10000000,7000000,8000000,0,0,0,0,0,0,0,0,10000010,10000000,10000000,10000000,10,0
1279,1014506000,1651012000,10000000,10000000,9000000,11000000,634506000,1269012000,11000000,11000000,350000000,350000000,361000000,361000000,380000000,382000000,10000000,10000000,9000000,11000000,0,0,11000000,11000000,350000000,350000000,361000000,361000000,10000010,10000000,10000000,10000000,10,0
20,3173506000,3174506000,10000000,10000000,19000000,20000000,634506000,634506000,20000000,20000000,2490000000,2490000000,2510000000,2510000000,2539000000,2540000000,10000000,10000000,19000000,20000000,0,0,20000000,20000000,2490000000,2490000000,2510000000,2510000000,10000010,32000010,10000000,10000000,10,22000010
50,3559506000,3560506000,10000000,10000000,17000000,18000000,634506000,634506000,18000000,18000000,2880000000,2880000000,2898000000,2898000000,2925000000,2926000000,10000000,10000000,17000000,18000000,0,0,18000000,18000000,2880000000,2880000000,2898000000,2898000000,10000010,71000050,10000000,10000000,10,61000050
80,3163506000,3164506000,10000000,10000000,19000000,20000000,634506000,634506000,20000000,20000000,2480000000,2480000000,2500000000,2500000000,2529000000,2530000000,10000000,10000000,19000000,20000000,0,0,20000000,20000000,2480000000,2480000000,2500000000,2500000000,10000010,32000010,10000000,10000000,10,22000010
110,662506000,663506000,10000000,10000000,18000000,19000000,634506000,634506000,0,0,0,0,0,0,28000000,29000000,10000000,10000000,18000000,19000000,0,0,0,0,0,0,0,0,10000010,10000000,10000000,10000000,10,0
140,2226506000,2226506000,10000000,10000000,1000000,1000000,634506000,634506000,1000000,1000000,1580000000,1580000000,1581000000,1581000000,1592000000,1592000000,10000000,10000000,1000000,1000000,0,0,1000000,1000000,1580000000,1580000000,1581000000,1581000000,10000010,22000030,10000000,10000000,10,12000030
170,1493506000,1494506000,10000000,10000000,19000000,20000000,634506000,634506000,20000000,20000000,810000000,810000000,830000000,830000000,859000000,860000000,10000000,10000000,19000000,20000000,0,0,20000000,20000000,810000000,810000000,830000000,830000000,10000010,33000020,10000000,10000000,10,23000020
200,2744506000,2744506000,10000000,10000000,20000000,20000000,634506000,634506000,20000000,20000000,2060000000,2060000000,2080000000,2080000000,2110000000,2110000000,10000000,10000000,20000000,20000000,0,0,20000000,20000000,2060000000,2060000000,2080000000,2080000000,10000010,61000030,10000000,10000000,10,51000030
230,2893506000,2894506000,10000000,10000000,19000000,20000000,634506000,634506000,20000000,20000000,2210000000,2210000000,2230000000,2230000000,2259000000,2260000000,10000000,10000000,19000000,20000000,0,0,20000000,20000000,2210000000,2210000000,2230000000,2230000000,10000010,33000020,10000000,10000000,10,23000020
260,2331506000,2332506000,10000000,10000000,8000000,9000000,634506000,634506000,9000000,9000000,1670000000,1670000000,1679000000,1679000000,1697000000,1698000000,10000000,10000000,8000000,9000000,0,0,9000000,9000000,1670000000,1670000000,1679000000,1679000000,10000010,26000040,10000000,10000000,10,16000040
290,2382506000,2382506000,10000000,10000000,9000000,9000000,634506000,634506000,9000000,9000000,1720000000,1720000000,1729000000,1729000000,1748000000,1748000000,10000000,10000000,9000000,9000000,0,0,9000000,9000000,1720000000,1720000000,1729000000,1729000000,10000010,26000040,10000000,10000000,10,16000040
320,2831506000,2832506000,10000000,10000000,8000000,9000000,634506000,634506000,9000000,9000000,2170000000,2170000000,2179000000,2179000000,2197000000,2198000000,10000000,10000000,8000000,9000000,0,0,9000000,9000000,2170000000,2170000000,2179000000,2179000000,10000010,83000040,10000000,10000000,10,73000040
350,690506000,691506000,10000000,10000000,8000000,9000000,634506000,634506000,8000000,8000000,30000000,30000000,38000000,38000000,56000000,57000000,10000000,10000000,8000000,9000000,0,0,8000000,8000000,30000000,30000000,38000000,38000000,10000010,11000010,10000000,10000000,10,1000010
380,1706506000,1709506000,10000000,10000000,6000000,9000000,634506000,634506000,6000000,6000000,1050000000,1050000000,1056000000,1056000000,1072000000,1075000000,10000000,10000000,6000000,9000000,0,0,6000000,6000000,1050000000,1050000000,1056000000,1056000000,10000010,27000030,10000000,10000000,10,17000030
410,3749506000,3750506000,10000000,10000000,12000000,13000000,634506000,634506000,13000000,13000000,3080000000,3080000000,3093000000,3093000000,3115000000,3116000000,10000000,10000000,12000000,13000000,0,0,13000000,13000000,3080000000,3080000000,3093000000,3093000000,10000010,12000010,10000000,10000000,10,2000010
440,2367506000,2368506000,10000000,10000000,11000000,12000000,634506000,634506000,12000000,12000000,1700000000,1700000000,1712000000,1712000000,1733000000,1734000000,10000000,10000000,11000000,12000000,0,0,12000000,12000000,1700000000,1700000000,1712000000,1712000000,10000010,36000040,10000000,10000000,10,26000040
470,1507506000,1508506000,10000000,10000000,11000000,12000000,634506000,634506000,12000000,12000000,840000000,840000000,852000000,852000000,873000000,874000000,10000000,10000000,11000000,12000000,0,0,12000000,12000000,840000000,840000000,852000000,852000000,10000010,43000020,10000000,10000000,10,33000020
500,6843506000,6846506000,10000000,10000000,38000000,41000000,634506000,634506000,41000000,41000000,6120000000,6120000000,6161000000,6161000000,6209000000,6212000000,10000000,10000000,38000000,41000000,0,0,41000000,41000000,6120000000,6120000000,6161000000,6161000000,10000010,122000070,10000000,10000000,10,112000070
530,2980506000,2980506000,10000000,10000000,18000000,18000000,634506000,634506000,18000000,18000000,2300000000,2300000000,2318000000,2318000000,2346000000,2346000000,10000000,10000000,18000000,18000000,0,0,18000000,18000000,2300000000,2300000000,2318000000,2318000000,10000010,36000040,10000000,10000000,10,26000040
560,2849506000,2850506000,10000000,10000000,7000000,8000000,634506000,634506000,8000000,8000000,2190000000,2190000000,2198000000,2198000000,2215000000,2216000000,10000000,10000000,7000000,8000000,0,0,8000000,8000000,2190000000,2190000000,2198000000,2198000000,10000010,32000030,10000000,10000000,10,22000030
590,1950506000,1951506000,10000000,10000000,8000000,9000000,634506000,634506000,8000000,8000000,1290000000,1290000000,1298000000,1298000000,1316000000,1317000000,10000000,10000000,8000000,9000000,0,0,8000000,8000000,1290000000,1290000000,1298000000,1298000000,10000010,44000030,10000000,10000000,10,34000030
620,2483506000,2484506000,10000000,10000000,9000000,10000000,634506000,634506000,10000000,10000000,1820000000,1820000000,1830000000,1830000000,1849000000,1850000000,10000000,10000000,9000000,10000000,0,0,10000000,10000000,1820000000,1820000000,1830000000,1830000000,10000010,53000030,10000000,10000000,10,43000030
650,3585506000,3586506000,10000000,10000000,10000000,11000000,634506000,634506000,11000000,11000000,2920000000,2920000000,2931000000,2931000000,2951000000,2952000000,10000000,10000000,10000000,11000000,0,0,11000000,11000000,2920000000,2920000000,2931000000,2931000000,10000010,96000050,10000000,10000000,10,86000050
680,1736506000,1736506000,10000000,10000000,6000000,6000000,634506000,634506000,6000000,6000000,1080000000,1080000000,1086000000,1086000000,1102000000,1102000000,10000000,10000000,6000000,6000000,0,0,6000000,6000000,1080000000,1080000000,1086000000,1086000000,10000010,20000010,10000000,10000000,10,10000010
710,2399506000,2400506000,10000000,10000000,17000000,18000000,634506000,634506000,18000000,18000000,1720000000,1720000000,1738000000,1738000000,1765000000,1766000000,10000000,10000000,17000000,18000000,0,0,18000000,18000000,1720000000,1720000000,1738000000,1738000000,10000010,31000010,10000000,10000000,10,21000010
740,2505506000,2506506000,10000000,10000000,5000000,6000000,634506000,634506000,6000000,6000000,1850000000,1850000000,1856000000,1856000000,1871000000,1872000000,10000000,10000000,5000000,6000000,0,0,6000000,6000000,1850000000,1850000000,1856000000,1856000000,10000010,92000040,10000000,10000000,10,82000040
770,1346506000,1346506000,10000000,10000000,1000000,1000000,634506000,634506000,1000000,1000000,700000000,700000000,701000000,701000000,712000000,712000000,10000000,10000000,1000000,1000000,0,0,1000000,1000000,700000000,700000000,701000000,701000000,10000010,30000030,10000000,10000000,10,20000030
800,2927506000,2928506000,10000000,10000000,1000000,2000000,634506000,634506000,2000000,2000000,2280000000,2280000000,2282000000,2282000000,2293000000,2294000000,10000000,10000000,1000000,2000000,0,0,2000000,2000000,2280000000,2280000000,2282000000,2282000000,10000010,68000030,10000000,10000000,10,58000030
830,2755506000,2756506000,10000000,10000000,0,1000000,634506000,634506000,1000000,1000000,2110000000,2110000000,2111000000,2111000000,2121000000,2122000000,10000000,10000000,0,1000000,0,0,1000000,1000000,2110000000,2110000000,2111000000,2111000000,10000010,91000030,10000000,10000000,10,81000030
860,2115506000,2120506000,10000000,10000000,8000000,13000000,634506000,634506000,13000000,13000000,1450000000,1450000000,1463000000,1463000000,1481000000,1486000000,10000000,10000000,8000000,13000000,0,0,13000000,13000000,1450000000,1450000000,1463000000,1463000000,10000010,12000020,10000000,10000000,10,2000020
890,3053506000,3054506000,10000000,10000000,9000000,10000000,634506000,634506000,10000000,10000000,2390000000,2390000000,2400000000,2400000000,2419000000,2420000000,10000000,10000000,9000000,10000000,0,0,10000000,10000000,2390000000,2390000000,2400000000,2400000000,10000010,76000040,10000000,10000000,10,66000040
920,2640506000,2641506000,10000000,10000000,18000000,19000000,634506000,634506000,18000000,18000000,1960000000,1960000000,1978000000,1978000000,2006000000,2007000000,10000000,10000000,18000000,19000000,0,0,18000000,18000000,1960000000,1960000000,1978000000,1978000000,10000010,72000010,10000000,10000000,10,62000010
950,2007506000,2008506000,10000000,10000000,11000000,12000000,634506000,634506000,12000000,12000000,1340000000,1340000000,1352000000,1352000000,1373000000,1374000000,10000000,10000000,11000000,12000000,0,0,12000000,12000000,1340000000,1340000000,1352000000,1352000000,10000010,35000040,10000000,10000000,10,25000040
980,661506000,1297012000,10000000,10000000,17000000,18000000,634506000,1269012000,0,0,0,0,0,0,27000000,28000000,10000000,10000000,17000000,18000000,0,0,0,0,0,0,0,0,10000010,10000000,10000000,10000000,10,0
1010,647506000,1283012000,10000000,10000000,3000000,4000000,634506000,1269012000,0,0,0,0,0,0,13000000,14000000,10000000,10000000,3000000,4000000,0,0,0,0,0,0,0,0,10000010,10000000,10000000,10000000,10,0
1040,651506000,1287012000,10000000,10000000,7000000,8000000,634506000,1269012000,0,0,0,0,0,0,17000000,18000000,10000000,10000000,7000000,8000000,0,0,0,0,0,0,0,0,10000010,10000000,10000000,10000000,10,0
1070,881506000,2161518000,10000000,10000000,8000000,19000000,634506000,1903518000,19000000,19000000,210000000,210000000,229000000,229000000,247000000,258000000,10000000,10000000,8000000,19000000,0,0,19000000,19000000,210000000,210000000,229000000,229000000,10000010,10000000,10000000,10000000,10,0
1100,3906506000,21682674000,10000000,10000000,0,10000000,634506000,18400674000,2000000,2000000,3260000000,3260000000,3262000000,3262000000,3272000000,3282000000,10000000,10000000,0,10000000,0,0,2000000,2000000,3260000000,3260000000,3262000000,3262000000,10000010,59000020,10000000,10000000,10,49000020
1130,2105506000,4655530000,10000000,10000000,5000000,17000000,634506000,3172530000,16000000,16000000,1440000000,1440000000,1456000000,1456000000,1471000000,1483000000,10000000,10000000,5000000,17000000,0,0,16000000,16000000,1440000000,1440000000,1456000000,1456000000,10000010,76000030,10000000,10000000,10,66000030
1160,653506000,1289012000,10000000,10000000,9000000,10000000,634506000,1269012000,0,0,0,0,0,0,19000000,20000000,10000000,10000000,9000000,10000000,0,0,0,0,0,0,0,0,10000010,10000000,10000000,10000000,10,0
1190,675506000,2580024000,10000000,10000000,5000000,6000000,634506000,2538024000,6000000,6000000,20000000,20000000,26000000,26000000,41000000,42000000,10000000,10000000,5000000,6000000,0,0,6000000,6000000,20000000,20000000,26000000,26000000,10000010,10000000,10000000,10000000,10,0
1220,2415506000,3701518000,10000000,10000000,57000000,74000000,634506000,1903518000,74000000,74000000,1640000000,1640000000,1714000000,1714000000,1781000000,1798000000,10000000,10000000,57000000,74000000,0,0,74000000,74000000,1640000000,1640000000,1714000000,1714000000,10000010,114000020,10000000,10000000,10,104000020
1250,918506000,2823024000,10000000,10000000,7000000,8000000,634506000,2538024000,7000000,7000000,260000000,260000000,267000000,267000000,284000000,285000000,10000000,10000000,7000000,8000000,0,0,7000000,7000000,260000000,260000000,267000000,267000000,10000010,10000000,10000000,10000000,10,0
1280,905506000,1544012000,10000000,10000000,44000000,48000000,634506000,1269012000,47000000,47000000,170000000,170000000,217000000,217000000,271000000,275000000,10000000,10000000,44000000,48000000,0,0,47000000,47000000,170000000,170000000,217000000,217000000,10000010,10000000,10000000,10000000,10,0
21,3173506000,3174506000,10000000,10000000,19000000,20000000,634506000,634506000,20000000,20000000,2490000000,2490000000,2510000000,2510000000,2539000000,2540000000,10000000,10000000,19000000,20000000,0,0,20000000,20000000,2490000000,2490000000,2510000000,2510000000,10000010,32000010,10000000,10000000,10,22000010
51,1986506000,1987506000,10000000,10000000,16000000,17000000,634506000,634506000,16000000,16000000,1310000000,1310000000,1326000000,1326000000,1352000000,1353000000,10000000,10000000,16000000,17000000,0,0,16000000,16000000,1310000000,1310000000,1326000000,1326000000,10000010,76000030,10000000,10000000,10,66000030
81,1782506000,1802506000,10000000,10000000,19000000,39000000,634506000,634506000,39000000,39000000,1080000000,1080000000,1119000000,1119000000,1148000000,1168000000,10000000,10000000,19000000,39000000,0,0,39000000,39000000,1080000000,1080000000,1119000000,1119000000,10000010,29000030,10000000,10000000,10,19000030
111,2158506000,2159506000,10000000,10000000,17000000,18000000,634506000,634506000,17000000,17000000,1480000000,1480000000,1497000000,1497000000,1524000000,1525000000,10000000,10000000,17000000,18000000,0,0,17000000,17000000,1480000000,1480000000,1497000000,1497000000,10000010,32000040,10000000,10000000,10,22000040
141,2256506000,2256506000,10000000,10000000,1000000,1000000,634506000,634506000,1000000,1000000,1610000000,1610000000,1611000000,1611000000,1622000000,1622000000,10000000,10000000,1000000,1000000,0,0,1000000,1000000,1610000000,1610000000,1611000000,1611000000,10000010,22000030,10000000,10000000,10,12000030
171,3014506000,3014506000,10000000,10000000,20000000,20000000,634506000,634506000,20000000,20000000,2330000000,2330000000,2350000000,2350000000,2380000000,2380000000,10000000,10000000,20000000,20000000,0,0,20000000,20000000,2330000000,2330000000,2350000000,2350000000,10000010,37000040,10000000,10000000,10,27000040
201,664506000,665506000,10000000,10000000,20000000,21000000,634506000,634506000,0,0,0,0,0,0,30000000,31000000,10000000,10000000,20000000,21000000,0,0,0,0,0,0,0,0,10000010,10000000,10000000,10000000,10,0
231,2981506000,2992506000,10000000,10000000,8000000,19000000,634506000,634506000,19000000,19000000,2310000000,2310000000,2329000000,2329000000,2347000000,2358000000,10000000,10000000,8000000,19000000,0,0,19000000,19000000,2310000000,2310000000,2329000000,2329000000,10000010,32000010,10000000,10000000,10,22000010
261,2331506000,2332506000,10000000,10000000,8000000,9000000,634506000,634506000,9000000,9000000,1670000000,1670000000,1679000000,1679000000,1697000000,1698000000,10000000,10000000,8000000,9000000,0,0,9000000,9000000,1670000000,1670000000,1679000000,1679000000,10000010,26000040,10000000,10000000,10,16000040
291,2088506000,2090506000,10000000,10000000,7000000,9000000,634506000,634506000,7000000,7000000,1430000000,1430000000,1437000000,1437000000,1454000000,1456000000,10000000,10000000,7000000,9000000,0,0,7000000,7000000,1430000000,1430000000,1437000000,1437000000,10000010,84000030,10000000,10000000,10,74000030
321,1246506000,1253506000,10000000,10000000,1000000,8000000,634506000,634506000,1000000,1000000,600000000,600000000,601000000,601000000,612000000,619000000,10000000,10000000,1000000,8000000,0,0,1000000,1000000,600000000,600000000,601000000,601000000,10000010,22000020,10000000,10000000,10,12000020
351,690506000,691506000,10000000,10000000,8000000,9000000,634506000,634506000,8000000,8000000,30000000,30000000,38000000,38000000,56000000,57000000,10000000,10000000,8000000,9000000,0,0,8000000,8000000,30000000,30000000,38000000,38000000,10000010,11000010,10000000,10000000,10,1000010
381,1962506000,1962506000,10000000,10000000,9000000,9000000,634506000,634506000,9000000,9000000,1300000000,1300000000,1309000000,1309000000,1328000000,1328000000,10000000,10000000,9000000,9000000,0,0,9000000,9000000,1300000000,1300000000,1309000000,1309000000,10000010,26000030,10000000,10000000,10,16000030
411,3759506000,3760506000,10000000,10000000,12000000,13000000,634506000,634506000,13000000,13000000,3090000000,3090000000,3103000000,3103000000,3125000000,3126000000,10000000,10000000,12000000,13000000,0,0,13000000,13000000,3090000000,3090000000,3103000000,3103000000,10000010,12000010,10000000,10000000,10,2000010
441,3698506000,3700506000,10000000,10000000,11000000,13000000,634506000,634506000,13000000,13000000,3030000000,3030000000,3043000000,3043000000,3064000000,3066000000,10000000,10000000,11000000,13000000,0,0,13000000,13000000,3030000000,3030000000,3043000000,3043000000,10000010,106000050,10000000,10000000,10,96000050
471,1606506000,1606506000,10000000,10000000,11000000,11000000,634506000,634506000,11000000,11000000,940000000,940000000,951000000,951000000,972000000,972000000,10000000,10000000,11000000,11000000,0,0,11000000,11000000,940000000,940000000,951000000,951000000,10000010,43000020,10000000,10000000,10,33000020
501,1756506000,1762506000,10000000,10000000,38000000,44000000,634506000,634506000,44000000,44000000,1030000000,1030000000,1074000000,1074000000,1122000000,1128000000,10000000,10000000,38000000,44000000,0,0,44000000,44000000,1030000000,1030000000,1074000000,1074000000,10000010,42000040,10000000,10000000,10,32000040
531,2050506000,2050506000,10000000,10000000,18000000,18000000,634506000,634506000,18000000,18000000,1370000000,1370000000,1388000000,1388000000,1416000000,1416000000,10000000,10000000,18000000,18000000,0,0,18000000,18000000,1370000000,1370000000,1388000000,1388000000,10000010,72000010,10000000,10000000,10,62000010
561,2829506000,2830506000,10000000,10000000,7000000,8000000,634506000,634506000,8000000,8000000,2170000000,2170000000,2178000000,2178000000,2195000000,2196000000,10000000,10000000,7000000,8000000,0,0,8000000,8000000,2170000000,2170000000,2178000000,2178000000,10000010,32000030,10000000,10000000,10,22000030
591,2869506000,2870506000,10000000,10000000,7000000,8000000,634506000,634506000,8000000,8000000,2210000000,2210000000,2218000000,2218000000,2235000000,2236000000,10000000,10000000,7000000,8000000,0,0,8000000,8000000,2210000000,2210000000,2218000000,2218000000,10000010,33000030,10000000,10000000,10,23000030
621,2120506000,2121506000,10000000,10000000,8000000,9000000,634506000,634506000,8000000,8000000,1460000000,1460000000,1468000000,1468000000,1486000000,1487000000,10000000,10000000,8000000,9000000,0,0,8000000,8000000,1460000000,1460000000,1468000000,1468000000,10000010,93000020,10000000,10000000,10,83000020
651,1844506000,1844506000,10000000,10000000,10000000,10000000,634506000,634506000,10000000,10000000,1180000000,1180000000,1190000000,1190000000,1210000000,1210000000,10000000,10000000,10000000,10000000,0,0,10000000,10000000,1180000000,1180000000,1190000000,1190000000,10000010,52000020,10000000,10000000,10,42000020
681,2627506000,2628506000,10000000,10000000,6000000,7000000,634506000,634506000,7000000,7000000,1970000000,1970000000,1977000000,1977000000,1993000000,1994000000,10000000,10000000,6000000,7000000,0,0,7000000,7000000,1970000000,1970000000,1977000000,1977000000,10000010,20000010,10000000,10000000,10,10000010
711,2399506000,2400506000,10000000,10000000,17000000,18000000,634506000,634506000,18000000,18000000,1720000000,1720000000,1738000000,1738000000,1765000000,1766000000,10000000,10000000,17000000,18000000,0,0,18000000,18000000,1720000000,1720000000,1738000000,1738000000,10000010,31000010,10000000,10000000,10,21000010
741,2935506000,2936506000,10000000,10000000,5000000,6000000,634506000,634506000,6000000,6000000,2280000000,2280000000,2286000000,2286000000,2301000000,2302000000,10000000,10000000,5000000,6000000,0,0,6000000,6000000,2280000000,2280000000,2286000000,2286000000,10000010,92000040,10000000,10000000,10,82000040
771,716506000,716506000,10000000,10000000,1000000,1000000,634506000,634506000,1000000,1000000,70000000,70000000,71000000,71000000,82000000,82000000,10000000,10000000,1000000,1000000,0,0,1000000,1000000,70000000,70000000,71000000,71000000,10000010,11000010,10000000,10000000,10,1000010
801,1996506000,1996506000,10000000,10000000,1000000,1000000,634506000,634506000,1000000,1000000,1350000000,1350000000,1351000000,1351000000,1362000000,1362000000,10000000,10000000,1000000,1000000,0,0,1000000,1000000,1350000000,1350000000,1351000000,1351000000,10000010,28000020,10000000,10000000,10,18000020
831,1014506000,1014506000,10000000,10000000,10000000,10000000,634506000,634506000,10000000,10000000,350000000,350000000,360000000,360000000,380000000,380000000,10000000,10000000,10000000,10000000,0,0,10000000,10000000,350000000,350000000,360000000,360000000,10000010,21000020,10000000,10000000,10,11000020
861,1667506000,1668506000,10000000,10000000,11000000,12000000,634506000,634506000,12000000,12000000,1000000000,1000000000,1012000000,1012000000,1033000000,1034000000,10000000,10000000,11000000,12000000,0,0,12000000,12000000,1000000000,1000000000,1012000000,1012000000,10000010,22000030,10000000,10000000,10,12000030
891,2230506000,2230506000,10000000,10000000,8000000,8000000,634506000,634506000,8000000,8000000,1570000000,1570000000,1578000000,1578000000,1596000000,1596000000,10000000,10000000,8000000,8000000,0,0,8000000,8000000,1570000000,1570000000,1578000000,1578000000,10000010,16000030,10000000,10000000,10,6000030
921,2640506000,2641506000,10000000,10000000,18000000,19000000,634506000,634506000,18000000,18000000,1960000000,1960000000,1978000000,1978000000,2006000000,2007000000,10000000,10000000,18000000,19000000,0,0,18000000,18000000,1960000000,1960000000,1978000000,1978000000,10000010,72000010,10000000,10000000,10,62000010
951,2469506000,2470506000,10000000,10000000,12000000,13000000,634506000,634506000,13000000,13000000,1800000000,1800000000,1813000000,1813000000,1835000000,1836000000,10000000,10000000,12000000,13000000,0,0,13000000,13000000,1800000000,1800000000,1813000000,1813000000,10000010,35000040,10000000,10000000,10,25000040
981,2369506000,7448554000,10000000,10000000,17000000,20000000,634506000,5710554000,18000000,18000000,1690000000,1690000000,1708000000,1708000000,1735000000,1738000000,10000000,10000000,17000000,20000000,0,0,18000000,18000000,1690000000,1690000000,1708000000,1708000000,10000010,50000010,10000000,10000000,10,40000010
1011,3338506000,9693566000,10000000,10000000,0,10000000,634506000,6979566000,4000000,4000000,2690000000,2690000000,2694000000,2694000000,2704000000,2714000000,10000000,10000000,0,10000000,0,0,4000000,4000000,2690000000,2690000000,2694000000,2694000000,10000010,90000040,10000000,10000000,10,80000040
1041,1579506000,3485024000,10000000,10000000,7000000,9000000,634506000,2538024000,8000000,8000000,920000000,920000000,928000000,928000000,945000000,947000000,10000000,10000000,7000000,9000000,0,0,8000000,8000000,920000000,920000000,928000000,928000000,10000010,11000010,10000000,10000000,10,1000010
1071,663506000,1933518000,10000000,10000000,19000000,20000000,634506000,1903518000,0,0,0,0,0,0,29000000,30000000,10000000,10000000,19000000,20000000,0,0,0,0,0,0,0,0,10000010,10000000,10000000,10000000,10,0
1101,2765506000,20631674000,10000000,10000000,0,15000000,634506000,18400674000,1000000,16000000,2120000000,2190000000,2121000000,2206000000,2131000000,2231000000,10000000,10000000,0,15000000,0,0,1000000,16000000,2120000000,2190000000,2121000000,2206000000,10000010,76000020,10000000,10000000,10,66000020
1131,925506000,3464530000,10000000,10000000,0,1000000,634506000,3172530000,1000000,1000000,280000000,280000000,281000000,281000000,291000000,292000000,10000000,10000000,0,1000000,0,0,1000000,1000000,280000000,280000000,281000000,281000000,10000010,10000000,10000000,10000000,10,0
1161,653506000,1289012000,10000000,10000000,9000000,10000000,634506000,1269012000,0,0,0,0,0,0,19000000,20000000,10000000,10000000,9000000,10000000,0,0,0,0,0,0,0,0,10000010,10000000,10000000,10000000,10,0
1191,676506000,1946518000,10000000,10000000,6000000,7000000,634506000,1903518000,6000000,6000000,20000000,20000000,26000000,26000000,42000000,43000000,10000000,10000000,6000000,7000000,0,0,6000000,6000000,20000000,20000000,26000000,26000000,10000010,10000000,10000000,10000000,10,0
1221,1915506000,2606012000,10000000,10000000,18000000,74000000,634506000,1269012000,73000000,73000000,1180000000,1180000000,1253000000,1253000000,1281000000,1337000000,10000000,10000000,18000000,74000000,0,0,73000000,73000000,1180000000,1180000000,1253000000,1253000000,10000010,73000020,10000000,10000000,10,63000020
1251,1612506000,4154530000,10000000,10000000,7000000,11000000,634506000,3172530000,11000000,11000000,950000000,950000000,961000000,961000000,978000000,982000000,10000000,10000000,7000000,11000000,0,0,11000000,11000000,950000000,950000000,961000000,961000000,10000010,35000030,10000000,10000000,10,25000030
1281,2038506000,2675012000,10000000,10000000,11000000,13000000,634506000,1269012000,13000000,13000000,1370000000,1370000000,1383000000,1383000000,1404000000,1406000000,10000000,10000000,11000000,13000000,0,0,13000000,13000000,1370000000,1370000000,1383000000,1383000000,10000010,55000040,10000000,10000000,10,45000040
22,3733506000,3734506000,10000000,10000000,19000000,20000000,634506000,634506000,20000000,20000000,3050000000,3050000000,3070000000,3070000000,3099000000,3100000000,10000000,10000000,19000000,20000000,0,0,20000000,20000000,3050000000,3050000000,3070000000,3070000000,10000010,32000010,10000000,10000000,10,22000010
52,3418506000,3458506000,10000000,10000000,17000000,57000000,634506000,634506000,57000000,57000000,2700000000,2700000000,2757000000,2757000000,2784000000,2824000000,10000000,10000000,17000000,57000000,0,0,57000000,57000000,2700000000,2700000000,2757000000,2757000000,10000010,76000030,10000000,10000000,10,66000030
82,1052506000,1052506000,10000000,10000000,19000000,19000000,634506000,634506000,19000000,19000000,370000000,370000000,389000000,389000000,418000000,418000000,10000000,10000000,19000000,19000000,0,0,19000000,19000000,370000000,370000000,389000000,389000000,10000010,32000010,10000000,10000000,10,22000010
112,1150506000,1152506000,10000000,10000000,18000000,20000000,634506000,634506000,18000000,18000000,470000000,470000000,488000000,488000000,516000000,518000000,10000000,10000000,18000000,20000000,0,0,18000000,18000000,470000000,470000000,488000000,488000000,10000010,57000020,10000000,10000000,10,47000020
142,2226506000,2226506000,10000000,10000000,1000000,1000000,634506000,634506000,1000000,1000000,1580000000,1580000000,1581000000,1581000000,1592000000,1592000000,10000000,10000000,1000000,1000000,0,0,1000000,1000000,1580000000,1580000000,1581000000,1581000000,10000010,22000030,10000000,10000000,10,12000030
172,2294506000,2294506000,10000000,10000000,20000000,20000000,634506000,634506000,20000000,20000000,1610000000,1610000000,1630000000,1630000000,1660000000,1660000000,10000000,10000000,20000000,20000000,0,0,20000000,20000000,1610000000,1610000000,1630000000,1630000000,10000010,37000040,10000000,10000000,10,27000040
202,2744506000,2744506000,10000000,10000000,20000000,20000000,634506000,634506000,20000000,20000000,2060000000,2060000000,2080000000,2080000000,2110000000,2110000000,10000000,10000000,20000000,20000000,0,0,20000000,20000000,2060000000,2060000000,2080000000,2080000000,10000010,61000030,10000000,10000000,10,51000030
232,1242506000,1242506000,10000000,10000000,19000000,19000000,634506000,634506000,19000000,19000000,560000000,560000000,579000000,579000000,608000000,608000000,10000000,10000000,19000000,19000000,0,0,19000000,19000000,560000000,560000000,579000000,579000000,10000010,32000010,10000000,10000000,10,22000010
262,1610506000,1610506000,10000000,10000000,8000000,8000000,634506000,634506000,8000000,8000000,950000000,950000000,958000000,958000000,976000000,976000000,10000000,10000000,8000000,8000000,0,0,8000000,8000000,950000000,950000000,958000000,958000000,10000010,83000040,10000000,10000000,10,73000040
292,1861506000,1862506000,10000000,10000000,8000000,9000000,634506000,634506000,9000000,9000000,1200000000,1200000000,1209000000,1209000000,1227000000,1228000000,10000000,10000000,8000000,9000000,0,0,9000000,9000000,1200000000,1200000000,1209000000,1209000000,10000010,83000040,10000000,10000000,10,73000040
322,3581506000,3582506000,10000000,10000000,8000000,9000000,634506000,634506000,9000000,9000000,2920000000,2920000000,2929000000,2929000000,2947000000,2948000000,10000000,10000000,8000000,9000000,0,0,9000000,9000000,2920000000,2920000000,2929000000,2929000000,10000010,43000020,10000000,10000000,10,33000020
352,858506000,860506000,10000000,10000000,6000000,8000000,634506000,634506000,8000000,8000000,200000000,200000000,208000000,208000000,224000000,226000000,10000000,10000000,6000000,8000000,0,0,8000000,8000000,200000000,200000000,208000000,208000000,10000010,12000020,10000000,10000000,10,2000020
382,2206506000,2210506000,10000000,10000000,9000000,13000000,634506000,634506000,13000000,13000000,1540000000,1540000000,1553000000,1553000000,1572000000,1576000000,10000000,10000000,9000000,13000000,0,0,13000000,13000000,1540000000,1540000000,1553000000,1553000000,10000010,30000040,10000000,10000000,10,20000040
412,3759506000,3760506000,10000000,10000000,12000000,13000000,634506000,634506000,13000000,13000000,3090000000,3090000000,3103000000,3103000000,3125000000,3126000000,10000000,10000000,12000000,13000000,0,0,13000000,13000000,3090000000,3090000000,3103000000,3103000000,10000010,12000010,10000000,10000000,10,2000010
442,2476506000,2476506000,10000000,10000000,11000000,11000000,634506000,634506000,11000000,11000000,1810000000,1810000000,1821000000,1821000000,1842000000,1842000000,10000000,10000000,11000000,11000000,0,0,11000000,11000000,1810000000,1810000000,1821000000,1821000000,10000010,36000040,10000000,10000000,10,26000040
472,1456506000,1456506000,10000000,10000000,11000000,11000000,634506000,634506000,11000000,11000000,790000000,790000000,801000000,801000000,822000000,822000000,10000000,10000000,11000000,11000000,0,0,11000000,11000000,790000000,790000000,801000000,801000000,10000010,43000020,10000000,10000000,10,33000020
502,3579506000,3580506000,10000000,10000000,37000000,38000000,634506000,634506000,38000000,38000000,2860000000,2860000000,2898000000,2898000000,2945000000,2946000000,10000000,10000000,37000000,38000000,0,0,38000000,38000000,2860000000,2860000000,2898000000,2898000000,10000010,48000040,10000000,10000000,10,38000040
532,2050506000,2050506000,10000000,10000000,18000000,18000000,634506000,634506000,18000000,18000000,1370000000,1370000000,1388000000,1388000000,1416000000,1416000000,10000000,10000000,18000000,18000000,0,0,18000000,18000000,1370000000,1370000000,1388000000,1388000000,10000010,72000010,10000000,10000000,10,62000010
562,2033506000,2038506000,10000000,10000000,7000000,12000000,634506000,634506000,12000000,12000000,1370000000,1370000000,1382000000,1382000000,1399000000,1404000000,10000000,10000000,7000000,12000000,0,0,12000000,12000000,1370000000,1370000000,1382000000,1382000000,10000010,33000030,10000000,10000000,10,23000030
592,3209506000,3210506000,10000000,10000000,7000000,8000000,634506000,634506000,8000000,8000000,2550000000,2550000000,2558000000,2558000000,2575000000,2576000000,10000000,10000000,7000000,8000000,0,0,8000000,8000000,2550000000,2550000000,2558000000,2558000000,10000010,36000040,10000000,10000000,10,26000040
622,1843506000,1844506000,10000000,10000000,9000000,10000000,634506000,634506000,10000000,10000000,1180000000,1180000000,1190000000,1190000000,1209000000,1210000000,10000000,10000000,9000000,10000000,0,0,10000000,10000000,1180000000,1180000000,1190000000,1190000000,10000010,53000030,10000000,10000000,10,43000030
652,1734506000,1734506000,10000000,10000000,10000000,10000000,634506000,634506000,10000000,10000000,1070000000,1070000000,1080000000,1080000000,1100000000,1100000000,10000000,10000000,10000000,10000000,0,0,10000000,10000000,1070000000,1070000000,1080000000,1080000000,10000010,52000020,10000000,10000000,10,42000020
682,2065506000,2066506000,10000000,10000000,5000000,6000000,634506000,634506000,6000000,6000000,1410000000,1410000000,1416000000,1416000000,1431000000,1432000000,10000000,10000000,5000000,6000000,0,0,6000000,6000000,1410000000,1410000000,1416000000,1416000000,10000010,92000040,10000000,10000000,10,82000040
712,2399506000,2400506000,10000000,10000000,17000000,18000000,634506000,634506000,18000000,18000000,1720000000,1720000000,1738000000,1738000000,1765000000,1766000000,10000000,10000000,17000000,18000000,0,0,18000000,18000000,1720000000,1720000000,1738000000,1738000000,10000010,31000010,10000000,10000000,10,21000010
742,2525506000,2526506000,10000000,10000000,5000000,6000000,634506000,634506000,6000000,6000000,1870000000,1870000000,1876000000,1876000000,1891000000,1892000000,10000000,10000000,5000000,6000000,0,0,6000000,6000000,1870000000,1870000000,1876000000,1876000000,10000010,92000040,10000000,10000000,10,82000040
772,1926506000,1926506000,10000000,10000000,1000000,1000000,634506000,634506000,1000000,1000000,1280000000,1280000000,1281000000,1281000000,1292000000,1292000000,10000000,10000000,1000000,1000000,0,0,1000000,1000000,1280000000,1280000000,1281000000,1281000000,10000010,28000020,10000000,10000000,10,18000020
802,2927506000,2928506000,10000000,10000000,1000000,2000000,634506000,634506000,2000000,2000000,2280000000,2280000000,2282000000,2282000000,2293000000,2294000000,10000000,10000000,1000000,2000000,0,0,2000000,2000000,2280000000,2280000000,2282000000,2282000000,10000010,68000030,10000000,10000000,10,58000030
832,2054506000,2054506000,10000000,10000000,10000000,10000000,634506000,634506000,10000000,10000000,1390000000,1390000000,1400000000,1400000000,1420000000,1420000000,10000000,10000000,10000000,10000000,0,0,10000000,10000000,1390000000,1390000000,1400000000,1400000000,10000010,35000030,10000000,10000000,10,25000030
862,1576506000,1576506000,10000000,10000000,11000000,11000000,634506000,634506000,11000000,11000000,910000000,910000000,921000000,921000000,942000000,942000000,10000000,10000000,11000000,11000000,0,0,11000000,11000000,910000000,910000000,921000000,921000000,10000010,21000020,10000000,10000000,10,11000020
892,2999506000,3000506000,10000000,10000000,7000000,8000000,634506000,634506000,8000000,8000000,2340000000,2340000000,2348000000,2348000000,2365000000,2366000000,10000000,10000000,7000000,8000000,0,0,8000000,8000000,2340000000,2340000000,2348000000,2348000000,10000010,17000010,10000000,10000000,10,7000010
922,2640506000,2641506000,10000000,10000000,18000000,19000000,634506000,634506000,18000000,18000000,1960000000,1960000000,1978000000,1978000000,2006000000,2007000000,10000000,10000000,18000000,19000000,0,0,18000000,18000000,1960000000,1960000000,1978000000,1978000000,10000010,72000010,10000000,10000000,10,62000010
952,2441506000,2442506000,10000000,10000000,73000000,74000000,634506000,634506000,74000000,74000000,1650000000,1650000000,1724000000,1724000000,1807000000,1808000000,10000000,10000000,73000000,74000000,0,0,74000000,74000000,1650000000,1650000000,1724000000,1724000000,10000010,130000030,10000000,10000000,10,120000030
982,661506000,1297012000,10000000,10000000,17000000,18000000,634506000,1269012000,0,0,0,0,0,0,27000000,28000000,10000000,10000000,17000000,18000000,0,0,0,0,0,0,0,0,10000010,10000000,10000000,10000000,10,0
1012,3329506000,9684566000,10000000,10000000,1000000,11000000,634506000,6979566000,4000000,4000000,2680000000,2680000000,2684000000,2684000000,2695000000,2705000000,10000000,10000000,1000000,11000000,0,0,4000000,4000000,2680000000,2680000000,2684000000,2684000000,10000010,83000040,10000000,10000000,10,73000040
1042,4083506000,15515614000,10000000,10000000,1000000,12000000,634506000,12055614000,8000000,8000000,3430000000,3430000000,3438000000,3438000000,3449000000,3460000000,10000000,10000000,1000000,12000000,0,0,8000000,8000000,3430000000,3430000000,3438000000,3438000000,10000010,29000040,10000000,10000000,10,19000040
1072,1341506000,4525036000,10000000,10000000,8000000,19000000,634506000,3807036000,19000000,19000000,670000000,670000000,689000000,689000000,707000000,718000000,10000000,10000000,8000000,19000000,0,0,19000000,19000000,670000000,670000000,689000000,689000000,10000010,10000000,10000000,10000000,10,0
1102,925506000,4099036000,10000000,10000000,0,1000000,634506000,3807036000,1000000,1000000,280000000,280000000,281000000,281000000,291000000,292000000,10000000,10000000,0,1000000,0,0,1000000,1000000,280000000,280000000,281000000,281000000,10000010,10000000,10000000,10000000,10,0
1132,1007506000,2283518000,10000000,10000000,1000000,8000000,634506000,1903518000,2000000,2000000,360000000,360000000,362000000,362000000,373000000,380000000,10000000,10000000,1000000,8000000,0,0,2000000,2000000,360000000,360000000,362000000,362000000,10000010,11000010,10000000,10000000,10,1000010
1162,653506000,1934518000,10000000,10000000,9000000,21000000,634506000,1903518000,0,0,0,0,0,0,19000000,31000000,10000000,10000000,9000000,21000000,0,0,0,0,0,0,0,0,10000010,10000000,10000000,10000000,10,0
1192,1165506000,4342036000,10000000,10000000,5000000,9000000,634506000,3807036000,6000000,6000000,510000000,510000000,516000000,516000000,531000000,535000000,10000000,10000000,5000000,9000000,0,0,6000000,6000000,510000000,510000000,516000000,516000000,10000010,10000000,10000000,10000000,10,0
1222,1380506000,2703518000,10000000,10000000,19000000,73000000,634506000,1903518000,57000000,57000000,660000000,660000000,717000000,717000000,746000000,800000000,10000000,10000000,19000000,73000000,0,0,57000000,57000000,660000000,660000000,717000000,717000000,10000010,10000000,10000000,10000000,10,0
1252,655506000,657506000,10000000,10000000,11000000,13000000,634506000,634506000,0,0,0,0,0,0,21000000,23000000,10000000,10000000,11000000,13000000,0,0,0,0,0,0,0,0,10000010,10000000,10000000,10000000,10,0
1282,1548506000,2883518000,10000000,10000000,19000000,85000000,634506000,1903518000,85000000,85000000,800000000,800000000,885000000,885000000,914000000,980000000,10000000,10000000,19000000,85000000,0,0,85000000,85000000,800000000,800000000,885000000,885000000,10000010,72000010,10000000,10000000,10,62000010
23,3733506000,3734506000,10000000,10000000,19000000,20000000,634506000,634506000,20000000,20000000,3050000000,3050000000,3070000000,3070000000,3099000000,3100000000,10000000,10000000,19000000,20000000,0,0,20000000,20000000,3050000000,3050000000,3070000000,3070000000,10000010,32000010,10000000,10000000,10,22000010
53,2004506000,2004506000,10000000,10000000,10000000,10000000,634506000,634506000,10000000,10000000,1340000000,1340000000,1350000000,1350000000,1370000000,1370000000,10000000,10000000,10000000,10000000,0,0,10000000,10000000,1340000000,1340000000,1350000000,1350000000,10000010,35000040,10000000,10000000,10,25000040
83,1793506000,1794506000,10000000,10000000,19000000,20000000,634506000,634506000,20000000,20000000,1110000000,1110000000,1130000000,1130000000,1159000000,1160000000,10000000,10000000,19000000,20000000,0,0,20000000,20000000,1110000000,1110000000,1130000000,1130000000,10000010,33000020,10000000,10000000,10,23000020
113,1760506000,1760506000,10000000,10000000,18000000,18000000,634506000,634506000,18000000,18000000,1080000000,1080000000,1098000000,1098000000,1126000000,1126000000,10000000,10000000,18000000,18000000,0,0,18000000,18000000,1080000000,1080000000,1098000000,1098000000,10000010,34000030,10000000,10000000,10,24000030
143,2402506000,2404506000,10000000,10000000,8000000,10000000,634506000,634506000,10000000,10000000,1740000000,1740000000,1750000000,1750000000,1768000000,1770000000,10000000,10000000,8000000,10000000,0,0,10000000,10000000,1740000000,1740000000,1750000000,1750000000,10000010,96000040,10000000,10000000,10,86000040
173,2284506000,2284506000,10000000,10000000,20000000,20000000,634506000,634506000,20000000,20000000,1600000000,1600000000,1620000000,1620000000,1650000000,1650000000,10000000,10000000,20000000,20000000,0,0,20000000,20000000,1600000000,1600000000,1620000000,1620000000,10000010,37000040,10000000,10000000,10,27000040
203,2744506000,2744506000,10000000,10000000,20000000,20000000,634506000,634506000,20000000,20000000,2060000000,2060000000,2080000000,2080000000,2110000000,2110000000,10000000,10000000,20000000,20000000,0,0,20000000,20000000,2060000000,2060000000,2080000000,2080000000,10000010,61000030,10000000,10000000,10,51000030
233,2883506000,2884506000,10000000,10000000,19000000,20000000,634506000,634506000,20000000,20000000,2200000000,2200000000,2220000000,2220000000,2249000000,2250000000,10000000,10000000,19000000,20000000,0,0,20000000,20000000,2200000000,2200000000,2220000000,2220000000,10000010,32000010,10000000,10000000,10,22000010
263,2331506000,2332506000,10000000,10000000,8000000,9000000,634506000,634506000,9000000,9000000,1670000000,1670000000,1679000000,1679000000,1697000000,1698000000,10000000,10000000,8000000,9000000,0,0,9000000,9000000,1670000000,1670000000,1679000000,1679000000,10000010,26000040,10000000,10000000,10,16000040
293,1946506000,1949506000,10000000,10000000,6000000,9000000,634506000,634506000,6000000,6000000,1290000000,1290000000,1296000000,1296000000,1312000000,1315000000,10000000,10000000,6000000,9000000,0,0,6000000,6000000,1290000000,1290000000,1296000000,1296000000,10000010,27000030,10000000,10000000,10,17000030
323,3061506000,3062506000,10000000,10000000,8000000,9000000,634506000,634506000,9000000,9000000,2400000000,2400000000,2409000000,2409000000,2427000000,2428000000,10000000,10000000,8000000,9000000,0,0,9000000,9000000,2400000000,2400000000,2409000000,2409000000,10000010,43000020,10000000,10000000,10,33000020
353,690506000,691506000,10000000,10000000,8000000,9000000,634506000,634506000,8000000,8000000,30000000,30000000,38000000,38000000,56000000,57000000,10000000,10000000,8000000,9000000,0,0,8000000,8000000,30000000,30000000,38000000,38000000,10000010,11000010,10000000,10000000,10,1000010
383,1802506000,1802506000,10000000,10000000,9000000,9000000,634506000,634506000,9000000,9000000,1140000000,1140000000,1149000000,1149000000,1168000000,1168000000,10000000,10000000,9000000,9000000,0,0,9000000,9000000,1140000000,1140000000,1149000000,1149000000,10000010,26000030,10000000,10000000,10,16000030
413,3759506000,3760506000,10000000,10000000,12000000,13000000,634506000,634506000,13000000,13000000,3090000000,3090000000,3103000000,3103000000,3125000000,3126000000,10000000,10000000,12000000,13000000,0,0,13000000,13000000,3090000000,3090000000,3103000000,3103000000,10000010,12000010,10000000,10000000,10,2000010
443,2476506000,2476506000,10000000,10000000,11000000,11000000,634506000,634506000,11000000,11000000,1810000000,1810000000,1821000000,1821000000,1842000000,1842000000,10000000,10000000,11000000,11000000,0,0,11000000,11000000,1810000000,1810000000,1821000000,1821000000,10000010,36000040,10000000,10000000,10,26000040
473,1606506000,1606506000,10000000,10000000,11000000,11000000,634506000,634506000,11000000,11000000,940000000,940000000,951000000,951000000,972000000,972000000,10000000,10000000,11000000,11000000,0,0,11000000,11000000,940000000,940000000,951000000,951000000,10000010,43000020,10000000,10000000,10,33000020
503,682506000,686506000,10000000,10000000,38000000,42000000,634506000,634506000,0,0,0,0,0,0,48000000,52000000,10000000,10000000,38000000,42000000,0,0,0,0,0,0,0,0,10000010,10000000,10000000,10000000,10,0
533,2050506000,2050506000,10000000,10000000,18000000,18000000,634506000,634506000,18000000,18000000,1370000000,1370000000,1388000000,1388000000,1416000000,1416000000,10000000,10000000,18000000,18000000,0,0,18000000,18000000,1370000000,1370000000,1388000000,1388000000,10000010,72000010,10000000,10000000,10,62000010
563,2140506000,2140506000,10000000,10000000,18000000,18000000,634506000,634506000,18000000,18000000,1460000000,1460000000,1478000000,1478000000,1506000000,1506000000,10000000,10000000,18000000,18000000,0,0,18000000,18000000,1460000000,1460000000,1478000000,1478000000,10000010,50000010,10000000,10000000,10,40000010
593,3409506000,3410506000,10000000,10000000,7000000,8000000,634506000,634506000,8000000,8000000,2750000000,2750000000,2758000000,2758000000,2775000000,2776000000,10000000,10000000,7000000,8000000,0,0,8000000,8000000,2750000000,2750000000,2758000000,2758000000,10000010,36000040,10000000,10000000,10,26000040
623,1968506000,1970506000,10000000,10000000,7000000,9000000,634506000,634506000,7000000,7000000,1310000000,1310000000,1317000000,1317000000,1334000000,1336000000,10000000,10000000,7000000,9000000,0,0,7000000,7000000,1310000000,1310000000,1317000000,1317000000,10000010,93000020,10000000,10000000,10,83000020
653,2514506000,2514506000,10000000,10000000,10000000,10000000,634506000,634506000,10000000,10000000,1850000000,1850000000,1860000000,1860000000,1880000000,1880000000,10000000,10000000,10000000,10000000,0,0,10000000,10000000,1850000000,1850000000,1860000000,1860000000,10000010,52000020,10000000,10000000,10,42000020
683,1366506000,1366506000,10000000,10000000,6000000,6000000,634506000,634506000,6000000,6000000,710000000,710000000,716000000,716000000,732000000,732000000,10000000,10000000,6000000,6000000,0,0,6000000,6000000,710000000,710000000,716000000,716000000,10000010,20000010,10000000,10000000,10,10000010
713,2399506000,2400506000,10000000,10000000,17000000,18000000,634506000,634506000,18000000,18000000,1720000000,1720000000,1738000000,1738000000,1765000000,1766000000,10000000,10000000,17000000,18000000,0,0,18000000,18000000,1720000000,1720000000,1738000000,1738000000,10000010,31000010,10000000,10000000,10,21000010
743,649506000,651506000,10000000,10000000,5000000,7000000,634506000,634506000,0,0,0,0,0,0,15000000,17000000,10000000,10000000,5000000,7000000,0,0,0,0,0,0,0,0,10000010,10000000,10000000,10000000,10,0
773,2715506000,2716506000,10000000,10000000,0,1000000,634506000,634506000,1000000,1000000,2070000000,2070000000,2071000000,2071000000,2081000000,2082000000,10000000,10000000,0,1000000,0,0,1000000,1000000,2070000000,2070000000,2071000000,2071000000,10000010,91000030,10000000,10000000,10,81000030
803,1996506000,1996506000,10000000,10000000,1000000,1000000,634506000,634506000,1000000,1000000,1350000000,1350000000,1351000000,1351000000,1362000000,1362000000,10000000,10000000,1000000,1000000,0,0,1000000,1000000,1350000000,1350000000,1351000000,1351000000,10000010,28000020,10000000,10000000,10,18000020
833,1346506000,1360506000,10000000,10000000,4000000,18000000,634506000,634506000,18000000,18000000,680000000,680000000,698000000,698000000,712000000,726000000,10000000,10000000,4000000,18000000,0,0,18000000,18000000,680000000,680000000,698000000,698000000,10000010,79000030,10000000,10000000,10,69000030
863,1623506000,1626506000,10000000,10000000,8000000,11000000,634506000,634506000,11000000,11000000,960000000,960000000,971000000,971000000,989000000,992000000,10000000,10000000,8000000,11000000,0,0,11000000,11000000,960000000,960000000,971000000,971000000,10000010,36000040,10000000,10000000,10,26000040
893,680506000,680506000,10000000,10000000,8000000,8000000,634506000,634506000,8000000,8000000,20000000,20000000,28000000,28000000,46000000,46000000,10000000,10000000,8000000,8000000,0,0,8000000,8000000,20000000,20000000,28000000,28000000,10000010,11000010,10000000,10000000,10,1000010
923,2640506000,2641506000,10000000,10000000,18000000,19000000,634506000,634506000,18000000,18000000,1960000000,1960000000,1978000000,1978000000,2006000000,2007000000,10000000,10000000,18000000,19000000,0,0,18000000,18000000,1960000000,1960000000,1978000000,1978000000,10000010,72000010,10000000,10000000,10,62000010
953,785506000,800506000,10000000,10000000,58000000,73000000,634506000,634506000,73000000,73000000,10000000,10000000,83000000,83000000,151000000,166000000,10000000,10000000,58000000,73000000,0,0,73000000,73000000,10000000,10000000,83000000,83000000,10000010,10000000,10000000,10000000,10,0
983,2079506000,4618530000,10000000,10000000,17000000,18000000,634506000,3172530000,18000000,18000000,1400000000,1400000000,1418000000,1418000000,1445000000,1446000000,10000000,10000000,17000000,18000000,0,0,18000000,18000000,1400000000,1400000000,1418000000,1418000000,10000010,33000030,10000000,10000000,10,23000030
1013,3550506000,6121530000,10000000,10000000,8000000,41000000,634506000,3172530000,38000000,38000000,2860000000,2860000000,2898000000,2898000000,2916000000,2949000000,10000000,10000000,8000000,41000000,0,0,38000000,38000000,2860000000,2860000000,2898000000,2898000000,10000010,21000030,10000000,10000000,10,11000030
1043,975506000,2245518000,10000000,10000000,10000000,11000000,634506000,1903518000,11000000,11000000,310000000,310000000,321000000,321000000,341000000,342000000,10000000,10000000,10000000,11000000,0,0,11000000,11000000,310000000,310000000,321000000,321000000,10000010,10000000,10000000,10000000,10,0
1073,723506000,3262530000,10000000,10000000,19000000,20000000,634506000,3172530000,20000000,20000000,40000000,40000000,60000000,60000000,89000000,90000000,10000000,10000000,19000000,20000000,0,0,20000000,20000000,40000000,40000000,60000000,60000000,10000010,10000000,10000000,10000000,10,0
1103,1500506000,5314542000,10000000,10000000,3000000,10000000,634506000,4441542000,3000000,3000000,850000000,850000000,853000000,853000000,866000000,873000000,10000000,10000000,3000000,10000000,0,0,3000000,3000000,850000000,850000000,853000000,853000000,10000010,27000030,10000000,10000000,10,17000030
1133,645506000,1281012000,10000000,10000000,1000000,2000000,634506000,1269012000,0,0,0,0,0,0,11000000,12000000,10000000,10000000,1000000,2000000,0,0,0,0,0,0,0,0,10000010,10000000,10000000,10000000,10,0
1163,653506000,1289012000,10000000,10000000,9000000,10000000,634506000,1269012000,0,0,0,0,0,0,19000000,20000000,10000000,10000000,9000000,10000000,0,0,0,0,0,0,0,0,10000010,10000000,10000000,10000000,10,0
1193,644506000,645506000,10000000,10000000,0,1000000,634506000,634506000,0,0,0,0,0,0,10000000,11000000,10000000,10000000,0,1000000,0,0,0,0,0,0,0,0,10000010,10000000,10000000,10000000,10,0
1223,2897506000,6073036000,10000000,10000000,10000000,13000000,634506000,3807036000,13000000,13000000,2230000000,2230000000,2243000000,2243000000,2263000000,2266000000,10000000,10000000,10000000,13000000,0,0,13000000,13000000,2230000000,2230000000,2243000000,2243000000,10000010,78000040,10000000,10000000,10,68000040
1253,3741506000,4381012000,10000000,10000000,41000000,46000000,634506000,1269012000,46000000,46000000,3010000000,3010000000,3056000000,3056000000,3107000000,3112000000,10000000,10000000,41000000,46000000,0,0,46000000,46000000,3010000000,3010000000,3056000000,3056000000,10000010,125000080,10000000,10000000,10,115000080
1283,701506000,1364012000,10000000,10000000,57000000,85000000,634506000,1269012000,0,0,0,0,0,0,67000000,95000000,10000000,10000000,57000000,85000000,0,0,0,0,0,0,0,0,10000010,10000000,10000000,10000000,10,0
24,3183506000,3184506000,10000000,10000000,19000000,20000000,634506000,634506000,20000000,20000000,2500000000,2500000000,2520000000,2520000000,2549000000,2550000000,10000000,10000000,19000000,20000000,0,0,20000000,20000000,2500000000,2500000000,2520000000,2520000000,10000010,61000030,10000000,10000000,10,51000030
54,2976506000,2978506000,10000000,10000000,10000000,12000000,634506000,634506000,12000000,12000000,2310000000,2310000000,2322000000,2322000000,2342000000,2344000000,10000000,10000000,10000000,12000000,0,0,12000000,12000000,2310000000,2310000000,2322000000,2322000000,10000010,78000040,10000000,10000000,10,68000040
84,3713506000,3714506000,10000000,10000000,19000000,20000000,634506000,634506000,20000000,20000000,3030000000,3030000000,3050000000,3050000000,3079000000,3080000000,10000000,10000000,19000000,20000000,0,0,20000000,20000000,3030000000,3030000000,3050000000,3050000000,10000010,32000010,10000000,10000000,10,22000010
114,2226506000,2226506000,10000000,10000000,1000000,1000000,634506000,634506000,1000000,1000000,1580000000,1580000000,1581000000,1581000000,1592000000,1592000000,10000000,10000000,1000000,1000000,0,0,1000000,1000000,1580000000,1580000000,1581000000,1581000000,10000010,22000030,10000000,10000000,10,12000030
144,3627506000,3660506000,10000000,10000000,10000000,43000000,634506000,634506000,43000000,43000000,2930000000,2930000000,2973000000,2973000000,2993000000,3026000000,10000000,10000000,10000000,43000000,0,0,43000000,43000000,2930000000,2930000000,2973000000,2973000000,10000010,98000050,10000000,10000000,10,88000050
174,2284506000,2284506000,10000000,10000000,20000000,20000000,634506000,634506000,20000000,20000000,1600000000,1600000000,1620000000,1620000000,1650000000,1650000000,10000000,10000000,20000000,20000000,0,0,20000000,20000000,1600000000,1600000000,1620000000,1620000000,10000010,37000040,10000000,10000000,10,27000040
204,2744506000,2744506000,10000000,10000000,20000000,20000000,634506000,634506000,20000000,20000000,2060000000,2060000000,2080000000,2080000000,2110000000,2110000000,10000000,10000000,20000000,20000000,0,0,20000000,20000000,2060000000,2060000000,2080000000,2080000000,10000010,61000030,10000000,10000000,10,51000030
234,2583506000,2584506000,10000000,10000000,19000000,20000000,634506000,634506000,20000000,20000000,1900000000,1900000000,1920000000,1920000000,1949000000,1950000000,10000000,10000000,19000000,20000000,0,0,20000000,20000000,1900000000,1900000000,1920000000,1920000000,10000010,32000010,10000000,10000000,10,22000010
264,2331506000,2332506000,10000000,10000000,8000000,9000000,634506000,634506000,9000000,9000000,1670000000,1670000000,1679000000,1679000000,1697000000,1698000000,10000000,10000000,8000000,9000000,0,0,9000000,9000000,1670000000,1670000000,1679000000,1679000000,10000010,26000040,10000000,10000000,10,16000040
294,2382506000,2382506000,10000000,10000000,9000000,9000000,634506000,634506000,9000000,9000000,1720000000,1720000000,1729000000,1729000000,1748000000,1748000000,10000000,10000000,9000000,9000000,0,0,9000000,9000000,1720000000,1720000000,1729000000,1729000000,10000010,26000040,10000000,10000000,10,16000040
324,3011506000,3012506000,10000000,10000000,8000000,9000000,634506000,634506000,9000000,9000000,2350000000,2350000000,2359000000,2359000000,2377000000,2378000000,10000000,10000000,8000000,9000000,0,0,9000000,9000000,2350000000,2350000000,2359000000,2359000000,10000010,43000020,10000000,10000000,10,33000020
354,690506000,691506000,10000000,10000000,8000000,9000000,634506000,634506000,8000000,8000000,30000000,30000000,38000000,38000000,56000000,57000000,10000000,10000000,8000000,9000000,0,0,8000000,8000000,30000000,30000000,38000000,38000000,10000010,11000010,10000000,10000000,10,1000010
384,2052506000,2052506000,10000000,10000000,9000000,9000000,634506000,634506000,9000000,9000000,1390000000,1390000000,1399000000,1399000000,1418000000,1418000000,10000000,10000000,9000000,9000000,0,0,9000000,9000000,1390000000,1390000000,1399000000,1399000000,10000010,26000030,10000000,10000000,10,16000030
414,2430506000,2430506000,10000000,10000000,13000000,13000000,634506000,634506000,13000000,13000000,1760000000,1760000000,1773000000,1773000000,1796000000,1796000000,10000000,10000000,13000000,13000000,0,0,13000000,13000000,1760000000,1760000000,1773000000,1773000000,10000010,12000010,10000000,10000000,10,2000010
444,2476506000,2476506000,10000000,10000000,11000000,11000000,634506000,634506000,11000000,11000000,1810000000,1810000000,1821000000,1821000000,1842000000,1842000000,10000000,10000000,11000000,11000000,0,0,11000000,11000000,1810000000,1810000000,1821000000,1821000000,10000010,36000040,10000000,10000000,10,26000040
474,1907506000,1908506000,10000000,10000000,11000000,12000000,634506000,634506000,12000000,12000000,1240000000,1240000000,1252000000,1252000000,1273000000,1274000000,10000000,10000000,11000000,12000000,0,0,12000000,12000000,1240000000,1240000000,1252000000,1252000000,10000010,43000020,10000000,10000000,10,33000020
504,3641506000,3644506000,10000000,10000000,37000000,40000000,634506000,634506000,40000000,40000000,2920000000,2920000000,2960000000,2960000000,3007000000,3010000000,10000000,10000000,37000000,40000000,0,0,40000000,40000000,2920000000,2920000000,2960000000,2960000000,10000010,48000040,10000000,10000000,10,38000040
534,2050506000,2050506000,10000000,10000000,18000000,18000000,634506000,634506000,18000000,18000000,1370000000,1370000000,1388000000,1388000000,1416000000,1416000000,10000000,10000000,18000000,18000000,0,0,18000000,18000000,1370000000,1370000000,1388000000,1388000000,10000010,72000010,10000000,10000000,10,62000010
564,1972506000,1980506000,10000000,10000000,10000000,18000000,634506000,634506000,18000000,18000000,1300000000,1300000000,1318000000,1318000000,1338000000,1346000000,10000000,10000000,10000000,18000000,0,0,18000000,18000000,1300000000,1300000000,1318000000,1318000000,10000010,50000010,10000000,10000000,10,40000010
594,1378506000,1378506000,10000000,10000000,7000000,7000000,634506000,634506000,7000000,7000000,720000000,720000000,727000000,727000000,744000000,744000000,10000000,10000000,7000000,7000000,0,0,7000000,7000000,720000000,720000000,727000000,727000000,10000010,18000020,10000000,10000000,10,8000020
624,1503506000,1504506000,10000000,10000000,9000000,10000000,634506000,634506000,10000000,10000000,840000000,840000000,850000000,850000000,869000000,870000000,10000000,10000000,9000000,10000000,0,0,10000000,10000000,840000000,840000000,850000000,850000000,10000010,34000030,10000000,10000000,10,24000030
654,1771506000,1778506000,10000000,10000000,10000000,17000000,634506000,634506000,17000000,17000000,1100000000,1100000000,1117000000,1117000000,1137000000,1144000000,10000000,10000000,10000000,17000000,0,0,17000000,17000000,1100000000,1100000000,1117000000,1117000000,10000010,15000030,10000000,10000000,10,5000030
684,650506000,656506000,10000000,10000000,6000000,12000000,634506000,634506000,0,0,0,0,0,0,16000000,22000000,10000000,10000000,6000000,12000000,0,0,0,0,0,0,0,0,10000010,10000000,10000000,10000000,10,0
714,2399506000,2400506000,10000000,10000000,17000000,18000000,634506000,634506000,18000000,18000000,1720000000,1720000000,1738000000,1738000000,1765000000,1766000000,10000000,10000000,17000000,18000000,0,0,18000000,18000000,1720000000,1720000000,1738000000,1738000000,10000010,31000010,10000000,10000000,10,21000010
744,2005506000,2006506000,10000000,10000000,5000000,6000000,634506000,634506000,6000000,6000000,1350000000,1350000000,1356000000,1356000000,1371000000,1372000000,10000000,10000000,5000000,6000000,0,0,6000000,6000000,1350000000,1350000000,1356000000,1356000000,10000010,92000040,10000000,10000000,10,82000040
774,1696506000,1696506000,10000000,10000000,1000000,1000000,634506000,634506000,1000000,1000000,1050000000,1050000000,1051000000,1051000000,1062000000,1062000000,10000000,10000000,1000000,1000000,0,0,1000000,1000000,1050000000,1050000000,1051000000,1051000000,10000010,91000040,10000000,10000000,10,81000040
804,1996506000,1996506000,10000000,10000000,1000000,1000000,634506000,634506000,1000000,1000000,1350000000,1350000000,1351000000,1351000000,1362000000,1362000000,10000000,10000000,1000000,1000000,0,0,1000000,1000000,1350000000,1350000000,1351000000,1351000000,10000010,28000020,10000000,10000000,10,18000020
834,1314506000,1318506000,10000000,10000000,8000000,12000000,634506000,634506000,12000000,12000000,650000000,650000000,662000000,662000000,680000000,684000000,10000000,10000000,8000000,12000000,0,0,12000000,12000000,650000000,650000000,662000000,662000000,10000010,20000030,10000000,10000000,10,10000030
864,655506000,657506000,10000000,10000000,11000000,13000000,634506000,634506000,0,0,0,0,0,0,21000000,23000000,10000000,10000000,11000000,13000000,0,0,0,0,0,0,0,0,10000010,10000000,10000000,10000000,10,0
894,2230506000,2230506000,10000000,10000000,8000000,8000000,634506000,634506000,8000000,8000000,1570000000,1570000000,1578000000,1578000000,1596000000,1596000000,10000000,10000000,8000000,8000000,0,0,8000000,8000000,1570000000,1570000000,1578000000,1578000000,10000010,16000030,10000000,10000000,10,6000030
924,2640506000,2641506000,10000000,10000000,18000000,19000000,634506000,634506000,18000000,18000000,1960000000,1960000000,1978000000,1978000000,2006000000,2007000000,10000000,10000000,18000000,19000000,0,0,18000000,18000000,1960000000,1960000000,1978000000,1978000000,10000010,72000010,10000000,10000000,10,62000010
954,2908506000,2910506000,10000000,10000000,11000000,13000000,634506000,634506000,13000000,13000000,2240000000,2240000000,2253000000,2253000000,2274000000,2276000000,10000000,10000000,11000000,13000000,0,0,13000000,13000000,2240000000,2240000000,2253000000,2253000000,10000010,79000050,10000000,10000000,10,69000050
984,3776506000,22194180000,10000000,10000000,0,17000000,634506000,19035180000,2000000,2000000,3130000000,3130000000,3132000000,3132000000,3142000000,3159000000,10000000,10000000,0,17000000,0,0,2000000,2000000,3130000000,3130000000,3132000000,3132000000,10000010,77000020,10000000,10000000,10,67000020
1014,6802506000,9982036000,10000000,10000000,37000000,44000000,634506000,3807036000,41000000,41000000,6080000000,6080000000,6121000000,6121000000,6168000000,6175000000,10000000,10000000,37000000,44000000,0,0,41000000,41000000,6080000000,6080000000,6121000000,6121000000,10000010,121000060,10000000,10000000,10,111000060
1044,653506000,655506000,10000000,10000000,9000000,11000000,634506000,634506000,0,0,0,0,0,0,19000000,21000000,10000000,10000000,9000000,11000000,0,0,0,0,0,0,0,0,10000010,10000000,10000000,10000000,10,0
1074,2322506000,6141542000,10000000,10000000,8000000,20000000,634506000,4441542000,20000000,20000000,1650000000,1650000000,1670000000,1670000000,1688000000,1700000000,10000000,10000000,8000000,20000000,0,0,20000000,20000000,1650000000,1650000000,1670000000,1670000000,10000010,10000000,10000000,10000000,10,0
1104,647506000,1283012000,10000000,10000000,3000000,4000000,634506000,1269012000,0,0,0,0,0,0,13000000,14000000,10000000,10000000,3000000,4000000,0,0,0,0,0,0,0,0,10000010,10000000,10000000,10000000,10,0
1134,645506000,1281012000,10000000,10000000,1000000,2000000,634506000,1269012000,0,0,0,0,0,0,11000000,12000000,10000000,10000000,1000000,2000000,0,0,0,0,0,0,0,0,10000010,10000000,10000000,10000000,10,0
1164,680506000,3219530000,10000000,10000000,8000000,9000000,634506000,3172530000,8000000,8000000,20000000,20000000,28000000,28000000,46000000,47000000,10000000,10000000,8000000,9000000,0,0,8000000,8000000,20000000,20000000,28000000,28000000,10000010,10000000,10000000,10000000,10,0
1194,652506000,1288012000,10000000,10000000,8000000,9000000,634506000,1269012000,0,0,0,0,0,0,18000000,19000000,10000000,10000000,8000000,9000000,0,0,0,0,0,0,0,0,10000010,10000000,10000000,10000000,10,0
1224,975506000,2245518000,10000000,10000000,10000000,11000000,634506000,1903518000,11000000,11000000,310000000,310000000,321000000,321000000,341000000,342000000,10000000,10000000,10000000,11000000,0,0,11000000,11000000,310000000,310000000,321000000,321000000,10000010,10000000,10000000,10000000,10,0
1254,3743506000,4383012000,10000000,10000000,42000000,47000000,634506000,1269012000,47000000,47000000,3010000000,3010000000,3057000000,3057000000,3109000000,3114000000,10000000,10000000,42000000,47000000,0,0,47000000,47000000,3010000000,3010000000,3057000000,3057000000,10000010,126000090,10000000,10000000,10,116000090
1284,651506000,1287012000,10000000,10000000,7000000,8000000,634506000,1269012000,0,0,0,0,0,0,17000000,18000000,10000000,10000000,7000000,8000000,0,0,0,0,0,0,0,0,10000010,10000000,10000000,10000000,10,0
25,2781506000,2792506000,10000000,10000000,8000000,19000000,634506000,634506000,19000000,19000000,2110000000,2110000000,2129000000,2129000000,2147000000,2158000000,10000000,10000000,8000000,19000000,0,0,19000000,19000000,2110000000,2110000000,2129000000,2129000000,10000010,32000010,10000000,10000000,10,22000010
55,3075506000,3076506000,10000000,10000000,10000000,11000000,634506000,634506000,11000000,11000000,2410000000,2410000000,2421000000,2421000000,2441000000,2442000000,10000000,10000000,10000000,11000000,0,0,11000000,11000000,2410000000,2410000000,2421000000,2421000000,10000010,78000040,10000000,10000000,10,68000040
85,3713506000,3714506000,10000000,10000000,19000000,20000000,634506000,634506000,20000000,20000000,3030000000,3030000000,3050000000,3050000000,3079000000,3080000000,10000000,10000000,19000000,20000000,0,0,20000000,20000000,3030000000,3030000000,3050000000,3050000000,10000010,32000010,10000000,10000000,10,22000010
115,2226506000,2226506000,10000000,10000000,1000000,1000000,634506000,634506000,1000000,1000000,1580000000,1580000000,1581000000,1581000000,1592000000,1592000000,10000000,10000000,1000000,1000000,0,0,1000000,1000000,1580000000,1580000000,1581000000,1581000000,10000010,22000030,10000000,10000000,10,12000030
145,1802506000,1803506000,10000000,10000000,9000000,10000000,634506000,634506000,9000000,9000000,1140000000,1140000000,1149000000,1149000000,1168000000,1169000000,10000000,10000000,9000000,10000000,0,0,9000000,9000000,1140000000,1140000000,1149000000,1149000000,10000010,50000050,10000000,10000000,10,40000050
175,2284506000,2284506000,10000000,10000000,20000000,20000000,634506000,634506000,20000000,20000000,1600000000,1600000000,1620000000,1620000000,1650000000,1650000000,10000000,10000000,20000000,20000000,0,0,20000000,20000000,1600000000,1600000000,1620000000,1620000000,10000010,37000040,10000000,10000000,10,27000040
205,2473506000,2474506000,10000000,10000000,19000000,20000000,634506000,634506000,20000000,20000000,1790000000,1790000000,1810000000,1810000000,1839000000,1840000000,10000000,10000000,19000000,20000000,0,0,20000000,20000000,1790000000,1790000000,1810000000,1810000000,10000010,33000020,10000000,10000000,10,23000020
235,2883506000,2884506000,10000000,10000000,19000000,20000000,634506000,634506000,20000000,20000000,2200000000,2200000000,2220000000,2220000000,2249000000,2250000000,10000000,10000000,19000000,20000000,0,0,20000000,20000000,2200000000,2200000000,2220000000,2220000000,10000010,32000010,10000000,10000000,10,22000010
265,2331506000,2332506000,10000000,10000000,8000000,9000000,634506000,634506000,9000000,9000000,1670000000,1670000000,1679000000,1679000000,1697000000,1698000000,10000000,10000000,8000000,9000000,0,0,9000000,9000000,1670000000,1670000000,1679000000,1679000000,10000010,26000040,10000000,10000000,10,16000040
295,2155506000,2158506000,10000000,10000000,9000000,12000000,634506000,634506000,12000000,12000000,1490000000,1490000000,1502000000,1502000000,1521000000,1524000000,10000000,10000000,9000000,12000000,0,0,12000000,12000000,1490000000,1490000000,1502000000,1502000000,10000010,29000020,10000000,10000000,10,19000020
325,3151506000,3152506000,10000000,10000000,8000000,9000000,634506000,634506000,9000000,9000000,2490000000,2490000000,2499000000,2499000000,2517000000,2518000000,10000000,10000000,8000000,9000000,0,0,9000000,9000000,2490000000,2490000000,2499000000,2499000000,10000010,26000030,10000000,10000000,10,16000030
355,690506000,691506000,10000000,10000000,8000000,9000000,634506000,634506000,8000000,8000000,30000000,30000000,38000000,38000000,56000000,57000000,10000000,10000000,8000000,9000000,0,0,8000000,8000000,30000000,30000000,38000000,38000000,10000010,11000010,10000000,10000000,10,1000010
385,653506000,661506000,10000000,10000000,9000000,17000000,634506000,634506000,0,0,0,0,0,0,19000000,27000000,10000000,10000000,9000000,17000000,0,0,0,0,0,0,0,0,10000010,10000000,10000000,10000000,10,0
415,3759506000,3760506000,10000000,10000000,12000000,13000000,634506000,634506000,13000000,13000000,3090000000,3090000000,3103000000,3103000000,3125000000,3126000000,10000000,10000000,12000000,13000000,0,0,13000000,13000000,3090000000,3090000000,3103000000,3103000000,10000010,12000010,10000000,10000000,10,2000010
445,3739506000,3740506000,10000000,10000000,12000000,13000000,634506000,634506000,13000000,13000000,3070000000,3070000000,3083000000,3083000000,3105000000,3106000000,10000000,10000000,12000000,13000000,0,0,13000000,13000000,3070000000,3070000000,3083000000,3083000000,10000010,12000010,10000000,10000000,10,2000010
475,3361506000,3362506000,10000000,10000000,3000000,4000000,634506000,634506000,4000000,4000000,2710000000,2710000000,2714000000,2714000000,2727000000,2728000000,10000000,10000000,3000000,4000000,0,0,4000000,4000000,2710000000,2710000000,2714000000,2714000000,10000010,93000050,10000000,10000000,10,83000050
505,3785506000,3786506000,10000000,10000000,40000000,41000000,634506000,634506000,41000000,41000000,3060000000,3060000000,3101000000,3101000000,3151000000,3152000000,10000000,10000000,40000000,41000000,0,0,41000000,41000000,3060000000,3060000000,3101000000,3101000000,10000010,124000070,10000000,10000000,10,114000070
535,2050506000,2050506000,10000000,10000000,18000000,18000000,634506000,634506000,18000000,18000000,1370000000,1370000000,1388000000,1388000000,1416000000,1416000000,10000000,10000000,18000000,18000000,0,0,18000000,18000000,1370000000,1370000000,1388000000,1388000000,10000010,72000010,10000000,10000000,10,62000010
565,2140506000,2140506000,10000000,10000000,18000000,18000000,634506000,634506000,18000000,18000000,1460000000,1460000000,1478000000,1478000000,1506000000,1506000000,10000000,10000000,18000000,18000000,0,0,18000000,18000000,1460000000,1460000000,1478000000,1478000000,10000010,50000010,10000000,10000000,10,40000010
595,3409506000,3410506000,10000000,10000000,7000000,8000000,634506000,634506000,8000000,8000000,2750000000,2750000000,2758000000,2758000000,2775000000,2776000000,10000000,10000000,7000000,8000000,0,0,8000000,8000000,2750000000,2750000000,2758000000,2758000000,10000010,36000040,10000000,10000000,10,26000040
625,2983506000,2984506000,10000000,10000000,9000000,10000000,634506000,634506000,10000000,10000000,2320000000,2320000000,2330000000,2330000000,2349000000,2350000000,10000000,10000000,9000000,10000000,0,0,10000000,10000000,2320000000,2320000000,2330000000,2330000000,10000010,93000020,10000000,10000000,10,83000020
655,2652506000,2653506000,10000000,10000000,9000000,10000000,634506000,634506000,9000000,9000000,1990000000,1990000000,1999000000,1999000000,2018000000,2019000000,10000000,10000000,9000000,10000000,0,0,9000000,9000000,1990000000,1990000000,1999000000,1999000000,10000010,35000040,10000000,10000000,10,25000040
685,2515506000,2516506000,10000000,10000000,5000000,6000000,634506000,634506000,6000000,6000000,1860000000,1860000000,1866000000,1866000000,1881000000,1882000000,10000000,10000000,5000000,6000000,0,0,6000000,6000000,1860000000,1860000000,1866000000,1866000000,10000010,92000040,10000000,10000000,10,82000040
715,2399506000,2400506000,10000000,10000000,17000000,18000000,634506000,634506000,18000000,18000000,1720000000,1720000000,1738000000,1738000000,1765000000,1766000000,10000000,10000000,17000000,18000000,0,0,18000000,18000000,1720000000,1720000000,1738000000,1738000000,10000010,31000010,10000000,10000000,10,21000010
745,1105506000,1116506000,10000000,10000000,5000000,16000000,634506000,634506000,16000000,16000000,440000000,440000000,456000000,456000000,471000000,482000000,10000000,10000000,5000000,16000000,0,0,16000000,16000000,440000000,440000000,456000000,456000000,10000010,78000040,10000000,10000000,10,68000040
775,645506000,646506000,10000000,10000000,1000000,2000000,634506000,634506000,0,0,0,0,0,0,11000000,12000000,10000000,10000000,1000000,2000000,0,0,0,0,0,0,0,0,10000010,10000000,10000000,10000000,10,0
805,1996506000,1996506000,10000000,10000000,1000000,1000000,634506000,634506000,1000000,1000000,1350000000,1350000000,1351000000,1351000000,1362000000,1362000000,10000000,10000000,1000000,1000000,0,0,1000000,1000000,1350000000,1350000000,1351000000,1351000000,10000010,28000020,10000000,10000000,10,18000020
835,1290506000,1290506000,10000000,10000000,8000000,8000000,634506000,634506000,8000000,8000000,630000000,630000000,638000000,638000000,656000000,656000000,10000000,10000000,8000000,8000000,0,0,8000000,8000000,630000000,630000000,638000000,638000000,10000010,22000020,10000000,10000000,10,12000020
865,2909506000,2910506000,10000000,10000000,7000000,8000000,634506000,634506000,8000000,8000000,2250000000,2250000000,2258000000,2258000000,2275000000,2276000000,10000000,10000000,7000000,8000000,0,0,8000000,8000000,2250000000,2250000000,2258000000,2258000000,10000010,95000030,10000000,10000000,10,85000030
895,2240506000,2240506000,10000000,10000000,8000000,8000000,634506000,634506000,8000000,8000000,1580000000,1580000000,1588000000,1588000000,1606000000,1606000000,10000000,10000000,8000000,8000000,0,0,8000000,8000000,1580000000,1580000000,1588000000,1588000000,10000010,16000030,10000000,10000000,10,6000030
925,1861506000,1900506000,10000000,10000000,19000000,58000000,634506000,634506000,58000000,58000000,1140000000,1140000000,1198000000,1198000000,1227000000,1266000000,10000000,10000000,19000000,58000000,0,0,58000000,58000000,1140000000,1140000000,1198000000,1198000000,10000010,72000010,10000000,10000000,10,62000010
955,655506000,657506000,10000000,10000000,11000000,13000000,634506000,634506000,0,0,0,0,0,0,21000000,23000000,10000000,10000000,11000000,13000000,0,0,0,0,0,0,0,0,10000010,10000000,10000000,10000000,10,0
985,663506000,1299012000,10000000,10000000,19000000,20000000,634506000,1269012000,0,0,0,0,0,0,29000000,30000000,10000000,10000000,19000000,20000000,0,0,0,0,0,0,0,0,10000010,10000000,10000000,10000000,10,0
1015,3772506000,5680024000,10000000,10000000,37000000,41000000,634506000,2538024000,41000000,41000000,3050000000,3050000000,3091000000,3091000000,3138000000,3142000000,10000000,10000000,37000000,41000000,0,0,41000000,41000000,3050000000,3050000000,3091000000,3091000000,10000010,121000060,10000000,10000000,10,111000060
1045,2654506000,10285578000,10000000,10000000,0,17000000,634506000,8248578000,10000000,10000000,2000000000,2000000000,2010000000,2010000000,2020000000,2037000000,10000000,10000000,0,17000000,0,0,10000000,10000000,2000000000,2000000000,2010000000,2010000000,10000010,22000030,10000000,10000000,10,12000030
1075,723506000,3897036000,10000000,10000000,19000000,20000000,634506000,3807036000,20000000,20000000,40000000,40000000,60000000,60000000,89000000,90000000,10000000,10000000,19000000,20000000,0,0,20000000,20000000,40000000,40000000,60000000,60000000,10000010,10000000,10000000,10000000,10,0
1105,647506000,648506000,10000000,10000000,3000000,4000000,634506000,634506000,0,0,0,0,0,0,13000000,14000000,10000000,10000000,3000000,4000000,0,0,0,0,0,0,0,0,10000010,10000000,10000000,10000000,10,0
1135,925506000,3464530000,10000000,10000000,0,1000000,634506000,3172530000,1000000,1000000,280000000,280000000,281000000,281000000,291000000,292000000,10000000,10000000,0,1000000,0,0,1000000,1000000,280000000,280000000,281000000,281000000,10000010,10000000,10000000,10000000,10,0
1165,680506000,3219530000,10000000,10000000,8000000,9000000,634506000,3172530000,8000000,8000000,20000000,20000000,28000000,28000000,46000000,47000000,10000000,10000000,8000000,9000000,0,0,8000000,8000000,20000000,20000000,28000000,28000000,10000010,10000000,10000000,10000000,10,0
1195,3776506000,8228048000,10000000,10000000,1000000,11000000,634506000,5076048000,11000000,11000000,3120000000,3120000000,3131000000,3131000000,3142000000,3152000000,10000000,10000000,1000000,11000000,0,0,11000000,11000000,3120000000,3120000000,3131000000,3131000000,10000010,48000050,10000000,10000000,10,38000050
1225,975506000,2245518000,10000000,10000000,10000000,11000000,634506000,1903518000,11000000,11000000,310000000,310000000,321000000,321000000,341000000,342000000,10000000,10000000,10000000,11000000,0,0,11000000,11000000,310000000,310000000,321000000,321000000,10000010,10000000,10000000,10000000,10,0
1255,655506000,657506000,10000000,10000000,11000000,13000000,634506000,634506000,0,0,0,0,0,0,21000000,23000000,10000000,10000000,11000000,13000000,0,0,0,0,0,0,0,0,10000010,10000000,10000000,10000000,10,0
1285,651506000,1287012000,10000000,10000000,7000000,8000000,634506000,1269012000,0,0,0,0,0,0,17000000,18000000,10000000,10000000,7000000,8000000,0,0,0,0,0,0,0,0,10000010,10000000,10000000,10000000,10,0
26,1593506000,1594506000,10000000,10000000,19000000,20000000,634506000,634506000,20000000,20000000,910000000,910000000,930000000,930000000,959000000,960000000,10000000,10000000,19000000,20000000,0,0,20000000,20000000,910000000,910000000,930000000,930000000,10000010,32000010,10000000,10000000,10,22000010
56,654506000,655506000,10000000,10000000,10000000,11000000,634506000,634506000,0,0,0,0,0,0,20000000,21000000,10000000,10000000,10000000,11000000,0,0,0,0,0,0,0,0,10000010,10000000,10000000,10000000,10,0
86,3163506000,3164506000,10000000,10000000,19000000,20000000,634506000,634506000,20000000,20000000,2480000000,2480000000,2500000000,2500000000,2529000000,2530000000,10000000,10000000,19000000,20000000,0,0,20000000,20000000,2480000000,2480000000,2500000000,2500000000,10000010,32000010,10000000,10000000,10,22000010
116,1782506000,1788506000,10000000,10000000,1000000,7000000,634506000,634506000,7000000,7000000,1130000000,1130000000,1137000000,1137000000,1148000000,1154000000,10000000,10000000,1000000,7000000,0,0,7000000,7000000,1130000000,1130000000,1137000000,1137000000,10000010,30000040,10000000,10000000,10,20000040
146,2153506000,2160506000,10000000,10000000,1000000,8000000,634506000,634506000,8000000,8000000,1500000000,1500000000,1508000000,1508000000,1519000000,1526000000,10000000,10000000,1000000,8000000,0,0,8000000,8000000,1500000000,1500000000,1508000000,1508000000,10000010,68000030,10000000,10000000,10,58000030
176,1342506000,1354506000,10000000,10000000,8000000,20000000,634506000,634506000,20000000,20000000,670000000,670000000,690000000,690000000,708000000,720000000,10000000,10000000,8000000,20000000,0,0,20000000,20000000,670000000,670000000,690000000,690000000,10000010,33000020,10000000,10000000,10,23000020
206,1114506000,1114506000,10000000,10000000,20000000,20000000,634506000,634506000,20000000,20000000,430000000,430000000,450000000,450000000,480000000,480000000,10000000,10000000,20000000,20000000,0,0,20000000,20000000,430000000,430000000,450000000,450000000,10000010,11000010,10000000,10000000,10,1000010
236,2883506000,2884506000,10000000,10000000,19000000,20000000,634506000,634506000,20000000,20000000,2200000000,2200000000,2220000000,2220000000,2249000000,2250000000,10000000,10000000,19000000,20000000,0,0,20000000,20000000,2200000000,2200000000,2220000000,2220000000,10000010,32000010,10000000,10000000,10,22000010
266,1190506000,1191506000,10000000,10000000,8000000,9000000,634506000,634506000,8000000,8000000,530000000,530000000,538000000,538000000,556000000,557000000,10000000,10000000,8000000,9000000,0,0,8000000,8000000,530000000,530000000,538000000,538000000,10000010,25000030,10000000,10000000,10,15000030
296,2155506000,2158506000,10000000,10000000,9000000,12000000,634506000,634506000,12000000,12000000,1490000000,1490000000,1502000000,1502000000,1521000000,1524000000,10000000,10000000,9000000,12000000,0,0,12000000,12000000,1490000000,1490000000,1502000000,1502000000,10000010,29000020,10000000,10000000,10,19000020
326,1226506000,1233506000,10000000,10000000,1000000,8000000,634506000,634506000,1000000,1000000,580000000,580000000,581000000,581000000,592000000,599000000,10000000,10000000,1000000,8000000,0,0,1000000,1000000,580000000,580000000,581000000,581000000,10000010,22000020,10000000,10000000,10,12000020
356,690506000,691506000,10000000,10000000,8000000,9000000,634506000,634506000,8000000,8000000,30000000,30000000,38000000,38000000,56000000,57000000,10000000,10000000,8000000,9000000,0,0,8000000,8000000,30000000,30000000,38000000,38000000,10000010,11000010,10000000,10000000,10,1000010
386,1922506000,1922506000,10000000,10000000,9000000,9000000,634506000,634506000,9000000,9000000,1260000000,1260000000,1269000000,1269000000,1288000000,1288000000,10000000,10000000,9000000,9000000,0,0,9000000,9000000,1260000000,1260000000,1269000000,1269000000,10000010,26000030,10000000,10000000,10,16000030
416,3719506000,3720506000,10000000,10000000,12000000,13000000,634506000,634506000,13000000,13000000,3050000000,3050000000,3063000000,3063000000,3085000000,3086000000,10000000,10000000,12000000,13000000,0,0,13000000,13000000,3050000000,3050000000,3063000000,3063000000,10000010,12000010,10000000,10000000,10,2000010
446,3729506000,3730506000,10000000,10000000,12000000,13000000,634506000,634506000,13000000,13000000,3060000000,3060000000,3073000000,3073000000,3095000000,3096000000,10000000,10000000,12000000,13000000,0,0,13000000,13000000,3060000000,3060000000,3073000000,3073000000,10000010,12000010,10000000,10000000,10,2000010
476,3352506000,3352506000,10000000,10000000,4000000,4000000,634506000,634506000,4000000,4000000,2700000000,2700000000,2704000000,2704000000,2718000000,2718000000,10000000,10000000,4000000,4000000,0,0,4000000,4000000,2700000000,2700000000,2704000000,2704000000,10000010,25000040,10000000,10000000,10,15000040
506,3489506000,3518506000,10000000,10000000,8000000,37000000,634506000,634506000,37000000,37000000,2800000000,2800000000,2837000000,2837000000,2855000000,2884000000,10000000,10000000,8000000,37000000,0,0,37000000,37000000,2800000000,2800000000,2837000000,2837000000,10000010,13000010,10000000,10000000,10,3000010
536,1509506000,1510506000,10000000,10000000,17000000,18000000,634506000,634506000,18000000,18000000,830000000,830000000,848000000,848000000,875000000,876000000,10000000,10000000,17000000,18000000,0,0,18000000,18000000,830000000,830000000,848000000,848000000,10000010,31000010,10000000,10000000,10,21000010
566,1799506000,1838506000,10000000,10000000,18000000,57000000,634506000,634506000,57000000,57000000,1080000000,1080000000,1137000000,1137000000,1165000000,1204000000,10000000,10000000,18000000,57000000,0,0,57000000,57000000,1080000000,1080000000,1137000000,1137000000,10000010,38000010,10000000,10000000,10,28000010
596,3409506000,3410506000,10000000,10000000,7000000,8000000,634506000,634506000,8000000,8000000,2750000000,2750000000,2758000000,2758000000,2775000000,2776000000,10000000,10000000,7000000,8000000,0,0,8000000,8000000,2750000000,2750000000,2758000000,2758000000,10000010,36000040,10000000,10000000,10,26000040
626,2983506000,2984506000,10000000,10000000,9000000,10000000,634506000,634506000,10000000,10000000,2320000000,2320000000,2330000000,2330000000,2349000000,2350000000,10000000,10000000,9000000,10000000,0,0,10000000,10000000,2320000000,2320000000,2330000000,2330000000,10000010,93000020,10000000,10000000,10,83000020
656,1920506000,1922506000,10000000,10000000,8000000,10000000,634506000,634506000,8000000,8000000,1260000000,1260000000,1268000000,1268000000,1286000000,1288000000,10000000,10000000,8000000,10000000,0,0,8000000,8000000,1260000000,1260000000,1268000000,1268000000,10000010,94000030,10000000,10000000,10,84000030
686,2456506000,2456506000,10000000,10000000,6000000,6000000,634506000,634506000,6000000,6000000,1800000000,1800000000,1806000000,1806000000,1822000000,1822000000,10000000,10000000,6000000,6000000,0,0,6000000,6000000,1800000000,1800000000,1806000000,1806000000,10000010,92000030,10000000,10000000,10,82000030
716,2399506000,2400506000,10000000,10000000,17000000,18000000,634506000,634506000,18000000,18000000,1720000000,1720000000,1738000000,1738000000,1765000000,1766000000,10000000,10000000,17000000,18000000,0,0,18000000,18000000,1720000000,1720000000,1738000000,1738000000,10000010,31000010,10000000,10000000,10,21000010
746,1542506000,1542506000,10000000,10000000,9000000,9000000,634506000,634506000,9000000,9000000,880000000,880000000,889000000,889000000,908000000,908000000,10000000,10000000,9000000,9000000,0,0,9000000,9000000,880000000,880000000,889000000,889000000,10000010,26000040,10000000,10000000,10,16000040
776,2354506000,2362506000,10000000,10000000,1000000,9000000,634506000,634506000,9000000,9000000,1700000000,1700000000,1709000000,1709000000,1720000000,1728000000,10000000,10000000,1000000,9000000,0,0,9000000,9000000,1700000000,1700000000,1709000000,1709000000,10000010,92000040,10000000,10000000,10,82000040
806,1996506000,1996506000,10000000,10000000,1000000,1000000,634506000,634506000,1000000,1000000,1350000000,1350000000,1351000000,1351000000,1362000000,1362000000,10000000,10000000,1000000,1000000,0,0,1000000,1000000,1350000000,1350000000,1351000000,1351000000,10000010,28000020,10000000,10000000,10,18000020
836,960506000,960506000,10000000,10000000,8000000,8000000,634506000,634506000,8000000,8000000,300000000,300000000,308000000,308000000,326000000,326000000,10000000,10000000,8000000,8000000,0,0,8000000,8000000,300000000,300000000,308000000,308000000,10000010,20000030,10000000,10000000,10,10000030
866,2909506000,2910506000,10000000,10000000,7000000,8000000,634506000,634506000,8000000,8000000,2250000000,2250000000,2258000000,2258000000,2275000000,2276000000,10000000,10000000,7000000,8000000,0,0,8000000,8000000,2250000000,2250000000,2258000000,2258000000,10000010,95000030,10000000,10000000,10,85000030
896,2160506000,2160506000,10000000,10000000,8000000,8000000,634506000,634506000,8000000,8000000,1500000000,1500000000,1508000000,1508000000,1526000000,1526000000,10000000,10000000,8000000,8000000,0,0,8000000,8000000,1500000000,1500000000,1508000000,1508000000,10000010,13000010,10000000,10000000,10,3000010
926,2040506000,2041506000,10000000,10000000,18000000,19000000,634506000,634506000,18000000,18000000,1360000000,1360000000,1378000000,1378000000,1406000000,1407000000,10000000,10000000,18000000,19000000,0,0,18000000,18000000,1360000000,1360000000,1378000000,1378000000,10000010,72000010,10000000,10000000,10,62000010
956,3455506000,3456506000,10000000,10000000,80000000,81000000,634506000,634506000,81000000,81000000,2650000000,2650000000,2731000000,2731000000,2821000000,2822000000,10000000,10000000,80000000,81000000,0,0,81000000,81000000,2650000000,2650000000,2731000000,2731000000,10000010,143000040,10000000,10000000,10,133000040
986,3615506000,5554024000,10000000,10000000,8000000,43000000,634506000,2538024000,43000000,43000000,2920000000,2920000000,2963000000,2963000000,2981000000,3016000000,10000000,10000000,8000000,43000000,0,0,43000000,43000000,2920000000,2920000000,2963000000,2963000000,10000010,96000040,10000000,10000000,10,86000040
1016,681506000,685506000,10000000,10000000,37000000,41000000,634506000,634506000,0,0,0,0,0,0,47000000,51000000,10000000,10000000,37000000,41000000,0,0,0,0,0,0,0,0,10000010,10000000,10000000,10000000,10,0
1046,653506000,1923518000,10000000,10000000,9000000,10000000,634506000,1903518000,0,0,0,0,0,0,19000000,20000000,10000000,10000000,9000000,10000000,0,0,0,0,0,0,0,0,10000010,10000000,10000000,10000000,10,0
1076,1680506000,5489542000,10000000,10000000,18000000,20000000,634506000,4441542000,18000000,18000000,1000000000,1000000000,1018000000,1018000000,1046000000,1048000000,10000000,10000000,18000000,20000000,0,0,18000000,18000000,1000000000,1000000000,1018000000,1018000000,10000010,73000020,10000000,10000000,10,63000020
1106,1335506000,2619518000,10000000,10000000,3000000,18000000,634506000,1903518000,18000000,18000000,670000000,670000000,688000000,688000000,701000000,716000000,10000000,10000000,3000000,18000000,0,0,18000000,18000000,670000000,670000000,688000000,688000000,10000010,79000030,10000000,10000000,10,69000030
1136,645506000,1281012000,10000000,10000000,1000000,2000000,634506000,1269012000,0,0,0,0,0,0,11000000,12000000,10000000,10000000,1000000,2000000,0,0,0,0,0,0,0,0,10000010,10000000,10000000,10000000,10,0
1166,3747506000,4385012000,10000000,10000000,40000000,43000000,634506000,1269012000,43000000,43000000,3020000000,3020000000,3063000000,3063000000,3113000000,3116000000,10000000,10000000,40000000,43000000,0,0,43000000,43000000,3020000000,3020000000,3063000000,3063000000,10000010,124000070,10000000,10000000,10,114000070
1196,3064506000,8149554000,10000000,10000000,1000000,10000000,634506000,5710554000,9000000,9000000,2410000000,2410000000,2419000000,2419000000,2430000000,2439000000,10000000,10000000,1000000,10000000,0,0,9000000,9000000,2410000000,2410000000,2419000000,2419000000,10000010,49000030,10000000,10000000,10,39000030
1226,975506000,2882024000,10000000,10000000,10000000,13000000,634506000,2538024000,11000000,11000000,310000000,310000000,321000000,321000000,341000000,344000000,10000000,10000000,10000000,13000000,0,0,11000000,11000000,310000000,310000000,321000000,321000000,10000010,10000000,10000000,10000000,10,0
1256,1090506000,2996024000,10000000,10000000,17000000,19000000,634506000,2538024000,19000000,19000000,410000000,410000000,429000000,429000000,456000000,458000000,10000000,10000000,17000000,19000000,0,0,19000000,19000000,410000000,410000000,429000000,429000000,10000010,10000000,10000000,10000000,10,0
1286,662506000,664506000,10000000,10000000,18000000,20000000,634506000,634506000,0,0,0,0,0,0,28000000,30000000,10000000,10000000,18000000,20000000,0,0,0,0,0,0,0,0,10000010,10000000,10000000,10000000,10,0
27,2581506000,2592506000,10000000,10000000,8000000,19000000,634506000,634506000,19000000,19000000,1910000000,1910000000,1929000000,1929000000,1947000000,1958000000,10000000,10000000,8000000,19000000,0,0,19000000,19000000,1910000000,1910000000,1929000000,1929000000,10000010,33000020,10000000,10000000,10,23000020
57,2976506000,2978506000,10000000,10000000,10000000,12000000,634506000,634506000,12000000,12000000,2310000000,2310000000,2322000000,2322000000,2342000000,2344000000,10000000,10000000,10000000,12000000,0,0,12000000,12000000,2310000000,2310000000,2322000000,2322000000,10000010,78000040,10000000,10000000,10,68000040
87,1212506000,1222506000,10000000,10000000,9000000,19000000,634506000,634506000,9000000,9000000,550000000,550000000,559000000,559000000,578000000,588000000,10000000,10000000,9000000,19000000,0,0,9000000,9000000,550000000,550000000,559000000,559000000,10000010,32000010,10000000,10000000,10,22000010
117,1506506000,1506506000,10000000,10000000,1000000,1000000,634506000,634506000,1000000,1000000,860000000,860000000,861000000,861000000,872000000,872000000,10000000,10000000,1000000,1000000,0,0,1000000,1000000,860000000,860000000,861000000,861000000,10000010,29000030,10000000,10000000,10,19000030
147,1680506000,1680506000,10000000,10000000,8000000,8000000,634506000,634506000,8000000,8000000,1020000000,1020000000,1028000000,1028000000,1046000000,1046000000,10000000,10000000,8000000,8000000,0,0,8000000,8000000,1020000000,1020000000,1028000000,1028000000,10000010,35000030,10000000,10000000,10,25000030
177,3063506000,3074506000,10000000,10000000,9000000,20000000,634506000,634506000,20000000,20000000,2390000000,2390000000,2410000000,2410000000,2429000000,2440000000,10000000,10000000,9000000,20000000,0,0,20000000,20000000,2390000000,2390000000,2410000000,2410000000,10000010,27000030,10000000,10000000,10,17000030
207,1114506000,1114506000,10000000,10000000,20000000,20000000,634506000,634506000,20000000,20000000,430000000,430000000,450000000,450000000,480000000,480000000,10000000,10000000,20000000,20000000,0,0,20000000,20000000,430000000,430000000,450000000,450000000,10000010,11000010,10000000,10000000,10,1000010
237,2883506000,2884506000,10000000,10000000,19000000,20000000,634506000,634506000,20000000,20000000,2200000000,2200000000,2220000000,2220000000,2249000000,2250000000,10000000,10000000,19000000,20000000,0,0,20000000,20000000,2200000000,2200000000,2220000000,2220000000,10000010,32000010,10000000,10000000,10,22000010
267,2331506000,2332506000,10000000,10000000,8000000,9000000,634506000,634506000,9000000,9000000,1670000000,1670000000,1679000000,1679000000,1697000000,1698000000,10000000,10000000,8000000,9000000,0,0,9000000,9000000,1670000000,1670000000,1679000000,1679000000,10000010,26000040,10000000,10000000,10,16000040
297,720506000,721506000,10000000,10000000,8000000,9000000,634506000,634506000,8000000,8000000,60000000,60000000,68000000,68000000,86000000,87000000,10000000,10000000,8000000,9000000,0,0,8000000,8000000,60000000,60000000,68000000,68000000,10000010,12000010,10000000,10000000,10,2000010
327,3581506000,3582506000,10000000,10000000,8000000,9000000,634506000,634506000,9000000,9000000,2920000000,2920000000,2929000000,2929000000,2947000000,2948000000,10000000,10000000,8000000,9000000,0,0,9000000,9000000,2920000000,2920000000,2929000000,2929000000,10000010,43000020,10000000,10000000,10,33000020
357,690506000,691506000,10000000,10000000,8000000,9000000,634506000,634506000,8000000,8000000,30000000,30000000,38000000,38000000,56000000,57000000,10000000,10000000,8000000,9000000,0,0,8000000,8000000,30000000,30000000,38000000,38000000,10000010,11000010,10000000,10000000,10,1000010
387,1962506000,1962506000,10000000,10000000,9000000,9000000,634506000,634506000,9000000,9000000,1300000000,1300000000,1309000000,1309000000,1328000000,1328000000,10000000,10000000,9000000,9000000,0,0,9000000,9000000,1300000000,1300000000,1309000000,1309000000,10000010,26000030,10000000,10000000,10,16000030
417,3729506000,3730506000,10000000,10000000,12000000,13000000,634506000,634506000,13000000,13000000,3060000000,3060000000,3073000000,3073000000,3095000000,3096000000,10000000,10000000,12000000,13000000,0,0,13000000,13000000,3060000000,3060000000,3073000000,3073000000,10000010,12000010,10000000,10000000,10,2000010
447,3719506000,3720506000,10000000,10000000,12000000,13000000,634506000,634506000,13000000,13000000,3050000000,3050000000,3063000000,3063000000,3085000000,3086000000,10000000,10000000,12000000,13000000,0,0,13000000,13000000,3050000000,3050000000,3063000000,3063000000,10000010,12000010,10000000,10000000,10,2000010
477,1510506000,1517506000,10000000,10000000,3000000,10000000,634506000,634506000,3000000,3000000,860000000,860000000,863000000,863000000,876000000,883000000,10000000,10000000,3000000,10000000,0,0,3000000,3000000,860000000,860000000,863000000,863000000,10000010,28000030,10000000,10000000,10,18000030
507,3599506000,3600506000,10000000,10000000,7000000,8000000,634506000,634506000,8000000,8000000,2940000000,2940000000,2948000000,2948000000,2965000000,2966000000,10000000,10000000,7000000,8000000,0,0,8000000,8000000,2940000000,2940000000,2948000000,2948000000,10000010,46000030,10000000,10000000,10,36000030
537,2050506000,2050506000,10000000,10000000,18000000,18000000,634506000,634506000,18000000,18000000,1370000000,1370000000,1388000000,1388000000,1416000000,1416000000,10000000,10000000,18000000,18000000,0,0,18000000,18000000,1370000000,1370000000,1388000000,1388000000,10000010,72000010,10000000,10000000,10,62000010
567,690506000,690506000,10000000,10000000,18000000,18000000,634506000,634506000,18000000,18000000,10000000,10000000,28000000,28000000,56000000,56000000,10000000,10000000,18000000,18000000,0,0,18000000,18000000,10000000,10000000,28000000,28000000,10000010,10000000,10000000,10000000,10,0
597,3409506000,3410506000,10000000,10000000,7000000,8000000,634506000,634506000,8000000,8000000,2750000000,2750000000,2758000000,2758000000,2775000000,2776000000,10000000,10000000,7000000,8000000,0,0,8000000,8000000,2750000000,2750000000,2758000000,2758000000,10000010,36000040,10000000,10000000,10,26000040
627,2983506000,2984506000,10000000,10000000,9000000,10000000,634506000,634506000,10000000,10000000,2320000000,2320000000,2330000000,2330000000,2349000000,2350000000,10000000,10000000,9000000,10000000,0,0,10000000,10000000,2320000000,2320000000,2330000000,2330000000,10000010,93000020,10000000,10000000,10,83000020
657,2514506000,2514506000,10000000,10000000,10000000,10000000,634506000,634506000,10000000,10000000,1850000000,1850000000,1860000000,1860000000,1880000000,1880000000,10000000,10000000,10000000,10000000,0,0,10000000,10000000,1850000000,1850000000,1860000000,1860000000,10000010,52000020,10000000,10000000,10,42000020
687,1523506000,1524506000,10000000,10000000,19000000,20000000,634506000,634506000,20000000,20000000,840000000,840000000,860000000,860000000,889000000,890000000,10000000,10000000,19000000,20000000,0,0,20000000,20000000,840000000,840000000,860000000,860000000,10000010,12000010,10000000,10000000,10,2000010
717,1999506000,2000506000,10000000,10000000,17000000,18000000,634506000,634506000,18000000,18000000,1320000000,1320000000,1338000000,1338000000,1365000000,1366000000,10000000,10000000,17000000,18000000,0,0,18000000,18000000,1320000000,1320000000,1338000000,1338000000,10000010,31000010,10000000,10000000,10,21000010
747,1912506000,1914506000,10000000,10000000,9000000,11000000,634506000,634506000,9000000,9000000,1250000000,1250000000,1259000000,1259000000,1278000000,1280000000,10000000,10000000,9000000,11000000,0,0,9000000,9000000,1250000000,1250000000,1259000000,1259000000,10000010,67000040,10000000,10000000,10,57000040
777,716506000,716506000,10000000,10000000,1000000,1000000,634506000,634506000,1000000,1000000,70000000,70000000,71000000,71000000,82000000,82000000,10000000,10000000,1000000,1000000,0,0,1000000,1000000,70000000,70000000,71000000,71000000,10000010,11000010,10000000,10000000,10,1000010
807,2064506000,2072506000,10000000,10000000,1000000,9000000,634506000,634506000,9000000,9000000,1410000000,1410000000,1419000000,1419000000,1430000000,1438000000,10000000,10000000,1000000,9000000,0,0,9000000,9000000,1410000000,1410000000,1419000000,1419000000,10000010,68000030,10000000,10000000,10,58000030
837,960506000,960506000,10000000,10000000,8000000,8000000,634506000,634506000,8000000,8000000,300000000,300000000,308000000,308000000,326000000,326000000,10000000,10000000,8000000,8000000,0,0,8000000,8000000,300000000,300000000,308000000,308000000,10000010,20000030,10000000,10000000,10,10000030
867,2919506000,2920506000,10000000,10000000,7000000,8000000,634506000,634506000,8000000,8000000,2260000000,2260000000,2268000000,2268000000,2285000000,2286000000,10000000,10000000,7000000,8000000,0,0,8000000,8000000,2260000000,2260000000,2268000000,2268000000,10000010,95000030,10000000,10000000,10,85000030
897,2240506000,2240506000,10000000,10000000,8000000,8000000,634506000,634506000,8000000,8000000,1580000000,1580000000,1588000000,1588000000,1606000000,1606000000,10000000,10000000,8000000,8000000,0,0,8000000,8000000,1580000000,1580000000,1588000000,1588000000,10000010,16000030,10000000,10000000,10,6000030
927,1861506000,1900506000,10000000,10000000,19000000,58000000,634506000,634506000,58000000,58000000,1140000000,1140000000,1198000000,1198000000,1227000000,1266000000,10000000,10000000,19000000,58000000,0,0,58000000,58000000,1140000000,1140000000,1198000000,1198000000,10000010,72000010,10000000,10000000,10,62000010
957,3757506000,3758506000,10000000,10000000,46000000,47000000,634506000,634506000,47000000,47000000,3020000000,3020000000,3067000000,3067000000,3123000000,3124000000,10000000,10000000,46000000,47000000,0,0,47000000,47000000,3020000000,3020000000,3067000000,3067000000,10000010,130000100,10000000,10000000,10,120000100
987,3394506000,11652084000,10000000,10000000,1000000,10000000,634506000,8883084000,9000000,9000000,2740000000,2740000000,2749000000,2749000000,2760000000,2769000000,10000000,10000000,1000000,10000000,0,0,9000000,9000000,2740000000,2740000000,2749000000,2749000000,10000010,91000040,10000000,10000000,10,81000040
1017,3538506000,6990518000,10000000,10000000,7000000,37000000,634506000,1903518000,37000000,40000000,2850000000,5000000000,2887000000,5040000000,2904000000,5087000000,10000000,10000000,7000000,37000000,0,0,37000000,40000000,2850000000,5000000000,2887000000,5040000000,10000010,37000040,10000000,10000000,10,27000040
1047,3521506000,13684602000,10000000,10000000,7000000,18000000,634506000,10786602000,10000000,10000000,2860000000,2860000000,2870000000,2870000000,2887000000,2898000000,10000000,10000000,7000000,18000000,0,0,10000000,10000000,2860000000,2860000000,2870000000,2870000000,10000010,74000030,10000000,10000000,10,64000030
1077,723506000,3897036000,10000000,10000000,19000000,20000000,634506000,3807036000,20000000,20000000,40000000,40000000,60000000,60000000,89000000,90000000,10000000,10000000,19000000,20000000,0,0,20000000,20000000,40000000,40000000,60000000,60000000,10000010,10000000,10000000,10000000,10,0
1107,647506000,1283012000,10000000,10000000,3000000,4000000,634506000,1269012000,0,0,0,0,0,0,13000000,14000000,10000000,10000000,3000000,4000000,0,0,0,0,0,0,0,0,10000010,10000000,10000000,10000000,10,0
1137,925506000,3464530000,10000000,10000000,0,1000000,634506000,3172530000,1000000,1000000,280000000,280000000,281000000,281000000,291000000,292000000,10000000,10000000,0,1000000,0,0,1000000,1000000,280000000,280000000,281000000,281000000,10000010,10000000,10000000,10000000,10,0
1167,1467506000,2103012000,10000000,10000000,1000000,2000000,634506000,1269012000,2000000,2000000,820000000,820000000,822000000,822000000,833000000,834000000,10000000,10000000,1000000,2000000,0,0,2000000,2000000,820000000,820000000,822000000,822000000,10000010,10000000,10000000,10000000,10,0
1197,1102506000,2378518000,10000000,10000000,4000000,11000000,634506000,1903518000,4000000,4000000,450000000,450000000,454000000,454000000,468000000,475000000,10000000,10000000,4000000,11000000,0,0,4000000,4000000,450000000,450000000,454000000,454000000,10000010,10000000,10000000,10000000,10,0
1227,975506000,2245518000,10000000,10000000,10000000,11000000,634506000,1903518000,11000000,11000000,310000000,310000000,321000000,321000000,341000000,342000000,10000000,10000000,10000000,11000000,0,0,11000000,11000000,310000000,310000000,321000000,321000000,10000010,10000000,10000000,10000000,10,0
1257,652506000,1289012000,10000000,10000000,8000000,10000000,634506000,1269012000,0,0,0,0,0,0,18000000,20000000,10000000,10000000,8000000,10000000,0,0,0,0,0,0,0,0,10000010,10000000,10000000,10000000,10,0
1287,682506000,686506000,10000000,10000000,38000000,42000000,634506000,634506000,0,0,0,0,0,0,48000000,52000000,10000000,10000000,38000000,42000000,0,0,0,0,0,0,0,0,10000010,10000000,10000000,10000000,10,0
28,1532506000,1532506000,10000000,10000000,19000000,19000000,634506000,634506000,19000000,19000000,850000000,850000000,869000000,869000000,898000000,898000000,10000000,10000000,19000000,19000000,0,0,19000000,19000000,850000000,850000000,869000000,869000000,10000010,32000010,10000000,10000000,10,22000010
58,3725506000,3726506000,10000000,10000000,10000000,11000000,634506000,634506000,11000000,11000000,3060000000,3060000000,3071000000,3071000000,3091000000,3092000000,10000000,10000000,10000000,11000000,0,0,11000000,11000000,3060000000,3060000000,3071000000,3071000000,10000010,56000040,10000000,10000000,10,46000040
88,1603506000,1604506000,10000000,10000000,19000000,20000000,634506000,634506000,20000000,20000000,920000000,920000000,940000000,940000000,969000000,970000000,10000000,10000000,19000000,20000000,0,0,20000000,20000000,920000000,920000000,940000000,940000000,10000010,32000010,10000000,10000000,10,22000010
118,3767506000,3768506000,10000000,10000000,1000000,2000000,634506000,634506000,2000000,2000000,3120000000,3120000000,3122000000,3122000000,3133000000,3134000000,10000000,10000000,1000000,2000000,0,0,2000000,2000000,3120000000,3120000000,3122000000,3122000000,10000010,92000030,10000000,10000000,10,82000030
148,1680506000,1680506000,10000000,10000000,8000000,8000000,634506000,634506000,8000000,8000000,1020000000,1020000000,1028000000,1028000000,1046000000,1046000000,10000000,10000000,8000000,8000000,0,0,8000000,8000000,1020000000,1020000000,1028000000,1028000000,10000010,35000030,10000000,10000000,10,25000030
178,2284506000,2284506000,10000000,10000000,20000000,20000000,634506000,634506000,20000000,20000000,1600000000,1600000000,1620000000,1620000000,1650000000,1650000000,10000000,10000000,20000000,20000000,0,0,20000000,20000000,1600000000,1600000000,1620000000,1620000000,10000010,37000040,10000000,10000000,10,27000040
208,1114506000,1114506000,10000000,10000000,20000000,20000000,634506000,634506000,20000000,20000000,430000000,430000000,450000000,450000000,480000000,480000000,10000000,10000000,20000000,20000000,0,0,20000000,20000000,430000000,430000000,450000000,450000000,10000010,11000010,10000000,10000000,10,1000010
238,2331506000,2332506000,10000000,10000000,8000000,9000000,634506000,634506000,9000000,9000000,1670000000,1670000000,1679000000,1679000000,1697000000,1698000000,10000000,10000000,8000000,9000000,0,0,9000000,9000000,1670000000,1670000000,1679000000,1679000000,10000010,26000040,10000000,10000000,10,16000040
268,720506000,720506000,10000000,10000000,8000000,8000000,634506000,634506000,8000000,8000000,60000000,60000000,68000000,68000000,86000000,86000000,10000000,10000000,8000000,8000000,0,0,8000000,8000000,60000000,60000000,68000000,68000000,10000010,11000010,10000000,10000000,10,1000010
298,2382506000,2382506000,10000000,10000000,9000000,9000000,634506000,634506000,9000000,9000000,1720000000,1720000000,1729000000,1729000000,1748000000,1748000000,10000000,10000000,9000000,9000000,0,0,9000000,9000000,1720000000,1720000000,1729000000,1729000000,10000010,26000040,10000000,10000000,10,16000040
328,3061506000,3062506000,10000000,10000000,8000000,9000000,634506000,634506000,9000000,9000000,2400000000,2400000000,2409000000,2409000000,2427000000,2428000000,10000000,10000000,8000000,9000000,0,0,9000000,9000000,2400000000,2400000000,2409000000,2409000000,10000010,43000020,10000000,10000000,10,33000020
358,690506000,691506000,10000000,10000000,8000000,9000000,634506000,634506000,8000000,8000000,30000000,30000000,38000000,38000000,56000000,57000000,10000000,10000000,8000000,9000000,0,0,8000000,8000000,30000000,30000000,38000000,38000000,10000010,11000010,10000000,10000000,10,1000010
388,1962506000,1962506000,10000000,10000000,9000000,9000000,634506000,634506000,9000000,9000000,1300000000,1300000000,1309000000,1309000000,1328000000,1328000000,10000000,10000000,9000000,9000000,0,0,9000000,9000000,1300000000,1300000000,1309000000,1309000000,10000010,26000030,10000000,10000000,10,16000030
418,3739506000,3740506000,10000000,10000000,12000000,13000000,634506000,634506000,13000000,13000000,3070000000,3070000000,3083000000,3083000000,3105000000,3106000000,10000000,10000000,12000000,13000000,0,0,13000000,13000000,3070000000,3070000000,3083000000,3083000000,10000010,12000010,10000000,10000000,10,2000010
448,3739506000,3740506000,10000000,10000000,12000000,13000000,634506000,634506000,13000000,13000000,3070000000,3070000000,3083000000,3083000000,3105000000,3106000000,10000000,10000000,12000000,13000000,0,0,13000000,13000000,3070000000,3070000000,3083000000,3083000000,10000010,12000010,10000000,10000000,10,2000010
478,3361506000,3362506000,10000000,10000000,3000000,4000000,634506000,634506000,4000000,4000000,2710000000,2710000000,2714000000,2714000000,2727000000,2728000000,10000000,10000000,3000000,4000000,0,0,4000000,4000000,2710000000,2710000000,2714000000,2714000000,10000010,93000050,10000000,10000000,10,83000050
508,3539506000,3568506000,10000000,10000000,8000000,37000000,634506000,634506000,37000000,37000000,2850000000,2850000000,2887000000,2887000000,2905000000,2934000000,10000000,10000000,8000000,37000000,0,0,37000000,37000000,2850000000,2850000000,2887000000,2887000000,10000010,20000040,10000000,10000000,10,10000040
538,2050506000,2050506000,10000000,10000000,18000000,18000000,634506000,634506000,18000000,18000000,1370000000,1370000000,1388000000,1388000000,1416000000,1416000000,10000000,10000000,18000000,18000000,0,0,18000000,18000000,1370000000,1370000000,1388000000,1388000000,10000010,72000010,10000000,10000000,10,62000010
568,2225506000,2234506000,10000000,10000000,1000000,10000000,634506000,634506000,10000000,10000000,1570000000,1570000000,1580000000,1580000000,1591000000,1600000000,10000000,10000000,1000000,10000000,0,0,10000000,10000000,1570000000,1570000000,1580000000,1580000000,10000010,59000020,10000000,10000000,10,49000020
598,2789506000,2790506000,10000000,10000000,7000000,8000000,634506000,634506000,8000000,8000000,2130000000,2130000000,2138000000,2138000000,2155000000,2156000000,10000000,10000000,7000000,8000000,0,0,8000000,8000000,2130000000,2130000000,2138000000,2138000000,10000010,33000030,10000000,10000000,10,23000030
628,3303506000,3304506000,10000000,10000000,9000000,10000000,634506000,634506000,10000000,10000000,2640000000,2640000000,2650000000,2650000000,2669000000,2670000000,10000000,10000000,9000000,10000000,0,0,10000000,10000000,2640000000,2640000000,2650000000,2650000000,10000010,93000020,10000000,10000000,10,83000020
658,2514506000,2514506000,10000000,10000000,10000000,10000000,634506000,634506000,10000000,10000000,1850000000,1850000000,1860000000,1860000000,1880000000,1880000000,10000000,10000000,10000000,10000000,0,0,10000000,10000000,1850000000,1850000000,1860000000,1860000000,10000010,52000020,10000000,10000000,10,42000020
688,3770506000,3772506000,10000000,10000000,17000000,19000000,634506000,634506000,19000000,19000000,3090000000,3090000000,3109000000,3109000000,3136000000,3138000000,10000000,10000000,17000000,19000000,0,0,19000000,19000000,3090000000,3090000000,3109000000,3109000000,10000010,31000010,10000000,10000000,10,21000010
718,2399506000,2400506000,10000000,10000000,17000000,18000000,634506000,634506000,18000000,18000000,1720000000,1720000000,1738000000,1738000000,1765000000,1766000000,10000000,10000000,17000000,18000000,0,0,18000000,18000000,1720000000,1720000000,1738000000,1738000000,10000010,31000010,10000000,10000000,10,21000010
748,1426506000,1426506000,10000000,10000000,11000000,11000000,634506000,634506000,11000000,11000000,760000000,760000000,771000000,771000000,792000000,792000000,10000000,10000000,11000000,11000000,0,0,11000000,11000000,760000000,760000000,771000000,771000000,10000010,55000040,10000000,10000000,10,45000040
778,716506000,716506000,10000000,10000000,1000000,1000000,634506000,634506000,1000000,1000000,70000000,70000000,71000000,71000000,82000000,82000000,10000000,10000000,1000000,1000000,0,0,1000000,1000000,70000000,70000000,71000000,71000000,10000010,11000010,10000000,10000000,10,1000010
808,1966506000,1966506000,10000000,10000000,1000000,1000000,634506000,634506000,1000000,1000000,1320000000,1320000000,1321000000,1321000000,1332000000,1332000000,10000000,10000000,1000000,1000000,0,0,1000000,1000000,1320000000,1320000000,1321000000,1321000000,10000010,28000020,10000000,10000000,10,18000020
838,960506000,960506000,10000000,10000000,8000000,8000000,634506000,634506000,8000000,8000000,300000000,300000000,308000000,308000000,326000000,326000000,10000000,10000000,8000000,8000000,0,0,8000000,8000000,300000000,300000000,308000000,308000000,10000010,20000030,10000000,10000000,10,10000030
868,2809506000,2810506000,10000000,10000000,7000000,8000000,634506000,634506000,8000000,8000000,2150000000,2150000000,2158000000,2158000000,2175000000,2176000000,10000000,10000000,7000000,8000000,0,0,8000000,8000000,2150000000,2150000000,2158000000,2158000000,10000010,95000030,10000000,10000000,10,85000030
898,2220506000,2220506000,10000000,10000000,8000000,8000000,634506000,634506000,8000000,8000000,1560000000,1560000000,1568000000,1568000000,1586000000,1586000000,10000000,10000000,8000000,8000000,0,0,8000000,8000000,1560000000,1560000000,1568000000,1568000000,10000010,16000030,10000000,10000000,10,6000030
928,2640506000,2641506000,10000000,10000000,18000000,19000000,634506000,634506000,18000000,18000000,1960000000,1960000000,1978000000,1978000000,2006000000,2007000000,10000000,10000000,18000000,19000000,0,0,18000000,18000000,1960000000,1960000000,1978000000,1978000000,10000010,72000010,10000000,10000000,10,62000010
958,3866506000,3870506000,10000000,10000000,44000000,48000000,634506000,634506000,48000000,48000000,3130000000,3130000000,3178000000,3178000000,3232000000,3236000000,10000000,10000000,44000000,48000000,0,0,48000000,48000000,3130000000,3130000000,3178000000,3178000000,10000010,48000050,10000000,10000000,10,38000050
988,3821506000,5762024000,10000000,10000000,10000000,47000000,634506000,2538024000,47000000,47000000,3120000000,3120000000,3167000000,3167000000,3187000000,3224000000,10000000,10000000,10000000,47000000,0,0,47000000,47000000,3120000000,3120000000,3167000000,3167000000,10000010,98000050,10000000,10000000,10,88000050
1018,3602506000,5538024000,10000000,10000000,8000000,40000000,634506000,2538024000,40000000,40000000,2910000000,2910000000,2950000000,2950000000,2968000000,3000000000,10000000,10000000,8000000,40000000,0,0,40000000,40000000,2910000000,2910000000,2950000000,2950000000,10000010,19000030,10000000,10000000,10,9000030
1048,2490506000,12021096000,10000000,10000000,6000000,19000000,634506000,10152096000,10000000,10000000,1830000000,1830000000,1840000000,1840000000,1856000000,1869000000,10000000,10000000,6000000,19000000,0,0,10000000,10000000,1830000000,1830000000,1840000000,1840000000,10000010,82000020,10000000,10000000,10,72000020
1078,723506000,3897036000,10000000,10000000,19000000,20000000,634506000,3807036000,20000000,20000000,40000000,40000000,60000000,60000000,89000000,90000000,10000000,10000000,19000000,20000000,0,0,20000000,20000000,40000000,40000000,60000000,60000000,10000010,10000000,10000000,10000000,10,0
1108,647506000,1283012000,10000000,10000000,3000000,4000000,634506000,1269012000,0,0,0,0,0,0,13000000,14000000,10000000,10000000,3000000,4000000,0,0,0,0,0,0,0,0,10000010,10000000,10000000,10000000,10,0
1138,925506000,3464530000,10000000,10000000,0,1000000,634506000,3172530000,1000000,1000000,280000000,280000000,281000000,281000000,291000000,292000000,10000000,10000000,0,1000000,0,0,1000000,1000000,280000000,280000000,281000000,281000000,10000010,10000000,10000000,10000000,10,0
1168,1090506000,2996024000,10000000,10000000,17000000,19000000,634506000,2538024000,19000000,19000000,410000000,410000000,429000000,429000000,456000000,458000000,10000000,10000000,17000000,19000000,0,0,19000000,19000000,410000000,410000000,429000000,429000000,10000010,10000000,10000000,10000000,10,0
1198,1967506000,5146036000,10000000,10000000,4000000,10000000,634506000,3807036000,9000000,9000000,1310000000,1310000000,1319000000,1319000000,1333000000,1339000000,10000000,10000000,4000000,10000000,0,0,9000000,9000000,1310000000,1310000000,1319000000,1319000000,10000010,93000020,10000000,10000000,10,83000020
1228,975506000,2245518000,10000000,10000000,10000000,11000000,634506000,1903518000,11000000,11000000,310000000,310000000,321000000,321000000,341000000,342000000,10000000,10000000,10000000,11000000,0,0,11000000,11000000,310000000,310000000,321000000,321000000,10000010,10000000,10000000,10000000,10,0
1258,1090506000,2996024000,10000000,10000000,17000000,19000000,634506000,2538024000,19000000,19000000,410000000,410000000,429000000,429000000,456000000,458000000,10000000,10000000,17000000,19000000,0,0,19000000,19000000,410000000,410000000,429000000,429000000,10000010,10000000,10000000,10000000,10,0
29,3173506000,3174506000,10000000,10000000,19000000,20000000,634506000,634506000,20000000,20000000,2490000000,2490000000,2510000000,2510000000,2539000000,2540000000,10000000,10000000,19000000,20000000,0,0,20000000,20000000,2490000000,2490000000,2510000000,2510000000,10000010,32000010,10000000,10000000,10,22000010
59,1621506000,1624506000,10000000,10000000,7000000,10000000,634506000,634506000,10000000,10000000,960000000,960000000,970000000,970000000,987000000,990000000,10000000,10000000,7000000,10000000,0,0,10000000,10000000,960000000,960000000,970000000,970000000,10000010,41000030,10000000,10000000,10,31000030
89,2781506000,2792506000,10000000,10000000,8000000,19000000,634506000,634506000,19000000,19000000,2110000000,2110000000,2129000000,2129000000,2147000000,2158000000,10000000,10000000,8000000,19000000,0,0,19000000,19000000,2110000000,2110000000,2129000000,2129000000,10000010,32000010,10000000,10000000,10,22000010
119,3447506000,3448506000,10000000,10000000,1000000,2000000,634506000,634506000,2000000,2000000,2800000000,2800000000,2802000000,2802000000,2813000000,2814000000,10000000,10000000,1000000,2000000,0,0,2000000,2000000,2800000000,2800000000,2802000000,2802000000,10000010,92000030,10000000,10000000,10,82000030
149,3411506000,3412506000,10000000,10000000,8000000,9000000,634506000,634506000,9000000,9000000,2750000000,2750000000,2759000000,2759000000,2777000000,2778000000,10000000,10000000,8000000,9000000,0,0,9000000,9000000,2750000000,2750000000,2759000000,2759000000,10000010,75000040,10000000,10000000,10,65000040
179,664506000,666506000,10000000,10000000,20000000,22000000,634506000,634506000,0,0,0,0,0,0,30000000,32000000,10000000,10000000,20000000,22000000,0,0,0,0,0,0,0,0,10000010,10000000,10000000,10000000,10,0
209,1114506000,1114506000,10000000,10000000,20000000,20000000,634506000,634506000,20000000,20000000,430000000,430000000,450000000,450000000,480000000,480000000,10000000,10000000,20000000,20000000,0,0,20000000,20000000,430000000,430000000,450000000,450000000,10000010,11000010,10000000,10000000,10,1000010
239,2382506000,2382506000,10000000,10000000,9000000,9000000,634506000,634506000,9000000,9000000,1720000000,1720000000,1729000000,1729000000,1748000000,1748000000,10000000,10000000,9000000,9000000,0,0,9000000,9000000,1720000000,1720000000,1729000000,1729000000,10000010,26000040,10000000,10000000,10,16000040
269,2331506000,2332506000,10000000,10000000,8000000,9000000,634506000,634506000,9000000,9000000,1670000000,1670000000,1679000000,1679000000,1697000000,1698000000,10000000,10000000,8000000,9000000,0,0,9000000,9000000,1670000000,1670000000,1679000000,1679000000,10000010,26000040,10000000,10000000,10,16000040
299,2382506000,2382506000,10000000,10000000,9000000,9000000,634506000,634506000,9000000,9000000,1720000000,1720000000,1729000000,1729000000,1748000000,1748000000,10000000,10000000,9000000,9000000,0,0,9000000,9000000,1720000000,1720000000,1729000000,1729000000,10000010,26000040,10000000,10000000,10,16000040
329,3061506000,3062506000,10000000,10000000,8000000,9000000,634506000,634506000,9000000,9000000,2400000000,2400000000,2409000000,2409000000,2427000000,2428000000,10000000,10000000,8000000,9000000,0,0,9000000,9000000,2400000000,2400000000,2409000000,2409000000,10000010,43000020,10000000,10000000,10,33000020
359,3400506000,3402506000,10000000,10000000,8000000,10000000,634506000,634506000,8000000,8000000,2740000000,2740000000,2748000000,2748000000,2766000000,2768000000,10000000,10000000,8000000,10000000,0,0,8000000,8000000,2740000000,2740000000,2748000000,2748000000,10000010,34000030,10000000,10000000,10,24000030
389,1296506000,1304506000,10000000,10000000,1000000,9000000,634506000,634506000,1000000,1000000,650000000,650000000,651000000,651000000,662000000,670000000,10000000,10000000,1000000,9000000,0,0,1000000,1000000,650000000,650000000,651000000,651000000,10000010,22000020,10000000,10000000,10,12000020
419,3739506000,3740506000,10000000,10000000,12000000,13000000,634506000,634506000,13000000,13000000,3070000000,3070000000,3083000000,3083000000,3105000000,3106000000,10000000,10000000,12000000,13000000,0,0,13000000,13000000,3070000000,3070000000,3083000000,3083000000,10000010,12000010,10000000,10000000,10,2000010
449,3739506000,3740506000,10000000,10000000,12000000,13000000,634506000,634506000,13000000,13000000,3070000000,3070000000,3083000000,3083000000,3105000000,3106000000,10000000,10000000,12000000,13000000,0,0,13000000,13000000,3070000000,3070000000,3083000000,3083000000,10000010,12000010,10000000,10000000,10,2000010
479,647506000,648506000,10000000,10000000,3000000,4000000,634506000,634506000,0,0,0,0,0,0,13000000,14000000,10000000,10000000,3000000,4000000,0,0,0,0,0,0,0,0,10000010,10000000,10000000,10000000,10,0
509,3669506000,3670506000,10000000,10000000,7000000,8000000,634506000,634506000,8000000,8000000,3010000000,3010000000,3018000000,3018000000,3035000000,3036000000,10000000,10000000,7000000,8000000,0,0,8000000,8000000,3010000000,3010000000,3018000000,3018000000,10000010,91000040,10000000,10000000,10,81000040
539,3276506000,3332506000,10000000,10000000,18000000,74000000,634506000,634506000,74000000,74000000,2540000000,2540000000,2614000000,2614000000,2642000000,2698000000,10000000,10000000,18000000,74000000,0,0,74000000,74000000,2540000000,2540000000,2614000000,2614000000,10000010,74000030,10000000,10000000,10,64000030
569,2894506000,2894506000,10000000,10000000,10000000,10000000,634506000,634506000,10000000,10000000,2230000000,2230000000,2240000000,2240000000,2260000000,2260000000,10000000,10000000,10000000,10000000,0,0,10000000,10000000,2230000000,2230000000,2240000000,2240000000,10000010,59000020,10000000,10000000,10,49000020
599,3409506000,3410506000,10000000,10000000,7000000,8000000,634506000,634506000,8000000,8000000,2750000000,2750000000,2758000000,2758000000,2775000000,2776000000,10000000,10000000,7000000,8000000,0,0,8000000,8000000,2750000000,2750000000,2758000000,2758000000,10000010,36000040,10000000,10000000,10,26000040
629,2983506000,2984506000,10000000,10000000,9000000,10000000,634506000,634506000,10000000,10000000,2320000000,2320000000,2330000000,2330000000,2349000000,2350000000,10000000,10000000,9000000,10000000,0,0,10000000,10000000,2320000000,2320000000,2330000000,2330000000,10000010,93000020,10000000,10000000,10,83000020
659,2514506000,2514506000,10000000,10000000,10000000,10000000,634506000,634506000,10000000,10000000,1850000000,1850000000,1860000000,1860000000,1880000000,1880000000,10000000,10000000,10000000,10000000,0,0,10000000,10000000,1850000000,1850000000,1860000000,1860000000,10000010,52000020,10000000,10000000,10,42000020
689,3800506000,3802506000,10000000,10000000,17000000,19000000,634506000,634506000,19000000,19000000,3120000000,3120000000,3139000000,3139000000,3166000000,3168000000,10000000,10000000,17000000,19000000,0,0,19000000,19000000,3120000000,3120000000,3139000000,3139000000,10000010,32000020,10000000,10000000,10,22000020
719,2399506000,2400506000,10000000,10000000,17000000,18000000,634506000,634506000,18000000,18000000,1720000000,1720000000,1738000000,1738000000,1765000000,1766000000,10000000,10000000,17000000,18000000,0,0,18000000,18000000,1720000000,1720000000,1738000000,1738000000,10000010,31000010,10000000,10000000,10,21000010
749,1346506000,1346506000,10000000,10000000,1000000,1000000,634506000,634506000,1000000,1000000,700000000,700000000,701000000,701000000,712000000,712000000,10000000,10000000,1000000,1000000,0,0,1000000,1000000,700000000,700000000,701000000,701000000,10000010,30000030,10000000,10000000,10,20000030
779,716506000,716506000,10000000,10000000,1000000,1000000,634506000,634506000,1000000,1000000,70000000,70000000,71000000,71000000,82000000,82000000,10000000,10000000,1000000,1000000,0,0,1000000,1000000,70000000,70000000,71000000,71000000,10000010,11000010,10000000,10000000,10,1000010
809,1466506000,1466506000,10000000,10000000,1000000,1000000,634506000,634506000,1000000,1000000,820000000,820000000,821000000,821000000,832000000,832000000,10000000,10000000,1000000,1000000,0,0,1000000,1000000,820000000,820000000,821000000,821000000,10000010,28000020,10000000,10000000,10,18000020
839,960506000,960506000,10000000,10000000,8000000,8000000,634506000,634506000,8000000,8000000,300000000,300000000,308000000,308000000,326000000,326000000,10000000,10000000,8000000,8000000,0,0,8000000,8000000,300000000,300000000,308000000,308000000,10000010,20000030,10000000,10000000,10,10000030
869,3589506000,3590506000,10000000,10000000,7000000,8000000,634506000,634506000,8000000,8000000,2930000000,2930000000,2938000000,2938000000,2955000000,2956000000,10000000,10000000,7000000,8000000,0,0,8000000,8000000,2930000000,2930000000,2938000000,2938000000,10000010,91000040,10000000,10000000,10,81000040
899,1489506000,1490506000,10000000,10000000,7000000,8000000,634506000,634506000,8000000,8000000,830000000,830000000,838000000,838000000,855000000,856000000,10000000,10000000,7000000,8000000,0,0,8000000,8000000,830000000,830000000,838000000,838000000,10000010,17000010,10000000,10000000,10,7000010
929,2640506000,2641506000,10000000,10000000,18000000,19000000,634506000,634506000,18000000,18000000,1960000000,1960000000,1978000000,1978000000,2006000000,2007000000,10000000,10000000,18000000,19000000,0,0,18000000,18000000,1960000000,1960000000,1978000000,1978000000,10000010,72000010,10000000,10000000,10,62000010
959,2072506000,2072506000,10000000,10000000,9000000,9000000,634506000,634506000,9000000,9000000,1410000000,1410000000,1419000000,1419000000,1438000000,1438000000,10000000,10000000,9000000,9000000,0,0,9000000,9000000,1410000000,1410000000,1419000000,1419000000,10000010,17000040,10000000,10000000,10,7000040
989,1781506000,4349530000,10000000,10000000,7000000,37000000,634506000,3172530000,10000000,10000000,1120000000,1120000000,1130000000,1130000000,1147000000,1177000000,10000000,10000000,7000000,37000000,0,0,10000000,10000000,1120000000,1120000000,1130000000,1130000000,10000010,20000040,10000000,10000000,10,10000040
1019,3528506000,4827518000,10000000,10000000,7000000,37000000,634506000,1903518000,37000000,37000000,2840000000,2840000000,2877000000,2877000000,2894000000,2924000000,10000000,10000000,7000000,37000000,0,0,37000000,37000000,2840000000,2840000000,2877000000,2877000000,10000010,20000040,10000000,10000000,10,10000040
1049,3573506000,15003614000,10000000,10000000,8000000,17000000,634506000,12055614000,11000000,11000000,2910000000,2910000000,2921000000,2921000000,2939000000,2948000000,10000000,10000000,8000000,17000000,0,0,11000000,11000000,2910000000,2910000000,2921000000,2921000000,10000010,84000040,10000000,10000000,10,74000040
1079,723506000,3897036000,10000000,10000000,19000000,20000000,634506000,3807036000,20000000,20000000,40000000,40000000,60000000,60000000,89000000,90000000,10000000,10000000,19000000,20000000,0,0,20000000,20000000,40000000,40000000,60000000,60000000,10000010,10000000,10000000,10000000,10,0
1109,647506000,1283012000,10000000,10000000,3000000,4000000,634506000,1269012000,0,0,0,0,0,0,13000000,14000000,10000000,10000000,3000000,4000000,0,0,0,0,0,0,0,0,10000010,10000000,10000000,10000000,10,0
1139,925506000,3464530000,10000000,10000000,0,1000000,634506000,3172530000,1000000,1000000,280000000,280000000,281000000,281000000,291000000,292000000,10000000,10000000,0,1000000,0,0,1000000,1000000,280000000,280000000,281000000,281000000,10000010,10000000,10000000,10000000,10,0
1169,2912506000,15039120000,10000000,10000000,9000000,80000000,634506000,12690120000,19000000,19000000,2240000000,2240000000,2259000000,2259000000,2278000000,2349000000,10000000,10000000,9000000,80000000,0,0,19000000,19000000,2240000000,2240000000,2259000000,2259000000,10000010,49000050,10000000,10000000,10,39000050
1199,648506000,649506000,10000000,10000000,4000000,5000000,634506000,634506000,0,0,0,0,0,0,14000000,15000000,10000000,10000000,4000000,5000000,0,0,0,0,0,0,0,0,10000010,10000000,10000000,10000000,10,0
1229,975506000,2245518000,10000000,10000000,10000000,11000000,634506000,1903518000,11000000,11000000,310000000,310000000,321000000,321000000,341000000,342000000,10000000,10000000,10000000,11000000,0,0,11000000,11000000,310000000,310000000,321000000,321000000,10000010,10000000,10000000,10000000,10,0
1259,678506000,2583024000,10000000,10000000,12000000,13000000,634506000,2538024000,12000000,12000000,10000000,10000000,22000000,22000000,44000000,45000000,10000000,10000000,12000000,13000000,0,0,12000000,12000000,10000000,10000000,22000000,22000000,10000010,10000000,10000000,10000000,10,0
30,2873506000,2874506000,10000000,10000000,19000000,20000000,634506000,634506000,20000000,20000000,2190000000,2190000000,2210000000,2210000000,2239000000,2240000000,10000000,10000000,19000000,20000000,0,0,20000000,20000000,2190000000,2190000000,2210000000,2210000000,10000010,60000040,10000000,10000000,10,50000040
60,2976506000,2978506000,10000000,10000000,10000000,12000000,634506000,634506000,12000000,12000000,2310000000,2310000000,2322000000,2322000000,2342000000,2344000000,10000000,10000000,10000000,12000000,0,0,12000000,12000000,2310000000,2310000000,2322000000,2322000000,10000010,78000040,10000000,10000000,10,68000040
90,2571506000,2582506000,10000000,10000000,8000000,19000000,634506000,634506000,19000000,19000000,1900000000,1900000000,1919000000,1919000000,1937000000,1948000000,10000000,10000000,8000000,19000000,0,0,19000000,19000000,1900000000,1900000000,1919000000,1919000000,10000010,33000020,10000000,10000000,10,23000020
120,1585506000,1586506000,10000000,10000000,0,1000000,634506000,634506000,1000000,1000000,940000000,940000000,941000000,941000000,951000000,952000000,10000000,10000000,0,1000000,0,0,1000000,1000000,940000000,940000000,941000000,941000000,10000010,50000040,10000000,10000000,10,40000040
150,1690506000,1690506000,10000000,10000000,8000000,8000000,634506000,634506000,8000000,8000000,1030000000,1030000000,1038000000,1038000000,1056000000,1056000000,10000000,10000000,8000000,8000000,0,0,8000000,8000000,1030000000,1030000000,1038000000,1038000000,10000010,35000030,10000000,10000000,10,25000030
180,664506000,665506000,10000000,10000000,20000000,21000000,634506000,634506000,0,0,0,0,0,0,30000000,31000000,10000000,10000000,20000000,21000000,0,0,0,0,0,0,0,0,10000010,10000000,10000000,10000000,10,0
210,1114506000,1114506000,10000000,10000000,20000000,20000000,634506000,634506000,20000000,20000000,430000000,430000000,450000000,450000000,480000000,480000000,10000000,10000000,20000000,20000000,0,0,20000000,20000000,430000000,430000000,450000000,450000000,10000010,11000010,10000000,10000000,10,1000010
240,3061506000,3062506000,10000000,10000000,8000000,9000000,634506000,634506000,9000000,9000000,2400000000,2400000000,2409000000,2409000000,2427000000,2428000000,10000000,10000000,8000000,9000000,0,0,9000000,9000000,2400000000,2400000000,2409000000,2409000000,10000010,43000020,10000000,10000000,10,33000020
270,2331506000,2332506000,10000000,10000000,8000000,9000000,634506000,634506000,9000000,9000000,1670000000,1670000000,1679000000,1679000000,1697000000,1698000000,10000000,10000000,8000000,9000000,0,0,9000000,9000000,1670000000,1670000000,1679000000,1679000000,10000010,26000040,10000000,10000000,10,16000040
300,2382506000,2382506000,10000000,10000000,9000000,9000000,634506000,634506000,9000000,9000000,1720000000,1720000000,1729000000,1729000000,1748000000,1748000000,10000000,10000000,9000000,9000000,0,0,9000000,9000000,1720000000,1720000000,1729000000,1729000000,10000010,26000040,10000000,10000000,10,16000040
330,3282506000,3284506000,10000000,10000000,8000000,10000000,634506000,634506000,10000000,10000000,2620000000,2620000000,2630000000,2630000000,2648000000,2650000000,10000000,10000000,8000000,10000000,0,0,10000000,10000000,2620000000,2620000000,2630000000,2630000000,10000010,27000030,10000000,10000000,10,17000030
360,690506000,691506000,10000000,10000000,8000000,9000000,634506000,634506000,8000000,8000000,30000000,30000000,38000000,38000000,56000000,57000000,10000000,10000000,8000000,9000000,0,0,8000000,8000000,30000000,30000000,38000000,38000000,10000010,11000010,10000000,10000000,10,1000010
390,1962506000,1962506000,10000000,10000000,9000000,9000000,634506000,634506000,9000000,9000000,1300000000,1300000000,1309000000,1309000000,1328000000,1328000000,10000000,10000000,9000000,9000000,0,0,9000000,9000000,1300000000,1300000000,1309000000,1309000000,10000010,26000030,10000000,10000000,10,16000030
420,3739506000,3740506000,10000000,10000000,12000000,13000000,634506000,634506000,13000000,13000000,3070000000,3070000000,3083000000,3083000000,3105000000,3106000000,10000000,10000000,12000000,13000000,0,0,13000000,13000000,3070000000,3070000000,3083000000,3083000000,10000010,12000010,10000000,10000000,10,2000010
450,3739506000,3740506000,10000000,10000000,12000000,13000000,634506000,634506000,13000000,13000000,3070000000,3070000000,3083000000,3083000000,3105000000,3106000000,10000000,10000000,12000000,13000000,0,0,13000000,13000000,3070000000,3070000000,3083000000,3083000000,10000010,12000010,10000000,10000000,10,2000010
480,1091506000,1092506000,10000000,10000000,3000000,4000000,634506000,634506000,4000000,4000000,440000000,440000000,444000000,444000000,457000000,458000000,10000000,10000000,3000000,4000000,0,0,4000000,4000000,440000000,440000000,444000000,444000000,10000010,20000020,10000000,10000000,10,10000020
510,1750506000,1750506000,10000000,10000000,8000000,8000000,634506000,634506000,8000000,8000000,1090000000,1090000000,1098000000,1098000000,1116000000,1116000000,10000000,10000000,8000000,8000000,0,0,8000000,8000000,1090000000,1090000000,1098000000,1098000000,10000010,49000050,10000000,10000000,10,39000050
540,1780506000,1780506000,10000000,10000000,18000000,18000000,634506000,634506000,18000000,18000000,1100000000,1100000000,1118000000,1118000000,1146000000,1146000000,10000000,10000000,18000000,18000000,0,0,18000000,18000000,1100000000,1100000000,1118000000,1118000000,10000010,72000010,10000000,10000000,10,62000010
570,654506000,656506000,10000000,10000000,10000000,12000000,634506000,634506000,0,0,0,0,0,0,20000000,22000000,10000000,10000000,10000000,12000000,0,0,0,0,0,0,0,0,10000010,10000000,10000000,10000000,10,0
600,3409506000,3410506000,10000000,10000000,7000000,8000000,634506000,634506000,8000000,8000000,2750000000,2750000000,2758000000,2758000000,2775000000,2776000000,10000000,10000000,7000000,8000000,0,0,8000000,8000000,2750000000,2750000000,2758000000,2758000000,10000010,36000040,10000000,10000000,10,26000040
630,2983506000,2984506000,10000000,10000000,9000000,10000000,634506000,634506000,10000000,10000000,2320000000,2320000000,2330000000,2330000000,2349000000,2350000000,10000000,10000000,9000000,10000000,0,0,10000000,10000000,2320000000,2320000000,2330000000,2330000000,10000010,93000020,10000000,10000000,10,83000020
660,1771506000,1778506000,10000000,10000000,10000000,17000000,634506000,634506000,17000000,17000000,1100000000,1100000000,1117000000,1117000000,1137000000,1144000000,10000000,10000000,10000000,17000000,0,0,17000000,17000000,1100000000,1100000000,1117000000,1117000000,10000010,32000020,10000000,10000000,10,22000020
690,2369506000,2370506000,10000000,10000000,17000000,18000000,634506000,634506000,18000000,18000000,1690000000,1690000000,1708000000,1708000000,1735000000,1736000000,10000000,10000000,17000000,18000000,0,0,18000000,18000000,1690000000,1690000000,1708000000,1708000000,10000010,31000010,10000000,10000000,10,21000010
720,1354506000,1362506000,10000000,10000000,1000000,9000000,634506000,634506000,9000000,9000000,700000000,700000000,709000000,709000000,720000000,728000000,10000000,10000000,1000000,9000000,0,0,9000000,9000000,700000000,700000000,709000000,709000000,10000010,11000010,10000000,10000000,10,1000010
750,716506000,716506000,10000000,10000000,1000000,1000000,634506000,634506000,1000000,1000000,70000000,70000000,71000000,71000000,82000000,82000000,10000000,10000000,1000000,1000000,0,0,1000000,1000000,70000000,70000000,71000000,71000000,10000010,11000010,10000000,10000000,10,1000010
780,1736506000,1736506000,10000000,10000000,1000000,1000000,634506000,634506000,1000000,1000000,1090000000,1090000000,1091000000,1091000000,1102000000,1102000000,10000000,10000000,1000000,1000000,0,0,1000000,1000000,1090000000,1090000000,1091000000,1091000000,10000010,91000040,10000000,10000000,10,81000040
810,1996506000,1996506000,10000000,10000000,1000000,1000000,634506000,634506000,1000000,1000000,1350000000,1350000000,1351000000,1351000000,1362000000,1362000000,10000000,10000000,1000000,1000000,0,0,1000000,1000000,1350000000,1350000000,1351000000,1351000000,10000010,28000020,10000000,10000000,10,18000020
840,960506000,960506000,10000000,10000000,8000000,8000000,634506000,634506000,8000000,8000000,300000000,300000000,308000000,308000000,326000000,326000000,10000000,10000000,8000000,8000000,0,0,8000000,8000000,300000000,300000000,308000000,308000000,10000010,20000030,10000000,10000000,10,10000030
870,2919506000,2920506000,10000000,10000000,7000000,8000000,634506000,634506000,8000000,8000000,2260000000,2260000000,2268000000,2268000000,2285000000,2286000000,10000000,10000000,7000000,8000000,0,0,8000000,8000000,2260000000,2260000000,2268000000,2268000000,10000010,95000030,10000000,10000000,10,85000030
900,2320506000,2320506000,10000000,10000000,8000000,8000000,634506000,634506000,8000000,8000000,1660000000,1660000000,1668000000,1668000000,1686000000,1686000000,10000000,10000000,8000000,8000000,0,0,8000000,8000000,1660000000,1660000000,1668000000,1668000000,10000010,95000030,10000000,10000000,10,85000030
930,2703506000,2764506000,10000000,10000000,19000000,80000000,634506000,634506000,80000000,80000000,1960000000,1960000000,2040000000,2040000000,2069000000,2130000000,10000000,10000000,19000000,80000000,0,0,80000000,80000000,1960000000,1960000000,2040000000,2040000000,10000010,82000020,10000000,10000000,10,72000020
960,1831506000,1832506000,10000000,10000000,8000000,9000000,634506000,634506000,9000000,9000000,1170000000,1170000000,1179000000,1179000000,1197000000,1198000000,10000000,10000000,8000000,9000000,0,0,9000000,9000000,1170000000,1170000000,1179000000,1179000000,10000010,16000030,10000000,10000000,10,6000030
990,723506000,3897036000,10000000,10000000,19000000,20000000,634506000,3807036000,20000000,20000000,40000000,40000000,60000000,60000000,89000000,90000000,10000000,10000000,19000000,20000000,0,0,20000000,20000000,40000000,40000000,60000000,60000000,10000010,10000000,10000000,10000000,10,0
1020,655506000,659506000,10000000,10000000,11000000,15000000,634506000,634506000,0,0,0,0,0,0,21000000,25000000,10000000,10000000,11000000,15000000,0,0,0,0,0,0,0,0,10000010,10000000,10000000,10000000,10,0
1050,650506000,1287012000,10000000,10000000,6000000,8000000,634506000,1269012000,0,0,0,0,0,0,16000000,18000000,10000000,10000000,6000000,8000000,0,0,0,0,0,0,0,0,10000010,10000000,10000000,10000000,10,0
1080,675506000,2580024000,10000000,10000000,5000000,6000000,634506000,2538024000,6000000,6000000,20000000,20000000,26000000,26000000,41000000,42000000,10000000,10000000,5000000,6000000,0,0,6000000,6000000,20000000,20000000,26000000,26000000,10000010,10000000,10000000,10000000,10,0
1110,1372506000,10895096000,10000000,10000000,7000000,12000000,634506000,10152096000,11000000,11000000,710000000,710000000,721000000,721000000,738000000,743000000,10000000,10000000,7000000,12000000,0,0,11000000,11000000,710000000,710000000,721000000,721000000,10000010,17000010,10000000,10000000,10,7000010
1140,925506000,3464530000,10000000,10000000,0,1000000,634506000,3172530000,1000000,1000000,280000000,280000000,281000000,281000000,291000000,292000000,10000000,10000000,0,1000000,0,0,1000000,1000000,280000000,280000000,281000000,281000000,10000010,10000000,10000000,10000000,10,0
1170,3360506000,7805048000,10000000,10000000,8000000,11000000,634506000,5076048000,8000000,8000000,2700000000,2700000000,2708000000,2708000000,2726000000,2729000000,10000000,10000000,8000000,11000000,0,0,8000000,8000000,2700000000,2700000000,2708000000,2708000000,10000010,28000040,10000000,10000000,10,18000040
1200,655506000,1291012000,10000000,10000000,11000000,12000000,634506000,1269012000,0,0,0,0,0,0,21000000,22000000,10000000,10000000,11000000,12000000,0,0,0,0,0,0,0,0,10000010,10000000,10000000,10000000,10,0
1230,2156506000,4696530000,10000000,10000000,10000000,12000000,634506000,3172530000,12000000,12000000,1490000000,1490000000,1502000000,1502000000,1522000000,1524000000,10000000,10000000,10000000,12000000,0,0,12000000,12000000,1490000000,1490000000,1502000000,1502000000,10000010,94000030,10000000,10000000,10,84000030
1260,720506000,3263530000,10000000,10000000,8000000,13000000,634506000,3172530000,8000000,8000000,60000000,60000000,68000000,68000000,86000000,91000000,10000000,10000000,8000000,13000000,0,0,8000000,8000000,60000000,60000000,68000000,68000000,10000010,11000010,10000000,10000000,10,1000010
