,ssdn_lo,ssdn_hi,ssdn_detection_lo,ssdn_detection_hi,ssdn_notification_lo,ssdn_notification_hi,ssdn_computation_lo,ssdn_computation_hi,ssdn_transference_lo,ssdn_transference_hi,ssdn_installation_lo,ssdn_installation_hi,ssdn_update_lo,ssdn_update_hi,pcsdn_lo,pcsdn_hi,pcsdn_detection_lo,pcsdn_detection_hi,pcsdn_notification_lo,pcsdn_notification_hi,pcsdn_computation_lo,pcsdn_computation_hi,pcsdn_transference_lo,pcsdn_transference_hi,pcsdn_installation_lo,pcsdn_installation_hi,pcsdn_update_lo,pcsdn_update_hi,felix_lo,felix_hi,felix_detection_lo,felix_detection_hi,felix_coordination_lo,felix_coordination_hi
1,2120058000,2120883000,10000000,10000000,2919000,3744000,263395000,263395000,3744000,3744000,1840000000,1840000000,1843744000,1843744000,1856663000,1857488000,10000000,10000000,2919000,3744000,0,0,3744000,3744000,1840000000,1840000000,1843744000,1843744000,10000010,11650020,10000000,10000000,10,1650020
31,2021155000,3695075000,10000000,10000000,13135000,14625000,263395000,263395000,14625000,17055000,1720000000,3390000000,1734625000,3407055000,1757760000,3431680000,10000000,10000000,13135000,14625000,0,0,14625000,17055000,1720000000,3390000000,1734625000,3407055000,10000010,14278060,10000000,10000000,10,4278060
61,1145596000,1145909000,10000000,10000000,10944000,11257000,263395000,263395000,11257000,11257000,850000000,850000000,861257000,861257000,882201000,882514000,10000000,10000000,10944000,11257000,0,0,11257000,11257000,850000000,850000000,861257000,861257000,10000010,22063070,10000000,10000000,10,12063070
91,2160970000,2161123000,10000000,10000000,3711000,3864000,263395000,263395000,3864000,3864000,1880000000,1880000000,1883864000,1883864000,1897575000,1897728000,10000000,10000000,3711000,3864000,0,0,3864000,3864000,1880000000,1880000000,1883864000,1883864000,10000010,14682130,10000000,10000000,10,4682130
121,2186348000,2186703000,10000000,10000000,1299000,1654000,263395000,263395000,1654000,1654000,1910000000,1910000000,1911654000,1911654000,1922953000,1923308000,10000000,10000000,1299000,1654000,0,0,1654000,1654000,1910000000,1910000000,1911654000,1911654000,10000010,13228120,10000000,10000000,10,3228120
151,291604000,292222000,10000000,10000000,18209000,18827000,263395000,263395000,0,0,0,0,0,0,28209000,28827000,10000000,10000000,18209000,18827000,0,0,0,0,0,0,0,0,10000010,10000000,10000000,10000000,10,0
181,1855114000,3257470000,10000000,10000000,15549000,16170000,263395000,263395000,16170000,17905000,1550000000,2950000000,1566170000,2967905000,1591719000,2994075000,10000000,10000000,15549000,16170000,0,0,16170000,17905000,1550000000,2950000000,1566170000,2967905000,10000010,15446070,10000000,10000000,10,5446070
211,284113000,284170000,10000000,10000000,10718000,10775000,263395000,263395000,0,0,0,0,0,0,20718000,20775000,10000000,10000000,10718000,10775000,0,0,0,0,0,0,0,0,10000010,10000000,10000000,10000000,10,0
241,276252000,276674000,10000000,10000000,2857000,3279000,263395000,263395000,0,0,0,0,0,0,12857000,13279000,10000000,10000000,2857000,3279000,0,0,0,0,0,0,0,0,10000010,10000000,10000000,10000000,10,0
271,275170000,538998000,10000000,10000000,1775000,2208000,263395000,526790000,0,0,0,0,0,0,11775000,12208000,10000000,10000000,1775000,2208000,0,0,0,0,0,0,0,0,10000010,10000000,10000000,10000000,10,0
301,1940342000,2204374000,10000000,10000000,3155000,3792000,263395000,526790000,3792000,3792000,1660000000,1660000000,1663792000,1663792000,1676947000,1677584000,10000000,10000000,3155000,3792000,0,0,3792000,3792000,1660000000,1660000000,1663792000,1663792000,10000010,14355140,10000000,10000000,10,4355140
331,2001783000,2529465000,10000000,10000000,13748000,14640000,263395000,790185000,14640000,14640000,1700000000,1700000000,1714640000,1714640000,1738388000,1739280000,10000000,10000000,13748000,14640000,0,0,14640000,14640000,1700000000,1700000000,1714640000,1714640000,10000010,25225120,10000000,10000000,10,15225120
361,2212005000,2475770000,10000000,10000000,4120000,4490000,263395000,526790000,4490000,4490000,1930000000,1930000000,1934490000,1934490000,1948610000,1948980000,10000000,10000000,4120000,4490000,0,0,4490000,4490000,1930000000,1930000000,1934490000,1934490000,10000010,10825010,10000000,10000000,10,825010
391,315423000,843038000,10000000,10000000,978000,1803000,263395000,790185000,1050000,1050000,40000000,40000000,41050000,41050000,52028000,52853000,10000000,10000000,978000,1803000,0,0,1050000,1050000,40000000,40000000,41050000,41050000,10000010,10000000,10000000,10000000,10,0
421,273933000,801988000,10000000,10000000,538000,1803000,263395000,790185000,0,0,0,0,0,0,10538000,11803000,10000000,10000000,538000,1803000,0,0,0,0,0,0,0,0,10000010,10000000,10000000,10000000,10,0
2,2128802000,2129233000,10000000,10000000,2488000,2919000,263395000,263395000,2919000,2919000,1850000000,1850000000,1852919000,1852919000,1865407000,1865838000,10000000,10000000,2488000,2919000,0,0,2919000,2919000,1850000000,1850000000,1852919000,1852919000,10000010,11950020,10000000,10000000,10,1950020
32,1809016000,3224739000,10000000,10000000,12486000,13135000,263395000,263395000,13135000,18209000,1510000000,2920000000,1523135000,2938209000,1545621000,2961344000,10000000,10000000,12486000,13135000,0,0,13135000,18209000,1510000000,2920000000,1523135000,2938209000,10000010,15074070,10000000,10000000,10,5074070
62,1114814000,1715514000,10000000,10000000,10475000,10944000,263395000,263395000,10944000,11175000,820000000,1420000000,830944000,1431175000,851419000,1452119000,10000000,10000000,10475000,10944000,0,0,10944000,11175000,820000000,1420000000,830944000,1431175000,10000010,22215100,10000000,10000000,10,12215100
92,2034337000,2034539000,10000000,10000000,15370000,15572000,263395000,263395000,15572000,15572000,1730000000,1730000000,1745572000,1745572000,1770942000,1771144000,10000000,10000000,15370000,15572000,0,0,15572000,15572000,1730000000,1730000000,1745572000,1745572000,10000010,15112070,10000000,10000000,10,5112070
122,1995644000,3697016000,10000000,10000000,950000,1299000,263395000,263395000,1299000,2322000,1720000000,3420000000,1721299000,3422322000,1732249000,3433621000,10000000,10000000,950000,1299000,0,0,1299000,2322000,1720000000,3420000000,1721299000,3422322000,10000010,12879110,10000000,10000000,10,2879110
152,689739000,689813000,10000000,10000000,18135000,18209000,263395000,263395000,18209000,18209000,380000000,380000000,398209000,398209000,426344000,426418000,10000000,10000000,18135000,18209000,0,0,18209000,18209000,380000000,380000000,398209000,398209000,10000010,18629120,10000000,10000000,10,8629120
182,2003743000,3246849000,10000000,10000000,14799000,15549000,263395000,263395000,15549000,17905000,1700000000,2940000000,1715549000,2957905000,1740348000,2983454000,10000000,10000000,14799000,15549000,0,0,15549000,17905000,1700000000,2940000000,1715549000,2957905000,10000010,15699080,10000000,10000000,10,5699080
212,1500521000,1509027000,10000000,10000000,9310000,17816000,263395000,263395000,17816000,17816000,1200000000,1200000000,1217816000,1217816000,1237126000,1245632000,10000000,10000000,9310000,17816000,0,0,17816000,17816000,1200000000,1200000000,1217816000,1217816000,10000010,18772010,10000000,10000000,10,8772010
242,275818000,276252000,10000000,10000000,2423000,2857000,263395000,263395000,0,0,0,0,0,0,12423000,12857000,10000000,10000000,2423000,2857000,0,0,0,0,0,0,0,0,10000010,10000000,10000000,10000000,10,0
272,2138027000,3286753000,10000000,10000000,1775000,2857000,263395000,790185000,2857000,3711000,1860000000,2480000000,1862857000,2483711000,1874632000,2496568000,10000000,10000000,1775000,2857000,0,0,2857000,3711000,1860000000,2480000000,1862857000,2483711000,10000010,13704140,10000000,10000000,10,3704140
302,2150572000,2414518000,10000000,10000000,3313000,3864000,263395000,526790000,3864000,3864000,1870000000,1870000000,1873864000,1873864000,1887177000,1887728000,10000000,10000000,3313000,3864000,0,0,3864000,3864000,1870000000,1870000000,1873864000,1873864000,10000010,14284120,10000000,10000000,10,4284120
332,2010462000,2274966000,10000000,10000000,12979000,14088000,263395000,526790000,14088000,14088000,1710000000,1710000000,1724088000,1724088000,1747067000,1748176000,10000000,10000000,12979000,14088000,0,0,14088000,14088000,1710000000,1710000000,1724088000,1724088000,10000010,24456110,10000000,10000000,10,14456110
362,2201730000,2465550000,10000000,10000000,4065000,4270000,263395000,526790000,4270000,4490000,1920000000,1920000000,1924270000,1924490000,1938335000,1938760000,10000000,10000000,4065000,4270000,0,0,4270000,4490000,1920000000,1920000000,1924270000,1924490000,10000010,11045020,10000000,10000000,10,1045020
392,1656481000,2184921000,10000000,10000000,10718000,12368000,263395000,790185000,12368000,12368000,1360000000,1360000000,1372368000,1372368000,1393086000,1394736000,10000000,10000000,10718000,12368000,0,0,12368000,12368000,1360000000,1360000000,1372368000,1372368000,10000010,22195080,10000000,10000000,10,12195080
422,290745000,291138000,10000000,10000000,17350000,17743000,263395000,263395000,0,0,0,0,0,0,27350000,27743000,10000000,10000000,17350000,17743000,0,0,0,0,0,0,0,0,10000010,10000000,10000000,10000000,10,0
3,2109170000,2111235000,10000000,10000000,2215000,3560000,263395000,263395000,3560000,4280000,1830000000,1830000000,1833560000,1834280000,1845775000,1847840000,10000000,10000000,2215000,3560000,0,0,3560000,4280000,1830000000,1830000000,1833560000,1834280000,10000010,10720020,10000000,10000000,10,720020
33,286009000,286343000,10000000,10000000,12614000,12948000,263395000,263395000,0,0,0,0,0,0,22614000,22948000,10000000,10000000,12614000,12948000,0,0,0,0,0,0,0,0,10000010,10000000,10000000,10000000,10,0
63,1663643000,1664345000,10000000,10000000,9773000,10475000,263395000,263395000,10475000,10475000,1370000000,1370000000,1380475000,1380475000,1400248000,1400950000,10000000,10000000,9773000,10475000,0,0,10475000,10475000,1370000000,1370000000,1380475000,1380475000,10000010,21513110,10000000,10000000,10,11513110
93,2023738000,2024337000,10000000,10000000,14973000,15370000,263395000,263395000,15370000,15572000,1720000000,1720000000,1735370000,1735572000,1760343000,1760942000,10000000,10000000,14973000,15370000,0,0,15370000,15572000,1720000000,1720000000,1735370000,1735572000,10000010,14753070,10000000,10000000,10,4753070
123,288035000,288149000,10000000,10000000,14640000,14754000,263395000,263395000,0,0,0,0,0,0,24640000,24754000,10000000,10000000,14640000,14754000,0,0,0,0,0,0,0,0,10000010,10000000,10000000,10000000,10,0
153,2169435000,2169665000,10000000,10000000,17905000,18135000,263395000,263395000,18135000,18135000,1860000000,1860000000,1878135000,1878135000,1906040000,1906270000,10000000,10000000,17905000,18135000,0,0,18135000,18135000,1860000000,1860000000,1878135000,1878135000,10000010,18399110,10000000,10000000,10,8399110
183,2092819000,3236099000,10000000,10000000,14625000,14799000,263395000,263395000,14799000,17905000,1790000000,2930000000,1804799000,2947905000,1829424000,2972704000,10000000,10000000,14625000,14799000,0,0,14799000,17905000,1790000000,2930000000,1804799000,2947905000,10000010,15768070,10000000,10000000,10,5768070
213,1462130000,1462245000,10000000,10000000,9310000,9425000,263395000,263395000,9425000,9425000,1170000000,1170000000,1179425000,1179425000,1198735000,1198850000,10000000,10000000,9310000,9425000,0,0,9425000,9425000,1170000000,1170000000,1179425000,1179425000,10000010,22838060,10000000,10000000,10,12838060
243,1060984000,1069027000,10000000,10000000,9773000,17816000,263395000,263395000,17816000,17816000,760000000,760000000,777816000,777816000,797589000,805632000,10000000,10000000,9773000,17816000,0,0,17816000,17816000,760000000,760000000,777816000,777816000,10000010,10000000,10000000,10000000,10,0
273,2036469000,2301343000,10000000,10000000,1299000,1775000,263395000,526790000,1775000,2778000,1760000000,1760000000,1761775000,1762778000,1773074000,1774553000,10000000,10000000,1299000,1775000,0,0,1775000,2778000,1760000000,1760000000,1761775000,1762778000,10000010,13228120,10000000,10000000,10,3228120
303,560898000,824446000,10000000,10000000,3711000,3864000,263395000,526790000,3792000,3792000,280000000,280000000,283792000,283792000,297503000,297656000,10000000,10000000,3711000,3864000,0,0,3792000,3792000,280000000,280000000,283792000,283792000,10000010,13569080,10000000,10000000,10,3569080
333,969620000,1234334000,10000000,10000000,12453000,13772000,263395000,526790000,13772000,13772000,670000000,670000000,683772000,683772000,706225000,707544000,10000000,10000000,12453000,13772000,0,0,13772000,13772000,670000000,670000000,683772000,683772000,10000010,22453060,10000000,10000000,10,12453060
363,301524000,565744000,10000000,10000000,3744000,4569000,263395000,526790000,4385000,4385000,20000000,20000000,24385000,24385000,38129000,38954000,10000000,10000000,3744000,4569000,0,0,4385000,4385000,20000000,20000000,24385000,24385000,10000010,10000000,10000000,10000000,10,0
393,540683000,1068737000,10000000,10000000,13516000,14780000,263395000,790185000,13772000,13772000,240000000,240000000,253772000,253772000,277288000,278552000,10000000,10000000,13516000,14780000,0,0,13772000,13772000,240000000,240000000,253772000,253772000,10000010,15788080,10000000,10000000,10,5788080
423,386239000,914350000,10000000,10000000,16422000,17743000,263395000,790185000,16422000,16422000,80000000,80000000,96422000,96422000,122844000,124165000,10000000,10000000,16422000,17743000,0,0,16422000,16422000,80000000,80000000,96422000,96422000,10000010,10000000,10000000,10000000,10,0
4,390699000,390883000,10000000,10000000,3560000,3744000,263395000,263395000,3744000,3744000,110000000,110000000,113744000,113744000,127304000,127488000,10000000,10000000,3560000,3744000,0,0,3744000,3744000,110000000,110000000,113744000,113744000,10000010,11461020,10000000,10000000,10,1461020
34,1777881000,1778301000,10000000,10000000,12033000,12453000,263395000,263395000,12453000,12453000,1480000000,1480000000,1492453000,1492453000,1514486000,1514906000,10000000,10000000,12033000,12453000,0,0,12453000,12453000,1480000000,1480000000,1492453000,1492453000,10000010,23773120,10000000,10000000,10,13773120
64,1523209000,1524545000,10000000,10000000,9239000,10575000,263395000,263395000,10575000,10575000,1230000000,1230000000,1240575000,1240575000,1259814000,1261150000,10000000,10000000,9239000,10575000,0,0,10575000,10575000,1230000000,1230000000,1240575000,1240575000,10000010,10600010,10000000,10000000,10,600010
94,625137000,647774000,10000000,10000000,15572000,16170000,263395000,263395000,16170000,18209000,320000000,340000000,336170000,358209000,361742000,384379000,10000000,10000000,15572000,16170000,0,0,16170000,18209000,320000000,340000000,336170000,358209000,10000010,15314080,10000000,10000000,10,5314080
124,542335000,542675000,10000000,10000000,14300000,14640000,263395000,263395000,14640000,14640000,240000000,240000000,254640000,254640000,278940000,279280000,10000000,10000000,14300000,14640000,0,0,14640000,14640000,240000000,240000000,254640000,254640000,10000010,17771110,10000000,10000000,10,7771110
154,2018041000,2018149000,10000000,10000000,17269000,17377000,263395000,263395000,17377000,17377000,1710000000,1710000000,1727377000,1727377000,1754646000,1754754000,10000000,10000000,17269000,17377000,0,0,17377000,17377000,1710000000,1710000000,1727377000,1727377000,10000010,18169110,10000000,10000000,10,8169110
184,1516973000,1517253000,10000000,10000000,1649000,1929000,263395000,263395000,1929000,1929000,1240000000,1240000000,1241929000,1241929000,1253578000,1253858000,10000000,10000000,1649000,1929000,0,0,1929000,1929000,1240000000,1240000000,1241929000,1241929000,10000010,25801140,10000000,10000000,10,15801140
214,793243000,1152130000,10000000,10000000,538000,9310000,263395000,263395000,9310000,9425000,510000000,860000000,519310000,869425000,529848000,888735000,10000000,10000000,538000,9310000,0,0,9310000,9425000,510000000,860000000,519310000,869425000,10000010,18506010,10000000,10000000,10,8506010
244,2109627000,2374278000,10000000,10000000,2488000,3744000,263395000,526790000,3744000,3744000,1830000000,1830000000,1833744000,1833744000,1846232000,1847488000,10000000,10000000,2488000,3744000,0,0,3744000,3744000,1830000000,1830000000,1833744000,1833744000,10000010,10273010,10000000,10000000,10,273010
274,1876715000,2404251000,10000000,10000000,11287000,12033000,263395000,790185000,12033000,12033000,1580000000,1580000000,1592033000,1592033000,1613320000,1614066000,10000000,10000000,11287000,12033000,0,0,12033000,12033000,1580000000,1580000000,1592033000,1592033000,10000010,23027100,10000000,10000000,10,13027100
304,2023940000,2287934000,10000000,10000000,14973000,15572000,263395000,526790000,15572000,15572000,1720000000,1720000000,1735572000,1735572000,1760545000,1761144000,10000000,10000000,14973000,15572000,0,0,15572000,15572000,1720000000,1720000000,1735572000,1735572000,10000010,14715060,10000000,10000000,10,4715060
334,276267000,277092000,10000000,10000000,2872000,3697000,263395000,263395000,0,0,0,0,0,0,12872000,13697000,10000000,10000000,2872000,3697000,0,0,0,0,0,0,0,0,10000010,10000000,10000000,10000000,10,0
364,312050000,575665000,10000000,10000000,4270000,4490000,263395000,526790000,4385000,4385000,30000000,30000000,34385000,34385000,48655000,48875000,10000000,10000000,4270000,4490000,0,0,4385000,4385000,30000000,30000000,34385000,34385000,10000010,10205020,10000000,10000000,10,205020
394,1280683000,1808867000,10000000,10000000,12947000,14341000,263395000,790185000,14341000,14341000,980000000,980000000,994341000,994341000,1017288000,1018682000,10000000,10000000,12947000,14341000,0,0,14341000,14341000,980000000,980000000,994341000,994341000,10000010,23778080,10000000,10000000,10,13778080
424,291604000,292222000,10000000,10000000,18209000,18827000,263395000,263395000,0,0,0,0,0,0,28209000,28827000,10000000,10000000,18209000,18827000,0,0,0,0,0,0,0,0,10000010,10000000,10000000,10000000,10,0
5,2210836000,2211556000,10000000,10000000,3560000,3881000,263395000,263395000,3881000,4280000,1930000000,1930000000,1933881000,1934280000,1947441000,1948161000,10000000,10000000,3560000,3881000,0,0,3881000,4280000,1930000000,1930000000,1933881000,1934280000,10000010,11650020,10000000,10000000,10,1650020
35,1887170000,1887461000,10000000,10000000,11742000,12033000,263395000,263395000,12033000,12033000,1590000000,1590000000,1602033000,1602033000,1623775000,1624066000,10000000,10000000,11742000,12033000,0,0,12033000,12033000,1590000000,1590000000,1602033000,1602033000,10000010,23482110,10000000,10000000,10,13482110
65,308423000,308525000,10000000,10000000,2514000,2616000,263395000,263395000,2514000,2514000,30000000,30000000,32514000,32514000,45028000,45130000,10000000,10000000,2514000,2616000,0,0,2514000,2514000,30000000,30000000,32514000,32514000,10000010,10000000,10000000,10000000,10,0
95,288967000,289363000,10000000,10000000,15572000,15968000,263395000,263395000,0,0,0,0,0,0,25572000,25968000,10000000,10000000,15572000,15968000,0,0,0,0,0,0,0,0,10000010,10000000,10000000,10000000,10,0
125,2012123000,2012675000,10000000,10000000,14088000,14640000,263395000,263395000,14640000,14640000,1710000000,1710000000,1724640000,1724640000,1748728000,1749280000,10000000,10000000,14088000,14640000,0,0,14640000,14640000,1710000000,1710000000,1724640000,1724640000,10000010,17860110,10000000,10000000,10,7860110
155,2057906000,2057933000,10000000,10000000,17242000,17269000,263395000,263395000,17269000,17269000,1750000000,1750000000,1767269000,1767269000,1794511000,1794538000,10000000,10000000,17242000,17269000,0,0,17269000,17269000,1750000000,1750000000,1767269000,1767269000,10000010,18385100,10000000,10000000,10,8385100
185,1746480000,1746609000,10000000,10000000,1478000,1607000,263395000,263395000,1607000,1607000,1470000000,1470000000,1471607000,1471607000,1483085000,1483214000,10000000,10000000,1478000,1607000,0,0,1607000,1607000,1470000000,1470000000,1471607000,1471607000,10000010,22126070,10000000,10000000,10,12126070
215,1082245000,1122462000,10000000,10000000,9425000,9757000,263395000,263395000,9425000,9310000,790000000,830000000,799425000,839310000,818850000,859067000,10000000,10000000,9425000,9757000,0,0,9425000,9310000,790000000,830000000,799425000,839310000,10000010,22953060,10000000,10000000,10,12953060
245,2199491000,3255640000,10000000,10000000,2215000,4385000,263395000,1316975000,3881000,4280000,1920000000,1920000000,1923881000,1924280000,1936096000,1938665000,10000000,10000000,2215000,4385000,0,0,3881000,4280000,1920000000,1920000000,1923881000,1924280000,10000010,11140020,10000000,10000000,10,1140020
275,284339000,284926000,10000000,10000000,10944000,11531000,263395000,263395000,0,0,0,0,0,0,20944000,21531000,10000000,10000000,10944000,11531000,0,0,0,0,0,0,0,0,10000010,10000000,10000000,10000000,10,0
305,554935000,1104564000,10000000,10000000,15370000,16170000,263395000,790185000,16170000,18209000,250000000,270000000,266170000,288209000,291540000,314379000,10000000,10000000,15370000,16170000,0,0,16170000,18209000,250000000,270000000,266170000,288209000,10000010,15112070,10000000,10000000,10,5112070
335,1555968000,1819728000,10000000,10000000,1104000,1469000,263395000,526790000,1469000,1469000,1280000000,1280000000,1281469000,1281469000,1292573000,1292938000,10000000,10000000,1104000,1469000,0,0,1469000,1469000,1280000000,1280000000,1281469000,1281469000,10000010,21820050,10000000,10000000,10,11820050
365,289363000,553449000,10000000,10000000,15968000,16659000,263395000,526790000,0,0,0,0,0,0,25968000,26659000,10000000,10000000,15968000,16659000,0,0,0,0,0,0,0,0,10000010,10000000,10000000,10000000,10,0
395,284458000,284664000,10000000,10000000,11063000,11269000,263395000,263395000,0,0,0,0,0,0,21063000,21269000,10000000,10000000,11063000,11269000,0,0,0,0,0,0,0,0,10000010,10000000,10000000,10000000,10,0
425,1504508000,2304730000,10000000,10000000,538000,10575000,263395000,1053580000,10575000,10575000,1220000000,1220000000,1230575000,1230575000,1241113000,1251150000,10000000,10000000,538000,10575000,0,0,10575000,10575000,1220000000,1220000000,1230575000,1230575000,10000010,15007090,10000000,10000000,10,5007090
6,2200860000,2201205000,10000000,10000000,3560000,3905000,263395000,263395000,3905000,3905000,1920000000,1920000000,1923905000,1923905000,1937465000,1937810000,10000000,10000000,3560000,3905000,0,0,3905000,3905000,1920000000,1920000000,1923905000,1923905000,10000010,11650020,10000000,10000000,10,1650020
36,2228795000,2229289000,10000000,10000000,12453000,12947000,263395000,263395000,12947000,12947000,1930000000,1930000000,1942947000,1942947000,1965400000,1965894000,10000000,10000000,12453000,12947000,0,0,12947000,12947000,1930000000,1930000000,1942947000,1942947000,10000010,24193120,10000000,10000000,10,14193120
66,2207614000,2208423000,10000000,10000000,1705000,2514000,263395000,263395000,2514000,2514000,1930000000,1930000000,1932514000,1932514000,1944219000,1945028000,10000000,10000000,1705000,2514000,0,0,2514000,2514000,1930000000,1930000000,1932514000,1932514000,10000010,10052010,10000000,10000000,10,52010
96,1832130000,1832955000,10000000,10000000,13955000,14780000,263395000,263395000,14780000,14780000,1530000000,1530000000,1544780000,1544780000,1568735000,1569560000,10000000,10000000,13955000,14780000,0,0,14780000,14780000,1530000000,1530000000,1544780000,1544780000,10000010,25387120,10000000,10000000,10,15387120
126,2040122000,2040891000,10000000,10000000,12979000,13748000,263395000,263395000,13748000,13748000,1740000000,1740000000,1753748000,1753748000,1776727000,1777496000,10000000,10000000,12979000,13748000,0,0,13748000,13748000,1740000000,1740000000,1753748000,1753748000,10000010,24456110,10000000,10000000,10,14456110
156,2067692000,2067879000,10000000,10000000,17055000,17242000,263395000,263395000,17242000,17242000,1760000000,1760000000,1777242000,1777242000,1804297000,1804484000,10000000,10000000,17055000,17242000,0,0,17242000,17242000,1760000000,1760000000,1777242000,1777242000,10000010,18198090,10000000,10000000,10,8198090
186,906112000,906379000,10000000,10000000,1225000,1492000,263395000,263395000,1492000,1492000,630000000,630000000,631492000,631492000,642717000,642984000,10000000,10000000,1225000,1492000,0,0,1492000,1492000,630000000,630000000,631492000,631492000,10000010,10825010,10000000,10000000,10,825010
216,1492909000,1492971000,10000000,10000000,9757000,9819000,263395000,263395000,9757000,9757000,1200000000,1200000000,1209757000,1209757000,1229514000,1229576000,10000000,10000000,9757000,9819000,0,0,9757000,9757000,1200000000,1200000000,1209757000,1209757000,10000010,21091060,10000000,10000000,10,11091060
246,2205553000,2469276000,10000000,10000000,915000,1243000,263395000,526790000,1243000,1243000,1930000000,1930000000,1931243000,1931243000,1942158000,1942486000,10000000,10000000,915000,1243000,0,0,1243000,1243000,1930000000,1930000000,1931243000,1931243000,10000010,21563040,10000000,10000000,10,11563040
276,1685924000,2213355000,10000000,10000000,10944000,11585000,263395000,790185000,11585000,11585000,1390000000,1390000000,1401585000,1401585000,1422529000,1423170000,10000000,10000000,10944000,11585000,0,0,11585000,11585000,1390000000,1390000000,1401585000,1401585000,10000010,12138040,10000000,10000000,10,2138040
306,1821691000,2349745000,10000000,10000000,13516000,14780000,263395000,790185000,14780000,14780000,1520000000,1520000000,1534780000,1534780000,1558296000,1559560000,10000000,10000000,13516000,14780000,0,0,14780000,14780000,1520000000,1520000000,1534780000,1534780000,10000010,24948110,10000000,10000000,10,14948110
336,2595408000,3386716000,10000000,10000000,445000,1568000,263395000,1053580000,1568000,1568000,2320000000,2320000000,2321568000,2321568000,2332013000,2333136000,10000000,10000000,445000,1568000,0,0,1568000,1568000,2320000000,2320000000,2321568000,2321568000,10000010,21161040,10000000,10000000,10,11161040
366,288967000,553083000,10000000,10000000,15572000,16293000,263395000,526790000,0,0,0,0,0,0,25572000,26293000,10000000,10000000,15572000,16293000,0,0,0,0,0,0,0,0,10000010,10000000,10000000,10000000,10,0
396,965225000,1909190000,10000000,10000000,915000,11269000,263395000,1053580000,915000,14341000,690000000,820000000,690915000,834341000,701830000,855610000,10000000,10000000,915000,11269000,0,0,915000,14341000,690000000,820000000,690915000,834341000,10000010,14011060,10000000,10000000,10,4011060
426,276675000,276816000,10000000,10000000,3280000,3421000,263395000,263395000,0,0,0,0,0,0,13280000,13421000,10000000,10000000,3280000,3421000,0,0,0,0,0,0,0,0,10000010,10000000,10000000,10000000,10,0
7,2191340000,2192165000,10000000,10000000,3560000,4385000,263395000,263395000,4385000,4385000,1910000000,1910000000,1914385000,1914385000,1927945000,1928770000,10000000,10000000,3560000,4385000,0,0,4385000,4385000,1910000000,1910000000,1914385000,1914385000,10000010,11618020,10000000,10000000,10,1618020
37,1888831000,1889361000,10000000,10000000,12453000,12983000,263395000,263395000,12983000,12983000,1590000000,1590000000,1602983000,1602983000,1625436000,1625966000,10000000,10000000,12453000,12983000,0,0,12983000,12983000,1590000000,1590000000,1602983000,1602983000,10000010,24193120,10000000,10000000,10,14193120
67,2207768000,2208627000,10000000,10000000,1757000,2616000,263395000,263395000,2616000,2616000,1930000000,1930000000,1932616000,1932616000,1944373000,1945232000,10000000,10000000,1757000,2616000,0,0,2616000,2616000,1930000000,1930000000,1932616000,1932616000,10000010,10052010,10000000,10000000,10,52010
97,661650000,661995000,10000000,10000000,13955000,14300000,263395000,263395000,14300000,14300000,360000000,360000000,374300000,374300000,398255000,398600000,10000000,10000000,13955000,14300000,0,0,14300000,14300000,360000000,360000000,374300000,374300000,10000010,16586090,10000000,10000000,10,6586090
127,1298742000,1299353000,10000000,10000000,12368000,12979000,263395000,263395000,12979000,12979000,1000000000,1000000000,1012979000,1012979000,1035347000,1035958000,10000000,10000000,12368000,12979000,0,0,12979000,12979000,1000000000,1000000000,1012979000,1012979000,10000010,23845100,10000000,10000000,10,13845100
157,2166074000,2167505000,10000000,10000000,15624000,17055000,263395000,263395000,17055000,17055000,1860000000,1860000000,1877055000,1877055000,1902679000,1904110000,10000000,10000000,15624000,17055000,0,0,17055000,17055000,1860000000,1860000000,1877055000,1877055000,10000010,16767080,10000000,10000000,10,6767080
187,2187286000,2187489000,10000000,10000000,1844000,2047000,263395000,263395000,2047000,2047000,1910000000,1910000000,1912047000,1912047000,1923891000,1924094000,10000000,10000000,1844000,2047000,0,0,2047000,2047000,1910000000,1910000000,1912047000,1912047000,10000010,22492080,10000000,10000000,10,12492080
217,353752000,363033000,10000000,10000000,538000,9819000,263395000,263395000,9819000,9819000,70000000,70000000,79819000,79819000,90357000,99638000,10000000,10000000,538000,9819000,0,0,9819000,9819000,70000000,70000000,79819000,79819000,10000010,10000000,10000000,10000000,10,0
247,1685510000,2260109000,10000000,10000000,915000,1200000,263395000,526790000,1200000,2119000,1410000000,1720000000,1411200000,1722119000,1422115000,1733319000,10000000,10000000,915000,1200000,0,0,1200000,2119000,1410000000,1720000000,1411200000,1722119000,10000010,24806080,10000000,10000000,10,14806080
277,284603000,284750000,10000000,10000000,11208000,11355000,263395000,263395000,0,0,0,0,0,0,21208000,21355000,10000000,10000000,11208000,11355000,0,0,0,0,0,0,0,0,10000010,10000000,10000000,10000000,10,0
307,1990333000,2819306000,10000000,10000000,12983000,14341000,263395000,790185000,13955000,14780000,1690000000,1990000000,1703955000,2004780000,1726938000,2029121000,10000000,10000000,12983000,14341000,0,0,13955000,14780000,1690000000,1990000000,1703955000,2004780000,10000010,24723130,10000000,10000000,10,14723130
337,274499000,274794000,10000000,10000000,1104000,1399000,263395000,263395000,0,0,0,0,0,0,11104000,11399000,10000000,10000000,1104000,1399000,0,0,0,0,0,0,0,0,10000010,10000000,10000000,10000000,10,0
367,290054000,818303000,10000000,10000000,16659000,18118000,263395000,790185000,0,0,0,0,0,0,26659000,28118000,10000000,10000000,16659000,18118000,0,0,0,0,0,0,0,0,10000010,10000000,10000000,10000000,10,0
397,1395370000,1922699000,10000000,10000000,10718000,11257000,263395000,790185000,11257000,11257000,1100000000,1100000000,1111257000,1111257000,1131975000,1132514000,10000000,10000000,10718000,11257000,0,0,11257000,11257000,1100000000,1100000000,1111257000,1111257000,10000010,21850060,10000000,10000000,10,11850060
427,2194062000,5673595000,10000000,10000000,0,10718000,263395000,2370555000,667000,2322000,1920000000,3280000000,1920667000,3282322000,1930667000,3303040000,10000000,10000000,0,10718000,0,0,667000,2322000,1920000000,3280000000,1920667000,3282322000,10000010,13911050,10000000,10000000,10,3911050
8,2215611000,2215881000,10000000,10000000,973000,1243000,263395000,263395000,1243000,1243000,1940000000,1940000000,1941243000,1941243000,1952216000,1952486000,10000000,10000000,973000,1243000,0,0,1243000,1243000,1940000000,1940000000,1941243000,1941243000,10000010,21621050,10000000,10000000,10,11621050
38,1198827000,1199353000,10000000,10000000,12453000,12979000,263395000,263395000,12979000,12979000,900000000,900000000,912979000,912979000,935432000,935958000,10000000,10000000,12453000,12979000,0,0,12979000,12979000,900000000,900000000,912979000,912979000,10000010,23180070,10000000,10000000,10,13180070
68,276011000,276675000,10000000,10000000,2616000,3280000,263395000,263395000,0,0,0,0,0,0,12616000,13280000,10000000,10000000,2616000,3280000,0,0,0,0,0,0,0,0,10000010,10000000,10000000,10000000,10,0
98,2000866000,2001305000,10000000,10000000,13516000,13955000,263395000,263395000,13955000,13955000,1700000000,1700000000,1713955000,1713955000,1737471000,1737910000,10000000,10000000,13516000,13955000,0,0,13955000,13955000,1700000000,1700000000,1713955000,1713955000,10000010,25256140,10000000,10000000,10,15256140
128,1330146000,1330939000,10000000,10000000,12979000,13772000,263395000,263395000,13772000,13772000,1030000000,1030000000,1043772000,1043772000,1066751000,1067544000,10000000,10000000,12979000,13772000,0,0,13772000,13772000,1030000000,1030000000,1043772000,1043772000,10000010,24456110,10000000,10000000,10,14456110
158,397800000,398095000,10000000,10000000,17055000,17350000,263395000,263395000,17350000,17350000,90000000,90000000,107350000,107350000,134405000,134700000,10000000,10000000,17055000,17350000,0,0,17350000,17350000,90000000,90000000,107350000,107350000,10000010,12271060,10000000,10000000,10,2271060
188,3027495000,3098269000,10000000,10000000,1844000,2256000,263395000,263395000,2256000,2618000,2750000000,2820000000,2752256000,2822618000,2764100000,2834874000,10000000,10000000,1844000,2256000,0,0,2256000,2618000,2750000000,2820000000,2752256000,2822618000,10000010,15189130,10000000,10000000,10,5189130
218,1902987000,1903033000,10000000,10000000,9773000,9819000,263395000,263395000,9819000,9819000,1610000000,1610000000,1619819000,1619819000,1639592000,1639638000,10000000,10000000,9773000,9819000,0,0,9819000,9819000,1610000000,1610000000,1619819000,1619819000,10000010,11728020,10000000,10000000,10,1728020
248,1945956000,4033826000,10000000,10000000,1039000,1522000,263395000,790185000,1522000,2119000,1670000000,3230000000,1671522000,3232119000,1682561000,3243641000,10000000,10000000,1039000,1522000,0,0,1522000,2119000,1670000000,3230000000,1671522000,3232119000,10000010,24930090,10000000,10000000,10,14930090
278,284339000,284820000,10000000,10000000,10944000,11425000,263395000,263395000,0,0,0,0,0,0,20944000,21425000,10000000,10000000,10944000,11425000,0,0,0,0,0,0,0,0,10000010,10000000,10000000,10000000,10,0
308,2070367000,2861933000,10000000,10000000,12983000,14364000,263395000,1053580000,13989000,13989000,1770000000,1770000000,1783989000,1783989000,1806972000,1808353000,10000000,10000000,12983000,14364000,0,0,13989000,13989000,1770000000,1770000000,1783989000,1783989000,10000010,14605080,10000000,10000000,10,4605080
338,1567173000,1831748000,10000000,10000000,1299000,2479000,263395000,526790000,2479000,2479000,1290000000,1290000000,1292479000,1292479000,1303778000,1304958000,10000000,10000000,1299000,2479000,0,0,2479000,2479000,1290000000,1290000000,1292479000,1292479000,10000010,11906070,10000000,10000000,10,1906070
368,289688000,554392000,10000000,10000000,16293000,17602000,263395000,526790000,0,0,0,0,0,0,26293000,27602000,10000000,10000000,16293000,17602000,0,0,0,0,0,0,0,0,10000010,10000000,10000000,10000000,10,0
398,1855383000,2920061000,10000000,10000000,445000,11543000,263395000,1316975000,11543000,11543000,1570000000,1570000000,1581543000,1581543000,1591988000,1603086000,10000000,10000000,445000,11543000,0,0,11543000,11543000,1570000000,1570000000,1581543000,1581543000,10000010,13911050,10000000,10000000,10,3911050
428,924285000,1188025000,10000000,10000000,445000,790000,263395000,526790000,445000,445000,650000000,650000000,650445000,650445000,660890000,661235000,10000000,10000000,445000,790000,0,0,445000,445000,650000000,650000000,650445000,650445000,10000010,24242090,10000000,10000000,10,14242090
9,2215283000,2215341000,10000000,10000000,915000,973000,263395000,263395000,973000,973000,1940000000,1940000000,1940973000,1940973000,1951888000,1951946000,10000000,10000000,915000,973000,0,0,973000,973000,1940000000,1940000000,1940973000,1940973000,10000010,21563040,10000000,10000000,10,11563040
39,2157458000,2157713000,10000000,10000000,1904000,2159000,263395000,263395000,2159000,2159000,1880000000,1880000000,1882159000,1882159000,1894063000,1894318000,10000000,10000000,1904000,2159000,0,0,2159000,2159000,1880000000,1880000000,1882159000,1882159000,10000010,12065070,10000000,10000000,10,2065070
69,2206857000,2206909000,10000000,10000000,1705000,1757000,263395000,263395000,1757000,1757000,1930000000,1930000000,1931757000,1931757000,1943462000,1943514000,10000000,10000000,1705000,1757000,0,0,1757000,1757000,1930000000,1930000000,1931757000,1931757000,10000010,10859010,10000000,10000000,10,859010
99,2039894000,2040427000,10000000,10000000,12983000,13516000,263395000,263395000,13516000,13516000,1740000000,1740000000,1753516000,1753516000,1776499000,1777032000,10000000,10000000,12983000,13516000,0,0,13516000,13516000,1740000000,1740000000,1753516000,1753516000,10000010,24723130,10000000,10000000,10,14723130
129,1687306000,1688131000,10000000,10000000,11543000,12368000,263395000,263395000,12368000,12368000,1390000000,1390000000,1402368000,1402368000,1423911000,1424736000,10000000,10000000,11543000,12368000,0,0,12368000,12368000,1390000000,1390000000,1402368000,1402368000,10000010,23020090,10000000,10000000,10,13020090
159,2165441000,2166239000,10000000,10000000,15624000,16422000,263395000,263395000,16422000,16422000,1860000000,1860000000,1876422000,1876422000,1902046000,1902844000,10000000,10000000,15624000,16422000,0,0,16422000,16422000,1860000000,1860000000,1876422000,1876422000,10000010,14327050,10000000,10000000,10,4327050
189,2126717000,2127083000,10000000,10000000,1478000,1844000,263395000,263395000,1844000,1844000,1850000000,1850000000,1851844000,1851844000,1863322000,1863688000,10000000,10000000,1478000,1844000,0,0,1844000,1844000,1850000000,1850000000,1851844000,1851844000,10000010,22126070,10000000,10000000,10,12126070
219,733659000,743033000,10000000,10000000,445000,9819000,263395000,263395000,9819000,9819000,450000000,450000000,459819000,459819000,470264000,479638000,10000000,10000000,445000,9819000,0,0,9819000,9819000,450000000,450000000,459819000,459819000,10000010,13553030,10000000,10000000,10,3553030
249,766846000,1030648000,10000000,10000000,1522000,1929000,263395000,526790000,1929000,1929000,490000000,490000000,491929000,491929000,503451000,503858000,10000000,10000000,1522000,1929000,0,0,1929000,1929000,490000000,490000000,491929000,491929000,10000010,24588100,10000000,10000000,10,14588100
279,1686081000,1950274000,10000000,10000000,10944000,11742000,263395000,526790000,11742000,11742000,1390000000,1390000000,1401742000,1401742000,1422686000,1423484000,10000000,10000000,10944000,11742000,0,0,11742000,11742000,1390000000,1390000000,1401742000,1401742000,10000010,22684090,10000000,10000000,10,12684090
309,287118000,551239000,10000000,10000000,13723000,14449000,263395000,526790000,0,0,0,0,0,0,23723000,24449000,10000000,10000000,13723000,14449000,0,0,0,0,0,0,0,0,10000010,10000000,10000000,10000000,10,0
339,797442000,1061748000,10000000,10000000,1568000,2479000,263395000,526790000,2479000,2479000,520000000,520000000,522479000,522479000,534047000,534958000,10000000,10000000,1568000,2479000,0,0,2479000,2479000,520000000,520000000,522479000,522479000,10000010,12872100,10000000,10000000,10,2872100
369,290997000,291309000,10000000,10000000,17602000,17914000,263395000,263395000,0,0,0,0,0,0,27602000,27914000,10000000,10000000,17602000,17914000,0,0,0,0,0,0,0,0,10000010,10000000,10000000,10000000,10,0
399,1481749000,2289212000,10000000,10000000,538000,17816000,263395000,1053580000,17816000,17816000,1190000000,1190000000,1207816000,1207816000,1218354000,1235632000,10000000,10000000,538000,17816000,0,0,17816000,17816000,1190000000,1190000000,1207816000,1207816000,10000010,14235050,10000000,10000000,10,4235050
429,1885422000,2149230000,10000000,10000000,807000,1220000,263395000,526790000,1220000,1220000,1610000000,1610000000,1611220000,1611220000,1622027000,1622440000,10000000,10000000,807000,1220000,0,0,1220000,1220000,1610000000,1610000000,1611220000,1611220000,10000010,24959120,10000000,10000000,10,14959120
10,1695634000,2016714000,10000000,10000000,1039000,1200000,263395000,263395000,1200000,2119000,1420000000,1740000000,1421200000,1742119000,1432239000,1753319000,10000000,10000000,1039000,1200000,0,0,1200000,2119000,1420000000,1740000000,1421200000,1742119000,10000010,24930090,10000000,10000000,10,14930090
40,2157892000,2158071000,10000000,10000000,2159000,2338000,263395000,263395000,2338000,2338000,1880000000,1880000000,1882338000,1882338000,1894497000,1894676000,10000000,10000000,2159000,2338000,0,0,2338000,2338000,1880000000,1880000000,1882338000,1882338000,10000010,12040060,10000000,10000000,10,2040060
70,274615000,275100000,10000000,10000000,1220000,1705000,263395000,263395000,0,0,0,0,0,0,11220000,11705000,10000000,10000000,1220000,1705000,0,0,0,0,0,0,0,0,10000010,10000000,10000000,10000000,10,0
100,1051252000,1052077000,10000000,10000000,13516000,14341000,263395000,263395000,14341000,14341000,750000000,750000000,764341000,764341000,787857000,788682000,10000000,10000000,13516000,14341000,0,0,14341000,14341000,750000000,750000000,764341000,764341000,10000010,25256140,10000000,10000000,10,15256140
130,284938000,285763000,10000000,10000000,11543000,12368000,263395000,263395000,0,0,0,0,0,0,21543000,22368000,10000000,10000000,11543000,12368000,0,0,0,0,0,0,0,0,10000010,10000000,10000000,10000000,10,0
160,2153644000,2155441000,10000000,10000000,14625000,15624000,263395000,263395000,15624000,16422000,1850000000,1850000000,1865624000,1866422000,1890249000,1892046000,10000000,10000000,14625000,15624000,0,0,15624000,16422000,1850000000,1850000000,1865624000,1866422000,10000010,15768070,10000000,10000000,10,5768070
190,277164000,277363000,10000000,10000000,3769000,3968000,263395000,263395000,0,0,0,0,0,0,13769000,13968000,10000000,10000000,3769000,3968000,0,0,0,0,0,0,0,0,10000010,10000000,10000000,10000000,10,0
220,274002000,274064000,10000000,10000000,607000,669000,263395000,263395000,0,0,0,0,0,0,10607000,10669000,10000000,10000000,607000,669000,0,0,0,0,0,0,0,0,10000010,10000000,10000000,10000000,10,0
250,2426714000,2954423000,10000000,10000000,1200000,2119000,263395000,790185000,2119000,2119000,2150000000,2150000000,2152119000,2152119000,2163319000,2164238000,10000000,10000000,1200000,2119000,0,0,2119000,2119000,2150000000,2150000000,2152119000,2152119000,10000010,25091100,10000000,10000000,10,15091100
280,1014445000,1278540000,10000000,10000000,10475000,11175000,263395000,526790000,10575000,10575000,720000000,720000000,730575000,730575000,751050000,751750000,10000000,10000000,10475000,11175000,0,0,10575000,10575000,720000000,720000000,730575000,730575000,10000010,10000000,10000000,10000000,10,0
310,471373000,735228000,10000000,10000000,13989000,14449000,263395000,526790000,13989000,13989000,170000000,170000000,183989000,183989000,207978000,208438000,10000000,10000000,13989000,14449000,0,0,13989000,13989000,170000000,170000000,183989000,183989000,10000010,10000000,10000000,10000000,10,0
340,1986283000,2515666000,10000000,10000000,1104000,3697000,263395000,790185000,1784000,1784000,1710000000,1710000000,1711784000,1711784000,1722888000,1725481000,10000000,10000000,1104000,3697000,0,0,1784000,1784000,1710000000,1710000000,1711784000,1711784000,10000010,20385020,10000000,10000000,10,10385020
370,290997000,291513000,10000000,10000000,17602000,18118000,263395000,263395000,0,0,0,0,0,0,27602000,28118000,10000000,10000000,17602000,18118000,0,0,0,0,0,0,0,0,10000010,10000000,10000000,10000000,10,0
400,1122015000,1385857000,10000000,10000000,9310000,9757000,263395000,526790000,9310000,9310000,830000000,830000000,839310000,839310000,858620000,859067000,10000000,10000000,9310000,9757000,0,0,9310000,9310000,830000000,830000000,839310000,839310000,10000010,22838060,10000000,10000000,10,12838060
430,1563468000,2090796000,10000000,10000000,0,538000,263395000,790185000,73000,73000,1290000000,1290000000,1290073000,1290073000,1300073000,1300611000,10000000,10000000,0,538000,0,0,73000,73000,1290000000,1290000000,1290073000,1290073000,10000010,22496060,10000000,10000000,10,12496060
11,1735349000,1996553000,10000000,10000000,915000,1039000,263395000,263395000,1039000,2119000,1460000000,1720000000,1461039000,1722119000,1471954000,1733158000,10000000,10000000,915000,1039000,0,0,1039000,2119000,1460000000,1720000000,1461039000,1722119000,10000010,24806080,10000000,10000000,10,14806080
41,2197074000,2197203000,10000000,10000000,1775000,1904000,263395000,263395000,1904000,1904000,1920000000,1920000000,1921904000,1921904000,1933679000,1933808000,10000000,10000000,1775000,1904000,0,0,1904000,1904000,1920000000,1920000000,1921904000,1921904000,10000010,12089060,10000000,10000000,10,2089060
71,2166016000,2166239000,10000000,10000000,1199000,1422000,263395000,263395000,1422000,1422000,1890000000,1890000000,1891422000,1891422000,1902621000,1902844000,10000000,10000000,1199000,1422000,0,0,1422000,1422000,1890000000,1890000000,1891422000,1891422000,10000010,21173060,10000000,10000000,10,11173060
101,2081107000,2081373000,10000000,10000000,13723000,13989000,263395000,263395000,13989000,13989000,1780000000,1780000000,1793989000,1793989000,1817712000,1817978000,10000000,10000000,13723000,13989000,0,0,13989000,13989000,1780000000,1780000000,1793989000,1793989000,10000010,14830070,10000000,10000000,10,4830070
131,285763000,285949000,10000000,10000000,12368000,12554000,263395000,263395000,0,0,0,0,0,0,22368000,22554000,10000000,10000000,12368000,12554000,0,0,0,0,0,0,0,0,10000010,10000000,10000000,10000000,10,0
161,2167167000,2168095000,10000000,10000000,16422000,17350000,263395000,263395000,17350000,17350000,1860000000,1860000000,1877350000,1877350000,1903772000,1904700000,10000000,10000000,16422000,17350000,0,0,17350000,17350000,1860000000,1860000000,1877350000,1877350000,10000010,15125060,10000000,10000000,10,5125060
191,2218314000,2219139000,10000000,10000000,2047000,2872000,263395000,263395000,2872000,2872000,1940000000,1940000000,1942872000,1942872000,1954919000,1955744000,10000000,10000000,2047000,2872000,0,0,2872000,2872000,1940000000,1940000000,1942872000,1942872000,10000010,22695090,10000000,10000000,10,12695090
221,1464301000,1475931000,10000000,10000000,299000,607000,263395000,263395000,607000,1929000,1190000000,1200000000,1190607000,1201929000,1200906000,1212536000,10000000,10000000,299000,607000,0,0,607000,1929000,1190000000,1200000000,1190607000,1201929000,10000010,24451090,10000000,10000000,10,14451090
251,1937132000,2465344000,10000000,10000000,1522000,2944000,263395000,790185000,2215000,2215000,1660000000,1660000000,1662215000,1662215000,1673737000,1675159000,10000000,10000000,1522000,2944000,0,0,2215000,2215000,1660000000,1660000000,1662215000,1662215000,10000010,25413110,10000000,10000000,10,15413110
281,1675157000,4280110000,10000000,10000000,10475000,11531000,263395000,1580370000,11287000,18209000,1380000000,2660000000,1391287000,2678209000,1411762000,2699740000,10000000,10000000,10475000,11531000,0,0,11287000,18209000,1380000000,2660000000,1391287000,2678209000,10000010,22215100,10000000,10000000,10,12215100
311,2241567000,2769607000,10000000,10000000,13723000,14973000,263395000,790185000,14449000,14449000,1940000000,1940000000,1954449000,1954449000,1978172000,1979422000,10000000,10000000,13723000,14973000,0,0,14449000,14449000,1940000000,1940000000,1954449000,1954449000,10000010,14828080,10000000,10000000,10,4828080
341,274963000,540487000,10000000,10000000,1568000,3697000,263395000,526790000,0,0,0,0,0,0,11568000,13697000,10000000,10000000,1568000,3697000,0,0,0,0,0,0,0,0,10000010,10000000,10000000,10000000,10,0
371,1844364000,3510865000,10000000,10000000,14799000,16170000,263395000,526790000,16170000,17905000,1540000000,2940000000,1556170000,2957905000,1580969000,2984075000,10000000,10000000,14799000,16170000,0,0,16170000,17905000,1540000000,2940000000,1556170000,2957905000,10000010,13573060,10000000,10000000,10,3573060
401,1062245000,1609314000,10000000,10000000,9425000,9819000,263395000,790185000,9425000,9310000,770000000,790000000,779425000,799310000,798850000,819129000,10000000,10000000,9425000,9819000,0,0,9425000,9310000,770000000,790000000,779425000,799310000,10000010,20734090,10000000,10000000,10,10734090
431,913395000,1178004000,10000000,10000000,0,299000,263395000,526790000,0,915000,640000000,640000000,640000000,640915000,650000000,651214000,10000000,10000000,0,299000,0,0,0,915000,640000000,640000000,640000000,640915000,10000010,20979030,10000000,10000000,10,10979030
12,2006117000,3747036000,10000000,10000000,1200000,1522000,263395000,263395000,1522000,2119000,1730000000,3470000000,1731522000,3472119000,1742722000,3483641000,10000000,10000000,1200000,1522000,0,0,1522000,2119000,1730000000,3470000000,1731522000,3472119000,10000010,25091100,10000000,10000000,10,15091100
42,2099157000,2099363000,10000000,10000000,2778000,2984000,263395000,263395000,2984000,2984000,1820000000,1820000000,1822984000,1822984000,1835762000,1835968000,10000000,10000000,2778000,2984000,0,0,2984000,2984000,1820000000,1820000000,1822984000,1822984000,10000010,11537060,10000000,10000000,10,1537060
72,1756406000,1756573000,10000000,10000000,1422000,1589000,263395000,263395000,1589000,1589000,1480000000,1480000000,1481589000,1481589000,1493011000,1493178000,10000000,10000000,1422000,1589000,0,0,1589000,1589000,1480000000,1480000000,1481589000,1481589000,10000010,21396070,10000000,10000000,10,11396070
102,2031482000,2032123000,10000000,10000000,13723000,14364000,263395000,263395000,14364000,14364000,1730000000,1730000000,1744364000,1744364000,1768087000,1768728000,10000000,10000000,13723000,14364000,0,0,14364000,14364000,1730000000,1730000000,1744364000,1744364000,10000010,14722060,10000000,10000000,10,4722060
132,1881783000,1881995000,10000000,10000000,14088000,14300000,263395000,263395000,14300000,14300000,1580000000,1580000000,1594300000,1594300000,1618388000,1618600000,10000000,10000000,14088000,14300000,0,0,14300000,14300000,1580000000,1580000000,1594300000,1594300000,10000010,15513070,10000000,10000000,10,5513070
162,2158400000,2159435000,10000000,10000000,17100000,17905000,263395000,263395000,17905000,18135000,1850000000,1850000000,1867905000,1868135000,1895005000,1896040000,10000000,10000000,17100000,17905000,0,0,17905000,18135000,1850000000,1850000000,1867905000,1868135000,10000010,17594100,10000000,10000000,10,7594100
192,828595000,829283000,10000000,10000000,2256000,2944000,263395000,263395000,2944000,2944000,550000000,550000000,552944000,552944000,565200000,565888000,10000000,10000000,2256000,2944000,0,0,2944000,2944000,550000000,550000000,552944000,552944000,10000010,15601140,10000000,10000000,10,5601140
222,2074664000,2074864000,10000000,10000000,607000,662000,263395000,263395000,662000,807000,1800000000,1800000000,1800662000,1800807000,1811269000,1811469000,10000000,10000000,607000,662000,0,0,662000,807000,1800000000,1800000000,1800662000,1800807000,10000010,24759090,10000000,10000000,10,14759090
252,1907937000,2963290000,10000000,10000000,2119000,3892000,263395000,1316975000,2423000,2423000,1630000000,1630000000,1632423000,1632423000,1644542000,1646315000,10000000,10000000,2119000,3892000,0,0,2423000,2423000,1630000000,1630000000,1632423000,1632423000,10000010,26010120,10000000,10000000,10,16010120
282,1104112000,1720785000,10000000,10000000,9773000,11175000,263395000,790185000,10944000,9425000,810000000,900000000,820944000,909425000,840717000,930600000,10000000,10000000,9773000,11175000,0,0,10944000,9425000,810000000,900000000,820944000,909425000,10000010,21513110,10000000,10000000,10,11513110
312,2029364000,2557424000,10000000,10000000,12453000,13723000,263395000,790185000,13516000,13516000,1730000000,1730000000,1743516000,1743516000,1765969000,1767239000,10000000,10000000,12453000,13723000,0,0,13516000,13516000,1730000000,1730000000,1743516000,1743516000,10000010,24193120,10000000,10000000,10,14193120
342,507253000,930270000,10000000,10000000,1929000,2423000,263395000,526790000,1929000,1057000,230000000,390000000,231929000,391057000,243858000,403480000,10000000,10000000,1929000,2423000,0,0,1929000,1057000,230000000,390000000,231929000,391057000,10000010,11267060,10000000,10000000,10,1267060
372,2156044000,2684385000,10000000,10000000,15549000,17100000,263395000,790185000,17100000,17100000,1850000000,1850000000,1867100000,1867100000,1892649000,1894200000,10000000,10000000,15549000,17100000,0,0,17100000,17100000,1850000000,1850000000,1867100000,1867100000,10000010,15314080,10000000,10000000,10,5314080
402,1473597000,2273156000,10000000,10000000,445000,9819000,263395000,1053580000,9757000,9757000,1190000000,1190000000,1199757000,1199757000,1210202000,1219576000,10000000,10000000,445000,9819000,0,0,9757000,9757000,1190000000,1190000000,1199757000,1199757000,10000010,11728020,10000000,10000000,10,1728020
432,398951000,662552000,10000000,10000000,2778000,2984000,263395000,526790000,2778000,2778000,120000000,120000000,122778000,122778000,135556000,135762000,10000000,10000000,2778000,2984000,0,0,2778000,2778000,120000000,120000000,122778000,122778000,10000010,11354050,10000000,10000000,10,1354050
13,1676073000,1676351000,10000000,10000000,1200000,1478000,263395000,263395000,1478000,1478000,1400000000,1400000000,1401478000,1401478000,1412678000,1412956000,10000000,10000000,1200000,1478000,0,0,1478000,1478000,1400000000,1400000000,1401478000,1401478000,10000010,21848060,10000000,10000000,10,11848060
43,2108511000,2108951000,10000000,10000000,2338000,2778000,263395000,263395000,2778000,2778000,1830000000,1830000000,1832778000,1832778000,1845116000,1845556000,10000000,10000000,2338000,2778000,0,0,2778000,2778000,1830000000,1830000000,1832778000,1832778000,10000010,12219070,10000000,10000000,10,2219070
73,1415970000,1416147000,10000000,10000000,1199000,1376000,263395000,263395000,1376000,1376000,1140000000,1140000000,1141376000,1141376000,1152575000,1152752000,10000000,10000000,1199000,1376000,0,0,1376000,1376000,1140000000,1140000000,1141376000,1141376000,10000010,23374100,10000000,10000000,10,13374100
103,619361000,620101000,10000000,10000000,12983000,13723000,263395000,263395000,12983000,12983000,320000000,320000000,332983000,332983000,355966000,356706000,10000000,10000000,12983000,13723000,0,0,12983000,12983000,320000000,320000000,332983000,332983000,10000010,15246080,10000000,10000000,10,5246080
133,2021231000,2021571000,10000000,10000000,13748000,14088000,263395000,263395000,14088000,14088000,1720000000,1720000000,1734088000,1734088000,1757836000,1758176000,10000000,10000000,13748000,14088000,0,0,14088000,14088000,1720000000,1720000000,1734088000,1734088000,10000010,25225120,10000000,10000000,10,15225120
163,2166665000,2167595000,10000000,10000000,16170000,17100000,263395000,263395000,17100000,17100000,1860000000,1860000000,1877100000,1877100000,1903270000,1904200000,10000000,10000000,16170000,17100000,0,0,17100000,17100000,1860000000,1860000000,1877100000,1877100000,10000010,16664090,10000000,10000000,10,6664090
193,2208129000,2208491000,10000000,10000000,2256000,2478000,263395000,263395000,2478000,2618000,1930000000,1930000000,1932478000,1932618000,1944734000,1945096000,10000000,10000000,2256000,2478000,0,0,2478000,2618000,1930000000,1930000000,1932478000,1932618000,10000010,12269050,10000000,10000000,10,2269050
223,933541000,934609000,10000000,10000000,73000,299000,263395000,263395000,73000,915000,660000000,660000000,660073000,660915000,670146000,671214000,10000000,10000000,73000,299000,0,0,73000,915000,660000000,660000000,660073000,660915000,10000010,21052040,10000000,10000000,10,11052040
253,2118529000,2382628000,10000000,10000000,2215000,2919000,263395000,526790000,2919000,2919000,1840000000,1840000000,1842919000,1842919000,1855134000,1855838000,10000000,10000000,2215000,2919000,0,0,2919000,2919000,1840000000,1840000000,1842919000,1842919000,10000010,11677010,10000000,10000000,10,1677010
283,1453809000,1719140000,10000000,10000000,9239000,11175000,263395000,526790000,11175000,11175000,1160000000,1160000000,1171175000,1171175000,1190414000,1192350000,10000000,10000000,9239000,11175000,0,0,11175000,11175000,1160000000,1160000000,1171175000,1171175000,10000010,10000000,10000000,10000000,10,0
313,2013129000,2541127000,10000000,10000000,14364000,15370000,263395000,790185000,15370000,15572000,1710000000,1710000000,1725370000,1725572000,1749734000,1750942000,10000000,10000000,14364000,15370000,0,0,15370000,15572000,1710000000,1710000000,1725370000,1725572000,10000010,14753070,10000000,10000000,10,4753070
343,976349000,1240168000,10000000,10000000,1265000,1689000,263395000,526790000,1689000,1689000,700000000,700000000,701689000,701689000,712954000,713378000,10000000,10000000,1265000,1689000,0,0,1689000,1689000,700000000,700000000,701689000,701689000,10000010,21093030,10000000,10000000,10,11093030
373,2142154000,2672231000,10000000,10000000,13135000,15624000,263395000,790185000,15624000,16422000,1840000000,1840000000,1855624000,1856422000,1878759000,1882046000,10000000,10000000,13135000,15624000,0,0,15624000,16422000,1840000000,1840000000,1855624000,1856422000,10000010,14278060,10000000,10000000,10,4278060
403,284113000,284170000,10000000,10000000,10718000,10775000,263395000,263395000,0,0,0,0,0,0,20718000,20775000,10000000,10000000,10718000,10775000,0,0,0,0,0,0,0,0,10000010,10000000,10000000,10000000,10,0
433,276011000,540211000,10000000,10000000,2616000,3421000,263395000,526790000,0,0,0,0,0,0,12616000,13421000,10000000,10000000,2616000,3421000,0,0,0,0,0,0,0,0,10000010,10000000,10000000,10000000,10,0
14,777101000,777253000,10000000,10000000,1777000,1929000,263395000,263395000,1929000,1929000,500000000,500000000,501929000,501929000,513706000,513858000,10000000,10000000,1777000,1929000,0,0,1929000,1929000,500000000,500000000,501929000,501929000,10000010,24843110,10000000,10000000,10,14843110
44,275335000,275603000,10000000,10000000,1940000,2208000,263395000,263395000,0,0,0,0,0,0,11940000,12208000,10000000,10000000,1940000,2208000,0,0,0,0,0,0,0,0,10000010,10000000,10000000,10000000,10,0
74,1325439000,1326016000,10000000,10000000,845000,1199000,263395000,263395000,1199000,1422000,1050000000,1050000000,1051199000,1051422000,1062044000,1062621000,10000000,10000000,845000,1199000,0,0,1199000,1422000,1050000000,1050000000,1051199000,1051422000,10000010,23551110,10000000,10000000,10,13551110
104,481373000,481833000,10000000,10000000,13989000,14449000,263395000,263395000,13989000,13989000,180000000,180000000,193989000,193989000,217978000,218438000,10000000,10000000,13989000,14449000,0,0,13989000,13989000,180000000,180000000,193989000,193989000,10000010,10085010,10000000,10000000,10,85010
134,980114000,980939000,10000000,10000000,12947000,13772000,263395000,263395000,13772000,13772000,680000000,680000000,693772000,693772000,716719000,717544000,10000000,10000000,12947000,13772000,0,0,13772000,13772000,680000000,680000000,693772000,693772000,10000010,22947070,10000000,10000000,10,12947070
164,548833000,548838000,10000000,10000000,2719000,2724000,263395000,263395000,2719000,2719000,270000000,270000000,272719000,272719000,285438000,285443000,10000000,10000000,2719000,2724000,0,0,2719000,2719000,270000000,270000000,272719000,272719000,10000010,12118050,10000000,10000000,10,2118050
194,276339000,277164000,10000000,10000000,2944000,3769000,263395000,263395000,0,0,0,0,0,0,12944000,13769000,10000000,10000000,2944000,3769000,0,0,0,0,0,0,0,0,10000010,10000000,10000000,10000000,10,0
224,1334539000,1335085000,10000000,10000000,299000,845000,263395000,263395000,845000,845000,1060000000,1060000000,1060845000,1060845000,1071144000,1071690000,10000000,10000000,299000,845000,0,0,845000,845000,1060000000,1060000000,1060845000,1060845000,10000010,23905100,10000000,10000000,10,13905100
254,2227995000,2492420000,10000000,10000000,11785000,12815000,263395000,526790000,12815000,12815000,1930000000,1930000000,1942815000,1942815000,1964600000,1965630000,10000000,10000000,11785000,12815000,0,0,12815000,12815000,1930000000,1930000000,1942815000,1942815000,10000010,10000000,10000000,10000000,10,0
284,275100000,539406000,10000000,10000000,1705000,2616000,263395000,526790000,0,0,0,0,0,0,11705000,12616000,10000000,10000000,1705000,2616000,0,0,0,0,0,0,0,0,10000010,10000000,10000000,10000000,10,0
314,1954790000,2218690000,10000000,10000000,445000,950000,263395000,526790000,950000,950000,1680000000,1680000000,1680950000,1680950000,1691395000,1691900000,10000000,10000000,445000,950000,0,0,950000,950000,1680000000,1680000000,1680950000,1680950000,10000010,12842080,10000000,10000000,10,2842080
344,936333000,1199948000,10000000,10000000,1469000,1689000,263395000,526790000,1469000,1469000,660000000,660000000,661469000,661469000,672938000,673158000,10000000,10000000,1469000,1689000,0,0,1469000,1469000,660000000,660000000,661469000,661469000,10000010,21242050,10000000,10000000,10,11242050
374,1993569000,3500244000,10000000,10000000,14625000,15549000,263395000,526790000,15549000,17905000,1690000000,2930000000,1705549000,2947905000,1730174000,2973454000,10000000,10000000,14625000,15549000,0,0,15549000,17905000,1690000000,2930000000,1705549000,2947905000,10000010,15525070,10000000,10000000,10,5525070
404,1025318000,1348765000,10000000,10000000,10944000,11257000,263395000,526790000,10979000,10718000,730000000,790000000,740979000,800718000,761923000,821975000,10000000,10000000,10944000,11257000,0,0,10979000,10718000,730000000,790000000,740979000,800718000,10000010,21618060,10000000,10000000,10,11618060
434,277287000,277975000,10000000,10000000,3892000,4580000,263395000,263395000,0,0,0,0,0,0,13892000,14580000,10000000,10000000,3892000,4580000,0,0,0,0,0,0,0,0,10000010,10000000,10000000,10000000,10,0
15,2096694000,2096949000,10000000,10000000,1522000,1777000,263395000,263395000,1777000,1777000,1820000000,1820000000,1821777000,1821777000,1833299000,1833554000,10000000,10000000,1522000,1777000,0,0,1777000,1777000,1820000000,1820000000,1821777000,1821777000,10000010,25413110,10000000,10000000,10,15413110
45,2039178000,2040003000,10000000,10000000,2479000,3304000,263395000,263395000,3304000,3304000,1760000000,1760000000,1763304000,1763304000,1775783000,1776608000,10000000,10000000,2479000,3304000,0,0,3304000,3304000,1760000000,1760000000,1763304000,1763304000,10000010,13913120,10000000,10000000,10,3913120
75,755847000,756343000,10000000,10000000,978000,1474000,263395000,263395000,1474000,1474000,480000000,480000000,481474000,481474000,492452000,492948000,10000000,10000000,978000,1474000,0,0,1474000,1474000,480000000,480000000,481474000,481474000,10000010,12242050,10000000,10000000,10,2242050
105,2252208000,2252293000,10000000,10000000,14364000,14449000,263395000,263395000,14449000,14449000,1950000000,1950000000,1964449000,1964449000,1988813000,1988898000,10000000,10000000,14364000,14449000,0,0,14449000,14449000,1950000000,1950000000,1964449000,1964449000,10000010,15437080,10000000,10000000,10,5437080
135,276267000,277092000,10000000,10000000,2872000,3697000,263395000,263395000,0,0,0,0,0,0,12872000,13697000,10000000,10000000,2872000,3697000,0,0,0,0,0,0,0,0,10000010,10000000,10000000,10000000,10,0
165,2188737000,2188843000,10000000,10000000,2618000,2724000,263395000,263395000,2724000,2724000,1910000000,1910000000,1912724000,1912724000,1925342000,1925448000,10000000,10000000,2618000,2724000,0,0,2724000,2724000,1910000000,1910000000,1912724000,1912724000,10000010,12631070,10000000,10000000,10,2631070
195,2218491000,2218631000,10000000,10000000,2478000,2618000,263395000,263395000,2618000,2618000,1940000000,1940000000,1942618000,1942618000,1955096000,1955236000,10000000,10000000,2478000,2618000,0,0,2618000,2618000,1940000000,1940000000,1942618000,1942618000,10000010,12491060,10000000,10000000,10,2491060
225,2135247000,2136023000,10000000,10000000,538000,1314000,263395000,263395000,1314000,1314000,1860000000,1860000000,1861314000,1861314000,1871852000,1872628000,10000000,10000000,538000,1314000,0,0,1314000,1314000,1860000000,1860000000,1861314000,1861314000,10000010,10000000,10000000,10000000,10,0
255,285407000,549605000,10000000,10000000,12012000,12815000,263395000,526790000,0,0,0,0,0,0,22012000,22815000,10000000,10000000,12012000,12815000,0,0,0,0,0,0,0,0,10000010,10000000,10000000,10000000,10,0
285,275152000,803465000,10000000,10000000,1757000,3280000,263395000,790185000,0,0,0,0,0,0,11757000,13280000,10000000,10000000,1757000,3280000,0,0,0,0,0,0,0,0,10000010,10000000,10000000,10000000,10,0
315,535433000,799099000,10000000,10000000,950000,1221000,263395000,526790000,1088000,1088000,260000000,260000000,261088000,261088000,272038000,272309000,10000000,10000000,950000,1221000,0,0,1088000,1088000,260000000,260000000,261088000,261088000,10000010,10265010,10000000,10000000,10,265010
345,538149000,1066389000,10000000,10000000,17377000,18827000,263395000,790185000,17377000,17377000,230000000,230000000,247377000,247377000,274754000,276204000,10000000,10000000,17377000,18827000,0,0,17377000,17377000,230000000,230000000,247377000,247377000,10000010,17411100,10000000,10000000,10,7411100
375,1957173000,2484443000,10000000,10000000,1649000,2129000,263395000,790185000,2129000,2129000,1680000000,1680000000,1682129000,1682129000,1693778000,1694258000,10000000,10000000,1649000,2129000,0,0,2129000,2129000,1680000000,1680000000,1682129000,1682129000,10000010,25668120,10000000,10000000,10,15668120
405,274002000,274064000,10000000,10000000,607000,669000,263395000,263395000,0,0,0,0,0,0,10607000,10669000,10000000,10000000,607000,669000,0,0,0,0,0,0,0,0,10000010,10000000,10000000,10000000,10,0
435,275610000,804765000,10000000,10000000,2215000,4580000,263395000,790185000,0,0,0,0,0,0,12215000,14580000,10000000,10000000,2215000,4580000,0,0,0,0,0,0,0,0,10000010,10000000,10000000,10000000,10,0
16,2307036000,2307633000,10000000,10000000,1522000,2119000,263395000,263395000,2119000,2119000,2030000000,2030000000,2032119000,2032119000,2043641000,2044238000,10000000,10000000,1522000,2119000,0,0,2119000,2119000,2030000000,2030000000,2032119000,2032119000,10000010,25413110,10000000,10000000,10,15413110
46,749357000,749680000,10000000,10000000,2981000,3304000,263395000,263395000,2981000,2981000,470000000,470000000,472981000,472981000,485962000,486285000,10000000,10000000,2981000,3304000,0,0,2981000,2981000,470000000,470000000,472981000,472981000,10000010,13443090,10000000,10000000,10,3443090
76,1756343000,1756458000,10000000,10000000,1474000,1589000,263395000,263395000,1474000,1474000,1480000000,1480000000,1481474000,1481474000,1492948000,1493063000,10000000,10000000,1474000,1589000,0,0,1474000,1474000,1480000000,1480000000,1481474000,1481474000,10000010,21646060,10000000,10000000,10,11646060
106,1962732000,1963341000,10000000,10000000,14364000,14973000,263395000,263395000,14973000,14973000,1660000000,1660000000,1674973000,1674973000,1699337000,1699946000,10000000,10000000,14364000,14973000,0,0,14973000,14973000,1660000000,1660000000,1674973000,1674973000,10000010,14828080,10000000,10000000,10,4828080
136,1566129000,1566333000,10000000,10000000,1265000,1469000,263395000,263395000,1469000,1469000,1290000000,1290000000,1291469000,1291469000,1302734000,1302938000,10000000,10000000,1265000,1469000,0,0,1469000,1469000,1290000000,1290000000,1291469000,1291469000,10000010,21981060,10000000,10000000,10,11981060
166,1968161000,1968833000,10000000,10000000,2047000,2719000,263395000,263395000,2719000,2719000,1690000000,1690000000,1692719000,1692719000,1704766000,1705438000,10000000,10000000,2047000,2719000,0,0,2719000,2719000,1690000000,1690000000,1692719000,1692719000,10000010,12062070,10000000,10000000,10,2062070
196,1736264000,1736693000,10000000,10000000,1220000,1649000,263395000,263395000,1649000,1649000,1460000000,1460000000,1461649000,1461649000,1472869000,1473298000,10000000,10000000,1220000,1649000,0,0,1649000,1649000,1460000000,1460000000,1461649000,1461649000,10000010,25372140,10000000,10000000,10,15372140
226,964471000,1452634000,10000000,10000000,538000,9239000,263395000,263395000,538000,0,690000000,1170000000,690538000,1170000000,701076000,1189239000,10000000,10000000,538000,9239000,0,0,538000,0,690000000,1170000000,690538000,1170000000,10000010,15541100,10000000,10000000,10,5541100
256,1886388000,3610179000,10000000,10000000,11208000,11785000,263395000,790185000,11785000,18209000,1590000000,2780000000,1601785000,2798209000,1622993000,2819994000,10000000,10000000,11208000,11785000,0,0,11785000,18209000,1590000000,2780000000,1601785000,2798209000,10000010,16424090,10000000,10000000,10,6424090
286,287129000,815213000,10000000,10000000,1220000,2514000,263395000,790185000,2514000,2514000,10000000,10000000,12514000,12514000,23734000,25028000,10000000,10000000,1220000,2514000,0,0,2514000,2514000,10000000,10000000,12514000,12514000,10000010,10000000,10000000,10000000,10,0
316,535041000,798834000,10000000,10000000,823000,1221000,263395000,526790000,823000,823000,260000000,260000000,260823000,260823000,271646000,272044000,10000000,10000000,823000,1221000,0,0,823000,823000,260000000,260000000,260823000,260823000,10000010,10271010,10000000,10000000,10,271010
346,679509000,943208000,10000000,10000000,17905000,18209000,263395000,526790000,18209000,18209000,370000000,370000000,388209000,388209000,416114000,416418000,10000000,10000000,17905000,18209000,0,0,18209000,18209000,370000000,370000000,388209000,388209000,10000010,18399110,10000000,10000000,10,8399110
376,1516562000,1780168000,10000000,10000000,1478000,1689000,263395000,526790000,1689000,1689000,1240000000,1240000000,1241689000,1241689000,1253167000,1253378000,10000000,10000000,1478000,1689000,0,0,1689000,1689000,1240000000,1240000000,1241689000,1241689000,10000010,22126070,10000000,10000000,10,12126070
406,2054356000,2845302000,10000000,10000000,299000,915000,263395000,1053580000,662000,807000,1780000000,1780000000,1780662000,1780807000,1790961000,1791722000,10000000,10000000,299000,915000,0,0,662000,807000,1780000000,1780000000,1780662000,1780807000,10000010,24451090,10000000,10000000,10,14451090
436,276252000,276674000,10000000,10000000,2857000,3279000,263395000,263395000,0,0,0,0,0,0,12857000,13279000,10000000,10000000,2857000,3279000,0,0,0,0,0,0,0,0,10000010,10000000,10000000,10000000,10,0
17,1947729000,1947825000,10000000,10000000,2119000,2215000,263395000,263395000,2215000,2215000,1670000000,1670000000,1672215000,1672215000,1684334000,1684430000,10000000,10000000,2119000,2215000,0,0,2215000,2215000,1670000000,1670000000,1672215000,1672215000,10000010,26010120,10000000,10000000,10,16010120
47,275170000,275335000,10000000,10000000,1775000,1940000,263395000,263395000,0,0,0,0,0,0,11775000,11940000,10000000,10000000,1775000,1940000,0,0,0,0,0,0,0,0,10000010,10000000,10000000,10000000,10,0
77,964081000,972015000,10000000,10000000,1376000,9310000,263395000,263395000,9310000,9310000,680000000,680000000,689310000,689310000,700686000,708620000,10000000,10000000,1376000,9310000,0,0,9310000,9310000,680000000,680000000,689310000,689310000,10000010,18506010,10000000,10000000,10,8506010
107,622955000,623148000,10000000,10000000,14780000,14973000,263395000,263395000,14780000,14780000,320000000,320000000,334780000,334780000,359560000,359753000,10000000,10000000,14780000,14973000,0,0,14780000,14780000,320000000,320000000,334780000,334780000,10000010,15150060,10000000,10000000,10,5150060
137,1625764000,1625925000,10000000,10000000,1104000,1265000,263395000,263395000,1265000,1265000,1350000000,1350000000,1351265000,1351265000,1362369000,1362530000,10000000,10000000,1104000,1265000,0,0,1265000,1265000,1350000000,1350000000,1351265000,1351265000,10000010,21820050,10000000,10000000,10,11820050
167,2221556000,2221955000,10000000,10000000,3881000,4280000,263395000,263395000,4280000,4280000,1940000000,1940000000,1944280000,1944280000,1958161000,1958560000,10000000,10000000,3881000,4280000,0,0,4280000,4280000,1940000000,1940000000,1944280000,1944280000,10000010,11971030,10000000,10000000,10,1971030
197,1895672000,1895835000,10000000,10000000,1057000,1220000,263395000,263395000,1220000,1220000,1620000000,1620000000,1621220000,1621220000,1632277000,1632440000,10000000,10000000,1057000,1220000,0,0,1220000,1220000,1620000000,1620000000,1621220000,1621220000,10000010,25209130,10000000,10000000,10,15209130
227,1024723000,1024975000,10000000,10000000,538000,790000,263395000,263395000,790000,790000,750000000,750000000,750790000,750790000,761328000,761580000,10000000,10000000,538000,790000,0,0,790000,790000,750000000,750000000,750790000,750790000,10000010,24242090,10000000,10000000,10,14242090
257,1847466000,3894403000,10000000,10000000,11585000,12614000,263395000,1053580000,12486000,18209000,1550000000,2800000000,1562486000,2818209000,1584071000,2840823000,10000000,10000000,11585000,12614000,0,0,12486000,18209000,1550000000,2800000000,1562486000,2818209000,10000010,15723080,10000000,10000000,10,5723080
287,2197716000,2462022000,10000000,10000000,1705000,2616000,263395000,526790000,2616000,2616000,1920000000,1920000000,1922616000,1922616000,1934321000,1935232000,10000000,10000000,1705000,2616000,0,0,2616000,2616000,1920000000,1920000000,1922616000,1922616000,10000010,10000000,10000000,10000000,10,0
317,1955119000,2218966000,10000000,10000000,636000,1088000,263395000,526790000,1088000,1088000,1680000000,1680000000,1681088000,1681088000,1691724000,1692176000,10000000,10000000,636000,1088000,0,0,1088000,1088000,1680000000,1680000000,1681088000,1681088000,10000010,10191010,10000000,10000000,10,191010
347,2008014000,2271544000,10000000,10000000,17242000,17377000,263395000,526790000,17377000,17377000,1700000000,1700000000,1717377000,1717377000,1744619000,1744754000,10000000,10000000,17242000,17377000,0,0,17377000,17377000,1700000000,1700000000,1717377000,1717377000,10000010,18142100,10000000,10000000,10,8142100
377,895802000,1159774000,10000000,10000000,915000,1492000,263395000,526790000,1492000,1492000,620000000,620000000,621492000,621492000,632407000,632984000,10000000,10000000,915000,1492000,0,0,1492000,1492000,620000000,620000000,621492000,621492000,10000010,10000000,10000000,10000000,10,0
407,1454075000,1992959000,10000000,10000000,73000,845000,263395000,790185000,607000,1929000,1180000000,1190000000,1180607000,1191929000,1190680000,1202774000,10000000,10000000,73000,845000,0,0,607000,1929000,1180000000,1190000000,1180607000,1191929000,10000010,23905100,10000000,10000000,10,13905100
437,275818000,540069000,10000000,10000000,2423000,3279000,263395000,526790000,0,0,0,0,0,0,12423000,13279000,10000000,10000000,2423000,3279000,0,0,0,0,0,0,0,0,10000010,10000000,10000000,10000000,10,0
18,1668458000,1669283000,10000000,10000000,2119000,2944000,263395000,263395000,2944000,2944000,1390000000,1390000000,1392944000,1392944000,1405063000,1405888000,10000000,10000000,2119000,2944000,0,0,2944000,2944000,1390000000,1390000000,1392944000,1392944000,10000010,11691060,10000000,10000000,10,1691060
48,2337492000,2759428000,10000000,10000000,1775000,2322000,263395000,263395000,2322000,3711000,2060000000,2480000000,2062322000,2483711000,2074097000,2496033000,10000000,10000000,1775000,2322000,0,0,2322000,3711000,2060000000,2480000000,2062322000,2483711000,10000010,13704140,10000000,10000000,10,3704140
78,1036147000,1044010000,10000000,10000000,1376000,9239000,263395000,263395000,1376000,1376000,760000000,760000000,761376000,761376000,772752000,780615000,10000000,10000000,1376000,9239000,0,0,1376000,1376000,760000000,760000000,761376000,761376000,10000010,15102090,10000000,10000000,10,5102090
108,1964631000,1964977000,10000000,10000000,445000,791000,263395000,263395000,791000,791000,1690000000,1690000000,1690791000,1690791000,1701236000,1701582000,10000000,10000000,445000,791000,0,0,791000,791000,1690000000,1690000000,1690791000,1690791000,10000010,13001090,10000000,10000000,10,3001090
138,2686067000,2686531000,10000000,10000000,1104000,1568000,263395000,263395000,1568000,1568000,2410000000,2410000000,2411568000,2411568000,2422672000,2423136000,10000000,10000000,1104000,1568000,0,0,1568000,1568000,2410000000,2410000000,2411568000,2411568000,10000010,20385020,10000000,10000000,10,10385020
168,391179000,391567000,10000000,10000000,3892000,4280000,263395000,263395000,3892000,3892000,110000000,110000000,113892000,113892000,127784000,128172000,10000000,10000000,3892000,4280000,0,0,3892000,3892000,110000000,110000000,113892000,113892000,10000010,12370040,10000000,10000000,10,2370040
198,522077000,522516000,10000000,10000000,14341000,14780000,263395000,263395000,14341000,14341000,220000000,220000000,234341000,234341000,258682000,259121000,10000000,10000000,14341000,14780000,0,0,14341000,14341000,220000000,220000000,234341000,234341000,10000010,15788080,10000000,10000000,10,5788080
228,1623395000,1623933000,10000000,10000000,0,538000,263395000,263395000,0,0,1350000000,1350000000,1350000000,1350000000,1360000000,1360538000,10000000,10000000,0,538000,0,0,0,0,1350000000,1350000000,1350000000,1350000000,10000010,23803080,10000000,10000000,10,13803080
258,2010506000,4201865000,10000000,10000000,12486000,14625000,263395000,790185000,14625000,17055000,1710000000,3370000000,1724625000,3387055000,1747111000,3411680000,10000000,10000000,12486000,14625000,0,0,14625000,17055000,1710000000,3370000000,1724625000,3387055000,10000010,13690050,10000000,10000000,10,3690050
288,1746183000,2009968000,10000000,10000000,1199000,1589000,263395000,526790000,1589000,1589000,1470000000,1470000000,1471589000,1471589000,1482788000,1483178000,10000000,10000000,1199000,1589000,0,0,1589000,1589000,1470000000,1470000000,1471589000,1471589000,10000010,21173060,10000000,10000000,10,11173060
318,1954663000,2218436000,10000000,10000000,445000,823000,263395000,526790000,823000,823000,1680000000,1680000000,1680823000,1680823000,1691268000,1691646000,10000000,10000000,445000,823000,0,0,823000,823000,1680000000,1680000000,1680823000,1680823000,10000010,10346010,10000000,10000000,10,346010
348,1868873000,2133208000,10000000,10000000,17269000,18209000,263395000,526790000,18209000,18209000,1560000000,1560000000,1578209000,1578209000,1605478000,1606418000,10000000,10000000,17269000,18209000,0,0,18209000,18209000,1560000000,1560000000,1578209000,1578209000,10000010,16471100,10000000,10000000,10,6471100
378,2196920000,2724488000,10000000,10000000,1478000,2256000,263395000,790185000,2047000,2047000,1920000000,1920000000,1922047000,1922047000,1933525000,1934303000,10000000,10000000,1478000,2256000,0,0,2047000,2047000,1920000000,1920000000,1922047000,1922047000,10000010,22126070,10000000,10000000,10,12126070
408,1314893000,1579411000,10000000,10000000,299000,1199000,263395000,526790000,1199000,1422000,1040000000,1040000000,1041199000,1041422000,1051498000,1052621000,10000000,10000000,299000,1199000,0,0,1199000,1422000,1040000000,1040000000,1041199000,1041422000,10000010,23551110,10000000,10000000,10,13551110
438,517653000,1164099000,10000000,10000000,2129000,2857000,263395000,790185000,2129000,1057000,240000000,360000000,242129000,361057000,254258000,373914000,10000000,10000000,2129000,2857000,0,0,2129000,1057000,240000000,360000000,242129000,361057000,10000010,11746030,10000000,10000000,10,1746030
19,2068033000,2068241000,10000000,10000000,2215000,2423000,263395000,263395000,2423000,2423000,1790000000,1790000000,1792423000,1792423000,1804638000,1804846000,10000000,10000000,2215000,2423000,0,0,2423000,2423000,1790000000,1790000000,1792423000,1792423000,10000010,26106130,10000000,10000000,10,16106130
49,2046812000,2047948000,10000000,10000000,1642000,1775000,263395000,263395000,1775000,2778000,1770000000,1770000000,1771775000,1772778000,1783417000,1784553000,10000000,10000000,1642000,1775000,0,0,1775000,2778000,1770000000,1770000000,1771775000,1772778000,10000010,13571130,10000000,10000000,10,3571130
79,345687000,346023000,10000000,10000000,978000,1314000,263395000,263395000,1314000,1314000,70000000,70000000,71314000,71314000,82292000,82628000,10000000,10000000,978000,1314000,0,0,1314000,1314000,70000000,70000000,71314000,71314000,10000010,11438050,10000000,10000000,10,1438050
109,1965136000,1965295000,10000000,10000000,791000,950000,263395000,263395000,950000,950000,1690000000,1690000000,1690950000,1690950000,1701741000,1701900000,10000000,10000000,791000,950000,0,0,950000,950000,1690000000,1690000000,1690950000,1690950000,10000010,12842080,10000000,10000000,10,2842080
139,274499000,274794000,10000000,10000000,1104000,1399000,263395000,263395000,0,0,0,0,0,0,11104000,11399000,10000000,10000000,1104000,1399000,0,0,0,0,0,0,0,0,10000010,10000000,10000000,10000000,10,0
169,2191365000,2191950000,10000000,10000000,3905000,4065000,263395000,263395000,4065000,4490000,1910000000,1910000000,1914065000,1914490000,1927970000,1928555000,10000000,10000000,3905000,4065000,0,0,4065000,4490000,1910000000,1910000000,1914065000,1914490000,10000010,10425030,10000000,10000000,10,425030
199,283152000,283188000,10000000,10000000,9757000,9793000,263395000,263395000,0,0,0,0,0,0,19757000,19793000,10000000,10000000,9757000,9793000,0,0,0,0,0,0,0,0,10000010,10000000,10000000,10000000,10,0
229,274445000,275036000,10000000,10000000,1050000,1641000,263395000,263395000,0,0,0,0,0,0,11050000,11641000,10000000,10000000,1050000,1641000,0,0,0,0,0,0,0,0,10000010,10000000,10000000,10000000,10,0
259,1798315000,3468134000,10000000,10000000,11785000,13135000,263395000,526790000,13135000,18209000,1500000000,2900000000,1513135000,2918209000,1534920000,2941344000,10000000,10000000,11785000,13135000,0,0,13135000,18209000,1500000000,2900000000,1513135000,2918209000,10000010,15074070,10000000,10000000,10,5074070
289,2155662000,2683029000,10000000,10000000,845000,1422000,263395000,790185000,1422000,1422000,1880000000,1880000000,1881422000,1881422000,1892267000,1892844000,10000000,10000000,845000,1422000,0,0,1422000,1422000,1880000000,1880000000,1881422000,1881422000,10000010,23374100,10000000,10000000,10,13374100
319,1575332000,1839774000,10000000,10000000,445000,1492000,263395000,526790000,1492000,1492000,1300000000,1300000000,1301492000,1301492000,1311937000,1312984000,10000000,10000000,445000,1492000,0,0,1492000,1492000,1300000000,1300000000,1301492000,1301492000,10000010,21161040,10000000,10000000,10,11161040
349,2056261000,2584777000,10000000,10000000,15624000,17350000,263395000,790185000,17242000,17242000,1750000000,1750000000,1767242000,1767242000,1792866000,1794592000,10000000,10000000,15624000,17350000,0,0,17242000,17242000,1750000000,1750000000,1767242000,1767242000,10000010,16767080,10000000,10000000,10,6767080
379,2116439000,2643873000,10000000,10000000,1200000,1844000,263395000,790185000,1844000,1844000,1840000000,1840000000,1841844000,1841844000,1853044000,1853688000,10000000,10000000,1200000,1844000,0,0,1844000,1844000,1840000000,1840000000,1841844000,1841844000,10000010,21848060,10000000,10000000,10,11848060
409,2714709000,4304898000,10000000,10000000,0,9819000,263395000,1843765000,1314000,1314000,2440000000,2440000000,2441314000,2441314000,2451314000,2461133000,10000000,10000000,0,9819000,0,0,1314000,1314000,2440000000,2440000000,2441314000,2441314000,10000010,15372080,10000000,10000000,10,5372080
439,282705000,554606000,10000000,10000000,9310000,17816000,263395000,526790000,0,0,0,0,0,0,19310000,27816000,10000000,10000000,9310000,17816000,0,0,0,0,0,0,0,0,10000010,10000000,10000000,10000000,10,0
20,2119502000,2121179000,10000000,10000000,2215000,3892000,263395000,263395000,3892000,3892000,1840000000,1840000000,1843892000,1843892000,1856107000,1857784000,10000000,10000000,2215000,3892000,0,0,3892000,3892000,1840000000,1840000000,1843892000,1843892000,10000010,10704020,10000000,10000000,10,704020
50,2148574000,2149109000,10000000,10000000,2322000,2857000,263395000,263395000,2857000,2857000,1870000000,1870000000,1872857000,1872857000,1885179000,1885714000,10000000,10000000,2322000,2857000,0,0,2857000,2857000,1870000000,1870000000,1872857000,1872857000,10000010,13522120,10000000,10000000,10,3522120
80,1556176000,1557001000,10000000,10000000,978000,1803000,263395000,263395000,1803000,1803000,1280000000,1280000000,1281803000,1281803000,1292781000,1293606000,10000000,10000000,978000,1803000,0,0,1803000,1803000,1280000000,1280000000,1281803000,1281803000,10000010,23674080,10000000,10000000,10,13674080
110,545571000,545704000,10000000,10000000,1088000,1221000,263395000,263395000,1088000,1088000,270000000,270000000,271088000,271088000,282176000,282309000,10000000,10000000,1088000,1221000,0,0,1088000,1088000,270000000,270000000,271088000,271088000,10000010,10452020,10000000,10000000,10,452020
140,1524944000,1525603000,10000000,10000000,445000,1104000,263395000,263395000,1104000,1104000,1250000000,1250000000,1251104000,1251104000,1261549000,1262208000,10000000,10000000,445000,1104000,0,0,1104000,1104000,1250000000,1250000000,1251104000,1251104000,10000010,21161040,10000000,10000000,10,11161040
170,2201580000,2202005000,10000000,10000000,4065000,4120000,263395000,263395000,4120000,4490000,1920000000,1920000000,1924120000,1924490000,1938185000,1938610000,10000000,10000000,4065000,4120000,0,0,4120000,4490000,1920000000,1920000000,1924120000,1924490000,10000010,11195030,10000000,10000000,10,1195030
200,915276000,915521000,10000000,10000000,10818000,11063000,263395000,263395000,11063000,11063000,620000000,620000000,631063000,631063000,651881000,652126000,10000000,10000000,10818000,11063000,0,0,11063000,11063000,620000000,620000000,631063000,631063000,10000010,23332060,10000000,10000000,10,13332060
230,2174890000,2175495000,10000000,10000000,445000,1050000,263395000,263395000,1050000,1050000,1900000000,1900000000,1901050000,1901050000,1911495000,1912100000,10000000,10000000,445000,1050000,0,0,1050000,1050000,1900000000,1900000000,1901050000,1901050000,10000010,24184060,10000000,10000000,10,14184060
260,285180000,813133000,10000000,10000000,11785000,12948000,263395000,790185000,0,0,0,0,0,0,21785000,22948000,10000000,10000000,11785000,12948000,0,0,0,0,0,0,0,0,10000010,10000000,10000000,10000000,10,0
290,745962000,1009968000,10000000,10000000,978000,1589000,263395000,526790000,1589000,1589000,470000000,470000000,471589000,471589000,482567000,483178000,10000000,10000000,978000,1589000,0,0,1589000,1589000,470000000,470000000,471589000,471589000,10000010,12242050,10000000,10000000,10,2242050
320,285860000,549774000,10000000,10000000,973000,1492000,263395000,526790000,1492000,1492000,10000000,10000000,11492000,11492000,22465000,22984000,10000000,10000000,973000,1492000,0,0,1492000,1492000,10000000,10000000,11492000,11492000,10000010,10000000,10000000,10000000,10,0
350,2047719000,2311328000,10000000,10000000,17055000,17269000,263395000,526790000,17269000,17269000,1740000000,1740000000,1757269000,1757269000,1784324000,1784538000,10000000,10000000,17055000,17269000,0,0,17269000,17269000,1740000000,1740000000,1757269000,1757269000,10000010,18198090,10000000,10000000,10,8198090
380,277164000,277363000,10000000,10000000,3769000,3968000,263395000,263395000,0,0,0,0,0,0,13769000,13968000,10000000,10000000,3769000,3968000,0,0,0,0,0,0,0,0,10000010,10000000,10000000,10000000,10,0
410,925643000,1453791000,10000000,10000000,445000,1803000,263395000,790185000,1803000,1803000,650000000,650000000,651803000,651803000,662248000,663606000,10000000,10000000,445000,1803000,0,0,1803000,1803000,650000000,650000000,651803000,651803000,10000010,20534020,10000000,10000000,10,10534020
440,1653109000,2451871000,10000000,10000000,9239000,17816000,263395000,1053580000,10475000,10475000,1360000000,1360000000,1370475000,1370475000,1389714000,1398291000,10000000,10000000,9239000,17816000,0,0,10475000,10475000,1360000000,1360000000,1370475000,1370475000,10000010,20979110,10000000,10000000,10,10979110
21,2208098000,2208371000,10000000,10000000,2215000,2488000,263395000,263395000,2488000,2488000,1930000000,1930000000,1932488000,1932488000,1944703000,1944976000,10000000,10000000,2215000,2488000,0,0,2488000,2488000,1930000000,1930000000,1932488000,1932488000,10000010,11677010,10000000,10000000,10,1677010
51,2138190000,2789579000,10000000,10000000,2322000,2473000,263395000,263395000,2473000,3711000,1860000000,2510000000,1862473000,2513711000,1874795000,2526184000,10000000,10000000,2322000,2473000,0,0,2473000,3711000,1860000000,2510000000,1862473000,2513711000,10000010,14251150,10000000,10000000,10,4251150
81,2734911000,2735351000,10000000,10000000,538000,978000,263395000,263395000,978000,978000,2460000000,2460000000,2460978000,2460978000,2471516000,2471956000,10000000,10000000,538000,978000,0,0,978000,978000,2460000000,2460000000,2460978000,2460978000,10000010,23234070,10000000,10000000,10,13234070
111,2205566000,2205837000,10000000,10000000,950000,1221000,263395000,263395000,1221000,1221000,1930000000,1930000000,1931221000,1931221000,1942171000,1942442000,10000000,10000000,950000,1221000,0,0,1221000,1221000,1930000000,1930000000,1931221000,1931221000,10000010,10505020,10000000,10000000,10,505020
141,1577528000,1578353000,10000000,10000000,1654000,2479000,263395000,263395000,2479000,2479000,1300000000,1300000000,1302479000,1302479000,1314133000,1314958000,10000000,10000000,1654000,2479000,0,0,2479000,2479000,1300000000,1300000000,1302479000,1302479000,10000010,12261080,10000000,10000000,10,2261080
171,2222155000,2222375000,10000000,10000000,4270000,4490000,263395000,263395000,4490000,4490000,1940000000,1940000000,1944490000,1944490000,1958760000,1958980000,10000000,10000000,4270000,4490000,0,0,4490000,4490000,1940000000,1940000000,1944490000,1944490000,10000010,10825010,10000000,10000000,10,825010
201,1634931000,1635031000,10000000,10000000,10718000,10818000,263395000,263395000,10818000,10818000,1340000000,1340000000,1350818000,1350818000,1371536000,1371636000,10000000,10000000,10718000,10818000,0,0,10818000,10818000,1340000000,1340000000,1350818000,1350818000,10000010,23577050,10000000,10000000,10,13577050
231,2084775000,2084920000,10000000,10000000,662000,718000,263395000,263395000,718000,807000,1810000000,1810000000,1810718000,1810807000,1821380000,1821525000,10000000,10000000,662000,718000,0,0,718000,807000,1810000000,1810000000,1810718000,1810807000,10000010,24814100,10000000,10000000,10,14814100
261,286009000,286343000,10000000,10000000,12614000,12948000,263395000,263395000,0,0,0,0,0,0,22614000,22948000,10000000,10000000,12614000,12948000,0,0,0,0,0,0,0,0,10000010,10000000,10000000,10000000,10,0
291,1746291000,2009853000,10000000,10000000,1422000,1589000,263395000,526790000,1474000,1474000,1470000000,1470000000,1471474000,1471474000,1482896000,1483063000,10000000,10000000,1422000,1589000,0,0,1474000,1474000,1470000000,1470000000,1471474000,1471474000,10000010,21396070,10000000,10000000,10,11396070
321,2205227000,3269263000,10000000,10000000,607000,11063000,263395000,1316975000,1225000,1225000,1930000000,1930000000,1931225000,1931225000,1941832000,1952288000,10000000,10000000,607000,11063000,0,0,1225000,1225000,1930000000,1930000000,1931225000,1931225000,10000010,14399140,10000000,10000000,10,4399140
351,2154442000,2683662000,10000000,10000000,14625000,17055000,263395000,790185000,16422000,16422000,1850000000,1850000000,1866422000,1866422000,1891047000,1893477000,10000000,10000000,14625000,17055000,0,0,16422000,16422000,1850000000,1850000000,1866422000,1866422000,10000010,15768070,10000000,10000000,10,5768070
381,2208111000,2735929000,10000000,10000000,1844000,2872000,263395000,790185000,2872000,2872000,1930000000,1930000000,1932872000,1932872000,1944716000,1945744000,10000000,10000000,1844000,2872000,0,0,2872000,2872000,1930000000,1930000000,1932872000,1932872000,10000010,22492080,10000000,10000000,10,12492080
411,2074720000,2338315000,10000000,10000000,607000,718000,263395000,526790000,718000,807000,1800000000,1800000000,1800718000,1800807000,1811325000,1811525000,10000000,10000000,607000,718000,0,0,718000,807000,1800000000,1800000000,1800718000,1800807000,10000010,24759090,10000000,10000000,10,14759090
22,2238222000,2239025000,10000000,10000000,12012000,12815000,263395000,263395000,12815000,12815000,1940000000,1940000000,1952815000,1952815000,1974827000,1975630000,10000000,10000000,12012000,12815000,0,0,12815000,12815000,1940000000,1940000000,1952815000,1952815000,10000010,10227010,10000000,10000000,10,227010
52,2036336000,2037815000,10000000,10000000,1299000,1642000,263395000,263395000,1642000,2778000,1760000000,1760000000,1761642000,1762778000,1772941000,1774420000,10000000,10000000,1299000,1642000,0,0,1642000,2778000,1760000000,1760000000,1761642000,1762778000,10000010,13228120,10000000,10000000,10,3228120
82,2130024000,2130343000,10000000,10000000,3155000,3474000,263395000,263395000,3474000,3474000,1850000000,1850000000,1853474000,1853474000,1866629000,1866948000,10000000,10000000,3155000,3474000,0,0,3474000,3474000,1850000000,1850000000,1853474000,1853474000,10000010,14355140,10000000,10000000,10,4355140
112,1965306000,1965571000,10000000,10000000,823000,1088000,263395000,263395000,1088000,1088000,1690000000,1690000000,1691088000,1691088000,1701911000,1702176000,10000000,10000000,823000,1088000,0,0,1088000,1088000,1690000000,1690000000,1691088000,1691088000,10000010,10437020,10000000,10000000,10,437020
142,1996747000,1996963000,10000000,10000000,1568000,1784000,263395000,263395000,1784000,1784000,1720000000,1720000000,1721784000,1721784000,1733352000,1733568000,10000000,10000000,1568000,1784000,0,0,1784000,1784000,1720000000,1720000000,1721784000,1721784000,10000010,13626080,10000000,10000000,10,3626080
172,2211785000,2212155000,10000000,10000000,4120000,4270000,263395000,263395000,4270000,4490000,1930000000,1930000000,1934270000,1934490000,1948390000,1948760000,10000000,10000000,4120000,4270000,0,0,4270000,4490000,1930000000,1930000000,1934270000,1934490000,10000010,11045020,10000000,10000000,10,1045020
202,946248000,947001000,10000000,10000000,1050000,1803000,263395000,263395000,1803000,1803000,670000000,670000000,671803000,671803000,682853000,683606000,10000000,10000000,1050000,1803000,0,0,1803000,1803000,670000000,670000000,671803000,671803000,10000010,21139030,10000000,10000000,10,11139030
232,2094920000,2095009000,10000000,10000000,718000,807000,263395000,263395000,807000,807000,1820000000,1820000000,1820807000,1820807000,1831525000,1831614000,10000000,10000000,718000,807000,0,0,807000,807000,1820000000,1820000000,1820807000,1820807000,10000010,24870110,10000000,10000000,10,14870110
262,1767590000,2031696000,10000000,10000000,11742000,12453000,263395000,526790000,12453000,12453000,1470000000,1470000000,1482453000,1482453000,1504195000,1504906000,10000000,10000000,11742000,12453000,0,0,12453000,12453000,1470000000,1470000000,1482453000,1482453000,10000010,23482110,10000000,10000000,10,13482110
292,1095793000,1651084000,10000000,10000000,1199000,9310000,263395000,790185000,1199000,1589000,820000000,840000000,821199000,841589000,832398000,860899000,10000000,10000000,1199000,9310000,0,0,1199000,1589000,820000000,840000000,821199000,841589000,10000010,15102090,10000000,10000000,10,5102090
322,2175999000,2703493000,10000000,10000000,950000,1654000,263395000,790185000,1654000,1654000,1900000000,1900000000,1901654000,1901654000,1912604000,1913308000,10000000,10000000,950000,1654000,0,0,1654000,1654000,1900000000,1900000000,1901654000,1901654000,10000010,12879110,10000000,10000000,10,2879110
352,2156369000,2421490000,10000000,10000000,15624000,17350000,263395000,526790000,17350000,17350000,1850000000,1850000000,1867350000,1867350000,1892974000,1894700000,10000000,10000000,15624000,17350000,0,0,17350000,17350000,1850000000,1850000000,1867350000,1867350000,10000010,14327050,10000000,10000000,10,4327050
382,2197717000,2725747000,10000000,10000000,1844000,2944000,263395000,790185000,2478000,2618000,1920000000,1920000000,1922478000,1922618000,1934322000,1935562000,10000000,10000000,1844000,2944000,0,0,2478000,2618000,1920000000,1920000000,1922478000,1922618000,10000010,15189130,10000000,10000000,10,5189130
412,2084864000,2348404000,10000000,10000000,662000,807000,263395000,526790000,807000,807000,1810000000,1810000000,1810807000,1810807000,1821469000,1821614000,10000000,10000000,662000,807000,0,0,807000,807000,1810000000,1810000000,1810807000,1810807000,10000010,24814100,10000000,10000000,10,14814100
23,2247192000,2247419000,10000000,10000000,11785000,12012000,263395000,263395000,12012000,12012000,1950000000,1950000000,1962012000,1962012000,1983797000,1984024000,10000000,10000000,11785000,12012000,0,0,12012000,12012000,1950000000,1950000000,1962012000,1962012000,10000010,10829010,10000000,10000000,10,829010
53,1696424000,1696879000,10000000,10000000,11287000,11742000,263395000,263395000,11742000,11742000,1400000000,1400000000,1411742000,1411742000,1433029000,1433484000,10000000,10000000,11287000,11742000,0,0,11742000,11742000,1400000000,1400000000,1411742000,1411742000,10000010,23027100,10000000,10000000,10,13027100
83,2179407000,2179705000,10000000,10000000,2857000,3155000,263395000,263395000,3155000,3155000,1900000000,1900000000,1903155000,1903155000,1916012000,1916310000,10000000,10000000,2857000,3155000,0,0,3155000,3155000,1900000000,1900000000,1903155000,1903155000,10000010,14057130,10000000,10000000,10,4057130
113,1964854000,1965041000,10000000,10000000,636000,823000,263395000,263395000,823000,823000,1690000000,1690000000,1690823000,1690823000,1701459000,1701646000,10000000,10000000,636000,823000,0,0,823000,823000,1690000000,1690000000,1690823000,1690823000,10000010,10537020,10000000,10000000,10,537020
143,807658000,808353000,10000000,10000000,1784000,2479000,263395000,263395000,2479000,2479000,530000000,530000000,532479000,532479000,544263000,544958000,10000000,10000000,1784000,2479000,0,0,2479000,2479000,530000000,530000000,532479000,532479000,10000010,13088110,10000000,10000000,10,3088110
173,2191708000,2192533000,10000000,10000000,3744000,4569000,263395000,263395000,4569000,4569000,1910000000,1910000000,1914569000,1914569000,1928313000,1929138000,10000000,10000000,3744000,4569000,0,0,4569000,4569000,1910000000,1910000000,1914569000,1914569000,10000010,11529020,10000000,10000000,10,1529020
203,306023000,306512000,10000000,10000000,1314000,1803000,263395000,263395000,1314000,1314000,30000000,30000000,31314000,31314000,42628000,43117000,10000000,10000000,1314000,1803000,0,0,1314000,1314000,30000000,30000000,31314000,31314000,10000010,10000000,10000000,10000000,10,0
233,1895259000,1895509000,10000000,10000000,807000,1057000,263395000,263395000,1057000,1057000,1620000000,1620000000,1621057000,1621057000,1631864000,1632114000,10000000,10000000,807000,1057000,0,0,1057000,1057000,1620000000,1620000000,1621057000,1621057000,10000010,24959120,10000000,10000000,10,14959120
263,2218375000,3009510000,10000000,10000000,12033000,12983000,263395000,1053580000,12947000,12947000,1920000000,1920000000,1932947000,1932947000,1954980000,1955930000,10000000,10000000,12033000,12983000,0,0,12947000,12947000,1920000000,1920000000,1932947000,1932947000,10000010,23773120,10000000,10000000,10,13773120
293,1545736000,2337186000,10000000,10000000,538000,1803000,263395000,1053580000,1803000,1803000,1270000000,1270000000,1271803000,1271803000,1282341000,1283606000,10000000,10000000,538000,1803000,0,0,1803000,1803000,1270000000,1270000000,1271803000,1271803000,10000010,23234070,10000000,10000000,10,13234070
323,2195407000,4203806000,10000000,10000000,791000,1299000,263395000,790185000,1221000,2322000,1920000000,3400000000,1921221000,3402322000,1932012000,3413621000,10000000,10000000,791000,1299000,0,0,1221000,2322000,1920000000,3400000000,1921221000,3402322000,10000010,12720100,10000000,10000000,10,2720100
353,2158630000,2423060000,10000000,10000000,17100000,18135000,263395000,526790000,18135000,18135000,1850000000,1850000000,1868135000,1868135000,1895235000,1896270000,10000000,10000000,17100000,18135000,0,0,18135000,18135000,1850000000,1850000000,1868135000,1868135000,10000010,17594100,10000000,10000000,10,7594100
383,276339000,540758000,10000000,10000000,2944000,3968000,263395000,526790000,0,0,0,0,0,0,12944000,13968000,10000000,10000000,2944000,3968000,0,0,0,0,0,0,0,0,10000010,10000000,10000000,10000000,10,0
413,1885170000,2148904000,10000000,10000000,718000,1057000,263395000,526790000,1057000,1057000,1610000000,1610000000,1611057000,1611057000,1621775000,1622114000,10000000,10000000,718000,1057000,0,0,1057000,1057000,1610000000,1610000000,1611057000,1611057000,10000010,24870110,10000000,10000000,10,14870110
24,318824000,319025000,10000000,10000000,12614000,12815000,263395000,263395000,12815000,12815000,20000000,20000000,32815000,32815000,55429000,55630000,10000000,10000000,12614000,12815000,0,0,12815000,12815000,20000000,20000000,32815000,32815000,10000010,10000000,10000000,10000000,10,0
54,284339000,284926000,10000000,10000000,10944000,11531000,263395000,263395000,0,0,0,0,0,0,20944000,21531000,10000000,10000000,10944000,11531000,0,0,0,0,0,0,0,0,10000010,10000000,10000000,10000000,10,0
84,419236000,419363000,10000000,10000000,2857000,2984000,263395000,263395000,2984000,2984000,140000000,140000000,142984000,142984000,155841000,155968000,10000000,10000000,2857000,2984000,0,0,2984000,2984000,140000000,140000000,142984000,142984000,10000010,12528050,10000000,10000000,10,2528050
114,2204476000,2204667000,10000000,10000000,445000,636000,263395000,263395000,636000,636000,1930000000,1930000000,1930636000,1930636000,1941081000,1941272000,10000000,10000000,445000,636000,0,0,636000,636000,1930000000,1930000000,1930636000,1930636000,10000010,10505020,10000000,10000000,10,505020
144,688660000,690789000,10000000,10000000,1568000,3697000,263395000,263395000,3697000,3697000,410000000,410000000,413697000,413697000,425265000,427394000,10000000,10000000,1568000,3697000,0,0,3697000,3697000,410000000,410000000,413697000,413697000,10000010,20849030,10000000,10000000,10,10849030
174,392349000,392533000,10000000,10000000,4385000,4569000,263395000,263395000,4569000,4569000,110000000,110000000,114569000,114569000,128954000,129138000,10000000,10000000,4385000,4569000,0,0,4569000,4569000,110000000,110000000,114569000,114569000,10000010,11250030,10000000,10000000,10,1250030
204,1885656000,1886481000,10000000,10000000,10718000,11543000,263395000,263395000,11543000,11543000,1590000000,1590000000,1601543000,1601543000,1622261000,1623086000,10000000,10000000,10718000,11543000,0,0,11543000,11543000,1590000000,1590000000,1601543000,1601543000,10000010,22195080,10000000,10000000,10,12195080
234,290745000,291138000,10000000,10000000,17350000,17743000,263395000,263395000,0,0,0,0,0,0,27350000,27743000,10000000,10000000,17350000,17743000,0,0,0,0,0,0,0,0,10000010,10000000,10000000,10000000,10,0
264,2147637000,2411466000,10000000,10000000,1904000,2338000,263395000,526790000,2338000,2338000,1870000000,1870000000,1872338000,1872338000,1884242000,1884676000,10000000,10000000,1904000,2338000,0,0,2338000,2338000,1870000000,1870000000,1872338000,1872338000,10000010,11785050,10000000,10000000,10,1785050
294,2119726000,2383738000,10000000,10000000,2857000,3474000,263395000,526790000,3474000,3474000,1840000000,1840000000,1843474000,1843474000,1856331000,1856948000,10000000,10000000,2857000,3474000,0,0,3474000,3474000,1840000000,1840000000,1843474000,1843474000,10000010,14057130,10000000,10000000,10,4057130
324,287483000,814939000,10000000,10000000,14088000,14754000,263395000,790185000,0,0,0,0,0,0,24088000,24754000,10000000,10000000,14088000,14754000,0,0,0,0,0,0,0,0,10000010,10000000,10000000,10000000,10,0
354,2147470000,2412830000,10000000,10000000,16170000,17905000,263395000,526790000,17905000,18135000,1840000000,1840000000,1857905000,1858135000,1884075000,1886040000,10000000,10000000,16170000,17905000,0,0,17905000,18135000,1840000000,1840000000,1857905000,1858135000,10000010,16664090,10000000,10000000,10,6664090
384,2178597000,2442238000,10000000,10000000,2478000,2724000,263395000,526790000,2724000,2724000,1900000000,1900000000,1902724000,1902724000,1915202000,1915448000,10000000,10000000,2478000,2724000,0,0,2724000,2724000,1900000000,1900000000,1902724000,1902724000,10000010,12491060,10000000,10000000,10,2491060
414,274445000,275036000,10000000,10000000,1050000,1641000,263395000,263395000,0,0,0,0,0,0,11050000,11641000,10000000,10000000,1050000,1641000,0,0,0,0,0,0,0,0,10000010,10000000,10000000,10000000,10,0
25,1706188000,1706565000,10000000,10000000,11208000,11585000,263395000,263395000,11585000,11585000,1410000000,1410000000,1421585000,1421585000,1442793000,1443170000,10000000,10000000,11208000,11585000,0,0,11585000,11585000,1410000000,1410000000,1421585000,1421585000,10000010,12262050,10000000,10000000,10,2262050
55,284603000,284750000,10000000,10000000,11208000,11355000,263395000,263395000,0,0,0,0,0,0,21208000,21355000,10000000,10000000,11208000,11355000,0,0,0,0,0,0,0,0,10000010,10000000,10000000,10000000,10,0
85,2189902000,2190021000,10000000,10000000,3194000,3313000,263395000,263395000,3313000,3313000,1910000000,1910000000,1913313000,1913313000,1926507000,1926626000,10000000,10000000,3194000,3313000,0,0,3313000,3313000,1910000000,1910000000,1913313000,1913313000,10000010,14165110,10000000,10000000,10,4165110
115,1585554000,1586379000,10000000,10000000,667000,1492000,263395000,263395000,1492000,1492000,1310000000,1310000000,1311492000,1311492000,1322159000,1322984000,10000000,10000000,667000,1492000,0,0,1492000,1492000,1310000000,1310000000,1311492000,1311492000,10000010,21383050,10000000,10000000,10,11383050
145,1829964000,1830789000,10000000,10000000,2872000,3697000,263395000,263395000,3697000,3697000,1550000000,1550000000,1553697000,1553697000,1566569000,1567394000,10000000,10000000,2872000,3697000,0,0,3697000,3697000,1550000000,1550000000,1553697000,1553697000,10000010,23520080,10000000,10000000,10,13520080
175,322165000,322270000,10000000,10000000,4385000,4490000,263395000,263395000,4385000,4385000,40000000,40000000,44385000,44385000,58770000,58875000,10000000,10000000,4385000,4490000,0,0,4385000,4385000,40000000,40000000,44385000,44385000,10000010,10425030,10000000,10000000,10,425030
205,1291508000,1292077000,10000000,10000000,13772000,14341000,263395000,263395000,14341000,14341000,990000000,990000000,1004341000,1004341000,1028113000,1028682000,10000000,10000000,13772000,14341000,0,0,14341000,14341000,990000000,990000000,1004341000,1004341000,10000010,24603090,10000000,10000000,10,14603090
235,1522407000,1522941000,10000000,10000000,9239000,9773000,263395000,263395000,9773000,9773000,1230000000,1230000000,1239773000,1239773000,1259012000,1259546000,10000000,10000000,9239000,9773000,0,0,9773000,9773000,1230000000,1230000000,1239773000,1239773000,10000010,22747060,10000000,10000000,10,12747060
265,2147329000,2411108000,10000000,10000000,1775000,2159000,263395000,526790000,2159000,2159000,1870000000,1870000000,1872159000,1872159000,1883934000,1884318000,10000000,10000000,1775000,2159000,0,0,2159000,2159000,1870000000,1870000000,1872159000,1872159000,10000010,11936060,10000000,10000000,10,1936060
295,2168872000,2696495000,10000000,10000000,2322000,3155000,263395000,790185000,3155000,3155000,1890000000,1890000000,1893155000,1893155000,1905477000,1906310000,10000000,10000000,2322000,3155000,0,0,3155000,3155000,1890000000,1890000000,1893155000,1893155000,10000010,13522120,10000000,10000000,10,3522120
325,288035000,288149000,10000000,10000000,14640000,14754000,263395000,263395000,0,0,0,0,0,0,24640000,24754000,10000000,10000000,14640000,14754000,0,0,0,0,0,0,0,0,10000010,10000000,10000000,10000000,10,0
355,538732000,802233000,10000000,10000000,2618000,2724000,263395000,526790000,2719000,2719000,260000000,260000000,262719000,262719000,275337000,275443000,10000000,10000000,2618000,2724000,0,0,2719000,2719000,260000000,260000000,262719000,262719000,10000010,12012040,10000000,10000000,10,2012040
385,2208269000,2472026000,10000000,10000000,2256000,2618000,263395000,526790000,2618000,2618000,1930000000,1930000000,1932618000,1932618000,1944874000,1945236000,10000000,10000000,2256000,2618000,0,0,2618000,2618000,1930000000,1930000000,1932618000,1932618000,10000010,12269050,10000000,10000000,10,2269050
415,2028353000,2556793000,10000000,10000000,1654000,3304000,263395000,790185000,3304000,3304000,1750000000,1750000000,1753304000,1753304000,1764958000,1766608000,10000000,10000000,1654000,3304000,0,0,3304000,3304000,1750000000,1750000000,1753304000,1753304000,10000010,13088110,10000000,10000000,10,3088110
26,1896765000,3103389000,10000000,10000000,11585000,11785000,263395000,263395000,11785000,18209000,1600000000,2800000000,1611785000,2818209000,1633370000,2839994000,10000000,10000000,11585000,11785000,0,0,11785000,18209000,1600000000,2800000000,1611785000,2818209000,10000010,16424090,10000000,10000000,10,6424090
56,1695547000,1695811000,10000000,10000000,10944000,11208000,263395000,263395000,11208000,11208000,1400000000,1400000000,1411208000,1411208000,1432152000,1432416000,10000000,10000000,10944000,11208000,0,0,11208000,11208000,1400000000,1400000000,1411208000,1411208000,10000010,12515050,10000000,10000000,10,2515050
86,2179570000,2179902000,10000000,10000000,2981000,3194000,263395000,263395000,3194000,3313000,1900000000,1900000000,1903194000,1903313000,1916175000,1916507000,10000000,10000000,2981000,3194000,0,0,3194000,3313000,1900000000,1900000000,1903194000,1903313000,10000010,13952100,10000000,10000000,10,3952100
116,2204507000,2204729000,10000000,10000000,445000,667000,263395000,263395000,667000,667000,1930000000,1930000000,1930667000,1930667000,1941112000,1941334000,10000000,10000000,445000,667000,0,0,667000,667000,1930000000,1930000000,1930667000,1930667000,10000010,21161040,10000000,10000000,10,11161040
146,547653000,666875000,10000000,10000000,2129000,2423000,263395000,263395000,2129000,1057000,270000000,390000000,272129000,391057000,284258000,403480000,10000000,10000000,2129000,2423000,0,0,2129000,1057000,270000000,390000000,272129000,391057000,10000010,11954040,10000000,10000000,10,1954040
176,289363000,289688000,10000000,10000000,15968000,16293000,263395000,263395000,0,0,0,0,0,0,25968000,26293000,10000000,10000000,15968000,16293000,0,0,0,0,0,0,0,0,10000010,10000000,10000000,10000000,10,0
206,284458000,284664000,10000000,10000000,11063000,11269000,263395000,263395000,0,0,0,0,0,0,21063000,21269000,10000000,10000000,11063000,11269000,0,0,0,0,0,0,0,0,10000010,10000000,10000000,10000000,10,0
236,276675000,276816000,10000000,10000000,3280000,3421000,263395000,263395000,0,0,0,0,0,0,13280000,13421000,10000000,10000000,3280000,3421000,0,0,0,0,0,0,0,0,10000010,10000000,10000000,10000000,10,0
266,2088717000,2352758000,10000000,10000000,2338000,2984000,263395000,526790000,2984000,2984000,1810000000,1810000000,1812984000,1812984000,1825322000,1825968000,10000000,10000000,2338000,2984000,0,0,2984000,2984000,1810000000,1810000000,1812984000,1812984000,10000010,11537060,10000000,10000000,10,1537060
296,2179689000,2443416000,10000000,10000000,2981000,3313000,263395000,526790000,3313000,3313000,1900000000,1900000000,1903313000,1903313000,1916294000,1916626000,10000000,10000000,2981000,3313000,0,0,3313000,3313000,1900000000,1900000000,1903313000,1903313000,10000010,13952100,10000000,10000000,10,3952100
326,2029511000,2821100000,10000000,10000000,12368000,13772000,263395000,1053580000,13748000,13748000,1730000000,1730000000,1743748000,1743748000,1766116000,1767520000,10000000,10000000,12368000,13772000,0,0,13748000,13748000,1730000000,1730000000,1743748000,1743748000,10000010,23845100,10000000,10000000,10,13845100
356,318166000,582238000,10000000,10000000,2047000,2724000,263395000,526790000,2724000,2724000,40000000,40000000,42724000,42724000,54771000,55448000,10000000,10000000,2047000,2724000,0,0,2724000,2724000,40000000,40000000,42724000,42724000,10000010,10000000,10000000,10000000,10,0
386,1506544000,1770648000,10000000,10000000,1220000,1929000,263395000,526790000,1929000,1929000,1230000000,1230000000,1231929000,1231929000,1243149000,1243858000,10000000,10000000,1220000,1929000,0,0,1929000,1929000,1230000000,1230000000,1231929000,1231929000,10000010,25372140,10000000,10000000,10,15372140
416,1809139000,2337579000,10000000,10000000,2047000,3697000,263395000,790185000,3697000,3697000,1530000000,1530000000,1533697000,1533697000,1545744000,1547394000,10000000,10000000,2047000,3697000,0,0,3697000,3697000,1530000000,1530000000,1533697000,1533697000,10000010,22695090,10000000,10000000,10,12695090
27,566722000,566879000,10000000,10000000,11585000,11742000,263395000,263395000,11742000,11742000,270000000,270000000,281742000,281742000,303327000,303484000,10000000,10000000,11585000,11742000,0,0,11742000,11742000,270000000,270000000,281742000,281742000,10000010,16624100,10000000,10000000,10,6624100
57,284339000,284820000,10000000,10000000,10944000,11425000,263395000,263395000,0,0,0,0,0,0,20944000,21425000,10000000,10000000,10944000,11425000,0,0,0,0,0,0,0,0,10000010,10000000,10000000,10000000,10,0
87,2160419000,2160817000,10000000,10000000,3313000,3711000,263395000,263395000,3711000,3711000,1880000000,1880000000,1883711000,1883711000,1897024000,1897422000,10000000,10000000,3313000,3711000,0,0,3711000,3711000,1880000000,1880000000,1883711000,1883711000,10000010,14284120,10000000,10000000,10,4284120
117,296130000,296379000,10000000,10000000,1243000,1492000,263395000,263395000,1492000,1492000,20000000,20000000,21492000,21492000,32735000,32984000,10000000,10000000,1243000,1492000,0,0,1492000,1492000,20000000,20000000,21492000,21492000,10000010,10825010,10000000,10000000,10,825010
147,1967453000,1967653000,10000000,10000000,1929000,2129000,263395000,263395000,2129000,2129000,1690000000,1690000000,1692129000,1692129000,1704058000,1704258000,10000000,10000000,1929000,2129000,0,0,2129000,2129000,1690000000,1690000000,1692129000,1692129000,10000010,26081130,10000000,10000000,10,16081130
177,289688000,290054000,10000000,10000000,16293000,16659000,263395000,263395000,0,0,0,0,0,0,26293000,26659000,10000000,10000000,16293000,16659000,0,0,0,0,0,0,0,0,10000010,10000000,10000000,10000000,10,0
207,1055437000,1055521000,10000000,10000000,10979000,11063000,263395000,263395000,11063000,11063000,760000000,760000000,771063000,771063000,792042000,792126000,10000000,10000000,10979000,11063000,0,0,11063000,11063000,760000000,760000000,771063000,771063000,10000010,21363060,10000000,10000000,10,11363060
237,1484630000,1484975000,10000000,10000000,445000,790000,263395000,263395000,790000,790000,1210000000,1210000000,1210790000,1210790000,1221235000,1221580000,10000000,10000000,445000,790000,0,0,790000,790000,1210000000,1210000000,1210790000,1210790000,10000010,24652080,10000000,10000000,10,14652080
267,2098332000,2362346000,10000000,10000000,2159000,2778000,263395000,526790000,2778000,2778000,1820000000,1820000000,1822778000,1822778000,1834937000,1835556000,10000000,10000000,2159000,2778000,0,0,2778000,2778000,1820000000,1820000000,1822778000,1822778000,10000010,12040060,10000000,10000000,10,2040060
297,2150300000,2414212000,10000000,10000000,3194000,3711000,263395000,526790000,3711000,3711000,1870000000,1870000000,1873711000,1873711000,1886905000,1887422000,10000000,10000000,3194000,3711000,0,0,3711000,3711000,1870000000,1870000000,1873711000,1873711000,10000010,14165110,10000000,10000000,10,4165110
327,1287917000,1552748000,10000000,10000000,11543000,12979000,263395000,526790000,12979000,12979000,990000000,990000000,1002979000,1002979000,1024522000,1025958000,10000000,10000000,11543000,12979000,0,0,12979000,12979000,990000000,990000000,1002979000,1002979000,10000010,23020090,10000000,10000000,10,13020090
357,381168000,644962000,10000000,10000000,3881000,4280000,263395000,526790000,3892000,3892000,100000000,100000000,103892000,103892000,117773000,118172000,10000000,10000000,3881000,4280000,0,0,3892000,3892000,100000000,100000000,103892000,103892000,10000010,11971030,10000000,10000000,10,1971030
387,1666101000,2193539000,10000000,10000000,1057000,1705000,263395000,790185000,1649000,1649000,1390000000,1390000000,1391649000,1391649000,1402706000,1403354000,10000000,10000000,1057000,1705000,0,0,1649000,1649000,1390000000,1390000000,1391649000,1391649000,10000010,25209130,10000000,10000000,10,15209130
417,294729000,822344000,10000000,10000000,667000,1492000,263395000,790185000,667000,667000,20000000,20000000,20667000,20667000,31334000,32159000,10000000,10000000,667000,1492000,0,0,667000,667000,20000000,20000000,20667000,20667000,10000010,10000000,10000000,10000000,10,0
28,2237794000,2238623000,10000000,10000000,11785000,12614000,263395000,263395000,12614000,12614000,1940000000,1940000000,1952614000,1952614000,1974399000,1975228000,10000000,10000000,11785000,12614000,0,0,12614000,12614000,1940000000,1940000000,1952614000,1952614000,10000010,10227010,10000000,10000000,10,227010
58,1705626000,1705969000,10000000,10000000,10944000,11287000,263395000,263395000,11287000,11287000,1410000000,1410000000,1421287000,1421287000,1442231000,1442574000,10000000,10000000,10944000,11287000,0,0,11287000,11287000,1410000000,1410000000,1421287000,1421287000,10000010,22684090,10000000,10000000,10,12684090
88,1718849000,2800087000,10000000,10000000,2473000,2981000,263395000,263395000,2981000,3711000,1440000000,2520000000,1442981000,2523711000,1455454000,2536692000,10000000,10000000,2473000,2981000,0,0,2981000,3711000,1440000000,2520000000,1442981000,2523711000,10000010,14402140,10000000,10000000,10,4402140
118,985225000,1118799000,10000000,10000000,915000,11063000,263395000,263395000,915000,14341000,710000000,820000000,710915000,834341000,721830000,855404000,10000000,10000000,915000,11063000,0,0,915000,14341000,710000000,820000000,710915000,834341000,10000010,14256070,10000000,10000000,10,4256070
148,986553000,986773000,10000000,10000000,1469000,1689000,263395000,263395000,1689000,1689000,710000000,710000000,711689000,711689000,723158000,723378000,10000000,10000000,1469000,1689000,0,0,1689000,1689000,710000000,710000000,711689000,711689000,10000010,21363060,10000000,10000000,10,11363060
178,290054000,290997000,10000000,10000000,16659000,17602000,263395000,263395000,0,0,0,0,0,0,26659000,27602000,10000000,10000000,16659000,17602000,0,0,0,0,0,0,0,0,10000010,10000000,10000000,10000000,10,0
208,1405631000,1405909000,10000000,10000000,10979000,11257000,263395000,263395000,11257000,11257000,1110000000,1110000000,1121257000,1121257000,1142236000,1142514000,10000000,10000000,10979000,11257000,0,0,11257000,11257000,1110000000,1110000000,1121257000,1121257000,10000010,22105070,10000000,10000000,10,12105070
238,903395000,1164755000,10000000,10000000,0,445000,263395000,263395000,0,915000,630000000,890000000,630000000,890915000,640000000,901360000,10000000,10000000,0,445000,0,0,0,915000,630000000,890000000,630000000,890915000,10000010,22534040,10000000,10000000,10,12534040
268,275335000,275603000,10000000,10000000,1940000,2208000,263395000,263395000,0,0,0,0,0,0,11940000,12208000,10000000,10000000,1940000,2208000,0,0,0,0,0,0,0,0,10000010,10000000,10000000,10000000,10,0
298,1708698000,3053482000,10000000,10000000,2322000,2981000,263395000,526790000,2981000,3711000,1430000000,2510000000,1432981000,2513711000,1445303000,2526692000,10000000,10000000,2322000,2981000,0,0,2981000,3711000,1430000000,2510000000,1432981000,2513711000,10000010,14251150,10000000,10000000,10,4251150
328,284938000,549344000,10000000,10000000,11543000,12554000,263395000,526790000,0,0,0,0,0,0,21543000,22554000,10000000,10000000,11543000,12554000,0,0,0,0,0,0,0,0,10000010,10000000,10000000,10000000,10,0
358,2211235000,2475350000,10000000,10000000,3560000,4280000,263395000,526790000,4280000,4280000,1930000000,1930000000,1934280000,1934280000,1947840000,1948560000,10000000,10000000,3560000,4280000,0,0,4280000,4280000,1930000000,1930000000,1934280000,1934280000,10000010,11650020,10000000,10000000,10,1650020
388,511691000,1188930000,10000000,10000000,13955000,14973000,263395000,790185000,14341000,13772000,210000000,360000000,224341000,373772000,248296000,398745000,10000000,10000000,13955000,14973000,0,0,14341000,13772000,210000000,360000000,224341000,373772000,10000010,14963070,10000000,10000000,10,4963070
418,487770000,1016210000,10000000,10000000,2119000,3769000,263395000,790185000,2256000,2256000,210000000,210000000,212256000,212256000,224375000,226025000,10000000,10000000,2119000,3769000,0,0,2256000,2256000,210000000,210000000,212256000,212256000,10000010,10774030,10000000,10000000,10,774030
29,1897666000,3204090000,10000000,10000000,11785000,12486000,263395000,263395000,12486000,18209000,1600000000,2900000000,1612486000,2918209000,1634271000,2940695000,10000000,10000000,11785000,12486000,0,0,12486000,18209000,1600000000,2900000000,1612486000,2918209000,10000010,15723080,10000000,10000000,10,5723080
59,1085045000,1085745000,10000000,10000000,10475000,11175000,263395000,263395000,11175000,11175000,790000000,790000000,801175000,801175000,821650000,822350000,10000000,10000000,10475000,11175000,0,0,11175000,11175000,790000000,790000000,801175000,801175000,10000010,10702010,10000000,10000000,10,702010
89,1950661000,1950979000,10000000,10000000,3474000,3792000,263395000,263395000,3792000,3792000,1670000000,1670000000,1673792000,1673792000,1687266000,1687584000,10000000,10000000,3474000,3792000,0,0,3792000,3792000,1670000000,1670000000,1673792000,1673792000,10000010,14674150,10000000,10000000,10,4674150
119,1564917000,1565225000,10000000,10000000,607000,915000,263395000,263395000,915000,915000,1290000000,1290000000,1290915000,1290915000,1301522000,1301830000,10000000,10000000,607000,915000,0,0,915000,915000,1290000000,1290000000,1290915000,1290915000,10000010,21593070,10000000,10000000,10,11593070
149,1526691000,1526773000,10000000,10000000,1607000,1689000,263395000,263395000,1689000,1689000,1250000000,1250000000,1251689000,1251689000,1263296000,1263378000,10000000,10000000,1607000,1689000,0,0,1689000,1689000,1250000000,1250000000,1251689000,1251689000,10000010,22255080,10000000,10000000,10,12255080
179,290997000,291309000,10000000,10000000,17602000,17914000,263395000,263395000,0,0,0,0,0,0,27602000,27914000,10000000,10000000,17602000,17914000,0,0,0,0,0,0,0,0,10000010,10000000,10000000,10000000,10,0
209,1344831000,1345092000,10000000,10000000,10718000,10979000,263395000,263395000,10718000,10718000,1050000000,1050000000,1060718000,1060718000,1081436000,1081697000,10000000,10000000,10718000,10979000,0,0,10718000,10718000,1050000000,1050000000,1060718000,1060718000,10000010,21500060,10000000,10000000,10,11500060
239,1573468000,1573541000,10000000,10000000,0,73000,263395000,263395000,73000,73000,1300000000,1300000000,1300073000,1300073000,1310073000,1310146000,10000000,10000000,0,73000,0,0,73000,73000,1300000000,1300000000,1300073000,1300073000,10000010,22979050,10000000,10000000,10,12979050
269,738855000,1003075000,10000000,10000000,2479000,3304000,263395000,526790000,2981000,2981000,460000000,460000000,462981000,462981000,475460000,476285000,10000000,10000000,2479000,3304000,0,0,2981000,2981000,460000000,460000000,462981000,462981000,10000010,12618080,10000000,10000000,10,2618080
299,2169062000,2696802000,10000000,10000000,2473000,3304000,263395000,790185000,3194000,3313000,1890000000,1890000000,1893194000,1893313000,1905667000,1906617000,10000000,10000000,2473000,3304000,0,0,3194000,3313000,1890000000,1890000000,1893194000,1893313000,10000010,13443090,10000000,10000000,10,3443090
329,285763000,285949000,10000000,10000000,12368000,12554000,263395000,263395000,0,0,0,0,0,0,22368000,22554000,10000000,10000000,12368000,12554000,0,0,0,0,0,0,0,0,10000010,10000000,10000000,10000000,10,0
359,2191420000,2455400000,10000000,10000000,3905000,4120000,263395000,526790000,4120000,4490000,1910000000,1910000000,1914120000,1914490000,1928025000,1928610000,10000000,10000000,3905000,4120000,0,0,4120000,4490000,1910000000,1910000000,1914120000,1914490000,10000010,10370020,10000000,10000000,10,370020
389,283152000,283188000,10000000,10000000,9757000,9793000,263395000,263395000,0,0,0,0,0,0,19757000,19793000,10000000,10000000,9757000,9793000,0,0,0,0,0,0,0,0,10000010,10000000,10000000,10000000,10,0
419,381524000,909323000,10000000,10000000,3560000,4569000,263395000,790185000,4569000,4569000,100000000,100000000,104569000,104569000,118129000,119138000,10000000,10000000,3560000,4569000,0,0,4569000,4569000,100000000,100000000,104569000,104569000,10000010,10425030,10000000,10000000,10,425030
30,1870253000,1870841000,10000000,10000000,13135000,13723000,263395000,263395000,13723000,13723000,1570000000,1570000000,1583723000,1583723000,1606858000,1607446000,10000000,10000000,13135000,13723000,0,0,13723000,13723000,1570000000,1570000000,1583723000,1583723000,10000010,14242060,10000000,10000000,10,4242060
60,1465145000,1465745000,10000000,10000000,10575000,11175000,263395000,263395000,11175000,11175000,1170000000,1170000000,1181175000,1181175000,1201750000,1202350000,10000000,10000000,10575000,11175000,0,0,11175000,11175000,1170000000,1170000000,1181175000,1181175000,10000010,11336010,10000000,10000000,10,1336010
90,570979000,571051000,10000000,10000000,3792000,3864000,263395000,263395000,3792000,3792000,290000000,290000000,293792000,293792000,307584000,307656000,10000000,10000000,3792000,3864000,0,0,3792000,3792000,290000000,290000000,293792000,293792000,10000010,13722090,10000000,10000000,10,3722090
120,2215535000,2215845000,10000000,10000000,915000,1225000,263395000,263395000,1225000,1225000,1940000000,1940000000,1941225000,1941225000,1952140000,1952450000,10000000,10000000,915000,1225000,0,0,1225000,1225000,1940000000,1940000000,1941225000,1941225000,10000010,21563040,10000000,10000000,10,11563040
150,1878981000,1879813000,10000000,10000000,17377000,18209000,263395000,263395000,18209000,18209000,1570000000,1570000000,1588209000,1588209000,1615586000,1616418000,10000000,10000000,17377000,18209000,0,0,18209000,18209000,1570000000,1570000000,1588209000,1588209000,10000010,17493110,10000000,10000000,10,7493110
180,290997000,291513000,10000000,10000000,17602000,18118000,263395000,263395000,0,0,0,0,0,0,27602000,28118000,10000000,10000000,17602000,18118000,0,0,0,0,0,0,0,0,10000010,10000000,10000000,10000000,10,0
210,794558000,804831000,10000000,10000000,445000,10718000,263395000,263395000,10718000,10718000,510000000,510000000,520718000,520718000,531163000,541436000,10000000,10000000,445000,10718000,0,0,10718000,10718000,510000000,510000000,520718000,520718000,10000010,13911050,10000000,10000000,10,3911050
240,277287000,277975000,10000000,10000000,3892000,4580000,263395000,263395000,0,0,0,0,0,0,13892000,14580000,10000000,10000000,3892000,4580000,0,0,0,0,0,0,0,0,10000010,10000000,10000000,10000000,10,0
270,2166941000,2957806000,10000000,10000000,1642000,2322000,263395000,1053580000,1904000,1904000,1890000000,1890000000,1891904000,1891904000,1903546000,1904226000,10000000,10000000,1642000,2322000,0,0,1904000,1904000,1890000000,1890000000,1891904000,1891904000,10000010,13571130,10000000,10000000,10,3571130
300,380343000,644128000,10000000,10000000,3474000,3864000,263395000,526790000,3474000,3474000,100000000,100000000,103474000,103474000,116948000,117338000,10000000,10000000,3474000,3864000,0,0,3474000,3474000,100000000,100000000,103474000,103474000,10000010,13258080,10000000,10000000,10,3258080
330,531990000,1059465000,10000000,10000000,13955000,14640000,263395000,790185000,14640000,14640000,230000000,230000000,244640000,244640000,268595000,269280000,10000000,10000000,13955000,14640000,0,0,14640000,14640000,230000000,230000000,244640000,244640000,10000010,16478100,10000000,10000000,10,6478100
360,2181020000,2445345000,10000000,10000000,3560000,4065000,263395000,526790000,4065000,4490000,1900000000,1900000000,1904065000,1904490000,1917625000,1918555000,10000000,10000000,3560000,4065000,0,0,4065000,4490000,1900000000,1900000000,1904065000,1904490000,10000010,10425030,10000000,10000000,10,425030
390,905176000,1168916000,10000000,10000000,10718000,11063000,263395000,526790000,11063000,11063000,610000000,610000000,621063000,621063000,641781000,642126000,10000000,10000000,10718000,11063000,0,0,11063000,11063000,610000000,610000000,621063000,621063000,10000010,23332060,10000000,10000000,10,13332060
420,2180883000,2709323000,10000000,10000000,2919000,4569000,263395000,790185000,4569000,4569000,1900000000,1900000000,1904569000,1904569000,1917488000,1919138000,10000000,10000000,2919000,4569000,0,0,4569000,4569000,1900000000,1900000000,1904569000,1904569000,10000010,10825010,10000000,10000000,10,825010
