,ssdn_lo,ssdn_hi,ssdn_detection_lo,ssdn_detection_hi,ssdn_notification_lo,ssdn_notification_hi,ssdn_computation_lo,ssdn_computation_hi,ssdn_transference_lo,ssdn_transference_hi,ssdn_installation_lo,ssdn_installation_hi,ssdn_update_lo,ssdn_update_hi,pcsdn_lo,pcsdn_hi,pcsdn_detection_lo,pcsdn_detection_hi,pcsdn_notification_lo,pcsdn_notification_hi,pcsdn_computation_lo,pcsdn_computation_hi,pcsdn_transference_lo,pcsdn_transference_hi,pcsdn_installation_lo,pcsdn_installation_hi,pcsdn_update_lo,pcsdn_update_hi,felix_lo,felix_hi,felix_detection_lo,felix_detection_hi,felix_coordination_lo,felix_coordination_hi
1,710606000,714606000,100000,100000,17000000,19000000,634506000,634506000,17000000,57000000,42000000,4000000,59000000,61000000,76100000,80100000,100000,100000,17000000,19000000,0,0,17000000,57000000,42000000,4000000,59000000,61000000,100010,47100020,100000,100000,10,47000020
31,677606000,693606000,100000,100000,19000000,19000000,634506000,634506000,19000000,39000000,5000000,1000000,24000000,40000000,43100000,59100000,100000,100000,19000000,19000000,0,0,19000000,39000000,5000000,1000000,24000000,40000000,100010,22100010,100000,100000,10,22000010
61,891606000,892606000,100000,100000,10000000,11000000,634506000,634506000,11000000,11000000,236000000,236000000,247000000,247000000,257100000,258100000,100000,100000,10000000,11000000,0,0,11000000,11000000,236000000,236000000,247000000,247000000,100010,86100040,100000,100000,10,86000040
91,921606000,922606000,100000,100000,19000000,20000000,634506000,634506000,20000000,20000000,248000000,248000000,268000000,268000000,287100000,288100000,100000,100000,19000000,20000000,0,0,20000000,20000000,248000000,248000000,268000000,268000000,100010,22100010,100000,100000,10,22000010
121,917606000,918606000,100000,100000,1000000,2000000,634506000,634506000,2000000,2000000,280000000,280000000,282000000,282000000,283100000,284100000,100000,100000,1000000,2000000,0,0,2000000,2000000,280000000,280000000,282000000,282000000,100010,82100030,100000,100000,10,82000030
151,727606000,728606000,100000,100000,7000000,8000000,634506000,634506000,8000000,8000000,78000000,78000000,86000000,86000000,93100000,94100000,100000,100000,7000000,8000000,0,0,8000000,8000000,78000000,78000000,86000000,86000000,100010,8100020,100000,100000,10,8000020
181,835606000,835606000,100000,100000,20000000,20000000,634506000,634506000,20000000,20000000,161000000,161000000,181000000,181000000,201100000,201100000,100000,100000,20000000,20000000,0,0,20000000,20000000,161000000,161000000,181000000,181000000,100010,27100040,100000,100000,10,27000040
211,717606000,717606000,100000,100000,20000000,20000000,634506000,634506000,20000000,20000000,43000000,43000000,63000000,63000000,83100000,83100000,100000,100000,20000000,20000000,0,0,20000000,20000000,43000000,43000000,63000000,63000000,100010,1100010,100000,100000,10,1000010
241,653606000,654606000,100000,100000,8000000,9000000,634506000,634506000,8000000,8000000,3000000,3000000,11000000,11000000,19100000,20100000,100000,100000,8000000,9000000,0,0,8000000,8000000,3000000,3000000,11000000,11000000,100010,1100010,100000,100000,10,1000010
271,818606000,819606000,100000,100000,8000000,9000000,634506000,634506000,9000000,9000000,167000000,167000000,176000000,176000000,184100000,185100000,100000,100000,8000000,9000000,0,0,9000000,9000000,167000000,167000000,176000000,176000000,100010,16100040,100000,100000,10,16000040
301,847606000,848606000,100000,100000,9000000,10000000,634506000,634506000,10000000,10000000,194000000,194000000,204000000,204000000,213100000,214100000,100000,100000,9000000,10000000,0,0,10000000,10000000,194000000,194000000,204000000,204000000,100010,16100040,100000,100000,10,16000040
331,891606000,892606000,100000,100000,8000000,9000000,634506000,634506000,9000000,9000000,240000000,240000000,249000000,249000000,257100000,258100000,100000,100000,8000000,9000000,0,0,9000000,9000000,240000000,240000000,249000000,249000000,100010,33100020,100000,100000,10,33000020
361,653606000,654606000,100000,100000,8000000,9000000,634506000,634506000,8000000,8000000,3000000,3000000,11000000,11000000,19100000,20100000,100000,100000,8000000,9000000,0,0,8000000,8000000,3000000,3000000,11000000,11000000,100010,1100010,100000,100000,10,1000010
391,782606000,782606000,100000,100000,9000000,9000000,634506000,634506000,9000000,9000000,130000000,130000000,139000000,139000000,148100000,148100000,100000,100000,9000000,9000000,0,0,9000000,9000000,130000000,130000000,139000000,139000000,100010,16100030,100000,100000,10,16000030
421,834606000,834606000,100000,100000,13000000,13000000,634506000,634506000,13000000,13000000,174000000,174000000,187000000,187000000,200100000,200100000,100000,100000,13000000,13000000,0,0,13000000,13000000,174000000,174000000,187000000,187000000,100010,2100010,100000,100000,10,2000010
451,834606000,834606000,100000,100000,13000000,13000000,634506000,634506000,13000000,13000000,174000000,174000000,187000000,187000000,200100000,200100000,100000,100000,13000000,13000000,0,0,13000000,13000000,174000000,174000000,187000000,187000000,100010,2100010,100000,100000,10,2000010
481,837606000,840606000,100000,100000,0,3000000,634506000,634506000,3000000,3000000,200000000,200000000,203000000,203000000,203100000,206100000,100000,100000,0,3000000,0,0,3000000,3000000,200000000,200000000,203000000,203000000,100010,44100050,100000,100000,10,44000050
511,1030606000,1031606000,100000,100000,46000000,47000000,634506000,634506000,47000000,47000000,303000000,303000000,350000000,350000000,396100000,397100000,100000,100000,46000000,47000000,0,0,47000000,47000000,303000000,303000000,350000000,350000000,100010,13100050,100000,100000,10,13000050
541,777606000,778606000,100000,100000,18000000,19000000,634506000,634506000,18000000,18000000,107000000,107000000,125000000,125000000,143100000,144100000,100000,100000,18000000,19000000,0,0,18000000,18000000,107000000,107000000,125000000,125000000,100010,72100020,100000,100000,10,72000020
571,877606000,877606000,100000,100000,10000000,10000000,634506000,634506000,10000000,10000000,223000000,223000000,233000000,233000000,243100000,243100000,100000,100000,10000000,10000000,0,0,10000000,10000000,223000000,223000000,233000000,233000000,100010,49100020,100000,100000,10,49000020
601,924606000,925606000,100000,100000,7000000,8000000,634506000,634506000,8000000,8000000,275000000,275000000,283000000,283000000,290100000,291100000,100000,100000,7000000,8000000,0,0,8000000,8000000,275000000,275000000,283000000,283000000,100010,26100040,100000,100000,10,26000040
631,885606000,886606000,100000,100000,9000000,10000000,634506000,634506000,10000000,10000000,232000000,232000000,242000000,242000000,251100000,252100000,100000,100000,9000000,10000000,0,0,10000000,10000000,232000000,232000000,242000000,242000000,100010,83100020,100000,100000,10,83000020
661,839606000,839606000,100000,100000,10000000,10000000,634506000,634506000,10000000,10000000,185000000,185000000,195000000,195000000,205100000,205100000,100000,100000,10000000,10000000,0,0,10000000,10000000,185000000,185000000,195000000,195000000,100010,42100020,100000,100000,10,42000020
691,773606000,789606000,100000,100000,1000000,17000000,634506000,634506000,17000000,17000000,121000000,121000000,138000000,138000000,139100000,155100000,100000,100000,1000000,17000000,0,0,17000000,17000000,121000000,121000000,138000000,138000000,100010,9100020,100000,100000,10,9000020
721,718606000,718606000,100000,100000,1000000,1000000,634506000,634506000,1000000,1000000,82000000,82000000,83000000,83000000,84100000,84100000,100000,100000,1000000,1000000,0,0,1000000,1000000,82000000,82000000,83000000,83000000,100010,18100020,100000,100000,10,18000020
751,745606000,745606000,100000,100000,1000000,1000000,634506000,634506000,1000000,1000000,109000000,109000000,110000000,110000000,111100000,111100000,100000,100000,1000000,1000000,0,0,1000000,1000000,109000000,109000000,110000000,110000000,100010,81100040,100000,100000,10,81000040
781,787606000,788606000,100000,100000,0,1000000,634506000,634506000,1000000,1000000,152000000,152000000,153000000,153000000,153100000,154100000,100000,100000,0,1000000,0,0,1000000,1000000,152000000,152000000,153000000,153000000,100010,44100050,100000,100000,10,44000050
811,768606000,768606000,100000,100000,1000000,1000000,634506000,634506000,1000000,1000000,132000000,132000000,133000000,133000000,134100000,134100000,100000,100000,1000000,1000000,0,0,1000000,1000000,132000000,132000000,133000000,133000000,100010,18100020,100000,100000,10,18000020
841,719606000,723606000,100000,100000,8000000,12000000,634506000,634506000,12000000,12000000,65000000,65000000,77000000,77000000,85100000,89100000,100000,100000,8000000,12000000,0,0,12000000,12000000,65000000,65000000,77000000,77000000,100010,10100030,100000,100000,10,10000030
871,873606000,874606000,100000,100000,7000000,8000000,634506000,634506000,8000000,8000000,224000000,224000000,232000000,232000000,239100000,240100000,100000,100000,7000000,8000000,0,0,8000000,8000000,224000000,224000000,232000000,232000000,100010,85100030,100000,100000,10,85000030
901,883606000,884606000,100000,100000,7000000,8000000,634506000,634506000,8000000,8000000,234000000,234000000,242000000,242000000,249100000,250100000,100000,100000,7000000,8000000,0,0,8000000,8000000,234000000,234000000,242000000,242000000,100010,7100010,100000,100000,10,7000010
931,644606000,645606000,100000,100000,10000000,11000000,634506000,634506000,0,0,0,0,0,0,10100000,11100000,100000,100000,10000000,11000000,0,0,0,0,0,0,0,0,100010,100000,100000,100000,10,0
961,783606000,784606000,100000,100000,8000000,9000000,634506000,634506000,9000000,9000000,132000000,132000000,141000000,141000000,149100000,150100000,100000,100000,8000000,9000000,0,0,9000000,9000000,132000000,132000000,141000000,141000000,100010,37100040,100000,100000,10,37000040
991,892606000,14865738000,100000,100000,8000000,22000000,634506000,14593638000,20000000,20000000,230000000,230000000,250000000,250000000,258100000,272100000,100000,100000,8000000,22000000,0,0,20000000,20000000,230000000,230000000,250000000,250000000,100010,22100010,100000,100000,10,22000010
1021,1024606000,1665112000,100000,100000,41000000,47000000,634506000,1269012000,47000000,47000000,302000000,302000000,349000000,349000000,390100000,396100000,100000,100000,41000000,47000000,0,0,47000000,47000000,302000000,302000000,349000000,349000000,100010,7100030,100000,100000,10,7000030
1051,959606000,9213184000,100000,100000,5000000,10000000,634506000,8883084000,8000000,8000000,312000000,312000000,320000000,320000000,325100000,330100000,100000,100000,5000000,10000000,0,0,8000000,8000000,312000000,312000000,320000000,320000000,100010,17100030,100000,100000,10,17000030
1081,913606000,9800690000,100000,100000,5000000,9000000,634506000,9517590000,7000000,7000000,267000000,267000000,274000000,274000000,279100000,283100000,100000,100000,5000000,9000000,0,0,7000000,7000000,267000000,267000000,274000000,274000000,100010,77100030,100000,100000,10,77000030
1111,966606000,5414148000,100000,100000,7000000,13000000,634506000,5076048000,13000000,13000000,312000000,312000000,325000000,325000000,332100000,338100000,100000,100000,7000000,13000000,0,0,13000000,13000000,312000000,312000000,325000000,325000000,100010,100000,100000,100000,10,0
1141,958606000,4141136000,100000,100000,1000000,11000000,634506000,3807036000,11000000,11000000,312000000,312000000,323000000,323000000,324100000,334100000,100000,100000,1000000,11000000,0,0,11000000,11000000,312000000,312000000,323000000,323000000,100010,58100030,100000,100000,10,58000030
1171,652606000,3191630000,100000,100000,8000000,9000000,634506000,3172530000,9000000,9000000,1000000,1000000,10000000,10000000,18100000,19100000,100000,100000,8000000,9000000,0,0,9000000,9000000,1000000,1000000,10000000,10000000,100010,100000,100000,100000,10,0
1201,837606000,4646642000,100000,100000,11000000,13000000,634506000,4441542000,13000000,13000000,179000000,179000000,192000000,192000000,203100000,205100000,100000,100000,11000000,13000000,0,0,13000000,13000000,179000000,179000000,192000000,192000000,100010,33100020,100000,100000,10,33000020
1231,686606000,1956618000,100000,100000,10000000,11000000,634506000,1903518000,11000000,11000000,31000000,31000000,42000000,42000000,52100000,53100000,100000,100000,10000000,11000000,0,0,11000000,11000000,31000000,31000000,42000000,42000000,100010,100000,100000,100000,10,0
1261,649606000,1285112000,100000,100000,15000000,16000000,634506000,1269012000,0,0,0,0,0,0,15100000,16100000,100000,100000,15000000,16000000,0,0,0,0,0,0,0,0,100010,100000,100000,100000,10,0
2,830606000,831606000,100000,100000,17000000,18000000,634506000,634506000,18000000,18000000,161000000,161000000,179000000,179000000,196100000,197100000,100000,100000,17000000,18000000,0,0,18000000,18000000,161000000,161000000,179000000,179000000,100010,74100030,100000,100000,10,74000030
32,922606000,923606000,100000,100000,19000000,20000000,634506000,634506000,20000000,20000000,249000000,249000000,269000000,269000000,288100000,289100000,100000,100000,19000000,20000000,0,0,20000000,20000000,249000000,249000000,269000000,269000000,100010,22100010,100000,100000,10,22000010
62,887606000,889606000,100000,100000,10000000,12000000,634506000,634506000,12000000,12000000,231000000,231000000,243000000,243000000,253100000,255100000,100000,100000,10000000,12000000,0,0,12000000,12000000,231000000,231000000,243000000,243000000,100010,68100040,100000,100000,10,68000040
92,921606000,922606000,100000,100000,19000000,20000000,634506000,634506000,20000000,20000000,248000000,248000000,268000000,268000000,287100000,288100000,100000,100000,19000000,20000000,0,0,20000000,20000000,248000000,248000000,268000000,268000000,100010,22100010,100000,100000,10,22000010
122,739606000,739606000,100000,100000,1000000,1000000,634506000,634506000,1000000,1000000,103000000,103000000,104000000,104000000,105100000,105100000,100000,100000,1000000,1000000,0,0,1000000,1000000,103000000,103000000,104000000,104000000,100010,81100040,100000,100000,10,81000040
152,748606000,748606000,100000,100000,8000000,8000000,634506000,634506000,8000000,8000000,98000000,98000000,106000000,106000000,114100000,114100000,100000,100000,8000000,8000000,0,0,8000000,8000000,98000000,98000000,106000000,106000000,100010,25100030,100000,100000,10,25000030
182,744606000,745606000,100000,100000,19000000,20000000,634506000,634506000,20000000,20000000,71000000,71000000,91000000,91000000,110100000,111100000,100000,100000,19000000,20000000,0,0,20000000,20000000,71000000,71000000,91000000,91000000,100010,23100020,100000,100000,10,23000020
212,839606000,840606000,100000,100000,19000000,20000000,634506000,634506000,20000000,20000000,166000000,166000000,186000000,186000000,205100000,206100000,100000,100000,19000000,20000000,0,0,20000000,20000000,166000000,166000000,186000000,186000000,100010,11100010,100000,100000,10,11000010
242,782606000,782606000,100000,100000,9000000,9000000,634506000,634506000,9000000,9000000,130000000,130000000,139000000,139000000,148100000,148100000,100000,100000,9000000,9000000,0,0,9000000,9000000,130000000,130000000,139000000,139000000,100010,16100030,100000,100000,10,16000030
272,818606000,819606000,100000,100000,8000000,9000000,634506000,634506000,9000000,9000000,167000000,167000000,176000000,176000000,184100000,185100000,100000,100000,8000000,9000000,0,0,9000000,9000000,167000000,167000000,176000000,176000000,100010,16100040,100000,100000,10,16000040
302,824606000,824606000,100000,100000,9000000,9000000,634506000,634506000,9000000,9000000,172000000,172000000,181000000,181000000,190100000,190100000,100000,100000,9000000,9000000,0,0,9000000,9000000,172000000,172000000,181000000,181000000,100010,16100040,100000,100000,10,16000040
332,891606000,892606000,100000,100000,8000000,9000000,634506000,634506000,9000000,9000000,240000000,240000000,249000000,249000000,257100000,258100000,100000,100000,8000000,9000000,0,0,9000000,9000000,240000000,240000000,249000000,249000000,100010,33100020,100000,100000,10,33000020
362,719606000,724606000,100000,100000,8000000,13000000,634506000,634506000,13000000,13000000,64000000,64000000,77000000,77000000,85100000,90100000,100000,100000,8000000,13000000,0,0,13000000,13000000,64000000,64000000,77000000,77000000,100010,7100040,100000,100000,10,7000040
392,782606000,782606000,100000,100000,9000000,9000000,634506000,634506000,9000000,9000000,130000000,130000000,139000000,139000000,148100000,148100000,100000,100000,9000000,9000000,0,0,9000000,9000000,130000000,130000000,139000000,139000000,100010,16100030,100000,100000,10,16000030
422,966606000,967606000,100000,100000,12000000,13000000,634506000,634506000,13000000,13000000,307000000,307000000,320000000,320000000,332100000,333100000,100000,100000,12000000,13000000,0,0,13000000,13000000,307000000,307000000,320000000,320000000,100010,2100010,100000,100000,10,2000010
452,645606000,649606000,100000,100000,11000000,15000000,634506000,634506000,0,0,0,0,0,0,11100000,15100000,100000,100000,11000000,15000000,0,0,0,0,0,0,0,0,100010,100000,100000,100000,10,0
482,897606000,898606000,100000,100000,3000000,4000000,634506000,634506000,4000000,4000000,256000000,256000000,260000000,260000000,263100000,264100000,100000,100000,3000000,4000000,0,0,4000000,4000000,256000000,256000000,260000000,260000000,100010,82100040,100000,100000,10,82000040
512,1024606000,1029606000,100000,100000,41000000,46000000,634506000,634506000,46000000,47000000,303000000,302000000,349000000,349000000,390100000,395100000,100000,100000,41000000,46000000,0,0,46000000,47000000,303000000,302000000,349000000,349000000,100010,9100040,100000,100000,10,9000040
542,752606000,753606000,100000,100000,17000000,18000000,634506000,634506000,18000000,18000000,83000000,83000000,101000000,101000000,118100000,119100000,100000,100000,17000000,18000000,0,0,18000000,18000000,83000000,83000000,101000000,101000000,100010,21100010,100000,100000,10,21000010
572,877606000,877606000,100000,100000,10000000,10000000,634506000,634506000,10000000,10000000,223000000,223000000,233000000,233000000,243100000,243100000,100000,100000,10000000,10000000,0,0,10000000,10000000,223000000,223000000,233000000,233000000,100010,49100020,100000,100000,10,49000020
602,924606000,925606000,100000,100000,7000000,8000000,634506000,634506000,8000000,8000000,275000000,275000000,283000000,283000000,290100000,291100000,100000,100000,7000000,8000000,0,0,8000000,8000000,275000000,275000000,283000000,283000000,100010,26100040,100000,100000,10,26000040
632,806606000,807606000,100000,100000,9000000,10000000,634506000,634506000,10000000,10000000,153000000,153000000,163000000,163000000,172100000,173100000,100000,100000,9000000,10000000,0,0,10000000,10000000,153000000,153000000,163000000,163000000,100010,83100020,100000,100000,10,83000020
662,961606000,963606000,100000,100000,6000000,8000000,634506000,634506000,8000000,8000000,313000000,313000000,321000000,321000000,327100000,329100000,100000,100000,6000000,8000000,0,0,8000000,8000000,313000000,313000000,321000000,321000000,100010,22100030,100000,100000,10,22000030
692,926606000,927606000,100000,100000,17000000,18000000,634506000,634506000,18000000,18000000,257000000,257000000,275000000,275000000,292100000,293100000,100000,100000,17000000,18000000,0,0,18000000,18000000,257000000,257000000,275000000,275000000,100010,21100010,100000,100000,10,21000010
722,796606000,797606000,100000,100000,0,1000000,634506000,634506000,1000000,1000000,161000000,161000000,162000000,162000000,162100000,163100000,100000,100000,0,1000000,0,0,1000000,1000000,161000000,161000000,162000000,162000000,100010,81100030,100000,100000,10,81000030
752,768606000,768606000,100000,100000,1000000,1000000,634506000,634506000,1000000,1000000,132000000,132000000,133000000,133000000,134100000,134100000,100000,100000,1000000,1000000,0,0,1000000,1000000,132000000,132000000,133000000,133000000,100010,18100020,100000,100000,10,18000020
782,748606000,748606000,100000,100000,1000000,1000000,634506000,634506000,1000000,1000000,112000000,112000000,113000000,113000000,114100000,114100000,100000,100000,1000000,1000000,0,0,1000000,1000000,112000000,112000000,113000000,113000000,100010,81100040,100000,100000,10,81000040
812,771606000,771606000,100000,100000,1000000,1000000,634506000,634506000,1000000,1000000,135000000,135000000,136000000,136000000,137100000,137100000,100000,100000,1000000,1000000,0,0,1000000,1000000,135000000,135000000,136000000,136000000,100010,18100020,100000,100000,10,18000020
842,678606000,678606000,100000,100000,8000000,8000000,634506000,634506000,8000000,8000000,28000000,28000000,36000000,36000000,44100000,44100000,100000,100000,8000000,8000000,0,0,8000000,8000000,28000000,28000000,36000000,36000000,100010,10100030,100000,100000,10,10000030
872,779606000,780606000,100000,100000,7000000,8000000,634506000,634506000,8000000,8000000,130000000,130000000,138000000,138000000,145100000,146100000,100000,100000,7000000,8000000,0,0,8000000,8000000,130000000,130000000,138000000,138000000,100010,33100030,100000,100000,10,33000030
902,919606000,920606000,100000,100000,7000000,8000000,634506000,634506000,8000000,8000000,270000000,270000000,278000000,278000000,285100000,286100000,100000,100000,7000000,8000000,0,0,8000000,8000000,270000000,270000000,278000000,278000000,100010,45100040,100000,100000,10,45000040
932,810606000,810606000,100000,100000,10000000,10000000,634506000,634506000,10000000,10000000,156000000,156000000,166000000,166000000,176100000,176100000,100000,100000,10000000,10000000,0,0,10000000,10000000,156000000,156000000,166000000,166000000,100010,24100030,100000,100000,10,24000030
962,798606000,798606000,100000,100000,13000000,13000000,634506000,634506000,13000000,13000000,138000000,138000000,151000000,151000000,164100000,164100000,100000,100000,13000000,13000000,0,0,13000000,13000000,138000000,138000000,151000000,151000000,100010,47100050,100000,100000,10,47000050
992,868606000,12936220000,100000,100000,9000000,21000000,634506000,12690120000,20000000,20000000,205000000,205000000,225000000,225000000,234100000,246100000,100000,100000,9000000,21000000,0,0,20000000,20000000,205000000,205000000,225000000,225000000,100010,47100020,100000,100000,10,47000020
1022,737606000,1373112000,100000,100000,46000000,47000000,634506000,1269012000,46000000,46000000,11000000,11000000,57000000,57000000,103100000,104100000,100000,100000,46000000,47000000,0,0,46000000,46000000,11000000,11000000,57000000,57000000,100010,9100040,100000,100000,10,9000040
1052,946606000,7931172000,100000,100000,5000000,10000000,634506000,7614072000,8000000,8000000,299000000,299000000,307000000,307000000,312100000,317100000,100000,100000,5000000,10000000,0,0,8000000,8000000,299000000,299000000,307000000,307000000,100010,100000,100000,100000,10,0
1082,866606000,9765690000,100000,100000,0,16000000,634506000,9517590000,6000000,6000000,226000000,226000000,232000000,232000000,232100000,248100000,100000,100000,0,16000000,0,0,6000000,6000000,226000000,226000000,232000000,232000000,100010,68100040,100000,100000,10,68000040
1112,728606000,3273630000,100000,100000,2000000,9000000,634506000,3172530000,9000000,9000000,83000000,83000000,92000000,92000000,94100000,101100000,100000,100000,2000000,9000000,0,0,9000000,9000000,83000000,83000000,92000000,92000000,100010,7100020,100000,100000,10,7000020
1142,663606000,3837136000,100000,100000,0,1000000,634506000,3807036000,1000000,1000000,28000000,28000000,29000000,29000000,29100000,30100000,100000,100000,0,1000000,0,0,1000000,1000000,28000000,28000000,29000000,29000000,100010,100000,100000,100000,10,0
1172,652606000,3191630000,100000,100000,8000000,9000000,634506000,3172530000,9000000,9000000,1000000,1000000,10000000,10000000,18100000,19100000,100000,100000,8000000,9000000,0,0,9000000,9000000,1000000,1000000,10000000,10000000,100010,100000,100000,100000,10,0
1202,650606000,651606000,100000,100000,16000000,17000000,634506000,634506000,0,0,0,0,0,0,16100000,17100000,100000,100000,16000000,17000000,0,0,0,0,0,0,0,0,100010,100000,100000,100000,10,0
1232,674606000,3213630000,100000,100000,7000000,8000000,634506000,3172530000,7000000,7000000,26000000,26000000,33000000,33000000,40100000,41100000,100000,100000,7000000,8000000,0,0,7000000,7000000,26000000,26000000,33000000,33000000,100010,100000,100000,100000,10,0
1262,711606000,2617124000,100000,100000,17000000,19000000,634506000,2538024000,19000000,19000000,41000000,41000000,60000000,60000000,77100000,79100000,100000,100000,17000000,19000000,0,0,19000000,19000000,41000000,41000000,60000000,60000000,100010,100000,100000,100000,10,0
3,728606000,738606000,100000,100000,17000000,17000000,634506000,634506000,17000000,85000000,60000000,2000000,77000000,87000000,94100000,104100000,100000,100000,17000000,17000000,0,0,17000000,85000000,60000000,2000000,77000000,87000000,100010,68100020,100000,100000,10,68000020
33,881606000,882606000,100000,100000,19000000,20000000,634506000,634506000,20000000,20000000,208000000,208000000,228000000,228000000,247100000,248100000,100000,100000,19000000,20000000,0,0,20000000,20000000,208000000,208000000,228000000,228000000,100010,27100050,100000,100000,10,27000050
63,896606000,897606000,100000,100000,10000000,11000000,634506000,634506000,11000000,11000000,241000000,241000000,252000000,252000000,262100000,263100000,100000,100000,10000000,11000000,0,0,11000000,11000000,241000000,241000000,252000000,252000000,100010,68100040,100000,100000,10,68000040
93,921606000,922606000,100000,100000,19000000,20000000,634506000,634506000,20000000,20000000,248000000,248000000,268000000,268000000,287100000,288100000,100000,100000,19000000,20000000,0,0,20000000,20000000,248000000,248000000,268000000,268000000,100010,22100010,100000,100000,10,22000010
123,788606000,795606000,100000,100000,1000000,8000000,634506000,634506000,8000000,8000000,145000000,145000000,153000000,153000000,154100000,161100000,100000,100000,1000000,8000000,0,0,8000000,8000000,145000000,145000000,153000000,153000000,100010,20100030,100000,100000,10,20000030
153,753606000,753606000,100000,100000,8000000,8000000,634506000,634506000,8000000,8000000,103000000,103000000,111000000,111000000,119100000,119100000,100000,100000,8000000,8000000,0,0,8000000,8000000,103000000,103000000,111000000,111000000,100010,25100030,100000,100000,10,25000030
183,804606000,804606000,100000,100000,20000000,20000000,634506000,634506000,20000000,20000000,130000000,130000000,150000000,150000000,170100000,170100000,100000,100000,20000000,20000000,0,0,20000000,20000000,130000000,130000000,150000000,150000000,100010,67100030,100000,100000,10,67000030
213,717606000,717606000,100000,100000,20000000,20000000,634506000,634506000,20000000,20000000,43000000,43000000,63000000,63000000,83100000,83100000,100000,100000,20000000,20000000,0,0,20000000,20000000,43000000,43000000,63000000,63000000,100010,1100010,100000,100000,10,1000010
243,818606000,819606000,100000,100000,8000000,9000000,634506000,634506000,9000000,9000000,167000000,167000000,176000000,176000000,184100000,185100000,100000,100000,8000000,9000000,0,0,9000000,9000000,167000000,167000000,176000000,176000000,100010,16100040,100000,100000,10,16000040
273,818606000,819606000,100000,100000,8000000,9000000,634506000,634506000,9000000,9000000,167000000,167000000,176000000,176000000,184100000,185100000,100000,100000,8000000,9000000,0,0,9000000,9000000,167000000,167000000,176000000,176000000,100010,16100040,100000,100000,10,16000040
303,824606000,824606000,100000,100000,9000000,9000000,634506000,634506000,9000000,9000000,172000000,172000000,181000000,181000000,190100000,190100000,100000,100000,9000000,9000000,0,0,9000000,9000000,172000000,172000000,181000000,181000000,100010,16100040,100000,100000,10,16000040
333,891606000,892606000,100000,100000,8000000,9000000,634506000,634506000,9000000,9000000,240000000,240000000,249000000,249000000,257100000,258100000,100000,100000,8000000,9000000,0,0,9000000,9000000,240000000,240000000,249000000,249000000,100010,33100020,100000,100000,10,33000020
363,753606000,760606000,100000,100000,1000000,8000000,634506000,634506000,8000000,8000000,110000000,110000000,118000000,118000000,119100000,126100000,100000,100000,1000000,8000000,0,0,8000000,8000000,110000000,110000000,118000000,118000000,100010,74100050,100000,100000,10,74000050
393,782606000,782606000,100000,100000,9000000,9000000,634506000,634506000,9000000,9000000,130000000,130000000,139000000,139000000,148100000,148100000,100000,100000,9000000,9000000,0,0,9000000,9000000,130000000,130000000,139000000,139000000,100010,16100030,100000,100000,10,16000030
423,837606000,837606000,100000,100000,11000000,11000000,634506000,634506000,11000000,11000000,181000000,181000000,192000000,192000000,203100000,203100000,100000,100000,11000000,11000000,0,0,11000000,11000000,181000000,181000000,192000000,192000000,100010,26100040,100000,100000,10,26000040
453,750606000,750606000,100000,100000,11000000,11000000,634506000,634506000,11000000,11000000,94000000,94000000,105000000,105000000,116100000,116100000,100000,100000,11000000,11000000,0,0,11000000,11000000,94000000,94000000,105000000,105000000,100010,33100020,100000,100000,10,33000020
483,912606000,913606000,100000,100000,3000000,4000000,634506000,634506000,4000000,4000000,271000000,271000000,275000000,275000000,278100000,279100000,100000,100000,3000000,4000000,0,0,4000000,4000000,271000000,271000000,275000000,275000000,100010,83100050,100000,100000,10,83000050
513,739606000,739606000,100000,100000,47000000,47000000,634506000,634506000,47000000,47000000,11000000,11000000,58000000,58000000,105100000,105100000,100000,100000,47000000,47000000,0,0,47000000,47000000,11000000,11000000,58000000,58000000,100010,9100040,100000,100000,10,9000040
543,807606000,807606000,100000,100000,18000000,18000000,634506000,634506000,18000000,18000000,137000000,137000000,155000000,155000000,173100000,173100000,100000,100000,18000000,18000000,0,0,18000000,18000000,137000000,137000000,155000000,155000000,100010,62100010,100000,100000,10,62000010
573,877606000,877606000,100000,100000,10000000,10000000,634506000,634506000,10000000,10000000,223000000,223000000,233000000,233000000,243100000,243100000,100000,100000,10000000,10000000,0,0,10000000,10000000,223000000,223000000,233000000,233000000,100010,49100020,100000,100000,10,49000020
603,922606000,923606000,100000,100000,7000000,8000000,634506000,634506000,8000000,8000000,273000000,273000000,281000000,281000000,288100000,289100000,100000,100000,7000000,8000000,0,0,8000000,8000000,273000000,273000000,281000000,281000000,100010,26100040,100000,100000,10,26000040
633,806606000,807606000,100000,100000,9000000,10000000,634506000,634506000,10000000,10000000,153000000,153000000,163000000,163000000,172100000,173100000,100000,100000,9000000,10000000,0,0,10000000,10000000,153000000,153000000,163000000,163000000,100010,83100020,100000,100000,10,83000020
663,948606000,950606000,100000,100000,6000000,8000000,634506000,634506000,8000000,8000000,300000000,300000000,308000000,308000000,314100000,316100000,100000,100000,6000000,8000000,0,0,8000000,8000000,300000000,300000000,308000000,308000000,100010,10100010,100000,100000,10,10000010
693,838606000,839606000,100000,100000,17000000,18000000,634506000,634506000,18000000,18000000,169000000,169000000,187000000,187000000,204100000,205100000,100000,100000,17000000,18000000,0,0,18000000,18000000,169000000,169000000,187000000,187000000,100010,21100010,100000,100000,10,21000010
723,695606000,717606000,100000,100000,1000000,1000000,634506000,634506000,1000000,81000000,59000000,1000000,60000000,82000000,61100000,83100000,100000,100000,1000000,1000000,0,0,1000000,81000000,59000000,1000000,60000000,82000000,100010,81100040,100000,100000,10,81000040
753,846606000,847606000,100000,100000,0,1000000,634506000,634506000,1000000,1000000,211000000,211000000,212000000,212000000,212100000,213100000,100000,100000,0,1000000,0,0,1000000,1000000,211000000,211000000,212000000,212000000,100010,81100030,100000,100000,10,81000030
783,748606000,748606000,100000,100000,1000000,1000000,634506000,634506000,1000000,1000000,112000000,112000000,113000000,113000000,114100000,114100000,100000,100000,1000000,1000000,0,0,1000000,1000000,112000000,112000000,113000000,113000000,100010,81100040,100000,100000,10,81000040
813,768606000,768606000,100000,100000,1000000,1000000,634506000,634506000,1000000,1000000,132000000,132000000,133000000,133000000,134100000,134100000,100000,100000,1000000,1000000,0,0,1000000,1000000,132000000,132000000,133000000,133000000,100010,18100020,100000,100000,10,18000020
843,726606000,729606000,100000,100000,8000000,11000000,634506000,634506000,11000000,11000000,73000000,73000000,84000000,84000000,92100000,95100000,100000,100000,8000000,11000000,0,0,11000000,11000000,73000000,73000000,84000000,84000000,100010,8100020,100000,100000,10,8000020
873,958606000,959606000,100000,100000,7000000,8000000,634506000,634506000,8000000,8000000,309000000,309000000,317000000,317000000,324100000,325100000,100000,100000,7000000,8000000,0,0,8000000,8000000,309000000,309000000,317000000,317000000,100010,81100040,100000,100000,10,81000040
903,884606000,885606000,100000,100000,7000000,8000000,634506000,634506000,8000000,8000000,235000000,235000000,243000000,243000000,250100000,251100000,100000,100000,7000000,8000000,0,0,8000000,8000000,235000000,235000000,243000000,243000000,100010,7100010,100000,100000,10,7000010
933,822606000,822606000,100000,100000,13000000,13000000,634506000,634506000,13000000,13000000,162000000,162000000,175000000,175000000,188100000,188100000,100000,100000,13000000,13000000,0,0,13000000,13000000,162000000,162000000,175000000,175000000,100010,26100040,100000,100000,10,26000040
963,651606000,651606000,100000,100000,8000000,8000000,634506000,634506000,8000000,8000000,1000000,1000000,9000000,9000000,17100000,17100000,100000,100000,8000000,8000000,0,0,8000000,8000000,1000000,1000000,9000000,9000000,100010,100000,100000,100000,10,0
993,715606000,10868702000,100000,100000,19000000,20000000,634506000,10786602000,20000000,20000000,42000000,42000000,62000000,62000000,81100000,82100000,100000,100000,19000000,20000000,0,0,20000000,20000000,42000000,42000000,62000000,62000000,100010,100000,100000,100000,10,0
1023,1022606000,2299618000,100000,100000,38000000,46000000,634506000,1903518000,42000000,42000000,308000000,308000000,350000000,350000000,388100000,396100000,100000,100000,38000000,46000000,0,0,42000000,42000000,308000000,308000000,350000000,350000000,100010,112100070,100000,100000,10,112000070
1053,640606000,646606000,100000,100000,6000000,12000000,634506000,634506000,0,0,0,0,0,0,6100000,12100000,100000,100000,6000000,12000000,0,0,0,0,0,0,0,0,100010,100000,100000,100000,10,0
1083,652606000,3191630000,100000,100000,8000000,9000000,634506000,3172530000,9000000,9000000,1000000,1000000,10000000,10000000,18100000,19100000,100000,100000,8000000,9000000,0,0,9000000,9000000,1000000,1000000,10000000,10000000,100010,100000,100000,100000,10,0
1113,641606000,1911618000,100000,100000,7000000,8000000,634506000,1903518000,0,0,0,0,0,0,7100000,8100000,100000,100000,7000000,8000000,0,0,0,0,0,0,0,0,100010,100000,100000,100000,10,0
1143,666606000,3847136000,100000,100000,0,8000000,634506000,3807036000,1000000,1000000,31000000,31000000,32000000,32000000,32100000,40100000,100000,100000,0,8000000,0,0,1000000,1000000,31000000,31000000,32000000,32000000,100010,100000,100000,100000,10,0
1173,817606000,4629642000,100000,100000,8000000,13000000,634506000,4441542000,13000000,13000000,162000000,162000000,175000000,175000000,183100000,188100000,100000,100000,8000000,13000000,0,0,13000000,13000000,162000000,162000000,175000000,175000000,100010,17100030,100000,100000,10,17000030
1203,644606000,645606000,100000,100000,10000000,11000000,634506000,634506000,0,0,0,0,0,0,10100000,11100000,100000,100000,10000000,11000000,0,0,0,0,0,0,0,0,100010,100000,100000,100000,10,0
1233,1048606000,1684112000,100000,100000,80000000,81000000,634506000,1269012000,81000000,81000000,253000000,253000000,334000000,334000000,414100000,415100000,100000,100000,80000000,81000000,0,0,81000000,81000000,253000000,253000000,334000000,334000000,100010,132100030,100000,100000,10,132000030
1263,640606000,642606000,100000,100000,6000000,8000000,634506000,634506000,0,0,0,0,0,0,6100000,8100000,100000,100000,6000000,8000000,0,0,0,0,0,0,0,0,100010,100000,100000,100000,10,0
4,756606000,763606000,100000,100000,10000000,17000000,634506000,634506000,17000000,17000000,95000000,95000000,112000000,112000000,122100000,129100000,100000,100000,10000000,17000000,0,0,17000000,17000000,95000000,95000000,112000000,112000000,100010,65100030,100000,100000,10,65000030
34,922606000,923606000,100000,100000,19000000,20000000,634506000,634506000,20000000,20000000,249000000,249000000,269000000,269000000,288100000,289100000,100000,100000,19000000,20000000,0,0,20000000,20000000,249000000,249000000,269000000,269000000,100010,22100010,100000,100000,10,22000010
64,896606000,897606000,100000,100000,10000000,11000000,634506000,634506000,11000000,11000000,241000000,241000000,252000000,252000000,262100000,263100000,100000,100000,10000000,11000000,0,0,11000000,11000000,241000000,241000000,252000000,252000000,100010,68100040,100000,100000,10,68000040
94,756606000,756606000,100000,100000,19000000,19000000,634506000,634506000,19000000,19000000,84000000,84000000,103000000,103000000,122100000,122100000,100000,100000,19000000,19000000,0,0,19000000,19000000,84000000,84000000,103000000,103000000,100010,22100010,100000,100000,10,22000010
124,797606000,797606000,100000,100000,1000000,1000000,634506000,634506000,1000000,1000000,161000000,161000000,162000000,162000000,163100000,163100000,100000,100000,1000000,1000000,0,0,1000000,1000000,161000000,161000000,162000000,162000000,100010,12100030,100000,100000,10,12000030
154,751606000,751606000,100000,100000,8000000,8000000,634506000,634506000,8000000,8000000,101000000,101000000,109000000,109000000,117100000,117100000,100000,100000,8000000,8000000,0,0,8000000,8000000,101000000,101000000,109000000,109000000,100010,25100030,100000,100000,10,25000030
184,834606000,834606000,100000,100000,20000000,20000000,634506000,634506000,20000000,20000000,160000000,160000000,180000000,180000000,200100000,200100000,100000,100000,20000000,20000000,0,0,20000000,20000000,160000000,160000000,180000000,180000000,100010,27100040,100000,100000,10,27000040
214,706606000,706606000,100000,100000,20000000,20000000,634506000,634506000,20000000,20000000,32000000,32000000,52000000,52000000,72100000,72100000,100000,100000,20000000,20000000,0,0,20000000,20000000,32000000,32000000,52000000,52000000,100010,1100010,100000,100000,10,1000010
244,816606000,817606000,100000,100000,8000000,9000000,634506000,634506000,9000000,9000000,165000000,165000000,174000000,174000000,182100000,183100000,100000,100000,8000000,9000000,0,0,9000000,9000000,165000000,165000000,174000000,174000000,100010,11100010,100000,100000,10,11000010
274,818606000,819606000,100000,100000,8000000,9000000,634506000,634506000,9000000,9000000,167000000,167000000,176000000,176000000,184100000,185100000,100000,100000,8000000,9000000,0,0,9000000,9000000,167000000,167000000,176000000,176000000,100010,16100040,100000,100000,10,16000040
304,824606000,824606000,100000,100000,9000000,9000000,634506000,634506000,9000000,9000000,172000000,172000000,181000000,181000000,190100000,190100000,100000,100000,9000000,9000000,0,0,9000000,9000000,172000000,172000000,181000000,181000000,100010,16100040,100000,100000,10,16000040
334,891606000,892606000,100000,100000,8000000,9000000,634506000,634506000,9000000,9000000,240000000,240000000,249000000,249000000,257100000,258100000,100000,100000,8000000,9000000,0,0,9000000,9000000,240000000,240000000,249000000,249000000,100010,33100020,100000,100000,10,33000020
364,653606000,654606000,100000,100000,8000000,9000000,634506000,634506000,8000000,8000000,3000000,3000000,11000000,11000000,19100000,20100000,100000,100000,8000000,9000000,0,0,8000000,8000000,3000000,3000000,11000000,11000000,100010,1100010,100000,100000,10,1000010
394,782606000,782606000,100000,100000,9000000,9000000,634506000,634506000,9000000,9000000,130000000,130000000,139000000,139000000,148100000,148100000,100000,100000,9000000,9000000,0,0,9000000,9000000,130000000,130000000,139000000,139000000,100010,16100030,100000,100000,10,16000030
424,827606000,828606000,100000,100000,11000000,12000000,634506000,634506000,12000000,12000000,170000000,170000000,182000000,182000000,193100000,194100000,100000,100000,11000000,12000000,0,0,12000000,12000000,170000000,170000000,182000000,182000000,100010,26100040,100000,100000,10,26000040
454,741606000,742606000,100000,100000,11000000,12000000,634506000,634506000,12000000,12000000,84000000,84000000,96000000,96000000,107100000,108100000,100000,100000,11000000,12000000,0,0,12000000,12000000,84000000,84000000,96000000,96000000,100010,33100020,100000,100000,10,33000020
484,912606000,913606000,100000,100000,3000000,4000000,634506000,634506000,4000000,4000000,271000000,271000000,275000000,275000000,278100000,279100000,100000,100000,3000000,4000000,0,0,4000000,4000000,271000000,271000000,275000000,275000000,100010,83100050,100000,100000,10,83000050
514,1026606000,1027606000,100000,100000,41000000,42000000,634506000,634506000,42000000,42000000,309000000,309000000,351000000,351000000,392100000,393100000,100000,100000,41000000,42000000,0,0,42000000,42000000,309000000,309000000,351000000,351000000,100010,115100080,100000,100000,10,115000080
544,807606000,807606000,100000,100000,18000000,18000000,634506000,634506000,18000000,18000000,137000000,137000000,155000000,155000000,173100000,173100000,100000,100000,18000000,18000000,0,0,18000000,18000000,137000000,137000000,155000000,155000000,100010,62100010,100000,100000,10,62000010
574,877606000,877606000,100000,100000,10000000,10000000,634506000,634506000,10000000,10000000,223000000,223000000,233000000,233000000,243100000,243100000,100000,100000,10000000,10000000,0,0,10000000,10000000,223000000,223000000,233000000,233000000,100010,49100020,100000,100000,10,49000020
604,802606000,807606000,100000,100000,7000000,12000000,634506000,634506000,12000000,12000000,149000000,149000000,161000000,161000000,168100000,173100000,100000,100000,7000000,12000000,0,0,12000000,12000000,149000000,149000000,161000000,161000000,100010,11100030,100000,100000,10,11000030
634,800606000,801606000,100000,100000,9000000,10000000,634506000,634506000,10000000,10000000,147000000,147000000,157000000,157000000,166100000,167100000,100000,100000,9000000,10000000,0,0,10000000,10000000,147000000,147000000,157000000,157000000,100010,83100020,100000,100000,10,83000020
664,767606000,767606000,100000,100000,6000000,6000000,634506000,634506000,6000000,6000000,121000000,121000000,127000000,127000000,133100000,133100000,100000,100000,6000000,6000000,0,0,6000000,6000000,121000000,121000000,127000000,127000000,100010,20100030,100000,100000,10,20000030
694,926606000,927606000,100000,100000,17000000,18000000,634506000,634506000,18000000,18000000,257000000,257000000,275000000,275000000,292100000,293100000,100000,100000,17000000,18000000,0,0,18000000,18000000,257000000,257000000,275000000,275000000,100010,21100010,100000,100000,10,21000010
724,714606000,722606000,100000,100000,1000000,9000000,634506000,634506000,9000000,9000000,70000000,70000000,79000000,79000000,80100000,88100000,100000,100000,1000000,9000000,0,0,9000000,9000000,70000000,70000000,79000000,79000000,100010,1100010,100000,100000,10,1000010
754,706606000,706606000,100000,100000,1000000,1000000,634506000,634506000,1000000,1000000,70000000,70000000,71000000,71000000,72100000,72100000,100000,100000,1000000,1000000,0,0,1000000,1000000,70000000,70000000,71000000,71000000,100010,20100030,100000,100000,10,20000030
784,748606000,748606000,100000,100000,1000000,1000000,634506000,634506000,1000000,1000000,112000000,112000000,113000000,113000000,114100000,114100000,100000,100000,1000000,1000000,0,0,1000000,1000000,112000000,112000000,113000000,113000000,100010,81100040,100000,100000,10,81000040
814,846606000,847606000,100000,100000,0,1000000,634506000,634506000,1000000,1000000,211000000,211000000,212000000,212000000,212100000,213100000,100000,100000,0,1000000,0,0,1000000,1000000,211000000,211000000,212000000,212000000,100010,81100030,100000,100000,10,81000030
844,642606000,643606000,100000,100000,8000000,9000000,634506000,634506000,0,0,0,0,0,0,8100000,9100000,100000,100000,8000000,9000000,0,0,0,0,0,0,0,0,100010,100000,100000,100000,10,0
874,958606000,959606000,100000,100000,7000000,8000000,634506000,634506000,8000000,8000000,309000000,309000000,317000000,317000000,324100000,325100000,100000,100000,7000000,8000000,0,0,8000000,8000000,309000000,309000000,317000000,317000000,100010,81100040,100000,100000,10,81000040
904,919606000,920606000,100000,100000,7000000,8000000,634506000,634506000,8000000,8000000,270000000,270000000,278000000,278000000,285100000,286100000,100000,100000,7000000,8000000,0,0,8000000,8000000,270000000,270000000,278000000,278000000,100010,45100040,100000,100000,10,45000040
934,823606000,823606000,100000,100000,13000000,13000000,634506000,634506000,13000000,13000000,163000000,163000000,176000000,176000000,189100000,189100000,100000,100000,13000000,13000000,0,0,13000000,13000000,163000000,163000000,176000000,176000000,100010,26100040,100000,100000,10,26000040
964,1024606000,1028606000,100000,100000,42000000,46000000,634506000,634506000,46000000,47000000,302000000,301000000,348000000,348000000,390100000,394100000,100000,100000,42000000,46000000,0,0,46000000,47000000,302000000,301000000,348000000,348000000,100010,116100090,100000,100000,10,116000090
994,956606000,18119268000,100000,100000,8000000,39000000,634506000,17766168000,20000000,20000000,294000000,294000000,314000000,314000000,322100000,353100000,100000,100000,8000000,39000000,0,0,20000000,20000000,294000000,294000000,314000000,314000000,100010,17100030,100000,100000,10,17000030
1024,900606000,4094136000,100000,100000,18000000,39000000,634506000,3807036000,39000000,39000000,209000000,209000000,248000000,248000000,266100000,287100000,100000,100000,18000000,39000000,0,0,39000000,39000000,209000000,209000000,248000000,248000000,100010,11100010,100000,100000,10,11000010
1054,647606000,3192630000,100000,100000,5000000,12000000,634506000,3172530000,6000000,6000000,2000000,2000000,8000000,8000000,13100000,20100000,100000,100000,5000000,12000000,0,0,6000000,6000000,2000000,2000000,8000000,8000000,100010,100000,100000,100000,10,0
1084,654606000,656606000,100000,100000,20000000,22000000,634506000,634506000,0,0,0,0,0,0,20100000,22100000,100000,100000,20000000,22000000,0,0,0,0,0,0,0,0,100010,100000,100000,100000,10,0
1114,641606000,1911618000,100000,100000,7000000,8000000,634506000,1903518000,0,0,0,0,0,0,7100000,8100000,100000,100000,7000000,8000000,0,0,0,0,0,0,0,0,100010,100000,100000,100000,10,0
1144,663606000,3202630000,100000,100000,0,1000000,634506000,3172530000,1000000,1000000,28000000,28000000,29000000,29000000,29100000,30100000,100000,100000,0,1000000,0,0,1000000,1000000,28000000,28000000,29000000,29000000,100010,100000,100000,100000,10,0
1174,652606000,2557124000,100000,100000,8000000,9000000,634506000,2538024000,9000000,9000000,1000000,1000000,10000000,10000000,18100000,19100000,100000,100000,8000000,9000000,0,0,9000000,9000000,1000000,1000000,10000000,10000000,100010,100000,100000,100000,10,0
1204,652606000,1288112000,100000,100000,18000000,19000000,634506000,1269012000,0,0,0,0,0,0,18100000,19100000,100000,100000,18000000,19000000,0,0,0,0,0,0,0,0,100010,100000,100000,100000,10,0
1234,997606000,2329618000,100000,100000,18000000,81000000,634506000,1903518000,81000000,81000000,264000000,264000000,345000000,345000000,363100000,426100000,100000,100000,18000000,81000000,0,0,81000000,81000000,264000000,264000000,345000000,345000000,100010,58100020,100000,100000,10,58000020
1264,640606000,642606000,100000,100000,6000000,8000000,634506000,634506000,0,0,0,0,0,0,6100000,8100000,100000,100000,6000000,8000000,0,0,0,0,0,0,0,0,100010,100000,100000,100000,10,0
5,708606000,712606000,100000,100000,17000000,19000000,634506000,634506000,17000000,57000000,40000000,2000000,57000000,59000000,74100000,78100000,100000,100000,17000000,19000000,0,0,17000000,57000000,40000000,2000000,57000000,59000000,100010,47100020,100000,100000,10,47000020
35,922606000,923606000,100000,100000,19000000,20000000,634506000,634506000,20000000,20000000,249000000,249000000,269000000,269000000,288100000,289100000,100000,100000,19000000,20000000,0,0,20000000,20000000,249000000,249000000,269000000,269000000,100010,22100010,100000,100000,10,22000010
65,895606000,896606000,100000,100000,10000000,11000000,634506000,634506000,11000000,11000000,240000000,240000000,251000000,251000000,261100000,262100000,100000,100000,10000000,11000000,0,0,11000000,11000000,240000000,240000000,251000000,251000000,100010,68100040,100000,100000,10,68000040
95,891606000,892606000,100000,100000,19000000,20000000,634506000,634506000,20000000,20000000,218000000,218000000,238000000,238000000,257100000,258100000,100000,100000,19000000,20000000,0,0,20000000,20000000,218000000,218000000,238000000,238000000,100010,50100040,100000,100000,10,50000040
125,917606000,918606000,100000,100000,1000000,2000000,634506000,634506000,2000000,2000000,280000000,280000000,282000000,282000000,283100000,284100000,100000,100000,1000000,2000000,0,0,2000000,2000000,280000000,280000000,282000000,282000000,100010,82100030,100000,100000,10,82000030
155,781606000,781606000,100000,100000,8000000,8000000,634506000,634506000,8000000,8000000,131000000,131000000,139000000,139000000,147100000,147100000,100000,100000,8000000,8000000,0,0,8000000,8000000,131000000,131000000,139000000,139000000,100010,25100030,100000,100000,10,25000030
185,834606000,834606000,100000,100000,20000000,20000000,634506000,634506000,20000000,20000000,160000000,160000000,180000000,180000000,200100000,200100000,100000,100000,20000000,20000000,0,0,20000000,20000000,160000000,160000000,180000000,180000000,100010,27100040,100000,100000,10,27000040
215,717606000,717606000,100000,100000,20000000,20000000,634506000,634506000,20000000,20000000,43000000,43000000,63000000,63000000,83100000,83100000,100000,100000,20000000,20000000,0,0,20000000,20000000,43000000,43000000,63000000,63000000,100010,1100010,100000,100000,10,1000010
245,818606000,819606000,100000,100000,8000000,9000000,634506000,634506000,9000000,9000000,167000000,167000000,176000000,176000000,184100000,185100000,100000,100000,8000000,9000000,0,0,9000000,9000000,167000000,167000000,176000000,176000000,100010,16100040,100000,100000,10,16000040
275,824606000,824606000,100000,100000,9000000,9000000,634506000,634506000,9000000,9000000,172000000,172000000,181000000,181000000,190100000,190100000,100000,100000,9000000,9000000,0,0,9000000,9000000,172000000,172000000,181000000,181000000,100010,16100040,100000,100000,10,16000040
305,824606000,824606000,100000,100000,9000000,9000000,634506000,634506000,9000000,9000000,172000000,172000000,181000000,181000000,190100000,190100000,100000,100000,9000000,9000000,0,0,9000000,9000000,172000000,172000000,181000000,181000000,100010,16100040,100000,100000,10,16000040
335,660606000,661606000,100000,100000,8000000,8000000,634506000,634506000,8000000,18000000,10000000,1000000,18000000,19000000,26100000,27100000,100000,100000,8000000,8000000,0,0,8000000,18000000,10000000,1000000,18000000,19000000,100010,13100010,100000,100000,10,13000010
365,653606000,654606000,100000,100000,8000000,9000000,634506000,634506000,8000000,8000000,3000000,3000000,11000000,11000000,19100000,20100000,100000,100000,8000000,9000000,0,0,8000000,8000000,3000000,3000000,11000000,11000000,100010,1100010,100000,100000,10,1000010
395,782606000,782606000,100000,100000,9000000,9000000,634506000,634506000,9000000,9000000,130000000,130000000,139000000,139000000,148100000,148100000,100000,100000,9000000,9000000,0,0,9000000,9000000,130000000,130000000,139000000,139000000,100010,16100030,100000,100000,10,16000030
425,743606000,747606000,100000,100000,7000000,11000000,634506000,634506000,11000000,11000000,91000000,91000000,102000000,102000000,109100000,113100000,100000,100000,7000000,11000000,0,0,11000000,11000000,91000000,91000000,102000000,102000000,100010,19100030,100000,100000,10,19000030
455,797606000,797606000,100000,100000,11000000,11000000,634506000,634506000,11000000,11000000,141000000,141000000,152000000,152000000,163100000,163100000,100000,100000,11000000,11000000,0,0,11000000,11000000,141000000,141000000,152000000,152000000,100010,33100020,100000,100000,10,33000020
485,912606000,913606000,100000,100000,3000000,4000000,634506000,634506000,4000000,4000000,271000000,271000000,275000000,275000000,278100000,279100000,100000,100000,3000000,4000000,0,0,4000000,4000000,271000000,271000000,275000000,275000000,100010,83100050,100000,100000,10,83000050
515,922606000,922606000,100000,100000,39000000,39000000,634506000,634506000,39000000,39000000,210000000,210000000,249000000,249000000,288100000,288100000,100000,100000,39000000,39000000,0,0,39000000,39000000,210000000,210000000,249000000,249000000,100010,33100020,100000,100000,10,33000020
545,913606000,975606000,100000,100000,18000000,80000000,634506000,634506000,80000000,80000000,181000000,181000000,261000000,261000000,279100000,341100000,100000,100000,18000000,80000000,0,0,80000000,80000000,181000000,181000000,261000000,261000000,100010,58100020,100000,100000,10,58000020
575,876606000,876606000,100000,100000,10000000,10000000,634506000,634506000,10000000,10000000,222000000,222000000,232000000,232000000,242100000,242100000,100000,100000,10000000,10000000,0,0,10000000,10000000,222000000,222000000,232000000,232000000,100010,49100020,100000,100000,10,49000020
605,643606000,645606000,100000,100000,9000000,11000000,634506000,634506000,0,0,0,0,0,0,9100000,11100000,100000,100000,9000000,11000000,0,0,0,0,0,0,0,0,100010,100000,100000,100000,10,0
635,643606000,644606000,100000,100000,9000000,10000000,634506000,634506000,0,0,0,0,0,0,9100000,10100000,100000,100000,9000000,10000000,0,0,0,0,0,0,0,0,100010,100000,100000,100000,10,0
665,750606000,750606000,100000,100000,6000000,6000000,634506000,634506000,6000000,6000000,104000000,104000000,110000000,110000000,116100000,116100000,100000,100000,6000000,6000000,0,0,6000000,6000000,104000000,104000000,110000000,110000000,100010,12100020,100000,100000,10,12000020
695,838606000,839606000,100000,100000,17000000,18000000,634506000,634506000,18000000,18000000,169000000,169000000,187000000,187000000,204100000,205100000,100000,100000,17000000,18000000,0,0,18000000,18000000,169000000,169000000,187000000,187000000,100010,21100010,100000,100000,10,21000010
725,670606000,670606000,100000,100000,1000000,1000000,634506000,634506000,1000000,1000000,34000000,34000000,35000000,35000000,36100000,36100000,100000,100000,1000000,1000000,0,0,1000000,1000000,34000000,34000000,35000000,35000000,100010,11100030,100000,100000,10,11000030
755,731606000,731606000,100000,100000,1000000,1000000,634506000,634506000,1000000,1000000,95000000,95000000,96000000,96000000,97100000,97100000,100000,100000,1000000,1000000,0,0,1000000,1000000,95000000,95000000,96000000,96000000,100010,18100020,100000,100000,10,18000020
785,748606000,748606000,100000,100000,1000000,1000000,634506000,634506000,1000000,1000000,112000000,112000000,113000000,113000000,114100000,114100000,100000,100000,1000000,1000000,0,0,1000000,1000000,112000000,112000000,113000000,113000000,100010,81100040,100000,100000,10,81000040
815,752606000,759606000,100000,100000,0,7000000,634506000,634506000,7000000,7000000,111000000,111000000,118000000,118000000,118100000,125100000,100000,100000,0,7000000,0,0,7000000,7000000,111000000,111000000,118000000,118000000,100010,73100040,100000,100000,10,73000040
845,680606000,680606000,100000,100000,8000000,8000000,634506000,634506000,8000000,8000000,30000000,30000000,38000000,38000000,46100000,46100000,100000,100000,8000000,8000000,0,0,8000000,8000000,30000000,30000000,38000000,38000000,100010,10100030,100000,100000,10,10000030
875,848606000,849606000,100000,100000,7000000,8000000,634506000,634506000,8000000,8000000,199000000,199000000,207000000,207000000,214100000,215100000,100000,100000,7000000,8000000,0,0,8000000,8000000,199000000,199000000,207000000,207000000,100010,85100030,100000,100000,10,85000030
905,875606000,876606000,100000,100000,7000000,8000000,634506000,634506000,8000000,8000000,226000000,226000000,234000000,234000000,241100000,242100000,100000,100000,7000000,8000000,0,0,8000000,8000000,226000000,226000000,234000000,234000000,100010,7100010,100000,100000,10,7000010
935,765606000,768606000,100000,100000,6000000,9000000,634506000,634506000,6000000,6000000,119000000,119000000,125000000,125000000,131100000,134100000,100000,100000,6000000,9000000,0,0,6000000,6000000,119000000,119000000,125000000,125000000,100010,8100020,100000,100000,10,8000020
965,1025606000,1026606000,100000,100000,47000000,48000000,634506000,634506000,48000000,48000000,296000000,296000000,344000000,344000000,391100000,392100000,100000,100000,47000000,48000000,0,0,48000000,48000000,296000000,296000000,344000000,344000000,100010,4100010,100000,100000,10,4000010
995,652606000,3191630000,100000,100000,8000000,9000000,634506000,3172530000,9000000,9000000,1000000,1000000,10000000,10000000,18100000,19100000,100000,100000,8000000,9000000,0,0,9000000,9000000,1000000,1000000,10000000,10000000,100010,100000,100000,100000,10,0
1025,672606000,1308112000,100000,100000,38000000,39000000,634506000,1269012000,0,0,0,0,0,0,38100000,39100000,100000,100000,38000000,39000000,0,0,0,0,0,0,0,0,100010,100000,100000,100000,10,0
1055,754606000,2026618000,100000,100000,17000000,20000000,634506000,1903518000,20000000,20000000,83000000,83000000,103000000,103000000,120100000,123100000,100000,100000,17000000,20000000,0,0,20000000,20000000,83000000,83000000,103000000,103000000,100010,100000,100000,100000,10,0
1085,654606000,655606000,100000,100000,20000000,21000000,634506000,634506000,0,0,0,0,0,0,20100000,21100000,100000,100000,20000000,21000000,0,0,0,0,0,0,0,0,100010,100000,100000,100000,10,0
1115,641606000,1911618000,100000,100000,7000000,8000000,634506000,1903518000,0,0,0,0,0,0,7100000,8100000,100000,100000,7000000,8000000,0,0,0,0,0,0,0,0,100010,100000,100000,100000,10,0
1145,663606000,3837136000,100000,100000,0,1000000,634506000,3807036000,1000000,1000000,28000000,28000000,29000000,29000000,29100000,30100000,100000,100000,0,1000000,0,0,1000000,1000000,28000000,28000000,29000000,29000000,100010,100000,100000,100000,10,0
1175,643606000,651606000,100000,100000,9000000,17000000,634506000,634506000,0,0,0,0,0,0,9100000,17100000,100000,100000,9000000,17000000,0,0,0,0,0,0,0,0,100010,100000,100000,100000,10,0
1205,643606000,1913618000,100000,100000,9000000,10000000,634506000,1903518000,0,0,0,0,0,0,9100000,10100000,100000,100000,9000000,10000000,0,0,0,0,0,0,0,0,100010,100000,100000,100000,10,0
1235,644606000,655606000,100000,100000,10000000,21000000,634506000,634506000,0,0,0,0,0,0,10100000,21100000,100000,100000,10000000,21000000,0,0,0,0,0,0,0,0,100010,100000,100000,100000,10,0
1265,711606000,2617124000,100000,100000,17000000,19000000,634506000,2538024000,19000000,19000000,41000000,41000000,60000000,60000000,77100000,79100000,100000,100000,17000000,19000000,0,0,19000000,19000000,41000000,41000000,60000000,60000000,100010,100000,100000,100000,10,0
6,860606000,861606000,100000,100000,17000000,18000000,634506000,634506000,18000000,18000000,191000000,191000000,209000000,209000000,226100000,227100000,100000,100000,17000000,18000000,0,0,18000000,18000000,191000000,191000000,209000000,209000000,100010,47100020,100000,100000,10,47000020
36,711606000,712606000,100000,100000,18000000,19000000,634506000,634506000,19000000,19000000,40000000,40000000,59000000,59000000,77100000,78100000,100000,100000,18000000,19000000,0,0,19000000,19000000,40000000,40000000,59000000,59000000,100010,22100020,100000,100000,10,22000020
66,750606000,753606000,100000,100000,7000000,10000000,634506000,634506000,7000000,7000000,102000000,102000000,109000000,109000000,116100000,119100000,100000,100000,7000000,10000000,0,0,7000000,7000000,102000000,102000000,109000000,109000000,100010,8100020,100000,100000,10,8000020
96,921606000,922606000,100000,100000,19000000,20000000,634506000,634506000,20000000,20000000,248000000,248000000,268000000,268000000,287100000,288100000,100000,100000,19000000,20000000,0,0,20000000,20000000,248000000,248000000,268000000,268000000,100010,22100010,100000,100000,10,22000010
126,797606000,797606000,100000,100000,1000000,1000000,634506000,634506000,1000000,1000000,161000000,161000000,162000000,162000000,163100000,163100000,100000,100000,1000000,1000000,0,0,1000000,1000000,161000000,161000000,162000000,162000000,100010,12100030,100000,100000,10,12000030
156,818606000,819606000,100000,100000,7000000,8000000,634506000,634506000,8000000,8000000,169000000,169000000,177000000,177000000,184100000,185100000,100000,100000,7000000,8000000,0,0,8000000,8000000,169000000,169000000,177000000,177000000,100010,8100010,100000,100000,10,8000010
186,834606000,834606000,100000,100000,20000000,20000000,634506000,634506000,20000000,20000000,160000000,160000000,180000000,180000000,200100000,200100000,100000,100000,20000000,20000000,0,0,20000000,20000000,160000000,160000000,180000000,180000000,100010,27100040,100000,100000,10,27000040
216,717606000,717606000,100000,100000,20000000,20000000,634506000,634506000,20000000,20000000,43000000,43000000,63000000,63000000,83100000,83100000,100000,100000,20000000,20000000,0,0,20000000,20000000,43000000,43000000,63000000,63000000,100010,1100010,100000,100000,10,1000010
246,750606000,751606000,100000,100000,8000000,9000000,634506000,634506000,9000000,9000000,99000000,99000000,108000000,108000000,116100000,117100000,100000,100000,8000000,9000000,0,0,9000000,9000000,99000000,99000000,108000000,108000000,100010,16100040,100000,100000,10,16000040
276,823606000,823606000,100000,100000,9000000,9000000,634506000,634506000,9000000,9000000,171000000,171000000,180000000,180000000,189100000,189100000,100000,100000,9000000,9000000,0,0,9000000,9000000,171000000,171000000,180000000,180000000,100010,16100040,100000,100000,10,16000040
306,824606000,824606000,100000,100000,9000000,9000000,634506000,634506000,9000000,9000000,172000000,172000000,181000000,181000000,190100000,190100000,100000,100000,9000000,9000000,0,0,9000000,9000000,172000000,172000000,181000000,181000000,100010,16100040,100000,100000,10,16000040
336,866606000,867606000,100000,100000,8000000,9000000,634506000,634506000,9000000,9000000,215000000,215000000,224000000,224000000,232100000,233100000,100000,100000,8000000,9000000,0,0,9000000,9000000,215000000,215000000,224000000,224000000,100010,17100030,100000,100000,10,17000030
366,653606000,654606000,100000,100000,8000000,9000000,634506000,634506000,8000000,8000000,3000000,3000000,11000000,11000000,19100000,20100000,100000,100000,8000000,9000000,0,0,8000000,8000000,3000000,3000000,11000000,11000000,100010,1100010,100000,100000,10,1000010
396,782606000,782606000,100000,100000,9000000,9000000,634506000,634506000,9000000,9000000,130000000,130000000,139000000,139000000,148100000,148100000,100000,100000,9000000,9000000,0,0,9000000,9000000,130000000,130000000,139000000,139000000,100010,16100030,100000,100000,10,16000030
426,962606000,963606000,100000,100000,11000000,12000000,634506000,634506000,12000000,12000000,305000000,305000000,317000000,317000000,328100000,329100000,100000,100000,11000000,12000000,0,0,12000000,12000000,305000000,305000000,317000000,317000000,100010,35100050,100000,100000,10,35000050
456,759606000,759606000,100000,100000,11000000,11000000,634506000,634506000,11000000,11000000,103000000,103000000,114000000,114000000,125100000,125100000,100000,100000,11000000,11000000,0,0,11000000,11000000,103000000,103000000,114000000,114000000,100010,86100040,100000,100000,10,86000040
486,779606000,781606000,100000,100000,1000000,3000000,634506000,634506000,3000000,3000000,141000000,141000000,144000000,144000000,145100000,147100000,100000,100000,1000000,3000000,0,0,3000000,3000000,141000000,141000000,144000000,144000000,100010,80100040,100000,100000,10,80000040
516,815606000,816606000,100000,100000,38000000,39000000,634506000,634506000,39000000,39000000,104000000,104000000,143000000,143000000,181100000,182100000,100000,100000,38000000,39000000,0,0,39000000,39000000,104000000,104000000,143000000,143000000,100010,22100010,100000,100000,10,22000010
546,641606000,645606000,100000,100000,7000000,11000000,634506000,634506000,0,0,0,0,0,0,7100000,11100000,100000,100000,7000000,11000000,0,0,0,0,0,0,0,0,100010,100000,100000,100000,10,0
576,764606000,765606000,100000,100000,9000000,10000000,634506000,634506000,9000000,9000000,112000000,112000000,121000000,121000000,130100000,131100000,100000,100000,9000000,10000000,0,0,9000000,9000000,112000000,112000000,121000000,121000000,100010,19100030,100000,100000,10,19000030
606,714606000,722606000,100000,100000,1000000,9000000,634506000,634506000,9000000,9000000,70000000,70000000,79000000,79000000,80100000,88100000,100000,100000,1000000,9000000,0,0,9000000,9000000,70000000,70000000,79000000,79000000,100010,11100030,100000,100000,10,11000030
636,748606000,749606000,100000,100000,9000000,10000000,634506000,634506000,9000000,9000000,96000000,96000000,105000000,105000000,114100000,115100000,100000,100000,9000000,10000000,0,0,9000000,9000000,96000000,96000000,105000000,105000000,100010,93100030,100000,100000,10,93000030
666,730606000,734606000,100000,100000,6000000,10000000,634506000,634506000,6000000,6000000,84000000,84000000,90000000,90000000,96100000,100100000,100000,100000,6000000,10000000,0,0,6000000,6000000,84000000,84000000,90000000,90000000,100010,5100030,100000,100000,10,5000030
696,838606000,839606000,100000,100000,17000000,18000000,634506000,634506000,18000000,18000000,169000000,169000000,187000000,187000000,204100000,205100000,100000,100000,17000000,18000000,0,0,18000000,18000000,169000000,169000000,187000000,187000000,100010,21100010,100000,100000,10,21000010
726,771606000,773606000,100000,100000,18000000,20000000,634506000,634506000,18000000,18000000,101000000,101000000,119000000,119000000,137100000,139100000,100000,100000,18000000,20000000,0,0,18000000,18000000,101000000,101000000,119000000,119000000,100010,63100020,100000,100000,10,63000020
756,803606000,804606000,100000,100000,0,1000000,634506000,634506000,1000000,1000000,168000000,168000000,169000000,169000000,169100000,170100000,100000,100000,0,1000000,0,0,1000000,1000000,168000000,168000000,169000000,169000000,100010,81100030,100000,100000,10,81000030
786,748606000,748606000,100000,100000,1000000,1000000,634506000,634506000,1000000,1000000,112000000,112000000,113000000,113000000,114100000,114100000,100000,100000,1000000,1000000,0,0,1000000,1000000,112000000,112000000,113000000,113000000,100010,81100040,100000,100000,10,81000040
816,856606000,871606000,100000,100000,0,15000000,634506000,634506000,15000000,15000000,207000000,207000000,222000000,222000000,222100000,237100000,100000,100000,0,15000000,0,0,15000000,15000000,207000000,207000000,222000000,222000000,100010,66100020,100000,100000,10,66000020
846,680606000,680606000,100000,100000,8000000,8000000,634506000,634506000,8000000,8000000,30000000,30000000,38000000,38000000,46100000,46100000,100000,100000,8000000,8000000,0,0,8000000,8000000,30000000,30000000,38000000,38000000,100010,10100030,100000,100000,10,10000030
876,870606000,871606000,100000,100000,7000000,8000000,634506000,634506000,8000000,8000000,221000000,221000000,229000000,229000000,236100000,237100000,100000,100000,7000000,8000000,0,0,8000000,8000000,221000000,221000000,229000000,229000000,100010,85100030,100000,100000,10,85000030
906,884606000,885606000,100000,100000,7000000,8000000,634506000,634506000,8000000,8000000,235000000,235000000,243000000,243000000,250100000,251100000,100000,100000,7000000,8000000,0,0,8000000,8000000,235000000,235000000,243000000,243000000,100010,7100010,100000,100000,10,7000010
936,698606000,698606000,100000,100000,6000000,6000000,634506000,634506000,6000000,6000000,52000000,52000000,58000000,58000000,64100000,64100000,100000,100000,6000000,6000000,0,0,6000000,6000000,52000000,52000000,58000000,58000000,100010,5100010,100000,100000,10,5000010
966,971606000,1000606000,100000,100000,8000000,37000000,634506000,634506000,37000000,37000000,292000000,292000000,329000000,329000000,337100000,366100000,100000,100000,8000000,37000000,0,0,37000000,37000000,292000000,292000000,329000000,329000000,100010,12100040,100000,100000,10,12000040
996,917606000,22509810000,100000,100000,0,19000000,634506000,22207710000,9000000,9000000,274000000,274000000,283000000,283000000,283100000,302100000,100000,100000,0,19000000,0,0,9000000,9000000,274000000,274000000,283000000,283000000,100010,78100040,100000,100000,10,78000040
1026,1001606000,5465148000,100000,100000,17000000,39000000,634506000,5076048000,39000000,39000000,311000000,311000000,350000000,350000000,367100000,389100000,100000,100000,17000000,39000000,0,0,39000000,39000000,311000000,311000000,350000000,350000000,100010,62100010,100000,100000,10,62000010
1056,723606000,1360112000,100000,100000,18000000,20000000,634506000,1269012000,19000000,19000000,52000000,52000000,71000000,71000000,89100000,91100000,100000,100000,18000000,20000000,0,0,19000000,19000000,52000000,52000000,71000000,71000000,100010,100000,100000,100000,10,0
1086,738606000,4548642000,100000,100000,8000000,11000000,634506000,4441542000,11000000,11000000,85000000,85000000,96000000,96000000,104100000,107100000,100000,100000,8000000,11000000,0,0,11000000,11000000,85000000,85000000,96000000,96000000,100010,56100030,100000,100000,10,56000030
1116,641606000,1911618000,100000,100000,7000000,8000000,634506000,1903518000,0,0,0,0,0,0,7100000,8100000,100000,100000,7000000,8000000,0,0,0,0,0,0,0,0,100010,100000,100000,100000,10,0
1146,663606000,3202630000,100000,100000,0,1000000,634506000,3172530000,1000000,1000000,28000000,28000000,29000000,29000000,29100000,30100000,100000,100000,0,1000000,0,0,1000000,1000000,28000000,28000000,29000000,29000000,100010,100000,100000,100000,10,0
1176,772606000,5222148000,100000,100000,1000000,9000000,634506000,5076048000,8000000,8000000,129000000,129000000,137000000,137000000,138100000,146100000,100000,100000,1000000,9000000,0,0,8000000,8000000,129000000,129000000,137000000,137000000,100010,33100020,100000,100000,10,33000020
1206,643606000,1913618000,100000,100000,9000000,10000000,634506000,1903518000,0,0,0,0,0,0,9100000,10100000,100000,100000,9000000,10000000,0,0,0,0,0,0,0,0,100010,100000,100000,100000,10,0
1236,646606000,1923618000,100000,100000,1000000,9000000,634506000,1903518000,9000000,9000000,2000000,2000000,11000000,11000000,12100000,20100000,100000,100000,1000000,9000000,0,0,9000000,9000000,2000000,2000000,11000000,11000000,100010,100000,100000,100000,10,0
1266,1020606000,1660112000,100000,100000,43000000,48000000,634506000,1269012000,48000000,48000000,295000000,295000000,343000000,343000000,386100000,391100000,100000,100000,43000000,48000000,0,0,48000000,48000000,295000000,295000000,343000000,343000000,100010,100000,100000,100000,10,0
7,945606000,946606000,100000,100000,17000000,18000000,634506000,634506000,18000000,18000000,276000000,276000000,294000000,294000000,311100000,312100000,100000,100000,17000000,18000000,0,0,18000000,18000000,276000000,276000000,294000000,294000000,100010,75100030,100000,100000,10,75000030
37,763606000,763606000,100000,100000,18000000,18000000,634506000,634506000,18000000,18000000,93000000,93000000,111000000,111000000,129100000,129100000,100000,100000,18000000,18000000,0,0,18000000,18000000,93000000,93000000,111000000,111000000,100010,74100030,100000,100000,10,74000030
67,865606000,866606000,100000,100000,10000000,11000000,634506000,634506000,11000000,11000000,210000000,210000000,221000000,221000000,231100000,232100000,100000,100000,10000000,11000000,0,0,11000000,11000000,210000000,210000000,221000000,221000000,100010,24100030,100000,100000,10,24000030
97,921606000,922606000,100000,100000,19000000,20000000,634506000,634506000,20000000,20000000,248000000,248000000,268000000,268000000,287100000,288100000,100000,100000,19000000,20000000,0,0,20000000,20000000,248000000,248000000,268000000,268000000,100010,22100010,100000,100000,10,22000010
127,719606000,723606000,100000,100000,1000000,5000000,634506000,634506000,5000000,5000000,79000000,79000000,84000000,84000000,85100000,89100000,100000,100000,1000000,5000000,0,0,5000000,5000000,79000000,79000000,84000000,84000000,100010,9100030,100000,100000,10,9000030
157,795606000,796606000,100000,100000,7000000,8000000,634506000,634506000,8000000,8000000,146000000,146000000,154000000,154000000,161100000,162100000,100000,100000,7000000,8000000,0,0,8000000,8000000,146000000,146000000,154000000,154000000,100010,85100030,100000,100000,10,85000030
187,793606000,793606000,100000,100000,20000000,20000000,634506000,634506000,20000000,20000000,119000000,119000000,139000000,139000000,159100000,159100000,100000,100000,20000000,20000000,0,0,20000000,20000000,119000000,119000000,139000000,139000000,100010,27100040,100000,100000,10,27000040
217,717606000,717606000,100000,100000,20000000,20000000,634506000,634506000,20000000,20000000,43000000,43000000,63000000,63000000,83100000,83100000,100000,100000,20000000,20000000,0,0,20000000,20000000,43000000,43000000,63000000,63000000,100010,1100010,100000,100000,10,1000010
247,779606000,780606000,100000,100000,7000000,8000000,634506000,634506000,7000000,7000000,131000000,131000000,138000000,138000000,145100000,146100000,100000,100000,7000000,8000000,0,0,7000000,7000000,131000000,131000000,138000000,138000000,100010,57100040,100000,100000,10,57000040
277,824606000,824606000,100000,100000,9000000,9000000,634506000,634506000,9000000,9000000,172000000,172000000,181000000,181000000,190100000,190100000,100000,100000,9000000,9000000,0,0,9000000,9000000,172000000,172000000,181000000,181000000,100010,16100040,100000,100000,10,16000040
307,799606000,799606000,100000,100000,9000000,9000000,634506000,634506000,9000000,9000000,147000000,147000000,156000000,156000000,165100000,165100000,100000,100000,9000000,9000000,0,0,9000000,9000000,147000000,147000000,156000000,156000000,100010,16100040,100000,100000,10,16000040
337,792606000,794606000,100000,100000,6000000,8000000,634506000,634506000,6000000,6000000,146000000,146000000,152000000,152000000,158100000,160100000,100000,100000,6000000,8000000,0,0,6000000,6000000,146000000,146000000,152000000,152000000,100010,77100030,100000,100000,10,77000030
367,653606000,654606000,100000,100000,8000000,9000000,634506000,634506000,8000000,8000000,3000000,3000000,11000000,11000000,19100000,20100000,100000,100000,8000000,9000000,0,0,8000000,8000000,3000000,3000000,11000000,11000000,100010,1100010,100000,100000,10,1000010
397,782606000,782606000,100000,100000,9000000,9000000,634506000,634506000,9000000,9000000,130000000,130000000,139000000,139000000,148100000,148100000,100000,100000,9000000,9000000,0,0,9000000,9000000,130000000,130000000,139000000,139000000,100010,16100030,100000,100000,10,16000030
427,762606000,762606000,100000,100000,11000000,11000000,634506000,634506000,11000000,11000000,106000000,106000000,117000000,117000000,128100000,128100000,100000,100000,11000000,11000000,0,0,11000000,11000000,106000000,106000000,117000000,117000000,100010,23100020,100000,100000,10,23000020
457,741606000,742606000,100000,100000,11000000,12000000,634506000,634506000,12000000,12000000,84000000,84000000,96000000,96000000,107100000,108100000,100000,100000,11000000,12000000,0,0,12000000,12000000,84000000,84000000,96000000,96000000,100010,33100020,100000,100000,10,33000020
487,912606000,912606000,100000,100000,4000000,4000000,634506000,634506000,4000000,4000000,270000000,270000000,274000000,274000000,278100000,278100000,100000,100000,4000000,4000000,0,0,4000000,4000000,270000000,270000000,274000000,274000000,100010,15100040,100000,100000,10,15000040
517,899606000,920606000,100000,100000,18000000,39000000,634506000,634506000,39000000,39000000,208000000,208000000,247000000,247000000,265100000,286100000,100000,100000,18000000,39000000,0,0,39000000,39000000,208000000,208000000,247000000,247000000,100010,25100040,100000,100000,10,25000040
547,846606000,847606000,100000,100000,7000000,8000000,634506000,634506000,8000000,8000000,197000000,197000000,205000000,205000000,212100000,213100000,100000,100000,7000000,8000000,0,0,8000000,8000000,197000000,197000000,205000000,205000000,100010,22100030,100000,100000,10,22000030
577,877606000,877606000,100000,100000,10000000,10000000,634506000,634506000,10000000,10000000,223000000,223000000,233000000,233000000,243100000,243100000,100000,100000,10000000,10000000,0,0,10000000,10000000,223000000,223000000,233000000,233000000,100010,49100020,100000,100000,10,49000020
607,766606000,775606000,100000,100000,0,9000000,634506000,634506000,9000000,9000000,123000000,123000000,132000000,132000000,132100000,141100000,100000,100000,0,9000000,0,0,9000000,9000000,123000000,123000000,132000000,132000000,100010,12100040,100000,100000,10,12000040
637,769606000,771606000,100000,100000,7000000,9000000,634506000,634506000,7000000,7000000,121000000,121000000,128000000,128000000,135100000,137100000,100000,100000,7000000,9000000,0,0,7000000,7000000,121000000,121000000,128000000,128000000,100010,83100020,100000,100000,10,83000020
667,766606000,766606000,100000,100000,6000000,6000000,634506000,634506000,6000000,6000000,120000000,120000000,126000000,126000000,132100000,132100000,100000,100000,6000000,6000000,0,0,6000000,6000000,120000000,120000000,126000000,126000000,100010,20100030,100000,100000,10,20000030
697,838606000,839606000,100000,100000,17000000,18000000,634506000,634506000,18000000,18000000,169000000,169000000,187000000,187000000,204100000,205100000,100000,100000,17000000,18000000,0,0,18000000,18000000,169000000,169000000,187000000,187000000,100010,21100010,100000,100000,10,21000010
727,827606000,827606000,100000,100000,6000000,6000000,634506000,634506000,6000000,6000000,181000000,181000000,187000000,187000000,193100000,193100000,100000,100000,6000000,6000000,0,0,6000000,6000000,181000000,181000000,187000000,187000000,100010,82100030,100000,100000,10,82000030
757,708606000,717606000,100000,100000,1000000,1000000,634506000,634506000,1000000,81000000,72000000,1000000,73000000,82000000,74100000,83100000,100000,100000,1000000,1000000,0,0,1000000,81000000,72000000,1000000,73000000,82000000,100010,81100040,100000,100000,10,81000040
787,748606000,748606000,100000,100000,1000000,1000000,634506000,634506000,1000000,1000000,112000000,112000000,113000000,113000000,114100000,114100000,100000,100000,1000000,1000000,0,0,1000000,1000000,112000000,112000000,113000000,113000000,100010,81100040,100000,100000,10,81000040
817,849606000,850606000,100000,100000,0,1000000,634506000,634506000,1000000,1000000,214000000,214000000,215000000,215000000,215100000,216100000,100000,100000,0,1000000,0,0,1000000,1000000,214000000,214000000,215000000,215000000,100010,81100030,100000,100000,10,81000030
847,680606000,680606000,100000,100000,8000000,8000000,634506000,634506000,8000000,8000000,30000000,30000000,38000000,38000000,46100000,46100000,100000,100000,8000000,8000000,0,0,8000000,8000000,30000000,30000000,38000000,38000000,100010,10100030,100000,100000,10,10000030
877,816606000,817606000,100000,100000,12000000,13000000,634506000,634506000,12000000,12000000,158000000,158000000,170000000,170000000,182100000,183100000,100000,100000,12000000,13000000,0,0,12000000,12000000,158000000,158000000,170000000,170000000,100010,26100040,100000,100000,10,26000040
907,882606000,883606000,100000,100000,7000000,8000000,634506000,634506000,8000000,8000000,233000000,233000000,241000000,241000000,248100000,249100000,100000,100000,7000000,8000000,0,0,8000000,8000000,233000000,233000000,241000000,241000000,100010,7100010,100000,100000,10,7000010
937,680606000,682606000,100000,100000,9000000,11000000,634506000,634506000,9000000,9000000,28000000,28000000,37000000,37000000,46100000,48100000,100000,100000,9000000,11000000,0,0,9000000,9000000,28000000,28000000,37000000,37000000,100010,8100010,100000,100000,10,8000010
967,749606000,749606000,100000,100000,8000000,8000000,634506000,634506000,8000000,8000000,99000000,99000000,107000000,107000000,115100000,115100000,100000,100000,8000000,8000000,0,0,8000000,8000000,99000000,99000000,107000000,107000000,100010,36100030,100000,100000,10,36000030
997,906606000,23763822000,100000,100000,5000000,20000000,634506000,23476722000,20000000,20000000,247000000,247000000,267000000,267000000,272100000,287100000,100000,100000,5000000,20000000,0,0,20000000,20000000,247000000,247000000,267000000,267000000,100010,63100040,100000,100000,10,63000040
1027,975606000,16909256000,100000,100000,9000000,80000000,634506000,16497156000,20000000,20000000,312000000,312000000,332000000,332000000,341100000,412100000,100000,100000,9000000,80000000,0,0,20000000,20000000,312000000,312000000,332000000,332000000,100010,45100030,100000,100000,10,45000030
1057,962606000,12401714000,100000,100000,1000000,19000000,634506000,12055614000,19000000,19000000,308000000,308000000,327000000,327000000,328100000,346100000,100000,100000,1000000,19000000,0,0,19000000,19000000,308000000,308000000,327000000,327000000,100010,100000,100000,100000,10,0
1087,642606000,1912618000,100000,100000,8000000,9000000,634506000,1903518000,0,0,0,0,0,0,8100000,9100000,100000,100000,8000000,9000000,0,0,0,0,0,0,0,0,100010,100000,100000,100000,10,0
1117,641606000,1911618000,100000,100000,7000000,8000000,634506000,1903518000,0,0,0,0,0,0,7100000,8100000,100000,100000,7000000,8000000,0,0,0,0,0,0,0,0,100010,100000,100000,100000,10,0
1147,663606000,3837136000,100000,100000,0,1000000,634506000,3807036000,1000000,1000000,28000000,28000000,29000000,29000000,29100000,30100000,100000,100000,0,1000000,0,0,1000000,1000000,28000000,28000000,29000000,29000000,100010,100000,100000,100000,10,0
1177,652606000,3191630000,100000,100000,8000000,9000000,634506000,3172530000,9000000,9000000,1000000,1000000,10000000,10000000,18100000,19100000,100000,100000,8000000,9000000,0,0,9000000,9000000,1000000,1000000,10000000,10000000,100010,100000,100000,100000,10,0
1207,643606000,1913618000,100000,100000,9000000,10000000,634506000,1903518000,0,0,0,0,0,0,9100000,10100000,100000,100000,9000000,10000000,0,0,0,0,0,0,0,0,100010,100000,100000,100000,10,0
1237,669606000,1939618000,100000,100000,17000000,18000000,634506000,1903518000,17000000,17000000,1000000,1000000,18000000,18000000,35100000,36100000,100000,100000,17000000,18000000,0,0,17000000,17000000,1000000,1000000,18000000,18000000,100010,100000,100000,100000,10,0
1267,969606000,2268618000,100000,100000,7000000,37000000,634506000,1903518000,37000000,37000000,291000000,291000000,328000000,328000000,335100000,365100000,100000,100000,7000000,37000000,0,0,37000000,37000000,291000000,291000000,328000000,328000000,100010,8100020,100000,100000,10,8000020
8,812606000,813606000,100000,100000,17000000,18000000,634506000,634506000,18000000,18000000,143000000,143000000,161000000,161000000,178100000,179100000,100000,100000,17000000,18000000,0,0,18000000,18000000,143000000,143000000,161000000,161000000,100010,25100030,100000,100000,10,25000030
38,736606000,763606000,100000,100000,8000000,18000000,634506000,634506000,18000000,81000000,76000000,30000000,94000000,111000000,102100000,129100000,100000,100000,8000000,18000000,0,0,18000000,81000000,76000000,30000000,94000000,111000000,100010,66100030,100000,100000,10,66000030
68,728606000,731606000,100000,100000,7000000,10000000,634506000,634506000,10000000,10000000,77000000,77000000,87000000,87000000,94100000,97100000,100000,100000,7000000,10000000,0,0,10000000,10000000,77000000,77000000,87000000,87000000,100010,22100020,100000,100000,10,22000020
98,921606000,922606000,100000,100000,19000000,20000000,634506000,634506000,20000000,20000000,248000000,248000000,268000000,268000000,287100000,288100000,100000,100000,19000000,20000000,0,0,20000000,20000000,248000000,248000000,268000000,268000000,100010,22100010,100000,100000,10,22000010
128,790606000,790606000,100000,100000,1000000,1000000,634506000,634506000,1000000,1000000,154000000,154000000,155000000,155000000,156100000,156100000,100000,100000,1000000,1000000,0,0,1000000,1000000,154000000,154000000,155000000,155000000,100010,12100030,100000,100000,10,12000030
158,738606000,738606000,100000,100000,8000000,8000000,634506000,634506000,8000000,8000000,88000000,88000000,96000000,96000000,104100000,104100000,100000,100000,8000000,8000000,0,0,8000000,8000000,88000000,88000000,96000000,96000000,100010,44100030,100000,100000,10,44000030
188,834606000,834606000,100000,100000,20000000,20000000,634506000,634506000,20000000,20000000,160000000,160000000,180000000,180000000,200100000,200100000,100000,100000,20000000,20000000,0,0,20000000,20000000,160000000,160000000,180000000,180000000,100010,27100040,100000,100000,10,27000040
218,787606000,807606000,100000,100000,19000000,39000000,634506000,634506000,39000000,39000000,95000000,95000000,134000000,134000000,153100000,173100000,100000,100000,19000000,39000000,0,0,39000000,39000000,95000000,95000000,134000000,134000000,100010,12100020,100000,100000,10,12000020
248,818606000,819606000,100000,100000,8000000,9000000,634506000,634506000,9000000,9000000,167000000,167000000,176000000,176000000,184100000,185100000,100000,100000,8000000,9000000,0,0,9000000,9000000,167000000,167000000,176000000,176000000,100010,16100040,100000,100000,10,16000040
278,758606000,758606000,100000,100000,9000000,9000000,634506000,634506000,9000000,9000000,106000000,106000000,115000000,115000000,124100000,124100000,100000,100000,9000000,9000000,0,0,9000000,9000000,106000000,106000000,115000000,115000000,100010,16100040,100000,100000,10,16000040
308,824606000,824606000,100000,100000,9000000,9000000,634506000,634506000,9000000,9000000,172000000,172000000,181000000,181000000,190100000,190100000,100000,100000,9000000,9000000,0,0,9000000,9000000,172000000,172000000,181000000,181000000,100010,16100040,100000,100000,10,16000040
338,893606000,904606000,100000,100000,8000000,19000000,634506000,634506000,19000000,19000000,232000000,232000000,251000000,251000000,259100000,270100000,100000,100000,8000000,19000000,0,0,19000000,19000000,232000000,232000000,251000000,251000000,100010,16100030,100000,100000,10,16000030
368,653606000,654606000,100000,100000,8000000,9000000,634506000,634506000,8000000,8000000,3000000,3000000,11000000,11000000,19100000,20100000,100000,100000,8000000,9000000,0,0,8000000,8000000,3000000,3000000,11000000,11000000,100010,1100010,100000,100000,10,1000010
398,782606000,782606000,100000,100000,9000000,9000000,634506000,634506000,9000000,9000000,130000000,130000000,139000000,139000000,148100000,148100000,100000,100000,9000000,9000000,0,0,9000000,9000000,130000000,130000000,139000000,139000000,100010,16100030,100000,100000,10,16000030
428,877606000,878606000,100000,100000,11000000,12000000,634506000,634506000,12000000,12000000,220000000,220000000,232000000,232000000,243100000,244100000,100000,100000,11000000,12000000,0,0,12000000,12000000,220000000,220000000,232000000,232000000,100010,45100040,100000,100000,10,45000040
458,787606000,787606000,100000,100000,11000000,11000000,634506000,634506000,11000000,11000000,131000000,131000000,142000000,142000000,153100000,153100000,100000,100000,11000000,11000000,0,0,11000000,11000000,131000000,131000000,142000000,142000000,100010,33100020,100000,100000,10,33000020
488,722606000,729606000,100000,100000,4000000,11000000,634506000,634506000,11000000,11000000,73000000,73000000,84000000,84000000,88100000,95100000,100000,100000,4000000,11000000,0,0,11000000,11000000,73000000,73000000,84000000,84000000,100010,74100050,100000,100000,10,74000050
518,922606000,922606000,100000,100000,39000000,39000000,634506000,634506000,39000000,39000000,210000000,210000000,249000000,249000000,288100000,288100000,100000,100000,39000000,39000000,0,0,39000000,39000000,210000000,210000000,249000000,249000000,100010,33100020,100000,100000,10,33000020
548,737606000,737606000,100000,100000,7000000,7000000,634506000,634506000,7000000,7000000,89000000,89000000,96000000,96000000,103100000,103100000,100000,100000,7000000,7000000,0,0,7000000,7000000,89000000,89000000,96000000,96000000,100010,8100010,100000,100000,10,8000010
578,962606000,978606000,100000,100000,57000000,73000000,634506000,634506000,73000000,73000000,198000000,198000000,271000000,271000000,328100000,344100000,100000,100000,57000000,73000000,0,0,73000000,73000000,198000000,198000000,271000000,271000000,100010,105100030,100000,100000,10,105000030
608,854606000,855606000,100000,100000,9000000,10000000,634506000,634506000,10000000,10000000,201000000,201000000,211000000,211000000,220100000,221100000,100000,100000,9000000,10000000,0,0,10000000,10000000,201000000,201000000,211000000,211000000,100010,21100040,100000,100000,10,21000040
638,753606000,756606000,100000,100000,6000000,9000000,634506000,634506000,6000000,6000000,107000000,107000000,113000000,113000000,119100000,122100000,100000,100000,6000000,9000000,0,0,6000000,6000000,107000000,107000000,113000000,113000000,100010,15100020,100000,100000,10,15000020
668,766606000,766606000,100000,100000,6000000,6000000,634506000,634506000,6000000,6000000,120000000,120000000,126000000,126000000,132100000,132100000,100000,100000,6000000,6000000,0,0,6000000,6000000,120000000,120000000,126000000,126000000,100010,20100030,100000,100000,10,20000030
698,838606000,839606000,100000,100000,17000000,18000000,634506000,634506000,18000000,18000000,169000000,169000000,187000000,187000000,204100000,205100000,100000,100000,17000000,18000000,0,0,18000000,18000000,169000000,169000000,187000000,187000000,100010,21100010,100000,100000,10,21000010
728,832606000,833606000,100000,100000,5000000,6000000,634506000,634506000,6000000,6000000,187000000,187000000,193000000,193000000,198100000,199100000,100000,100000,5000000,6000000,0,0,6000000,6000000,187000000,187000000,193000000,193000000,100010,82100040,100000,100000,10,82000040
758,709606000,709606000,100000,100000,1000000,1000000,634506000,634506000,1000000,1000000,73000000,73000000,74000000,74000000,75100000,75100000,100000,100000,1000000,1000000,0,0,1000000,1000000,73000000,73000000,74000000,74000000,100010,20100030,100000,100000,10,20000030
788,802606000,810606000,100000,100000,1000000,9000000,634506000,634506000,9000000,9000000,158000000,158000000,167000000,167000000,168100000,176100000,100000,100000,1000000,9000000,0,0,9000000,9000000,158000000,158000000,167000000,167000000,100010,79100030,100000,100000,10,79000030
818,634606000,635606000,100000,100000,0,1000000,634506000,634506000,0,0,0,0,0,0,100000,1100000,100000,100000,0,1000000,0,0,0,0,0,0,0,0,100010,100000,100000,100000,10,0
848,972606000,973606000,100000,100000,12000000,13000000,634506000,634506000,13000000,13000000,313000000,313000000,326000000,326000000,338100000,339100000,100000,100000,12000000,13000000,0,0,13000000,13000000,313000000,313000000,326000000,326000000,100010,9100010,100000,100000,10,9000010
878,777606000,778606000,100000,100000,12000000,13000000,634506000,634506000,13000000,13000000,118000000,118000000,131000000,131000000,143100000,144100000,100000,100000,12000000,13000000,0,0,13000000,13000000,118000000,118000000,131000000,131000000,100010,15100040,100000,100000,10,15000040
908,763606000,764606000,100000,100000,7000000,8000000,634506000,634506000,8000000,8000000,114000000,114000000,122000000,122000000,129100000,130100000,100000,100000,7000000,8000000,0,0,8000000,8000000,114000000,114000000,122000000,122000000,100010,15100030,100000,100000,10,15000030
938,784606000,785606000,100000,100000,9000000,10000000,634506000,634506000,9000000,9000000,132000000,132000000,141000000,141000000,150100000,151100000,100000,100000,9000000,10000000,0,0,9000000,9000000,132000000,132000000,141000000,141000000,100010,84100030,100000,100000,10,84000030
968,673606000,673606000,100000,100000,8000000,8000000,634506000,634506000,8000000,8000000,23000000,23000000,31000000,31000000,39100000,39100000,100000,100000,8000000,8000000,0,0,8000000,8000000,23000000,23000000,31000000,31000000,100010,1100010,100000,100000,10,1000010
998,934606000,28882870000,100000,100000,0,19000000,634506000,28552770000,9000000,20000000,291000000,291000000,300000000,311000000,300100000,330100000,100000,100000,0,19000000,0,0,9000000,20000000,291000000,291000000,300000000,311000000,100010,74100030,100000,100000,10,74000030
1028,672606000,1308112000,100000,100000,38000000,39000000,634506000,1269012000,0,0,0,0,0,0,38100000,39100000,100000,100000,38000000,39000000,0,0,0,0,0,0,0,0,100010,100000,100000,100000,10,0
1058,965606000,13058220000,100000,100000,1000000,38000000,634506000,12690120000,19000000,19000000,311000000,311000000,330000000,330000000,331100000,368100000,100000,100000,1000000,38000000,0,0,19000000,19000000,311000000,311000000,330000000,330000000,100010,10100020,100000,100000,10,10000020
1088,775606000,2046618000,100000,100000,9000000,11000000,634506000,1903518000,9000000,9000000,123000000,123000000,132000000,132000000,141100000,143100000,100000,100000,9000000,11000000,0,0,9000000,9000000,123000000,123000000,132000000,132000000,100010,34100030,100000,100000,10,34000030
1118,966606000,5414148000,100000,100000,7000000,13000000,634506000,5076048000,13000000,13000000,312000000,312000000,325000000,325000000,332100000,338100000,100000,100000,7000000,13000000,0,0,13000000,13000000,312000000,312000000,325000000,325000000,100010,100000,100000,100000,10,0
1148,659606000,1295112000,100000,100000,12000000,13000000,634506000,1269012000,12000000,12000000,1000000,1000000,13000000,13000000,25100000,26100000,100000,100000,12000000,13000000,0,0,12000000,12000000,1000000,1000000,13000000,13000000,100010,100000,100000,100000,10,0
1178,652606000,3191630000,100000,100000,8000000,9000000,634506000,3172530000,9000000,9000000,1000000,1000000,10000000,10000000,18100000,19100000,100000,100000,8000000,9000000,0,0,9000000,9000000,1000000,1000000,10000000,10000000,100010,100000,100000,100000,10,0
1208,643606000,1279112000,100000,100000,9000000,10000000,634506000,1269012000,0,0,0,0,0,0,9100000,10100000,100000,100000,9000000,10000000,0,0,0,0,0,0,0,0,100010,100000,100000,100000,10,0
1238,711606000,2617124000,100000,100000,17000000,19000000,634506000,2538024000,19000000,19000000,41000000,41000000,60000000,60000000,77100000,79100000,100000,100000,17000000,19000000,0,0,19000000,19000000,41000000,41000000,60000000,60000000,100010,100000,100000,100000,10,0
1268,965606000,1630112000,100000,100000,8000000,38000000,634506000,1269012000,38000000,38000000,285000000,285000000,323000000,323000000,331100000,361100000,100000,100000,8000000,38000000,0,0,38000000,38000000,285000000,285000000,323000000,323000000,100010,11100030,100000,100000,10,11000030
9,946606000,947606000,100000,100000,17000000,18000000,634506000,634506000,18000000,18000000,277000000,277000000,295000000,295000000,312100000,313100000,100000,100000,17000000,18000000,0,0,18000000,18000000,277000000,277000000,295000000,295000000,100010,47100020,100000,100000,10,47000020
39,872606000,873606000,100000,100000,18000000,19000000,634506000,634506000,19000000,19000000,201000000,201000000,220000000,220000000,238100000,239100000,100000,100000,18000000,19000000,0,0,19000000,19000000,201000000,201000000,220000000,220000000,100010,72100020,100000,100000,10,72000020
69,887606000,889606000,100000,100000,10000000,12000000,634506000,634506000,12000000,12000000,231000000,231000000,243000000,243000000,253100000,255100000,100000,100000,10000000,12000000,0,0,12000000,12000000,231000000,231000000,243000000,243000000,100010,68100040,100000,100000,10,68000040
99,921606000,922606000,100000,100000,19000000,20000000,634506000,634506000,20000000,20000000,248000000,248000000,268000000,268000000,287100000,288100000,100000,100000,19000000,20000000,0,0,20000000,20000000,248000000,248000000,268000000,268000000,100010,22100010,100000,100000,10,22000010
129,797606000,797606000,100000,100000,1000000,1000000,634506000,634506000,1000000,1000000,161000000,161000000,162000000,162000000,163100000,163100000,100000,100000,1000000,1000000,0,0,1000000,1000000,161000000,161000000,162000000,162000000,100010,12100030,100000,100000,10,12000030
159,1158606000,1161606000,100000,100000,43000000,46000000,634506000,634506000,46000000,46000000,435000000,435000000,481000000,481000000,524100000,527100000,100000,100000,43000000,46000000,0,0,46000000,46000000,435000000,435000000,481000000,481000000,100010,121100060,100000,100000,10,121000060
189,749606000,750606000,100000,100000,19000000,20000000,634506000,634506000,20000000,20000000,76000000,76000000,96000000,96000000,115100000,116100000,100000,100000,19000000,20000000,0,0,20000000,20000000,76000000,76000000,96000000,96000000,100010,22100010,100000,100000,10,22000010
219,894606000,895606000,100000,100000,19000000,20000000,634506000,634506000,20000000,20000000,221000000,221000000,241000000,241000000,260100000,261100000,100000,100000,19000000,20000000,0,0,20000000,20000000,221000000,221000000,241000000,241000000,100010,23100020,100000,100000,10,23000020
249,818606000,819606000,100000,100000,8000000,9000000,634506000,634506000,9000000,9000000,167000000,167000000,176000000,176000000,184100000,185100000,100000,100000,8000000,9000000,0,0,9000000,9000000,167000000,167000000,176000000,176000000,100010,16100040,100000,100000,10,16000040
279,824606000,824606000,100000,100000,9000000,9000000,634506000,634506000,9000000,9000000,172000000,172000000,181000000,181000000,190100000,190100000,100000,100000,9000000,9000000,0,0,9000000,9000000,172000000,172000000,181000000,181000000,100010,16100040,100000,100000,10,16000040
309,891606000,892606000,100000,100000,8000000,9000000,634506000,634506000,9000000,9000000,240000000,240000000,249000000,249000000,257100000,258100000,100000,100000,8000000,9000000,0,0,9000000,9000000,240000000,240000000,249000000,249000000,100010,33100020,100000,100000,10,33000020
339,891606000,892606000,100000,100000,8000000,9000000,634506000,634506000,9000000,9000000,240000000,240000000,249000000,249000000,257100000,258100000,100000,100000,8000000,9000000,0,0,9000000,9000000,240000000,240000000,249000000,249000000,100010,33100020,100000,100000,10,33000020
369,653606000,654606000,100000,100000,8000000,9000000,634506000,634506000,8000000,8000000,3000000,3000000,11000000,11000000,19100000,20100000,100000,100000,8000000,9000000,0,0,8000000,8000000,3000000,3000000,11000000,11000000,100010,1100010,100000,100000,10,1000010
399,967606000,968606000,100000,100000,12000000,13000000,634506000,634506000,13000000,13000000,308000000,308000000,321000000,321000000,333100000,334100000,100000,100000,12000000,13000000,0,0,13000000,13000000,308000000,308000000,321000000,321000000,100010,2100010,100000,100000,10,2000010
429,817606000,817606000,100000,100000,11000000,11000000,634506000,634506000,11000000,11000000,161000000,161000000,172000000,172000000,183100000,183100000,100000,100000,11000000,11000000,0,0,11000000,11000000,161000000,161000000,172000000,172000000,100010,26100040,100000,100000,10,26000040
459,949606000,951606000,100000,100000,11000000,13000000,634506000,634506000,13000000,13000000,291000000,291000000,304000000,304000000,315100000,317100000,100000,100000,11000000,13000000,0,0,13000000,13000000,291000000,291000000,304000000,304000000,100010,69100050,100000,100000,10,69000050
489,750606000,756606000,100000,100000,4000000,10000000,634506000,634506000,4000000,4000000,108000000,108000000,112000000,112000000,116100000,122100000,100000,100000,4000000,10000000,0,0,4000000,4000000,108000000,108000000,112000000,112000000,100010,74100050,100000,100000,10,74000050
519,1023606000,1024606000,100000,100000,38000000,39000000,634506000,634506000,39000000,39000000,312000000,312000000,351000000,351000000,389100000,390100000,100000,100000,38000000,39000000,0,0,39000000,39000000,312000000,312000000,351000000,351000000,100010,83100020,100000,100000,10,83000020
549,733606000,739606000,100000,100000,1000000,7000000,634506000,634506000,7000000,7000000,91000000,91000000,98000000,98000000,99100000,105100000,100000,100000,1000000,7000000,0,0,7000000,7000000,91000000,91000000,98000000,98000000,100010,18100020,100000,100000,10,18000020
579,981606000,982606000,100000,100000,57000000,58000000,634506000,634506000,58000000,58000000,232000000,232000000,290000000,290000000,347100000,348100000,100000,100000,57000000,58000000,0,0,58000000,58000000,232000000,232000000,290000000,290000000,100010,105100030,100000,100000,10,105000030
609,855606000,856606000,100000,100000,9000000,10000000,634506000,634506000,10000000,10000000,202000000,202000000,212000000,212000000,221100000,222100000,100000,100000,9000000,10000000,0,0,10000000,10000000,202000000,202000000,212000000,212000000,100010,21100040,100000,100000,10,21000040
639,806606000,807606000,100000,100000,9000000,10000000,634506000,634506000,10000000,10000000,153000000,153000000,163000000,163000000,172100000,173100000,100000,100000,9000000,10000000,0,0,10000000,10000000,153000000,153000000,163000000,163000000,100010,83100020,100000,100000,10,83000020
669,766606000,766606000,100000,100000,6000000,6000000,634506000,634506000,6000000,6000000,120000000,120000000,126000000,126000000,132100000,132100000,100000,100000,6000000,6000000,0,0,6000000,6000000,120000000,120000000,126000000,126000000,100010,10100010,100000,100000,10,10000010
699,838606000,839606000,100000,100000,17000000,18000000,634506000,634506000,18000000,18000000,169000000,169000000,187000000,187000000,204100000,205100000,100000,100000,17000000,18000000,0,0,18000000,18000000,169000000,169000000,187000000,187000000,100010,21100010,100000,100000,10,21000010
729,737606000,738606000,100000,100000,5000000,6000000,634506000,634506000,6000000,6000000,92000000,92000000,98000000,98000000,103100000,104100000,100000,100000,5000000,6000000,0,0,6000000,6000000,92000000,92000000,98000000,98000000,100010,14100030,100000,100000,10,14000030
759,709606000,709606000,100000,100000,1000000,1000000,634506000,634506000,1000000,1000000,73000000,73000000,74000000,74000000,75100000,75100000,100000,100000,1000000,1000000,0,0,1000000,1000000,73000000,73000000,74000000,74000000,100010,20100030,100000,100000,10,20000030
789,745606000,745606000,100000,100000,1000000,1000000,634506000,634506000,1000000,1000000,109000000,109000000,110000000,110000000,111100000,111100000,100000,100000,1000000,1000000,0,0,1000000,1000000,109000000,109000000,110000000,110000000,100010,81100040,100000,100000,10,81000040
819,805606000,812606000,100000,100000,0,7000000,634506000,634506000,7000000,7000000,164000000,164000000,171000000,171000000,171100000,178100000,100000,100000,0,7000000,0,0,7000000,7000000,164000000,164000000,171000000,171000000,100010,74100040,100000,100000,10,74000040
849,817606000,817606000,100000,100000,12000000,12000000,634506000,634506000,12000000,12000000,159000000,159000000,171000000,171000000,183100000,183100000,100000,100000,12000000,12000000,0,0,12000000,12000000,159000000,159000000,171000000,171000000,100010,9100010,100000,100000,10,9000010
879,776606000,777606000,100000,100000,12000000,13000000,634506000,634506000,13000000,13000000,117000000,117000000,130000000,130000000,142100000,143100000,100000,100000,12000000,13000000,0,0,13000000,13000000,117000000,117000000,130000000,130000000,100010,5100010,100000,100000,10,5000010
909,879606000,880606000,100000,100000,7000000,8000000,634506000,634506000,8000000,8000000,230000000,230000000,238000000,238000000,245100000,246100000,100000,100000,7000000,8000000,0,0,8000000,8000000,230000000,230000000,238000000,238000000,100010,85100030,100000,100000,10,85000030
939,967606000,969606000,100000,100000,9000000,11000000,634506000,634506000,11000000,11000000,313000000,313000000,324000000,324000000,333100000,335100000,100000,100000,9000000,11000000,0,0,11000000,11000000,313000000,313000000,324000000,324000000,100010,28100040,100000,100000,10,28000040
969,765606000,765606000,100000,100000,8000000,8000000,634506000,634506000,8000000,8000000,115000000,115000000,123000000,123000000,131100000,131100000,100000,100000,8000000,8000000,0,0,8000000,8000000,115000000,115000000,123000000,123000000,100010,8100020,100000,100000,10,8000020
999,746606000,19800786000,100000,100000,1000000,20000000,634506000,19669686000,20000000,20000000,91000000,91000000,111000000,111000000,112100000,131100000,100000,100000,1000000,20000000,0,0,20000000,20000000,91000000,91000000,111000000,111000000,100010,8100020,100000,100000,10,8000020
1029,641606000,645606000,100000,100000,7000000,11000000,634506000,634506000,0,0,0,0,0,0,7100000,11100000,100000,100000,7000000,11000000,0,0,0,0,0,0,0,0,100010,100000,100000,100000,10,0
1059,644606000,645606000,100000,100000,10000000,11000000,634506000,634506000,0,0,0,0,0,0,10100000,11100000,100000,100000,10000000,11000000,0,0,0,0,0,0,0,0,100010,100000,100000,100000,10,0
1089,965606000,4775642000,100000,100000,10000000,13000000,634506000,4441542000,13000000,13000000,308000000,308000000,321000000,321000000,331100000,334100000,100000,100000,10000000,13000000,0,0,13000000,13000000,308000000,308000000,321000000,321000000,100010,100000,100000,100000,10,0
1119,798606000,2708124000,100000,100000,7000000,13000000,634506000,2538024000,13000000,13000000,144000000,144000000,157000000,157000000,164100000,170100000,100000,100000,7000000,13000000,0,0,13000000,13000000,144000000,144000000,157000000,157000000,100010,100000,100000,100000,10,0
1149,674606000,3213630000,100000,100000,7000000,8000000,634506000,3172530000,7000000,7000000,26000000,26000000,33000000,33000000,40100000,41100000,100000,100000,7000000,8000000,0,0,7000000,7000000,26000000,26000000,33000000,33000000,100010,100000,100000,100000,10,0
1179,652606000,3191630000,100000,100000,8000000,9000000,634506000,3172530000,9000000,9000000,1000000,1000000,10000000,10000000,18100000,19100000,100000,100000,8000000,9000000,0,0,9000000,9000000,1000000,1000000,10000000,10000000,100010,100000,100000,100000,10,0
1209,643606000,1913618000,100000,100000,9000000,10000000,634506000,1903518000,0,0,0,0,0,0,9100000,10100000,100000,100000,9000000,10000000,0,0,0,0,0,0,0,0,100010,100000,100000,100000,10,0
1239,738606000,2008618000,100000,100000,46000000,47000000,634506000,1903518000,46000000,46000000,12000000,12000000,58000000,58000000,104100000,105100000,100000,100000,46000000,47000000,0,0,46000000,46000000,12000000,12000000,58000000,58000000,100010,7100040,100000,100000,10,7000040
1269,796606000,5874654000,100000,100000,7000000,9000000,634506000,5710554000,9000000,9000000,146000000,146000000,155000000,155000000,162100000,164100000,100000,100000,7000000,9000000,0,0,9000000,9000000,146000000,146000000,155000000,155000000,100010,36100030,100000,100000,10,36000030
10,842606000,843606000,100000,100000,17000000,18000000,634506000,634506000,18000000,18000000,173000000,173000000,191000000,191000000,208100000,209100000,100000,100000,17000000,18000000,0,0,18000000,18000000,173000000,173000000,191000000,191000000,100010,47100020,100000,100000,10,47000020
40,652606000,654606000,100000,100000,18000000,20000000,634506000,634506000,0,0,0,0,0,0,18100000,20100000,100000,100000,18000000,20000000,0,0,0,0,0,0,0,0,100010,100000,100000,100000,10,0
70,896606000,897606000,100000,100000,10000000,11000000,634506000,634506000,11000000,11000000,241000000,241000000,252000000,252000000,262100000,263100000,100000,100000,10000000,11000000,0,0,11000000,11000000,241000000,241000000,252000000,252000000,100010,68100040,100000,100000,10,68000040
100,760606000,761606000,100000,100000,18000000,19000000,634506000,634506000,18000000,18000000,90000000,90000000,108000000,108000000,126100000,127100000,100000,100000,18000000,19000000,0,0,18000000,18000000,90000000,90000000,108000000,108000000,100010,21100010,100000,100000,10,21000010
130,744606000,744606000,100000,100000,1000000,1000000,634506000,634506000,1000000,1000000,108000000,108000000,109000000,109000000,110100000,110100000,100000,100000,1000000,1000000,0,0,1000000,1000000,108000000,108000000,109000000,109000000,100010,12100030,100000,100000,10,12000030
160,1017606000,1018606000,100000,100000,43000000,44000000,634506000,634506000,44000000,44000000,296000000,296000000,340000000,340000000,383100000,384100000,100000,100000,43000000,44000000,0,0,44000000,44000000,296000000,296000000,340000000,340000000,100010,121100060,100000,100000,10,121000060
190,839606000,839606000,100000,100000,20000000,20000000,634506000,634506000,20000000,20000000,165000000,165000000,185000000,185000000,205100000,205100000,100000,100000,20000000,20000000,0,0,20000000,20000000,165000000,165000000,185000000,185000000,100010,27100050,100000,100000,10,27000050
220,968606000,969606000,100000,100000,19000000,20000000,634506000,634506000,20000000,20000000,295000000,295000000,315000000,315000000,334100000,335100000,100000,100000,19000000,20000000,0,0,20000000,20000000,295000000,295000000,315000000,315000000,100010,28100040,100000,100000,10,28000040
250,715606000,716606000,100000,100000,8000000,9000000,634506000,634506000,9000000,9000000,64000000,64000000,73000000,73000000,81100000,82100000,100000,100000,8000000,9000000,0,0,9000000,9000000,64000000,64000000,73000000,73000000,100010,16100030,100000,100000,10,16000030
280,824606000,824606000,100000,100000,9000000,9000000,634506000,634506000,9000000,9000000,172000000,172000000,181000000,181000000,190100000,190100000,100000,100000,9000000,9000000,0,0,9000000,9000000,172000000,172000000,181000000,181000000,100010,16100040,100000,100000,10,16000040
310,889606000,890606000,100000,100000,8000000,9000000,634506000,634506000,9000000,9000000,238000000,238000000,247000000,247000000,255100000,256100000,100000,100000,8000000,9000000,0,0,9000000,9000000,238000000,238000000,247000000,247000000,100010,33100020,100000,100000,10,33000020
340,891606000,892606000,100000,100000,8000000,9000000,634506000,634506000,9000000,9000000,240000000,240000000,249000000,249000000,257100000,258100000,100000,100000,8000000,9000000,0,0,9000000,9000000,240000000,240000000,249000000,249000000,100010,33100020,100000,100000,10,33000020
370,653606000,654606000,100000,100000,8000000,9000000,634506000,634506000,8000000,8000000,3000000,3000000,11000000,11000000,19100000,20100000,100000,100000,8000000,9000000,0,0,8000000,8000000,3000000,3000000,11000000,11000000,100010,1100010,100000,100000,10,1000010
400,968606000,969606000,100000,100000,12000000,13000000,634506000,634506000,13000000,13000000,309000000,309000000,322000000,322000000,334100000,335100000,100000,100000,12000000,13000000,0,0,13000000,13000000,309000000,309000000,322000000,322000000,100010,2100010,100000,100000,10,2000010
430,837606000,837606000,100000,100000,11000000,11000000,634506000,634506000,11000000,11000000,181000000,181000000,192000000,192000000,203100000,203100000,100000,100000,11000000,11000000,0,0,11000000,11000000,181000000,181000000,192000000,192000000,100010,26100040,100000,100000,10,26000040
460,725606000,728606000,100000,100000,8000000,11000000,634506000,634506000,11000000,11000000,72000000,72000000,83000000,83000000,91100000,94100000,100000,100000,8000000,11000000,0,0,11000000,11000000,72000000,72000000,83000000,83000000,100010,66100040,100000,100000,10,66000040
490,638606000,639606000,100000,100000,4000000,5000000,634506000,634506000,0,0,0,0,0,0,4100000,5100000,100000,100000,4000000,5000000,0,0,0,0,0,0,0,0,100010,100000,100000,100000,10,0
520,1023606000,1024606000,100000,100000,38000000,39000000,634506000,634506000,39000000,39000000,312000000,312000000,351000000,351000000,389100000,390100000,100000,100000,38000000,39000000,0,0,39000000,39000000,312000000,312000000,351000000,351000000,100010,83100020,100000,100000,10,83000020
550,808606000,809606000,100000,100000,7000000,8000000,634506000,634506000,8000000,8000000,159000000,159000000,167000000,167000000,174100000,175100000,100000,100000,7000000,8000000,0,0,8000000,8000000,159000000,159000000,167000000,167000000,100010,10100030,100000,100000,10,10000030
580,982606000,983606000,100000,100000,57000000,58000000,634506000,634506000,58000000,58000000,233000000,233000000,291000000,291000000,348100000,349100000,100000,100000,57000000,58000000,0,0,58000000,58000000,233000000,233000000,291000000,291000000,100010,105100030,100000,100000,10,105000030
610,855606000,856606000,100000,100000,9000000,10000000,634506000,634506000,10000000,10000000,202000000,202000000,212000000,212000000,221100000,222100000,100000,100000,9000000,10000000,0,0,10000000,10000000,202000000,202000000,212000000,212000000,100010,21100040,100000,100000,10,21000040
640,741606000,800606000,100000,100000,9000000,19000000,634506000,634506000,19000000,80000000,79000000,67000000,98000000,147000000,107100000,166100000,100000,100000,9000000,19000000,0,0,19000000,80000000,79000000,67000000,98000000,147000000,100010,72100020,100000,100000,10,72000020
670,767606000,767606000,100000,100000,6000000,6000000,634506000,634506000,6000000,6000000,121000000,121000000,127000000,127000000,133100000,133100000,100000,100000,6000000,6000000,0,0,6000000,6000000,121000000,121000000,127000000,127000000,100010,20100030,100000,100000,10,20000030
700,838606000,839606000,100000,100000,17000000,18000000,634506000,634506000,18000000,18000000,169000000,169000000,187000000,187000000,204100000,205100000,100000,100000,17000000,18000000,0,0,18000000,18000000,169000000,169000000,187000000,187000000,100010,21100010,100000,100000,10,21000010
730,868606000,868606000,100000,100000,6000000,6000000,634506000,634506000,6000000,6000000,222000000,222000000,228000000,228000000,234100000,234100000,100000,100000,6000000,6000000,0,0,6000000,6000000,222000000,222000000,228000000,228000000,100010,82100030,100000,100000,10,82000030
760,702606000,702606000,100000,100000,1000000,1000000,634506000,634506000,1000000,1000000,66000000,66000000,67000000,67000000,68100000,68100000,100000,100000,1000000,1000000,0,0,1000000,1000000,66000000,66000000,67000000,67000000,100010,20100030,100000,100000,10,20000030
790,745606000,745606000,100000,100000,1000000,1000000,634506000,634506000,1000000,1000000,109000000,109000000,110000000,110000000,111100000,111100000,100000,100000,1000000,1000000,0,0,1000000,1000000,109000000,109000000,110000000,110000000,100010,81100040,100000,100000,10,81000040
820,849606000,850606000,100000,100000,0,1000000,634506000,634506000,1000000,1000000,214000000,214000000,215000000,215000000,215100000,216100000,100000,100000,0,1000000,0,0,1000000,1000000,214000000,214000000,215000000,215000000,100010,81100030,100000,100000,10,81000030
850,894606000,895606000,100000,100000,12000000,13000000,634506000,634506000,13000000,13000000,235000000,235000000,248000000,248000000,260100000,261100000,100000,100000,12000000,13000000,0,0,13000000,13000000,235000000,235000000,248000000,248000000,100010,9100010,100000,100000,10,9000010
880,959606000,960606000,100000,100000,15000000,16000000,634506000,634506000,16000000,16000000,294000000,294000000,310000000,310000000,325100000,326100000,100000,100000,15000000,16000000,0,0,16000000,16000000,294000000,294000000,310000000,310000000,100010,28100040,100000,100000,10,28000040
910,652606000,652606000,100000,100000,8000000,8000000,634506000,634506000,8000000,8000000,2000000,2000000,10000000,10000000,18100000,18100000,100000,100000,8000000,8000000,0,0,8000000,8000000,2000000,2000000,10000000,10000000,100010,1100010,100000,100000,10,1000010
940,881606000,881606000,100000,100000,9000000,9000000,634506000,634506000,9000000,9000000,229000000,229000000,238000000,238000000,247100000,247100000,100000,100000,9000000,9000000,0,0,9000000,9000000,229000000,229000000,238000000,238000000,100010,16100040,100000,100000,10,16000040
970,765606000,765606000,100000,100000,8000000,8000000,634506000,634506000,8000000,8000000,115000000,115000000,123000000,123000000,131100000,131100000,100000,100000,8000000,8000000,0,0,8000000,8000000,115000000,115000000,123000000,123000000,100010,8100020,100000,100000,10,8000020
1000,890606000,20579292000,100000,100000,1000000,20000000,634506000,20304192000,20000000,20000000,235000000,235000000,255000000,255000000,256100000,275100000,100000,100000,1000000,20000000,0,0,20000000,20000000,235000000,235000000,255000000,255000000,100010,15100050,100000,100000,10,15000050
1030,860606000,12927220000,100000,100000,1000000,12000000,634506000,12690120000,8000000,8000000,217000000,217000000,225000000,225000000,226100000,237100000,100000,100000,1000000,12000000,0,0,8000000,8000000,217000000,217000000,225000000,225000000,100010,17100030,100000,100000,10,17000030
1060,643606000,1913618000,100000,100000,9000000,10000000,634506000,1903518000,0,0,0,0,0,0,9100000,10100000,100000,100000,9000000,10000000,0,0,0,0,0,0,0,0,100010,100000,100000,100000,10,0
1090,963606000,4139136000,100000,100000,10000000,13000000,634506000,3807036000,13000000,13000000,306000000,306000000,319000000,319000000,329100000,332100000,100000,100000,10000000,13000000,0,0,13000000,13000000,306000000,306000000,319000000,319000000,100010,100000,100000,100000,10,0
1120,752606000,5199148000,100000,100000,8000000,13000000,634506000,5076048000,12000000,12000000,98000000,98000000,110000000,110000000,118100000,123100000,100000,100000,8000000,13000000,0,0,12000000,12000000,98000000,98000000,110000000,110000000,100010,22100020,100000,100000,10,22000020
1150,814606000,7798172000,100000,100000,7000000,11000000,634506000,7614072000,8000000,8000000,165000000,165000000,173000000,173000000,180100000,184100000,100000,100000,7000000,11000000,0,0,8000000,8000000,165000000,165000000,173000000,173000000,100010,83100020,100000,100000,10,83000020
1180,652606000,3191630000,100000,100000,8000000,9000000,634506000,3172530000,9000000,9000000,1000000,1000000,10000000,10000000,18100000,19100000,100000,100000,8000000,9000000,0,0,9000000,9000000,1000000,1000000,10000000,10000000,100010,100000,100000,100000,10,0
1210,643606000,1913618000,100000,100000,9000000,10000000,634506000,1903518000,0,0,0,0,0,0,9100000,10100000,100000,100000,9000000,10000000,0,0,0,0,0,0,0,0,100010,100000,100000,100000,10,0
1240,1032606000,2946124000,100000,100000,38000000,48000000,634506000,2538024000,48000000,48000000,312000000,312000000,360000000,360000000,398100000,408100000,100000,100000,38000000,48000000,0,0,48000000,48000000,312000000,312000000,360000000,360000000,100010,32100040,100000,100000,10,32000040
1270,674606000,2579124000,100000,100000,7000000,8000000,634506000,2538024000,7000000,7000000,26000000,26000000,33000000,33000000,40100000,41100000,100000,100000,7000000,8000000,0,0,7000000,7000000,26000000,26000000,33000000,33000000,100010,100000,100000,100000,10,0
11,786606000,802606000,100000,100000,1000000,17000000,634506000,634506000,17000000,17000000,134000000,134000000,151000000,151000000,152100000,168100000,100000,100000,1000000,17000000,0,0,17000000,17000000,134000000,134000000,151000000,151000000,100010,9100030,100000,100000,10,9000030
41,778606000,778606000,100000,100000,18000000,18000000,634506000,634506000,18000000,18000000,108000000,108000000,126000000,126000000,144100000,144100000,100000,100000,18000000,18000000,0,0,18000000,18000000,108000000,108000000,126000000,126000000,100010,15100020,100000,100000,10,15000020
71,887606000,889606000,100000,100000,10000000,12000000,634506000,634506000,12000000,12000000,231000000,231000000,243000000,243000000,253100000,255100000,100000,100000,10000000,12000000,0,0,12000000,12000000,231000000,231000000,243000000,243000000,100010,68100040,100000,100000,10,68000040
101,755606000,757606000,100000,100000,18000000,20000000,634506000,634506000,18000000,18000000,85000000,85000000,103000000,103000000,121100000,123100000,100000,100000,18000000,20000000,0,0,18000000,18000000,85000000,85000000,103000000,103000000,100010,21100030,100000,100000,10,21000030
131,696606000,703606000,100000,100000,1000000,8000000,634506000,634506000,1000000,1000000,60000000,60000000,61000000,61000000,62100000,69100000,100000,100000,1000000,8000000,0,0,1000000,1000000,60000000,60000000,61000000,61000000,100010,12100020,100000,100000,10,12000020
161,1037606000,1041606000,100000,100000,43000000,47000000,634506000,634506000,47000000,47000000,313000000,313000000,360000000,360000000,403100000,407100000,100000,100000,43000000,47000000,0,0,47000000,47000000,313000000,313000000,360000000,360000000,100010,37100040,100000,100000,10,37000040
191,880606000,880606000,100000,100000,20000000,20000000,634506000,634506000,20000000,20000000,206000000,206000000,226000000,226000000,246100000,246100000,100000,100000,20000000,20000000,0,0,20000000,20000000,206000000,206000000,226000000,226000000,100010,51100030,100000,100000,10,51000030
221,893606000,894606000,100000,100000,19000000,20000000,634506000,634506000,20000000,20000000,220000000,220000000,240000000,240000000,259100000,260100000,100000,100000,19000000,20000000,0,0,20000000,20000000,220000000,220000000,240000000,240000000,100010,22100010,100000,100000,10,22000010
251,765606000,767606000,100000,100000,6000000,8000000,634506000,634506000,6000000,6000000,119000000,119000000,125000000,125000000,131100000,133100000,100000,100000,6000000,8000000,0,0,6000000,6000000,119000000,119000000,125000000,125000000,100010,15100020,100000,100000,10,15000020
281,727606000,727606000,100000,100000,9000000,9000000,634506000,634506000,9000000,9000000,75000000,75000000,84000000,84000000,93100000,93100000,100000,100000,9000000,9000000,0,0,9000000,9000000,75000000,75000000,84000000,84000000,100010,15100020,100000,100000,10,15000020
311,891606000,892606000,100000,100000,8000000,9000000,634506000,634506000,9000000,9000000,240000000,240000000,249000000,249000000,257100000,258100000,100000,100000,8000000,9000000,0,0,9000000,9000000,240000000,240000000,249000000,249000000,100010,33100020,100000,100000,10,33000020
341,891606000,892606000,100000,100000,8000000,9000000,634506000,634506000,9000000,9000000,240000000,240000000,249000000,249000000,257100000,258100000,100000,100000,8000000,9000000,0,0,9000000,9000000,240000000,240000000,249000000,249000000,100010,33100020,100000,100000,10,33000020
371,653606000,654606000,100000,100000,8000000,9000000,634506000,634506000,8000000,8000000,3000000,3000000,11000000,11000000,19100000,20100000,100000,100000,8000000,9000000,0,0,8000000,8000000,3000000,3000000,11000000,11000000,100010,1100010,100000,100000,10,1000010
401,966606000,967606000,100000,100000,12000000,13000000,634506000,634506000,13000000,13000000,307000000,307000000,320000000,320000000,332100000,333100000,100000,100000,12000000,13000000,0,0,13000000,13000000,307000000,307000000,320000000,320000000,100010,2100010,100000,100000,10,2000010
431,755606000,756606000,100000,100000,10000000,11000000,634506000,634506000,11000000,11000000,100000000,100000000,111000000,111000000,121100000,122100000,100000,100000,10000000,11000000,0,0,11000000,11000000,100000000,100000000,111000000,111000000,100010,26100040,100000,100000,10,26000040
461,749606000,749606000,100000,100000,11000000,11000000,634506000,634506000,11000000,11000000,93000000,93000000,104000000,104000000,115100000,115100000,100000,100000,11000000,11000000,0,0,11000000,11000000,93000000,93000000,104000000,104000000,100010,33100020,100000,100000,10,33000020
491,912606000,912606000,100000,100000,4000000,4000000,634506000,634506000,4000000,4000000,270000000,270000000,274000000,274000000,278100000,278100000,100000,100000,4000000,4000000,0,0,4000000,4000000,270000000,270000000,274000000,274000000,100010,15100040,100000,100000,10,15000040
521,783606000,802606000,100000,100000,19000000,38000000,634506000,634506000,38000000,38000000,92000000,92000000,130000000,130000000,149100000,168100000,100000,100000,19000000,38000000,0,0,38000000,38000000,92000000,92000000,130000000,130000000,100010,62100010,100000,100000,10,62000010
551,868606000,869606000,100000,100000,7000000,8000000,634506000,634506000,8000000,8000000,219000000,219000000,227000000,227000000,234100000,235100000,100000,100000,7000000,8000000,0,0,8000000,8000000,219000000,219000000,227000000,227000000,100010,22100030,100000,100000,10,22000030
581,1023606000,1051606000,100000,100000,57000000,85000000,634506000,634506000,85000000,85000000,247000000,247000000,332000000,332000000,389100000,417100000,100000,100000,57000000,85000000,0,0,85000000,85000000,247000000,247000000,332000000,332000000,100010,106100030,100000,100000,10,106000030
611,855606000,856606000,100000,100000,9000000,10000000,634506000,634506000,10000000,10000000,202000000,202000000,212000000,212000000,221100000,222100000,100000,100000,9000000,10000000,0,0,10000000,10000000,202000000,202000000,212000000,212000000,100010,21100040,100000,100000,10,21000040
641,838606000,839606000,100000,100000,9000000,10000000,634506000,634506000,10000000,10000000,185000000,185000000,195000000,195000000,204100000,205100000,100000,100000,9000000,10000000,0,0,10000000,10000000,185000000,185000000,195000000,195000000,100010,83100020,100000,100000,10,83000020
671,857606000,858606000,100000,100000,6000000,7000000,634506000,634506000,7000000,7000000,210000000,210000000,217000000,217000000,223100000,224100000,100000,100000,6000000,7000000,0,0,7000000,7000000,210000000,210000000,217000000,217000000,100010,20100030,100000,100000,10,20000030
701,838606000,839606000,100000,100000,17000000,18000000,634506000,634506000,18000000,18000000,169000000,169000000,187000000,187000000,204100000,205100000,100000,100000,17000000,18000000,0,0,18000000,18000000,169000000,169000000,187000000,187000000,100010,21100010,100000,100000,10,21000010
731,786606000,786606000,100000,100000,6000000,6000000,634506000,634506000,6000000,6000000,140000000,140000000,146000000,146000000,152100000,152100000,100000,100000,6000000,6000000,0,0,6000000,6000000,140000000,140000000,146000000,146000000,100010,12100020,100000,100000,10,12000020
761,709606000,709606000,100000,100000,1000000,1000000,634506000,634506000,1000000,1000000,73000000,73000000,74000000,74000000,75100000,75100000,100000,100000,1000000,1000000,0,0,1000000,1000000,73000000,73000000,74000000,74000000,100010,20100030,100000,100000,10,20000030
791,695606000,717606000,100000,100000,1000000,1000000,634506000,634506000,1000000,81000000,59000000,1000000,60000000,82000000,61100000,83100000,100000,100000,1000000,1000000,0,0,1000000,81000000,59000000,1000000,60000000,82000000,100010,81100040,100000,100000,10,81000040
821,849606000,850606000,100000,100000,0,1000000,634506000,634506000,1000000,1000000,214000000,214000000,215000000,215000000,215100000,216100000,100000,100000,0,1000000,0,0,1000000,1000000,214000000,214000000,215000000,215000000,100010,81100030,100000,100000,10,81000030
851,767606000,768606000,100000,100000,12000000,13000000,634506000,634506000,13000000,13000000,108000000,108000000,121000000,121000000,133100000,134100000,100000,100000,12000000,13000000,0,0,13000000,13000000,108000000,108000000,121000000,121000000,100010,9100010,100000,100000,10,9000010
881,961606000,962606000,100000,100000,15000000,16000000,634506000,634506000,16000000,16000000,296000000,296000000,312000000,312000000,327100000,328100000,100000,100000,15000000,16000000,0,0,16000000,16000000,296000000,296000000,312000000,312000000,100010,28100040,100000,100000,10,28000040
911,650606000,651606000,100000,100000,16000000,17000000,634506000,634506000,0,0,0,0,0,0,16100000,17100000,100000,100000,16000000,17000000,0,0,0,0,0,0,0,0,100010,100000,100000,100000,10,0
941,931606000,932606000,100000,100000,9000000,10000000,634506000,634506000,10000000,10000000,278000000,278000000,288000000,288000000,297100000,298100000,100000,100000,9000000,10000000,0,0,10000000,10000000,278000000,278000000,288000000,288000000,100010,27100040,100000,100000,10,27000040
971,731606000,731606000,100000,100000,11000000,11000000,634506000,634506000,11000000,11000000,75000000,75000000,86000000,86000000,97100000,97100000,100000,100000,11000000,11000000,0,0,11000000,11000000,75000000,75000000,86000000,86000000,100010,2100010,100000,100000,10,2000010
1001,965606000,4775642000,100000,100000,10000000,13000000,634506000,4441542000,13000000,13000000,308000000,308000000,321000000,321000000,331100000,334100000,100000,100000,10000000,13000000,0,0,13000000,13000000,308000000,308000000,321000000,321000000,100010,100000,100000,100000,10,0
1031,808606000,4028136000,100000,100000,10000000,57000000,634506000,3807036000,57000000,57000000,107000000,107000000,164000000,164000000,174100000,221100000,100000,100000,10000000,57000000,0,0,57000000,57000000,107000000,107000000,164000000,164000000,100010,28100010,100000,100000,10,28000010
1061,771606000,4586642000,100000,100000,1000000,9000000,634506000,4441542000,8000000,8000000,128000000,128000000,136000000,136000000,137100000,145100000,100000,100000,1000000,9000000,0,0,8000000,8000000,128000000,128000000,136000000,136000000,100010,33100020,100000,100000,10,33000020
1091,961606000,3502630000,100000,100000,10000000,13000000,634506000,3172530000,13000000,13000000,304000000,304000000,317000000,317000000,327100000,330100000,100000,100000,10000000,13000000,0,0,13000000,13000000,304000000,304000000,317000000,317000000,100010,100000,100000,100000,10,0
1121,642606000,643606000,100000,100000,8000000,9000000,634506000,634506000,0,0,0,0,0,0,8100000,9100000,100000,100000,8000000,9000000,0,0,0,0,0,0,0,0,100010,100000,100000,100000,10,0
1151,911606000,9804690000,100000,100000,0,10000000,634506000,9517590000,8000000,8000000,269000000,269000000,277000000,277000000,277100000,287100000,100000,100000,0,10000000,0,0,8000000,8000000,269000000,269000000,277000000,277000000,100010,80100040,100000,100000,10,80000040
1181,652606000,3191630000,100000,100000,8000000,9000000,634506000,3172530000,9000000,9000000,1000000,1000000,10000000,10000000,18100000,19100000,100000,100000,8000000,9000000,0,0,9000000,9000000,1000000,1000000,10000000,10000000,100010,100000,100000,100000,10,0
1211,643606000,1913618000,100000,100000,9000000,10000000,634506000,1903518000,0,0,0,0,0,0,9100000,10100000,100000,100000,9000000,10000000,0,0,0,0,0,0,0,0,100010,100000,100000,100000,10,0
1241,690606000,1326112000,100000,100000,8000000,9000000,634506000,1269012000,9000000,9000000,39000000,39000000,48000000,48000000,56100000,57100000,100000,100000,8000000,9000000,0,0,9000000,9000000,39000000,39000000,48000000,48000000,100010,100000,100000,100000,10,0
1271,711606000,2617124000,100000,100000,17000000,19000000,634506000,2538024000,19000000,19000000,41000000,41000000,60000000,60000000,77100000,79100000,100000,100000,17000000,19000000,0,0,19000000,19000000,41000000,41000000,60000000,60000000,100010,100000,100000,100000,10,0
12,984606000,985606000,100000,100000,19000000,20000000,634506000,634506000,20000000,20000000,311000000,311000000,331000000,331000000,350100000,351100000,100000,100000,19000000,20000000,0,0,20000000,20000000,311000000,311000000,331000000,331000000,100010,23100020,100000,100000,10,23000020
42,651606000,652606000,100000,100000,17000000,18000000,634506000,634506000,0,0,0,0,0,0,17100000,18100000,100000,100000,17000000,18000000,0,0,0,0,0,0,0,0,100010,100000,100000,100000,10,0
72,896606000,897606000,100000,100000,10000000,11000000,634506000,634506000,11000000,11000000,241000000,241000000,252000000,252000000,262100000,263100000,100000,100000,10000000,11000000,0,0,11000000,11000000,241000000,241000000,252000000,252000000,100010,68100040,100000,100000,10,68000040
102,761606000,761606000,100000,100000,18000000,18000000,634506000,634506000,18000000,18000000,91000000,91000000,109000000,109000000,127100000,127100000,100000,100000,18000000,18000000,0,0,18000000,18000000,91000000,91000000,109000000,109000000,100010,47100020,100000,100000,10,47000020
132,797606000,797606000,100000,100000,1000000,1000000,634506000,634506000,1000000,1000000,161000000,161000000,162000000,162000000,163100000,163100000,100000,100000,1000000,1000000,0,0,1000000,1000000,161000000,161000000,162000000,162000000,100010,12100030,100000,100000,10,12000030
162,714606000,742606000,100000,100000,9000000,37000000,634506000,634506000,37000000,37000000,34000000,34000000,71000000,71000000,80100000,108100000,100000,100000,9000000,37000000,0,0,37000000,37000000,34000000,34000000,71000000,71000000,100010,10100040,100000,100000,10,10000040
192,881606000,881606000,100000,100000,20000000,20000000,634506000,634506000,20000000,20000000,207000000,207000000,227000000,227000000,247100000,247100000,100000,100000,20000000,20000000,0,0,20000000,20000000,207000000,207000000,227000000,227000000,100010,51100030,100000,100000,10,51000030
222,893606000,894606000,100000,100000,19000000,20000000,634506000,634506000,20000000,20000000,220000000,220000000,240000000,240000000,259100000,260100000,100000,100000,19000000,20000000,0,0,20000000,20000000,220000000,220000000,240000000,240000000,100010,22100010,100000,100000,10,22000010
252,777606000,779606000,100000,100000,6000000,8000000,634506000,634506000,6000000,6000000,131000000,131000000,137000000,137000000,143100000,145100000,100000,100000,6000000,8000000,0,0,6000000,6000000,131000000,131000000,137000000,137000000,100010,17100030,100000,100000,10,17000030
282,846606000,846606000,100000,100000,9000000,9000000,634506000,634506000,9000000,9000000,194000000,194000000,203000000,203000000,212100000,212100000,100000,100000,9000000,9000000,0,0,9000000,9000000,194000000,194000000,203000000,203000000,100010,16100040,100000,100000,10,16000040
312,825606000,826606000,100000,100000,8000000,9000000,634506000,634506000,9000000,9000000,174000000,174000000,183000000,183000000,191100000,192100000,100000,100000,8000000,9000000,0,0,9000000,9000000,174000000,174000000,183000000,183000000,100010,56100030,100000,100000,10,56000030
342,891606000,892606000,100000,100000,8000000,9000000,634506000,634506000,9000000,9000000,240000000,240000000,249000000,249000000,257100000,258100000,100000,100000,8000000,9000000,0,0,9000000,9000000,240000000,240000000,249000000,249000000,100010,33100020,100000,100000,10,33000020
372,782606000,782606000,100000,100000,9000000,9000000,634506000,634506000,9000000,9000000,130000000,130000000,139000000,139000000,148100000,148100000,100000,100000,9000000,9000000,0,0,9000000,9000000,130000000,130000000,139000000,139000000,100010,16100030,100000,100000,10,16000030
402,827606000,828606000,100000,100000,11000000,12000000,634506000,634506000,12000000,12000000,170000000,170000000,182000000,182000000,193100000,194100000,100000,100000,11000000,12000000,0,0,12000000,12000000,170000000,170000000,182000000,182000000,100010,26100040,100000,100000,10,26000040
432,836606000,836606000,100000,100000,11000000,11000000,634506000,634506000,11000000,11000000,180000000,180000000,191000000,191000000,202100000,202100000,100000,100000,11000000,11000000,0,0,11000000,11000000,180000000,180000000,191000000,191000000,100010,26100040,100000,100000,10,26000040
462,750606000,750606000,100000,100000,11000000,11000000,634506000,634506000,11000000,11000000,94000000,94000000,105000000,105000000,116100000,116100000,100000,100000,11000000,11000000,0,0,11000000,11000000,94000000,94000000,105000000,105000000,100010,33100020,100000,100000,10,33000020
492,898606000,898606000,100000,100000,4000000,4000000,634506000,634506000,4000000,4000000,256000000,256000000,260000000,260000000,264100000,264100000,100000,100000,4000000,4000000,0,0,4000000,4000000,256000000,256000000,260000000,260000000,100010,73100040,100000,100000,10,73000040
522,817606000,838606000,100000,100000,17000000,38000000,634506000,634506000,38000000,38000000,128000000,128000000,166000000,166000000,183100000,204100000,100000,100000,17000000,38000000,0,0,38000000,38000000,128000000,128000000,166000000,166000000,100010,26100040,100000,100000,10,26000040
552,868606000,869606000,100000,100000,7000000,8000000,634506000,634506000,8000000,8000000,219000000,219000000,227000000,227000000,234100000,235100000,100000,100000,7000000,8000000,0,0,8000000,8000000,219000000,219000000,227000000,227000000,100010,22100030,100000,100000,10,22000030
582,738606000,740606000,100000,100000,44000000,46000000,634506000,634506000,46000000,46000000,14000000,14000000,60000000,60000000,104100000,106100000,100000,100000,44000000,46000000,0,0,46000000,46000000,14000000,14000000,60000000,60000000,100010,37100060,100000,100000,10,37000060
612,855606000,856606000,100000,100000,9000000,10000000,634506000,634506000,10000000,10000000,202000000,202000000,212000000,212000000,221100000,222100000,100000,100000,9000000,10000000,0,0,10000000,10000000,202000000,202000000,212000000,212000000,100010,21100040,100000,100000,10,21000040
642,806606000,807606000,100000,100000,9000000,10000000,634506000,634506000,10000000,10000000,153000000,153000000,163000000,163000000,172100000,173100000,100000,100000,9000000,10000000,0,0,10000000,10000000,153000000,153000000,163000000,163000000,100010,83100020,100000,100000,10,83000020
672,781606000,782606000,100000,100000,5000000,6000000,634506000,634506000,6000000,6000000,136000000,136000000,142000000,142000000,147100000,148100000,100000,100000,5000000,6000000,0,0,6000000,6000000,136000000,136000000,142000000,142000000,100010,82100040,100000,100000,10,82000040
702,798606000,799606000,100000,100000,17000000,18000000,634506000,634506000,18000000,18000000,129000000,129000000,147000000,147000000,164100000,165100000,100000,100000,17000000,18000000,0,0,18000000,18000000,129000000,129000000,147000000,147000000,100010,21100010,100000,100000,10,21000010
732,826606000,826606000,100000,100000,6000000,6000000,634506000,634506000,6000000,6000000,180000000,180000000,186000000,186000000,192100000,192100000,100000,100000,6000000,6000000,0,0,6000000,6000000,180000000,180000000,186000000,186000000,100010,82100030,100000,100000,10,82000030
762,709606000,709606000,100000,100000,1000000,1000000,634506000,634506000,1000000,1000000,73000000,73000000,74000000,74000000,75100000,75100000,100000,100000,1000000,1000000,0,0,1000000,1000000,73000000,73000000,74000000,74000000,100010,20100030,100000,100000,10,20000030
792,748606000,748606000,100000,100000,1000000,1000000,634506000,634506000,1000000,1000000,112000000,112000000,113000000,113000000,114100000,114100000,100000,100000,1000000,1000000,0,0,1000000,1000000,112000000,112000000,113000000,113000000,100010,81100040,100000,100000,10,81000040
822,849606000,850606000,100000,100000,0,1000000,634506000,634506000,1000000,1000000,214000000,214000000,215000000,215000000,215100000,216100000,100000,100000,0,1000000,0,0,1000000,1000000,214000000,214000000,215000000,215000000,100010,81100030,100000,100000,10,81000030
852,893606000,894606000,100000,100000,12000000,13000000,634506000,634506000,13000000,13000000,234000000,234000000,247000000,247000000,259100000,260100000,100000,100000,12000000,13000000,0,0,13000000,13000000,234000000,234000000,247000000,247000000,100010,9100010,100000,100000,10,9000010
882,834606000,835606000,100000,100000,15000000,16000000,634506000,634506000,16000000,16000000,169000000,169000000,185000000,185000000,200100000,201100000,100000,100000,15000000,16000000,0,0,16000000,16000000,169000000,169000000,185000000,185000000,100010,28100050,100000,100000,10,28000050
912,650606000,651606000,100000,100000,16000000,17000000,634506000,634506000,0,0,0,0,0,0,16100000,17100000,100000,100000,16000000,17000000,0,0,0,0,0,0,0,0,100010,100000,100000,100000,10,0
942,752606000,753606000,100000,100000,8000000,9000000,634506000,634506000,9000000,9000000,101000000,101000000,110000000,110000000,118100000,119100000,100000,100000,8000000,9000000,0,0,9000000,9000000,101000000,101000000,110000000,110000000,100010,38100050,100000,100000,10,38000050
972,858606000,885606000,100000,100000,58000000,85000000,634506000,634506000,85000000,85000000,81000000,81000000,166000000,166000000,224100000,251100000,100000,100000,58000000,85000000,0,0,85000000,85000000,81000000,81000000,166000000,166000000,100010,106100020,100000,100000,10,106000020
1002,671606000,4479642000,100000,100000,12000000,13000000,634506000,4441542000,13000000,13000000,12000000,12000000,25000000,25000000,37100000,38100000,100000,100000,12000000,13000000,0,0,13000000,13000000,12000000,12000000,25000000,25000000,100010,100000,100000,100000,10,0
1032,651606000,1921618000,100000,100000,17000000,18000000,634506000,1903518000,0,0,0,0,0,0,17100000,18100000,100000,100000,17000000,18000000,0,0,0,0,0,0,0,0,100010,100000,100000,100000,10,0
1062,712606000,5163148000,100000,100000,0,9000000,634506000,5076048000,9000000,9000000,69000000,69000000,78000000,78000000,78100000,87100000,100000,100000,0,9000000,0,0,9000000,9000000,69000000,69000000,78000000,78000000,100010,100000,100000,100000,10,0
1092,965606000,4775642000,100000,100000,10000000,13000000,634506000,4441542000,13000000,13000000,308000000,308000000,321000000,321000000,331100000,334100000,100000,100000,10000000,13000000,0,0,13000000,13000000,308000000,308000000,321000000,321000000,100010,100000,100000,100000,10,0
1122,641606000,1911618000,100000,100000,7000000,8000000,634506000,1903518000,0,0,0,0,0,0,7100000,8100000,100000,100000,7000000,8000000,0,0,0,0,0,0,0,0,100010,100000,100000,100000,10,0
1152,674606000,3848136000,100000,100000,7000000,8000000,634506000,3807036000,7000000,7000000,26000000,26000000,33000000,33000000,40100000,41100000,100000,100000,7000000,8000000,0,0,7000000,7000000,26000000,26000000,33000000,33000000,100010,100000,100000,100000,10,0
1182,652606000,3191630000,100000,100000,8000000,9000000,634506000,3172530000,9000000,9000000,1000000,1000000,10000000,10000000,18100000,19100000,100000,100000,8000000,9000000,0,0,9000000,9000000,1000000,1000000,10000000,10000000,100010,100000,100000,100000,10,0
1212,642606000,1278112000,100000,100000,8000000,9000000,634506000,1269012000,0,0,0,0,0,0,8100000,9100000,100000,100000,8000000,9000000,0,0,0,0,0,0,0,0,100010,100000,100000,100000,10,0
1242,791606000,3332630000,100000,100000,8000000,11000000,634506000,3172530000,9000000,9000000,140000000,140000000,149000000,149000000,157100000,160100000,100000,100000,8000000,11000000,0,0,9000000,9000000,140000000,140000000,149000000,149000000,100010,16100020,100000,100000,10,16000020
1272,711606000,2617124000,100000,100000,17000000,19000000,634506000,2538024000,19000000,19000000,41000000,41000000,60000000,60000000,77100000,79100000,100000,100000,17000000,19000000,0,0,19000000,19000000,41000000,41000000,60000000,60000000,100010,100000,100000,100000,10,0
13,922606000,923606000,100000,100000,19000000,20000000,634506000,634506000,20000000,20000000,249000000,249000000,269000000,269000000,288100000,289100000,100000,100000,19000000,20000000,0,0,20000000,20000000,249000000,249000000,269000000,269000000,100010,22100010,100000,100000,10,22000010
43,836606000,837606000,100000,100000,17000000,18000000,634506000,634506000,18000000,18000000,167000000,167000000,185000000,185000000,202100000,203100000,100000,100000,17000000,18000000,0,0,18000000,18000000,167000000,167000000,185000000,185000000,100010,29100040,100000,100000,10,29000040
73,896606000,897606000,100000,100000,10000000,11000000,634506000,634506000,11000000,11000000,241000000,241000000,252000000,252000000,262100000,263100000,100000,100000,10000000,11000000,0,0,11000000,11000000,241000000,241000000,252000000,252000000,100010,68100040,100000,100000,10,68000040
103,747606000,754606000,100000,100000,11000000,18000000,634506000,634506000,18000000,18000000,84000000,84000000,102000000,102000000,113100000,120100000,100000,100000,11000000,18000000,0,0,18000000,18000000,84000000,84000000,102000000,102000000,100010,75100040,100000,100000,10,75000040
133,797606000,797606000,100000,100000,1000000,1000000,634506000,634506000,1000000,1000000,161000000,161000000,162000000,162000000,163100000,163100000,100000,100000,1000000,1000000,0,0,1000000,1000000,161000000,161000000,162000000,162000000,100010,12100030,100000,100000,10,12000030
163,714606000,742606000,100000,100000,9000000,37000000,634506000,634506000,37000000,37000000,34000000,34000000,71000000,71000000,80100000,108100000,100000,100000,9000000,37000000,0,0,37000000,37000000,34000000,34000000,71000000,71000000,100010,6100030,100000,100000,10,6000030
193,881606000,881606000,100000,100000,20000000,20000000,634506000,634506000,20000000,20000000,207000000,207000000,227000000,227000000,247100000,247100000,100000,100000,20000000,20000000,0,0,20000000,20000000,207000000,207000000,227000000,227000000,100010,51100030,100000,100000,10,51000030
223,776606000,795606000,100000,100000,19000000,38000000,634506000,634506000,38000000,38000000,85000000,85000000,123000000,123000000,142100000,161100000,100000,100000,19000000,38000000,0,0,38000000,38000000,85000000,85000000,123000000,123000000,100010,12100020,100000,100000,10,12000020
253,724606000,732606000,100000,100000,0,8000000,634506000,634506000,8000000,8000000,82000000,82000000,90000000,90000000,90100000,98100000,100000,100000,0,8000000,0,0,8000000,8000000,82000000,82000000,90000000,90000000,100010,11100010,100000,100000,10,11000010
283,810606000,810606000,100000,100000,9000000,9000000,634506000,634506000,9000000,9000000,158000000,158000000,167000000,167000000,176100000,176100000,100000,100000,9000000,9000000,0,0,9000000,9000000,158000000,158000000,167000000,167000000,100010,16100040,100000,100000,10,16000040
313,696606000,703606000,100000,100000,1000000,8000000,634506000,634506000,1000000,1000000,60000000,60000000,61000000,61000000,62100000,69100000,100000,100000,1000000,8000000,0,0,1000000,1000000,60000000,60000000,61000000,61000000,100010,12100020,100000,100000,10,12000020
343,696606000,703606000,100000,100000,1000000,8000000,634506000,634506000,1000000,1000000,60000000,60000000,61000000,61000000,62100000,69100000,100000,100000,1000000,8000000,0,0,1000000,1000000,60000000,60000000,61000000,61000000,100010,12100020,100000,100000,10,12000020
373,781606000,781606000,100000,100000,9000000,9000000,634506000,634506000,9000000,9000000,129000000,129000000,138000000,138000000,147100000,147100000,100000,100000,9000000,9000000,0,0,9000000,9000000,129000000,129000000,138000000,138000000,100010,16100030,100000,100000,10,16000030
403,966606000,967606000,100000,100000,12000000,13000000,634506000,634506000,13000000,13000000,307000000,307000000,320000000,320000000,332100000,333100000,100000,100000,12000000,13000000,0,0,13000000,13000000,307000000,307000000,320000000,320000000,100010,2100010,100000,100000,10,2000010
433,827606000,828606000,100000,100000,11000000,12000000,634506000,634506000,12000000,12000000,170000000,170000000,182000000,182000000,193100000,194100000,100000,100000,11000000,12000000,0,0,12000000,12000000,170000000,170000000,182000000,182000000,100010,26100040,100000,100000,10,26000040
463,710606000,712606000,100000,100000,9000000,11000000,634506000,634506000,9000000,9000000,58000000,58000000,67000000,67000000,76100000,78100000,100000,100000,9000000,11000000,0,0,9000000,9000000,58000000,58000000,67000000,67000000,100010,17100030,100000,100000,10,17000030
493,912606000,912606000,100000,100000,4000000,4000000,634506000,634506000,4000000,4000000,270000000,270000000,274000000,274000000,278100000,278100000,100000,100000,4000000,4000000,0,0,4000000,4000000,270000000,270000000,274000000,274000000,100010,15100040,100000,100000,10,15000040
523,796606000,816606000,100000,100000,18000000,38000000,634506000,634506000,38000000,38000000,106000000,106000000,144000000,144000000,162100000,182100000,100000,100000,18000000,38000000,0,0,38000000,38000000,106000000,106000000,144000000,144000000,100010,62100010,100000,100000,10,62000010
553,790606000,795606000,100000,100000,7000000,12000000,634506000,634506000,12000000,12000000,137000000,137000000,149000000,149000000,156100000,161100000,100000,100000,7000000,12000000,0,0,12000000,12000000,137000000,137000000,149000000,149000000,100010,23100030,100000,100000,10,23000030
583,1025606000,1026606000,100000,100000,46000000,47000000,634506000,634506000,47000000,47000000,298000000,298000000,345000000,345000000,391100000,392100000,100000,100000,46000000,47000000,0,0,47000000,47000000,298000000,298000000,345000000,345000000,100010,39100050,100000,100000,10,39000050
613,855606000,856606000,100000,100000,9000000,10000000,634506000,634506000,10000000,10000000,202000000,202000000,212000000,212000000,221100000,222100000,100000,100000,9000000,10000000,0,0,10000000,10000000,202000000,202000000,212000000,212000000,100010,21100040,100000,100000,10,21000040
643,806606000,807606000,100000,100000,9000000,10000000,634506000,634506000,10000000,10000000,153000000,153000000,163000000,163000000,172100000,173100000,100000,100000,9000000,10000000,0,0,10000000,10000000,153000000,153000000,163000000,163000000,100010,83100020,100000,100000,10,83000020
673,726606000,726606000,100000,100000,6000000,6000000,634506000,634506000,6000000,6000000,80000000,80000000,86000000,86000000,92100000,92100000,100000,100000,6000000,6000000,0,0,6000000,6000000,80000000,80000000,86000000,86000000,100010,10100010,100000,100000,10,10000010
703,838606000,839606000,100000,100000,17000000,18000000,634506000,634506000,18000000,18000000,169000000,169000000,187000000,187000000,204100000,205100000,100000,100000,17000000,18000000,0,0,18000000,18000000,169000000,169000000,187000000,187000000,100010,21100010,100000,100000,10,21000010
733,826606000,826606000,100000,100000,6000000,6000000,634506000,634506000,6000000,6000000,180000000,180000000,186000000,186000000,192100000,192100000,100000,100000,6000000,6000000,0,0,6000000,6000000,180000000,180000000,186000000,186000000,100010,12100020,100000,100000,10,12000020
763,709606000,709606000,100000,100000,1000000,1000000,634506000,634506000,1000000,1000000,73000000,73000000,74000000,74000000,75100000,75100000,100000,100000,1000000,1000000,0,0,1000000,1000000,73000000,73000000,74000000,74000000,100010,20100030,100000,100000,10,20000030
793,748606000,748606000,100000,100000,1000000,1000000,634506000,634506000,1000000,1000000,112000000,112000000,113000000,113000000,114100000,114100000,100000,100000,1000000,1000000,0,0,1000000,1000000,112000000,112000000,113000000,113000000,100010,81100040,100000,100000,10,81000040
823,849606000,850606000,100000,100000,0,1000000,634506000,634506000,1000000,1000000,214000000,214000000,215000000,215000000,215100000,216100000,100000,100000,0,1000000,0,0,1000000,1000000,214000000,214000000,215000000,215000000,100010,81100030,100000,100000,10,81000030
853,681606000,687606000,100000,100000,2000000,8000000,634506000,634506000,8000000,8000000,37000000,37000000,45000000,45000000,47100000,53100000,100000,100000,2000000,8000000,0,0,8000000,8000000,37000000,37000000,45000000,45000000,100010,7100030,100000,100000,10,7000030
883,1050606000,1050606000,100000,100000,81000000,81000000,634506000,634506000,81000000,81000000,254000000,254000000,335000000,335000000,416100000,416100000,100000,100000,81000000,81000000,0,0,81000000,81000000,254000000,254000000,335000000,335000000,100010,132100030,100000,100000,10,132000030
913,644606000,655606000,100000,100000,10000000,21000000,634506000,634506000,0,0,0,0,0,0,10100000,21100000,100000,100000,10000000,21000000,0,0,0,0,0,0,0,0,100010,100000,100000,100000,10,0
943,849606000,849606000,100000,100000,8000000,8000000,634506000,634506000,8000000,8000000,199000000,199000000,207000000,207000000,215100000,215100000,100000,100000,8000000,8000000,0,0,8000000,8000000,199000000,199000000,207000000,207000000,100010,44100030,100000,100000,10,44000030
973,929606000,7292666000,100000,100000,1000000,19000000,634506000,6979566000,18000000,18000000,276000000,276000000,294000000,294000000,295100000,313100000,100000,100000,1000000,19000000,0,0,18000000,18000000,276000000,276000000,294000000,294000000,100010,68100020,100000,100000,10,68000020
1003,670606000,3844136000,100000,100000,12000000,13000000,634506000,3807036000,13000000,13000000,11000000,11000000,24000000,24000000,36100000,37100000,100000,100000,12000000,13000000,0,0,13000000,13000000,11000000,11000000,24000000,24000000,100010,100000,100000,100000,10,0
1033,866606000,8497678000,100000,100000,1000000,18000000,634506000,8248578000,10000000,10000000,221000000,221000000,231000000,231000000,232100000,249100000,100000,100000,1000000,18000000,0,0,10000000,10000000,221000000,221000000,231000000,231000000,100010,68100020,100000,100000,10,68000020
1063,677606000,3216630000,100000,100000,19000000,20000000,634506000,3172530000,20000000,20000000,4000000,4000000,24000000,24000000,43100000,44100000,100000,100000,19000000,20000000,0,0,20000000,20000000,4000000,4000000,24000000,24000000,100010,100000,100000,100000,10,0
1093,965606000,4775642000,100000,100000,10000000,13000000,634506000,4441542000,13000000,13000000,308000000,308000000,321000000,321000000,331100000,334100000,100000,100000,10000000,13000000,0,0,13000000,13000000,308000000,308000000,321000000,321000000,100010,100000,100000,100000,10,0
1123,641606000,1911618000,100000,100000,7000000,8000000,634506000,1903518000,0,0,0,0,0,0,7100000,8100000,100000,100000,7000000,8000000,0,0,0,0,0,0,0,0,100010,100000,100000,100000,10,0
1153,650606000,651606000,100000,100000,16000000,17000000,634506000,634506000,0,0,0,0,0,0,16100000,17100000,100000,100000,16000000,17000000,0,0,0,0,0,0,0,0,100010,100000,100000,100000,10,0
1183,652606000,3191630000,100000,100000,8000000,9000000,634506000,3172530000,9000000,9000000,1000000,1000000,10000000,10000000,18100000,19100000,100000,100000,8000000,9000000,0,0,9000000,9000000,1000000,1000000,10000000,10000000,100010,100000,100000,100000,10,0
1213,635606000,636606000,100000,100000,1000000,2000000,634506000,634506000,0,0,0,0,0,0,1100000,2100000,100000,100000,1000000,2000000,0,0,0,0,0,0,0,0,100010,100000,100000,100000,10,0
1243,699606000,1336112000,100000,100000,11000000,13000000,634506000,1269012000,13000000,13000000,41000000,41000000,54000000,54000000,65100000,67100000,100000,100000,11000000,13000000,0,0,13000000,13000000,41000000,41000000,54000000,54000000,100010,33100020,100000,100000,10,33000020
1273,738606000,3279630000,100000,100000,17000000,20000000,634506000,3172530000,19000000,19000000,68000000,68000000,87000000,87000000,104100000,107100000,100000,100000,17000000,20000000,0,0,19000000,19000000,68000000,68000000,87000000,87000000,100010,62100010,100000,100000,10,62000010
14,709606000,709606000,100000,100000,19000000,19000000,634506000,634506000,19000000,19000000,37000000,37000000,56000000,56000000,75100000,75100000,100000,100000,19000000,19000000,0,0,19000000,19000000,37000000,37000000,56000000,56000000,100010,22100010,100000,100000,10,22000010
44,957606000,958606000,100000,100000,17000000,18000000,634506000,634506000,18000000,18000000,288000000,288000000,306000000,306000000,323100000,324100000,100000,100000,17000000,18000000,0,0,18000000,18000000,288000000,288000000,306000000,306000000,100010,61100050,100000,100000,10,61000050
74,861606000,862606000,100000,100000,10000000,11000000,634506000,634506000,11000000,11000000,206000000,206000000,217000000,217000000,227100000,228100000,100000,100000,10000000,11000000,0,0,11000000,11000000,206000000,206000000,217000000,217000000,100010,34100040,100000,100000,10,34000040
104,765606000,765606000,100000,100000,18000000,18000000,634506000,634506000,18000000,18000000,95000000,95000000,113000000,113000000,131100000,131100000,100000,100000,18000000,18000000,0,0,18000000,18000000,95000000,95000000,113000000,113000000,100010,73100030,100000,100000,10,73000030
134,797606000,797606000,100000,100000,1000000,1000000,634506000,634506000,1000000,1000000,161000000,161000000,162000000,162000000,163100000,163100000,100000,100000,1000000,1000000,0,0,1000000,1000000,161000000,161000000,162000000,162000000,100010,12100030,100000,100000,10,12000030
164,767606000,769606000,100000,100000,9000000,11000000,634506000,634506000,9000000,9000000,115000000,115000000,124000000,124000000,133100000,135100000,100000,100000,9000000,11000000,0,0,9000000,9000000,115000000,115000000,124000000,124000000,100010,30100010,100000,100000,10,30000010
194,922606000,933606000,100000,100000,9000000,20000000,634506000,634506000,20000000,20000000,259000000,259000000,279000000,279000000,288100000,299100000,100000,100000,9000000,20000000,0,0,20000000,20000000,259000000,259000000,279000000,279000000,100010,19100040,100000,100000,10,19000040
224,893606000,894606000,100000,100000,19000000,20000000,634506000,634506000,20000000,20000000,220000000,220000000,240000000,240000000,259100000,260100000,100000,100000,19000000,20000000,0,0,20000000,20000000,220000000,220000000,240000000,240000000,100010,22100010,100000,100000,10,22000010
254,798606000,799606000,100000,100000,8000000,9000000,634506000,634506000,9000000,9000000,147000000,147000000,156000000,156000000,164100000,165100000,100000,100000,8000000,9000000,0,0,9000000,9000000,147000000,147000000,156000000,156000000,100010,16100040,100000,100000,10,16000040
284,727606000,727606000,100000,100000,9000000,9000000,634506000,634506000,9000000,9000000,75000000,75000000,84000000,84000000,93100000,93100000,100000,100000,9000000,9000000,0,0,9000000,9000000,75000000,75000000,84000000,84000000,100010,13100030,100000,100000,10,13000030
314,786606000,796606000,100000,100000,8000000,10000000,634506000,634506000,10000000,73000000,134000000,79000000,144000000,152000000,152100000,162100000,100000,100000,8000000,10000000,0,0,10000000,73000000,134000000,79000000,144000000,152000000,100010,77100030,100000,100000,10,77000030
344,891606000,892606000,100000,100000,8000000,9000000,634506000,634506000,9000000,9000000,240000000,240000000,249000000,249000000,257100000,258100000,100000,100000,8000000,9000000,0,0,9000000,9000000,240000000,240000000,249000000,249000000,100010,33100020,100000,100000,10,33000020
374,782606000,782606000,100000,100000,9000000,9000000,634506000,634506000,9000000,9000000,130000000,130000000,139000000,139000000,148100000,148100000,100000,100000,9000000,9000000,0,0,9000000,9000000,130000000,130000000,139000000,139000000,100010,16100030,100000,100000,10,16000030
404,741606000,742606000,100000,100000,11000000,12000000,634506000,634506000,12000000,12000000,84000000,84000000,96000000,96000000,107100000,108100000,100000,100000,11000000,12000000,0,0,12000000,12000000,84000000,84000000,96000000,96000000,100010,33100020,100000,100000,10,33000020
434,837606000,837606000,100000,100000,11000000,11000000,634506000,634506000,11000000,11000000,181000000,181000000,192000000,192000000,203100000,203100000,100000,100000,11000000,11000000,0,0,11000000,11000000,181000000,181000000,192000000,192000000,100010,26100040,100000,100000,10,26000040
464,741606000,742606000,100000,100000,11000000,12000000,634506000,634506000,12000000,12000000,84000000,84000000,96000000,96000000,107100000,108100000,100000,100000,11000000,12000000,0,0,12000000,12000000,84000000,84000000,96000000,96000000,100010,33100020,100000,100000,10,33000020
494,912606000,912606000,100000,100000,4000000,4000000,634506000,634506000,4000000,4000000,270000000,270000000,274000000,274000000,278100000,278100000,100000,100000,4000000,4000000,0,0,4000000,4000000,270000000,270000000,274000000,274000000,100010,15100040,100000,100000,10,15000040
524,985606000,987606000,100000,100000,18000000,20000000,634506000,634506000,20000000,20000000,313000000,313000000,333000000,333000000,351100000,353100000,100000,100000,18000000,20000000,0,0,20000000,20000000,313000000,313000000,333000000,333000000,100010,26100040,100000,100000,10,26000040
554,868606000,869606000,100000,100000,7000000,8000000,634506000,634506000,8000000,8000000,219000000,219000000,227000000,227000000,234100000,235100000,100000,100000,7000000,8000000,0,0,8000000,8000000,219000000,219000000,227000000,227000000,100010,22100030,100000,100000,10,22000030
584,680606000,685606000,100000,100000,46000000,51000000,634506000,634506000,0,0,0,0,0,0,46100000,51100000,100000,100000,46000000,51000000,0,0,0,0,0,0,0,0,100010,100000,100000,100000,10,0
614,855606000,856606000,100000,100000,9000000,10000000,634506000,634506000,10000000,10000000,202000000,202000000,212000000,212000000,221100000,222100000,100000,100000,9000000,10000000,0,0,10000000,10000000,202000000,202000000,212000000,212000000,100010,21100040,100000,100000,10,21000040
644,806606000,807606000,100000,100000,9000000,10000000,634506000,634506000,10000000,10000000,153000000,153000000,163000000,163000000,172100000,173100000,100000,100000,9000000,10000000,0,0,10000000,10000000,153000000,153000000,163000000,163000000,100010,83100020,100000,100000,10,83000020
674,754606000,754606000,100000,100000,6000000,6000000,634506000,634506000,6000000,6000000,108000000,108000000,114000000,114000000,120100000,120100000,100000,100000,6000000,6000000,0,0,6000000,6000000,108000000,108000000,114000000,114000000,100010,10100010,100000,100000,10,10000010
704,838606000,839606000,100000,100000,17000000,18000000,634506000,634506000,18000000,18000000,169000000,169000000,187000000,187000000,204100000,205100000,100000,100000,17000000,18000000,0,0,18000000,18000000,169000000,169000000,187000000,187000000,100010,21100010,100000,100000,10,21000010
734,827606000,827606000,100000,100000,6000000,6000000,634506000,634506000,6000000,6000000,181000000,181000000,187000000,187000000,193100000,193100000,100000,100000,6000000,6000000,0,0,6000000,6000000,181000000,181000000,187000000,187000000,100010,82100030,100000,100000,10,82000030
764,706606000,706606000,100000,100000,1000000,1000000,634506000,634506000,1000000,1000000,70000000,70000000,71000000,71000000,72100000,72100000,100000,100000,1000000,1000000,0,0,1000000,1000000,70000000,70000000,71000000,71000000,100010,20100030,100000,100000,10,20000030
794,745606000,745606000,100000,100000,1000000,1000000,634506000,634506000,1000000,1000000,109000000,109000000,110000000,110000000,111100000,111100000,100000,100000,1000000,1000000,0,0,1000000,1000000,109000000,109000000,110000000,110000000,100010,81100040,100000,100000,10,81000040
824,849606000,850606000,100000,100000,0,1000000,634506000,634506000,1000000,1000000,214000000,214000000,215000000,215000000,215100000,216100000,100000,100000,0,1000000,0,0,1000000,1000000,214000000,214000000,215000000,215000000,100010,81100030,100000,100000,10,81000030
854,780606000,781606000,100000,100000,8000000,9000000,634506000,634506000,8000000,8000000,130000000,130000000,138000000,138000000,146100000,147100000,100000,100000,8000000,9000000,0,0,8000000,8000000,130000000,130000000,138000000,138000000,100010,34100030,100000,100000,10,34000030
884,809606000,809606000,100000,100000,16000000,16000000,634506000,634506000,16000000,16000000,143000000,143000000,159000000,159000000,175100000,175100000,100000,100000,16000000,16000000,0,0,16000000,16000000,143000000,143000000,159000000,159000000,100010,25100030,100000,100000,10,25000030
914,1021606000,1023606000,100000,100000,41000000,43000000,634506000,634506000,43000000,44000000,303000000,302000000,346000000,346000000,387100000,389100000,100000,100000,41000000,43000000,0,0,43000000,44000000,303000000,302000000,346000000,346000000,100010,115100080,100000,100000,10,115000080
944,849606000,849606000,100000,100000,8000000,8000000,634506000,634506000,8000000,8000000,199000000,199000000,207000000,207000000,215100000,215100000,100000,100000,8000000,8000000,0,0,8000000,8000000,199000000,199000000,207000000,207000000,100010,44100030,100000,100000,10,44000030
974,972606000,16230750000,100000,100000,8000000,38000000,634506000,15862650000,20000000,20000000,310000000,310000000,330000000,330000000,338100000,368100000,100000,100000,8000000,38000000,0,0,20000000,20000000,310000000,310000000,330000000,330000000,100010,47100020,100000,100000,10,47000020
1004,672606000,5115148000,100000,100000,12000000,13000000,634506000,5076048000,13000000,13000000,13000000,13000000,26000000,26000000,38100000,39100000,100000,100000,12000000,13000000,0,0,13000000,13000000,13000000,13000000,26000000,26000000,100010,100000,100000,100000,10,0
1034,651606000,1921618000,100000,100000,17000000,18000000,634506000,1903518000,0,0,0,0,0,0,17100000,18100000,100000,100000,17000000,18000000,0,0,0,0,0,0,0,0,100010,100000,100000,100000,10,0
1064,653606000,1289112000,100000,100000,19000000,20000000,634506000,1269012000,0,0,0,0,0,0,19100000,20100000,100000,100000,19000000,20000000,0,0,0,0,0,0,0,0,100010,100000,100000,100000,10,0
1094,965606000,4775642000,100000,100000,10000000,13000000,634506000,4441542000,13000000,13000000,308000000,308000000,321000000,321000000,331100000,334100000,100000,100000,10000000,13000000,0,0,13000000,13000000,308000000,308000000,321000000,321000000,100010,100000,100000,100000,10,0
1124,641606000,1911618000,100000,100000,7000000,8000000,634506000,1903518000,0,0,0,0,0,0,7100000,8100000,100000,100000,7000000,8000000,0,0,0,0,0,0,0,0,100010,100000,100000,100000,10,0
1154,649606000,2555124000,100000,100000,15000000,17000000,634506000,2538024000,0,0,0,0,0,0,15100000,17100000,100000,100000,15000000,17000000,0,0,0,0,0,0,0,0,100010,100000,100000,100000,10,0
1184,652606000,3191630000,100000,100000,8000000,9000000,634506000,3172530000,9000000,9000000,1000000,1000000,10000000,10000000,18100000,19100000,100000,100000,8000000,9000000,0,0,9000000,9000000,1000000,1000000,10000000,10000000,100010,100000,100000,100000,10,0
1214,1021606000,1659112000,100000,100000,41000000,44000000,634506000,1269012000,44000000,44000000,302000000,302000000,346000000,346000000,387100000,390100000,100000,100000,41000000,44000000,0,0,44000000,44000000,302000000,302000000,346000000,346000000,100010,115100080,100000,100000,10,115000080
1244,645606000,1282112000,100000,100000,11000000,13000000,634506000,1269012000,0,0,0,0,0,0,11100000,13100000,100000,100000,11000000,13000000,0,0,0,0,0,0,0,0,100010,100000,100000,100000,10,0
1274,711606000,2617124000,100000,100000,17000000,19000000,634506000,2538024000,19000000,19000000,41000000,41000000,60000000,60000000,77100000,79100000,100000,100000,17000000,19000000,0,0,19000000,19000000,41000000,41000000,60000000,60000000,100010,100000,100000,100000,10,0
15,923606000,924606000,100000,100000,19000000,20000000,634506000,634506000,20000000,20000000,250000000,250000000,270000000,270000000,289100000,290100000,100000,100000,19000000,20000000,0,0,20000000,20000000,250000000,250000000,270000000,270000000,100010,51100030,100000,100000,10,51000030
45,748606000,755606000,100000,100000,10000000,17000000,634506000,634506000,17000000,17000000,87000000,87000000,104000000,104000000,114100000,121100000,100000,100000,10000000,17000000,0,0,17000000,17000000,87000000,87000000,104000000,104000000,100010,40100010,100000,100000,10,40000010
75,784606000,785606000,100000,100000,10000000,11000000,634506000,634506000,11000000,11000000,129000000,129000000,140000000,140000000,150100000,151100000,100000,100000,10000000,11000000,0,0,11000000,11000000,129000000,129000000,140000000,140000000,100010,34100040,100000,100000,10,34000040
105,739606000,739606000,100000,100000,18000000,18000000,634506000,634506000,18000000,18000000,69000000,69000000,87000000,87000000,105100000,105100000,100000,100000,18000000,18000000,0,0,18000000,18000000,69000000,69000000,87000000,87000000,100010,25100020,100000,100000,10,25000020
135,857606000,860606000,100000,100000,1000000,4000000,634506000,634506000,4000000,4000000,218000000,218000000,222000000,222000000,223100000,226100000,100000,100000,1000000,4000000,0,0,4000000,4000000,218000000,218000000,222000000,222000000,100010,19100030,100000,100000,10,19000030
165,936606000,938606000,100000,100000,7000000,9000000,634506000,634506000,9000000,9000000,286000000,286000000,295000000,295000000,302100000,304100000,100000,100000,7000000,9000000,0,0,9000000,9000000,286000000,286000000,295000000,295000000,100010,81100040,100000,100000,10,81000040
195,880606000,880606000,100000,100000,20000000,20000000,634506000,634506000,20000000,20000000,206000000,206000000,226000000,226000000,246100000,246100000,100000,100000,20000000,20000000,0,0,20000000,20000000,206000000,206000000,226000000,226000000,100010,51100030,100000,100000,10,51000030
225,893606000,894606000,100000,100000,19000000,20000000,634506000,634506000,20000000,20000000,220000000,220000000,240000000,240000000,259100000,260100000,100000,100000,19000000,20000000,0,0,20000000,20000000,220000000,220000000,240000000,240000000,100010,22100010,100000,100000,10,22000010
255,870606000,871606000,100000,100000,8000000,9000000,634506000,634506000,9000000,9000000,219000000,219000000,228000000,228000000,236100000,237100000,100000,100000,8000000,9000000,0,0,9000000,9000000,219000000,219000000,228000000,228000000,100010,16100040,100000,100000,10,16000040
285,824606000,824606000,100000,100000,9000000,9000000,634506000,634506000,9000000,9000000,172000000,172000000,181000000,181000000,190100000,190100000,100000,100000,9000000,9000000,0,0,9000000,9000000,172000000,172000000,181000000,181000000,100010,16100040,100000,100000,10,16000040
315,891606000,892606000,100000,100000,8000000,9000000,634506000,634506000,9000000,9000000,240000000,240000000,249000000,249000000,257100000,258100000,100000,100000,8000000,9000000,0,0,9000000,9000000,240000000,240000000,249000000,249000000,100010,33100020,100000,100000,10,33000020
345,891606000,892606000,100000,100000,8000000,9000000,634506000,634506000,9000000,9000000,240000000,240000000,249000000,249000000,257100000,258100000,100000,100000,8000000,9000000,0,0,9000000,9000000,240000000,240000000,249000000,249000000,100010,33100020,100000,100000,10,33000020
375,739606000,739606000,100000,100000,9000000,9000000,634506000,634506000,9000000,9000000,87000000,87000000,96000000,96000000,105100000,105100000,100000,100000,9000000,9000000,0,0,9000000,9000000,87000000,87000000,96000000,96000000,100010,16100030,100000,100000,10,16000030
405,967606000,968606000,100000,100000,12000000,13000000,634506000,634506000,13000000,13000000,308000000,308000000,321000000,321000000,333100000,334100000,100000,100000,12000000,13000000,0,0,13000000,13000000,308000000,308000000,321000000,321000000,100010,2100010,100000,100000,10,2000010
435,827606000,828606000,100000,100000,11000000,12000000,634506000,634506000,12000000,12000000,170000000,170000000,182000000,182000000,193100000,194100000,100000,100000,11000000,12000000,0,0,12000000,12000000,170000000,170000000,182000000,182000000,100010,26100040,100000,100000,10,26000040
465,750606000,750606000,100000,100000,11000000,11000000,634506000,634506000,11000000,11000000,94000000,94000000,105000000,105000000,116100000,116100000,100000,100000,11000000,11000000,0,0,11000000,11000000,94000000,94000000,105000000,105000000,100010,33100020,100000,100000,10,33000020
495,1000606000,1001606000,100000,100000,37000000,38000000,634506000,634506000,38000000,38000000,291000000,291000000,329000000,329000000,366100000,367100000,100000,100000,37000000,38000000,0,0,38000000,38000000,291000000,291000000,329000000,329000000,100010,36100040,100000,100000,10,36000040
525,807606000,807606000,100000,100000,18000000,18000000,634506000,634506000,18000000,18000000,137000000,137000000,155000000,155000000,173100000,173100000,100000,100000,18000000,18000000,0,0,18000000,18000000,137000000,137000000,155000000,155000000,100010,62100010,100000,100000,10,62000010
555,868606000,869606000,100000,100000,7000000,8000000,634506000,634506000,8000000,8000000,219000000,219000000,227000000,227000000,234100000,235100000,100000,100000,7000000,8000000,0,0,8000000,8000000,219000000,219000000,227000000,227000000,100010,22100030,100000,100000,10,22000030
585,1024606000,1025606000,100000,100000,43000000,44000000,634506000,634506000,44000000,44000000,303000000,303000000,347000000,347000000,390100000,391100000,100000,100000,43000000,44000000,0,0,44000000,44000000,303000000,303000000,347000000,347000000,100010,117100090,100000,100000,10,117000090
615,885606000,886606000,100000,100000,9000000,10000000,634506000,634506000,10000000,10000000,232000000,232000000,242000000,242000000,251100000,252100000,100000,100000,9000000,10000000,0,0,10000000,10000000,232000000,232000000,242000000,242000000,100010,83100020,100000,100000,10,83000020
645,806606000,807606000,100000,100000,9000000,10000000,634506000,634506000,10000000,10000000,153000000,153000000,163000000,163000000,172100000,173100000,100000,100000,9000000,10000000,0,0,10000000,10000000,153000000,153000000,163000000,163000000,100010,83100020,100000,100000,10,83000020
675,754606000,754606000,100000,100000,6000000,6000000,634506000,634506000,6000000,6000000,108000000,108000000,114000000,114000000,120100000,120100000,100000,100000,6000000,6000000,0,0,6000000,6000000,108000000,108000000,114000000,114000000,100010,12100020,100000,100000,10,12000020
705,841606000,842606000,100000,100000,17000000,18000000,634506000,634506000,18000000,18000000,172000000,172000000,190000000,190000000,207100000,208100000,100000,100000,17000000,18000000,0,0,18000000,18000000,172000000,172000000,190000000,190000000,100010,21100010,100000,100000,10,21000010
735,640606000,642606000,100000,100000,6000000,8000000,634506000,634506000,0,0,0,0,0,0,6100000,8100000,100000,100000,6000000,8000000,0,0,0,0,0,0,0,0,100010,100000,100000,100000,10,0
765,669606000,669606000,100000,100000,1000000,1000000,634506000,634506000,1000000,1000000,33000000,33000000,34000000,34000000,35100000,35100000,100000,100000,1000000,1000000,0,0,1000000,1000000,33000000,33000000,34000000,34000000,100010,11100030,100000,100000,10,11000030
795,768606000,768606000,100000,100000,1000000,1000000,634506000,634506000,1000000,1000000,132000000,132000000,133000000,133000000,134100000,134100000,100000,100000,1000000,1000000,0,0,1000000,1000000,132000000,132000000,133000000,133000000,100010,18100020,100000,100000,10,18000020
825,846606000,847606000,100000,100000,0,1000000,634506000,634506000,1000000,1000000,211000000,211000000,212000000,212000000,212100000,213100000,100000,100000,0,1000000,0,0,1000000,1000000,211000000,211000000,212000000,212000000,100010,81100030,100000,100000,10,81000030
855,972606000,973606000,100000,100000,12000000,13000000,634506000,634506000,13000000,13000000,313000000,313000000,326000000,326000000,338100000,339100000,100000,100000,12000000,13000000,0,0,13000000,13000000,313000000,313000000,326000000,326000000,100010,9100010,100000,100000,10,9000010
885,811606000,811606000,100000,100000,16000000,16000000,634506000,634506000,16000000,16000000,145000000,145000000,161000000,161000000,177100000,177100000,100000,100000,16000000,16000000,0,0,16000000,16000000,145000000,145000000,161000000,161000000,100010,25100030,100000,100000,10,25000030
915,866606000,867606000,100000,100000,18000000,19000000,634506000,634506000,18000000,18000000,196000000,196000000,214000000,214000000,232100000,233100000,100000,100000,18000000,19000000,0,0,18000000,18000000,196000000,196000000,214000000,214000000,100010,62100010,100000,100000,10,62000010
945,789606000,789606000,100000,100000,8000000,8000000,634506000,634506000,8000000,8000000,139000000,139000000,147000000,147000000,155100000,155100000,100000,100000,8000000,8000000,0,0,8000000,8000000,139000000,139000000,147000000,147000000,100010,44100030,100000,100000,10,44000030
975,860606000,4679642000,100000,100000,8000000,20000000,634506000,4441542000,19000000,19000000,199000000,199000000,218000000,218000000,226100000,238100000,100000,100000,8000000,20000000,0,0,19000000,19000000,199000000,199000000,218000000,218000000,100010,72100020,100000,100000,10,72000020
1005,972606000,16211750000,100000,100000,7000000,18000000,634506000,15862650000,13000000,13000000,318000000,318000000,331000000,331000000,338100000,349100000,100000,100000,7000000,18000000,0,0,13000000,13000000,318000000,318000000,331000000,331000000,100010,75100040,100000,100000,10,75000040
1035,1083606000,4324136000,100000,100000,17000000,85000000,634506000,3807036000,73000000,73000000,359000000,359000000,432000000,432000000,449100000,517100000,100000,100000,17000000,85000000,0,0,73000000,73000000,359000000,359000000,432000000,432000000,100010,66100030,100000,100000,10,66000030
1065,677606000,3851136000,100000,100000,19000000,20000000,634506000,3807036000,20000000,20000000,4000000,4000000,24000000,24000000,43100000,44100000,100000,100000,19000000,20000000,0,0,20000000,20000000,4000000,4000000,24000000,24000000,100010,100000,100000,100000,10,0
1095,833606000,3373630000,100000,100000,11000000,13000000,634506000,3172530000,13000000,13000000,175000000,175000000,188000000,188000000,199100000,201100000,100000,100000,11000000,13000000,0,0,13000000,13000000,175000000,175000000,188000000,188000000,100010,100000,100000,100000,10,0
1125,950606000,13104220000,100000,100000,0,10000000,634506000,12690120000,8000000,37000000,308000000,367000000,316000000,404000000,316100000,414100000,100000,100000,0,10000000,0,0,8000000,37000000,308000000,367000000,316000000,404000000,100010,80100040,100000,100000,10,80000040
1155,668606000,1304112000,100000,100000,10000000,11000000,634506000,1269012000,11000000,11000000,13000000,13000000,24000000,24000000,34100000,35100000,100000,100000,10000000,11000000,0,0,11000000,11000000,13000000,13000000,24000000,24000000,100010,100000,100000,100000,10,0
1185,652606000,3191630000,100000,100000,8000000,9000000,634506000,3172530000,9000000,9000000,1000000,1000000,10000000,10000000,18100000,19100000,100000,100000,8000000,9000000,0,0,9000000,9000000,1000000,1000000,10000000,10000000,100010,100000,100000,100000,10,0
1215,669606000,1939618000,100000,100000,17000000,18000000,634506000,1903518000,17000000,17000000,1000000,1000000,18000000,18000000,35100000,36100000,100000,100000,17000000,18000000,0,0,17000000,17000000,1000000,1000000,18000000,18000000,100010,100000,100000,100000,10,0
1245,643606000,644606000,100000,100000,9000000,10000000,634506000,634506000,0,0,0,0,0,0,9100000,10100000,100000,100000,9000000,10000000,0,0,0,0,0,0,0,0,100010,100000,100000,100000,10,0
1275,711606000,2617124000,100000,100000,17000000,19000000,634506000,2538024000,19000000,19000000,41000000,41000000,60000000,60000000,77100000,79100000,100000,100000,17000000,19000000,0,0,19000000,19000000,41000000,41000000,60000000,60000000,100010,100000,100000,100000,10,0
16,922606000,923606000,100000,100000,19000000,20000000,634506000,634506000,20000000,20000000,249000000,249000000,269000000,269000000,288100000,289100000,100000,100000,19000000,20000000,0,0,20000000,20000000,249000000,249000000,269000000,269000000,100010,22100010,100000,100000,10,22000010
46,923606000,924606000,100000,100000,17000000,18000000,634506000,634506000,18000000,18000000,254000000,254000000,272000000,272000000,289100000,290100000,100000,100000,17000000,18000000,0,0,18000000,18000000,254000000,254000000,272000000,272000000,100010,68100020,100000,100000,10,68000020
76,896606000,897606000,100000,100000,10000000,11000000,634506000,634506000,11000000,11000000,241000000,241000000,252000000,252000000,262100000,263100000,100000,100000,10000000,11000000,0,0,11000000,11000000,241000000,241000000,252000000,252000000,100010,68100040,100000,100000,10,68000040
106,811606000,811606000,100000,100000,18000000,18000000,634506000,634506000,18000000,18000000,141000000,141000000,159000000,159000000,177100000,177100000,100000,100000,18000000,18000000,0,0,18000000,18000000,141000000,141000000,159000000,159000000,100010,25100040,100000,100000,10,25000040
136,720606000,728606000,100000,100000,1000000,9000000,634506000,634506000,9000000,9000000,76000000,76000000,85000000,85000000,86100000,94100000,100000,100000,1000000,9000000,0,0,9000000,9000000,76000000,76000000,85000000,85000000,100010,11100030,100000,100000,10,11000030
166,834606000,834606000,100000,100000,20000000,20000000,634506000,634506000,20000000,20000000,160000000,160000000,180000000,180000000,200100000,200100000,100000,100000,20000000,20000000,0,0,20000000,20000000,160000000,160000000,180000000,180000000,100010,27100040,100000,100000,10,27000040
196,880606000,880606000,100000,100000,20000000,20000000,634506000,634506000,20000000,20000000,206000000,206000000,226000000,226000000,246100000,246100000,100000,100000,20000000,20000000,0,0,20000000,20000000,206000000,206000000,226000000,226000000,100010,51100030,100000,100000,10,51000030
226,949606000,950606000,100000,100000,19000000,20000000,634506000,634506000,20000000,20000000,276000000,276000000,296000000,296000000,315100000,316100000,100000,100000,19000000,20000000,0,0,20000000,20000000,276000000,276000000,296000000,296000000,100010,22100010,100000,100000,10,22000010
256,818606000,819606000,100000,100000,8000000,9000000,634506000,634506000,9000000,9000000,167000000,167000000,176000000,176000000,184100000,185100000,100000,100000,8000000,9000000,0,0,9000000,9000000,167000000,167000000,176000000,176000000,100010,16100040,100000,100000,10,16000040
286,759606000,763606000,100000,100000,5000000,9000000,634506000,634506000,5000000,5000000,115000000,115000000,120000000,120000000,125100000,129100000,100000,100000,5000000,9000000,0,0,5000000,5000000,115000000,115000000,120000000,120000000,100010,17100030,100000,100000,10,17000030
316,891606000,892606000,100000,100000,8000000,9000000,634506000,634506000,9000000,9000000,240000000,240000000,249000000,249000000,257100000,258100000,100000,100000,8000000,9000000,0,0,9000000,9000000,240000000,240000000,249000000,249000000,100010,33100020,100000,100000,10,33000020
346,653606000,654606000,100000,100000,8000000,9000000,634506000,634506000,8000000,8000000,3000000,3000000,11000000,11000000,19100000,20100000,100000,100000,8000000,9000000,0,0,8000000,8000000,3000000,3000000,11000000,11000000,100010,1100010,100000,100000,10,1000010
376,782606000,782606000,100000,100000,9000000,9000000,634506000,634506000,9000000,9000000,130000000,130000000,139000000,139000000,148100000,148100000,100000,100000,9000000,9000000,0,0,9000000,9000000,130000000,130000000,139000000,139000000,100010,16100030,100000,100000,10,16000030
406,966606000,967606000,100000,100000,12000000,13000000,634506000,634506000,13000000,13000000,307000000,307000000,320000000,320000000,332100000,333100000,100000,100000,12000000,13000000,0,0,13000000,13000000,307000000,307000000,320000000,320000000,100010,2100010,100000,100000,10,2000010
436,827606000,828606000,100000,100000,11000000,12000000,634506000,634506000,12000000,12000000,170000000,170000000,182000000,182000000,193100000,194100000,100000,100000,11000000,12000000,0,0,12000000,12000000,170000000,170000000,182000000,182000000,100010,26100040,100000,100000,10,26000040
466,741606000,742606000,100000,100000,11000000,12000000,634506000,634506000,12000000,12000000,84000000,84000000,96000000,96000000,107100000,108100000,100000,100000,11000000,12000000,0,0,12000000,12000000,84000000,84000000,96000000,96000000,100010,33100020,100000,100000,10,33000020
496,998606000,1001606000,100000,100000,37000000,40000000,634506000,634506000,40000000,40000000,287000000,287000000,327000000,327000000,364100000,367100000,100000,100000,37000000,40000000,0,0,40000000,40000000,287000000,287000000,327000000,327000000,100010,30100010,100000,100000,10,30000010
526,878606000,879606000,100000,100000,18000000,19000000,634506000,634506000,19000000,19000000,207000000,207000000,226000000,226000000,244100000,245100000,100000,100000,18000000,19000000,0,0,19000000,19000000,207000000,207000000,226000000,226000000,100010,62100010,100000,100000,10,62000010
556,868606000,869606000,100000,100000,7000000,8000000,634506000,634506000,8000000,8000000,219000000,219000000,227000000,227000000,234100000,235100000,100000,100000,7000000,8000000,0,0,8000000,8000000,219000000,219000000,227000000,227000000,100010,22100030,100000,100000,10,22000030
586,1029606000,1032606000,100000,100000,44000000,47000000,634506000,634506000,47000000,47000000,304000000,304000000,351000000,351000000,395100000,398100000,100000,100000,44000000,47000000,0,0,47000000,47000000,304000000,304000000,351000000,351000000,100010,38100050,100000,100000,10,38000050
616,806606000,807606000,100000,100000,9000000,10000000,634506000,634506000,10000000,10000000,153000000,153000000,163000000,163000000,172100000,173100000,100000,100000,9000000,10000000,0,0,10000000,10000000,153000000,153000000,163000000,163000000,100010,83100020,100000,100000,10,83000020
646,839606000,839606000,100000,100000,10000000,10000000,634506000,634506000,10000000,10000000,185000000,185000000,195000000,195000000,205100000,205100000,100000,100000,10000000,10000000,0,0,10000000,10000000,185000000,185000000,195000000,195000000,100010,42100020,100000,100000,10,42000020
676,757606000,761606000,100000,100000,6000000,10000000,634506000,634506000,6000000,6000000,111000000,111000000,117000000,117000000,123100000,127100000,100000,100000,6000000,10000000,0,0,6000000,6000000,111000000,111000000,117000000,117000000,100010,6100040,100000,100000,10,6000040
706,773606000,789606000,100000,100000,1000000,17000000,634506000,634506000,17000000,17000000,121000000,121000000,138000000,138000000,139100000,155100000,100000,100000,1000000,17000000,0,0,17000000,17000000,121000000,121000000,138000000,138000000,100010,22100020,100000,100000,10,22000020
736,917606000,918606000,100000,100000,6000000,7000000,634506000,634506000,7000000,7000000,270000000,270000000,277000000,277000000,283100000,284100000,100000,100000,6000000,7000000,0,0,7000000,7000000,270000000,270000000,277000000,277000000,100010,38100030,100000,100000,10,38000030
766,709606000,709606000,100000,100000,1000000,1000000,634506000,634506000,1000000,1000000,73000000,73000000,74000000,74000000,75100000,75100000,100000,100000,1000000,1000000,0,0,1000000,1000000,73000000,73000000,74000000,74000000,100010,20100030,100000,100000,10,20000030
796,771606000,771606000,100000,100000,1000000,1000000,634506000,634506000,1000000,1000000,135000000,135000000,136000000,136000000,137100000,137100000,100000,100000,1000000,1000000,0,0,1000000,1000000,135000000,135000000,136000000,136000000,100010,18100020,100000,100000,10,18000020
826,796606000,797606000,100000,100000,0,1000000,634506000,634506000,1000000,1000000,161000000,161000000,162000000,162000000,162100000,163100000,100000,100000,0,1000000,0,0,1000000,1000000,161000000,161000000,162000000,162000000,100010,81100030,100000,100000,10,81000030
856,817606000,817606000,100000,100000,12000000,12000000,634506000,634506000,12000000,12000000,159000000,159000000,171000000,171000000,183100000,183100000,100000,100000,12000000,12000000,0,0,12000000,12000000,159000000,159000000,171000000,171000000,100010,9100010,100000,100000,10,9000010
886,721606000,721606000,100000,100000,2000000,2000000,634506000,634506000,2000000,2000000,83000000,83000000,85000000,85000000,87100000,87100000,100000,100000,2000000,2000000,0,0,2000000,2000000,83000000,83000000,85000000,85000000,100010,7100020,100000,100000,10,7000020
916,897606000,897606000,100000,100000,19000000,19000000,634506000,634506000,19000000,19000000,225000000,225000000,244000000,244000000,263100000,263100000,100000,100000,19000000,19000000,0,0,19000000,19000000,225000000,225000000,244000000,244000000,100010,62100010,100000,100000,10,62000010
946,891606000,892606000,100000,100000,8000000,9000000,634506000,634506000,9000000,9000000,240000000,240000000,249000000,249000000,257100000,258100000,100000,100000,8000000,9000000,0,0,9000000,9000000,240000000,240000000,249000000,249000000,100010,45100040,100000,100000,10,45000040
976,973606000,8025172000,100000,100000,9000000,81000000,634506000,7614072000,57000000,57000000,273000000,273000000,330000000,330000000,339100000,411100000,100000,100000,9000000,81000000,0,0,57000000,57000000,273000000,273000000,330000000,330000000,100010,52100050,100000,100000,10,52000050
1006,672606000,5115148000,100000,100000,12000000,13000000,634506000,5076048000,13000000,13000000,13000000,13000000,26000000,26000000,38100000,39100000,100000,100000,12000000,13000000,0,0,13000000,13000000,13000000,13000000,26000000,26000000,100010,100000,100000,100000,10,0
1036,1020606000,2932124000,100000,100000,43000000,51000000,634506000,2538024000,47000000,47000000,296000000,296000000,343000000,343000000,386100000,394100000,100000,100000,43000000,51000000,0,0,47000000,47000000,296000000,296000000,343000000,343000000,100010,36100050,100000,100000,10,36000050
1066,677606000,3851136000,100000,100000,19000000,20000000,634506000,3807036000,20000000,20000000,4000000,4000000,24000000,24000000,43100000,44100000,100000,100000,19000000,20000000,0,0,20000000,20000000,4000000,4000000,24000000,24000000,100010,100000,100000,100000,10,0
1096,663606000,3837136000,100000,100000,0,1000000,634506000,3807036000,1000000,1000000,28000000,28000000,29000000,29000000,29100000,30100000,100000,100000,0,1000000,0,0,1000000,1000000,28000000,28000000,29000000,29000000,100010,100000,100000,100000,10,0
1126,777606000,3956136000,100000,100000,7000000,13000000,634506000,3807036000,13000000,13000000,123000000,123000000,136000000,136000000,143100000,149100000,100000,100000,7000000,13000000,0,0,13000000,13000000,123000000,123000000,136000000,136000000,100010,10100030,100000,100000,10,10000030
1156,643606000,1279112000,100000,100000,9000000,10000000,634506000,1269012000,0,0,0,0,0,0,9100000,10100000,100000,100000,9000000,10000000,0,0,0,0,0,0,0,0,100010,100000,100000,100000,10,0
1186,652606000,3191630000,100000,100000,8000000,9000000,634506000,3172530000,9000000,9000000,1000000,1000000,10000000,10000000,18100000,19100000,100000,100000,8000000,9000000,0,0,9000000,9000000,1000000,1000000,10000000,10000000,100010,100000,100000,100000,10,0
1216,711606000,2617124000,100000,100000,17000000,19000000,634506000,2538024000,19000000,19000000,41000000,41000000,60000000,60000000,77100000,79100000,100000,100000,17000000,19000000,0,0,19000000,19000000,41000000,41000000,60000000,60000000,100010,100000,100000,100000,10,0
1246,642606000,1278112000,100000,100000,8000000,9000000,634506000,1269012000,0,0,0,0,0,0,8100000,9100000,100000,100000,8000000,9000000,0,0,0,0,0,0,0,0,100010,100000,100000,100000,10,0
1276,728606000,1365112000,100000,100000,9000000,11000000,634506000,1269012000,11000000,11000000,74000000,74000000,85000000,85000000,94100000,96100000,100000,100000,9000000,11000000,0,0,11000000,11000000,74000000,74000000,85000000,85000000,100010,100000,100000,100000,10,0
17,791606000,810606000,100000,100000,19000000,38000000,634506000,634506000,38000000,38000000,100000000,100000000,138000000,138000000,157100000,176100000,100000,100000,19000000,38000000,0,0,38000000,38000000,100000000,100000000,138000000,138000000,100010,19100030,100000,100000,10,19000030
47,817606000,819606000,100000,100000,15000000,17000000,634506000,634506000,17000000,17000000,151000000,151000000,168000000,168000000,183100000,185100000,100000,100000,15000000,17000000,0,0,17000000,17000000,151000000,151000000,168000000,168000000,100010,64100010,100000,100000,10,64000010
77,887606000,888606000,100000,100000,10000000,11000000,634506000,634506000,11000000,11000000,232000000,232000000,243000000,243000000,253100000,254100000,100000,100000,10000000,11000000,0,0,11000000,11000000,232000000,232000000,243000000,243000000,100010,68100040,100000,100000,10,68000040
107,735606000,739606000,100000,100000,18000000,18000000,634506000,634506000,18000000,85000000,65000000,2000000,83000000,87000000,101100000,105100000,100000,100000,18000000,18000000,0,0,18000000,85000000,65000000,2000000,83000000,87000000,100010,68100020,100000,100000,10,68000020
137,794606000,794606000,100000,100000,1000000,1000000,634506000,634506000,1000000,1000000,158000000,158000000,159000000,159000000,160100000,160100000,100000,100000,1000000,1000000,0,0,1000000,1000000,158000000,158000000,159000000,159000000,100010,12100030,100000,100000,10,12000030
167,880606000,880606000,100000,100000,20000000,20000000,634506000,634506000,20000000,20000000,206000000,206000000,226000000,226000000,246100000,246100000,100000,100000,20000000,20000000,0,0,20000000,20000000,206000000,206000000,226000000,226000000,100010,51100030,100000,100000,10,51000030
197,880606000,880606000,100000,100000,20000000,20000000,634506000,634506000,20000000,20000000,206000000,206000000,226000000,226000000,246100000,246100000,100000,100000,20000000,20000000,0,0,20000000,20000000,206000000,206000000,226000000,226000000,100010,51100030,100000,100000,10,51000030
227,711606000,721606000,100000,100000,9000000,19000000,634506000,634506000,9000000,9000000,59000000,59000000,68000000,68000000,77100000,87100000,100000,100000,9000000,19000000,0,0,9000000,9000000,59000000,59000000,68000000,68000000,100010,23100020,100000,100000,10,23000020
257,812606000,813606000,100000,100000,8000000,9000000,634506000,634506000,9000000,9000000,161000000,161000000,170000000,170000000,178100000,179100000,100000,100000,8000000,9000000,0,0,9000000,9000000,161000000,161000000,170000000,170000000,100010,11100010,100000,100000,10,11000010
287,818606000,818606000,100000,100000,9000000,9000000,634506000,634506000,9000000,9000000,166000000,166000000,175000000,175000000,184100000,184100000,100000,100000,9000000,9000000,0,0,9000000,9000000,166000000,166000000,175000000,175000000,100010,16100040,100000,100000,10,16000040
317,780606000,781606000,100000,100000,8000000,9000000,634506000,634506000,9000000,9000000,129000000,129000000,138000000,138000000,146100000,147100000,100000,100000,8000000,9000000,0,0,9000000,9000000,129000000,129000000,138000000,138000000,100010,73100040,100000,100000,10,73000040
347,653606000,654606000,100000,100000,8000000,9000000,634506000,634506000,8000000,8000000,3000000,3000000,11000000,11000000,19100000,20100000,100000,100000,8000000,9000000,0,0,8000000,8000000,3000000,3000000,11000000,11000000,100010,1100010,100000,100000,10,1000010
377,782606000,782606000,100000,100000,9000000,9000000,634506000,634506000,9000000,9000000,130000000,130000000,139000000,139000000,148100000,148100000,100000,100000,9000000,9000000,0,0,9000000,9000000,130000000,130000000,139000000,139000000,100010,16100030,100000,100000,10,16000030
407,967606000,968606000,100000,100000,12000000,13000000,634506000,634506000,13000000,13000000,308000000,308000000,321000000,321000000,333100000,334100000,100000,100000,12000000,13000000,0,0,13000000,13000000,308000000,308000000,321000000,321000000,100010,2100010,100000,100000,10,2000010
437,965606000,967606000,100000,100000,11000000,13000000,634506000,634506000,13000000,13000000,307000000,307000000,320000000,320000000,331100000,333100000,100000,100000,11000000,13000000,0,0,13000000,13000000,307000000,307000000,320000000,320000000,100010,96100050,100000,100000,10,96000050
467,750606000,750606000,100000,100000,11000000,11000000,634506000,634506000,11000000,11000000,94000000,94000000,105000000,105000000,116100000,116100000,100000,100000,11000000,11000000,0,0,11000000,11000000,94000000,94000000,105000000,105000000,100010,33100020,100000,100000,10,33000020
497,671606000,675606000,100000,100000,37000000,41000000,634506000,634506000,0,0,0,0,0,0,37100000,41100000,100000,100000,37000000,41000000,0,0,0,0,0,0,0,0,100010,100000,100000,100000,10,0
527,734606000,762606000,100000,100000,9000000,18000000,634506000,634506000,18000000,80000000,73000000,30000000,91000000,110000000,100100000,128100000,100000,100000,9000000,18000000,0,0,18000000,80000000,73000000,30000000,91000000,110000000,100010,62100010,100000,100000,10,62000010
557,868606000,869606000,100000,100000,7000000,8000000,634506000,634506000,8000000,8000000,219000000,219000000,227000000,227000000,234100000,235100000,100000,100000,7000000,8000000,0,0,8000000,8000000,219000000,219000000,227000000,227000000,100010,22100030,100000,100000,10,22000030
587,741606000,741606000,100000,100000,47000000,47000000,634506000,634506000,47000000,47000000,13000000,13000000,60000000,60000000,107100000,107100000,100000,100000,47000000,47000000,0,0,47000000,47000000,13000000,13000000,60000000,60000000,100010,37100030,100000,100000,10,37000030
617,839606000,839606000,100000,100000,10000000,10000000,634506000,634506000,10000000,10000000,185000000,185000000,195000000,195000000,205100000,205100000,100000,100000,10000000,10000000,0,0,10000000,10000000,185000000,185000000,195000000,195000000,100010,42100020,100000,100000,10,42000020
647,839606000,839606000,100000,100000,10000000,10000000,634506000,634506000,10000000,10000000,185000000,185000000,195000000,195000000,205100000,205100000,100000,100000,10000000,10000000,0,0,10000000,10000000,185000000,185000000,195000000,195000000,100010,42100020,100000,100000,10,42000020
677,753606000,753606000,100000,100000,6000000,6000000,634506000,634506000,6000000,6000000,107000000,107000000,113000000,113000000,119100000,119100000,100000,100000,6000000,6000000,0,0,6000000,6000000,107000000,107000000,113000000,113000000,100010,10100010,100000,100000,10,10000010
707,929606000,930606000,100000,100000,17000000,18000000,634506000,634506000,18000000,18000000,260000000,260000000,278000000,278000000,295100000,296100000,100000,100000,17000000,18000000,0,0,18000000,18000000,260000000,260000000,278000000,278000000,100010,21100010,100000,100000,10,21000010
737,640606000,642606000,100000,100000,6000000,8000000,634506000,634506000,0,0,0,0,0,0,6100000,8100000,100000,100000,6000000,8000000,0,0,0,0,0,0,0,0,100010,100000,100000,100000,10,0
767,709606000,709606000,100000,100000,1000000,1000000,634506000,634506000,1000000,1000000,73000000,73000000,74000000,74000000,75100000,75100000,100000,100000,1000000,1000000,0,0,1000000,1000000,73000000,73000000,74000000,74000000,100010,20100030,100000,100000,10,20000030
797,964606000,965606000,100000,100000,1000000,2000000,634506000,634506000,2000000,2000000,327000000,327000000,329000000,329000000,330100000,331100000,100000,100000,1000000,2000000,0,0,2000000,2000000,327000000,327000000,329000000,329000000,100010,58100030,100000,100000,10,58000030
827,849606000,850606000,100000,100000,0,1000000,634506000,634506000,1000000,1000000,214000000,214000000,215000000,215000000,215100000,216100000,100000,100000,0,1000000,0,0,1000000,1000000,214000000,214000000,215000000,215000000,100010,81100030,100000,100000,10,81000030
857,894606000,895606000,100000,100000,12000000,13000000,634506000,634506000,13000000,13000000,235000000,235000000,248000000,248000000,260100000,261100000,100000,100000,12000000,13000000,0,0,13000000,13000000,235000000,235000000,248000000,248000000,100010,9100010,100000,100000,10,9000010
887,727606000,727606000,100000,100000,9000000,9000000,634506000,634506000,9000000,9000000,75000000,75000000,84000000,84000000,93100000,93100000,100000,100000,9000000,9000000,0,0,9000000,9000000,75000000,75000000,84000000,84000000,100010,26100030,100000,100000,10,26000030
917,866606000,867606000,100000,100000,18000000,19000000,634506000,634506000,18000000,18000000,196000000,196000000,214000000,214000000,232100000,233100000,100000,100000,18000000,19000000,0,0,18000000,18000000,196000000,196000000,214000000,214000000,100010,62100010,100000,100000,10,62000010
947,787606000,787606000,100000,100000,8000000,8000000,634506000,634506000,8000000,8000000,137000000,137000000,145000000,145000000,153100000,153100000,100000,100000,8000000,8000000,0,0,8000000,8000000,137000000,137000000,145000000,145000000,100010,44100030,100000,100000,10,44000030
977,958606000,17465762000,100000,100000,7000000,17000000,634506000,17131662000,11000000,11000000,306000000,306000000,317000000,317000000,324100000,334100000,100000,100000,7000000,17000000,0,0,11000000,11000000,306000000,306000000,317000000,317000000,100010,65100030,100000,100000,10,65000030
1007,944606000,16179750000,100000,100000,8000000,15000000,634506000,15862650000,13000000,13000000,289000000,289000000,302000000,302000000,310100000,317100000,100000,100000,8000000,15000000,0,0,13000000,13000000,289000000,289000000,302000000,302000000,100010,66100040,100000,100000,10,66000040
1037,736606000,1374112000,100000,100000,43000000,46000000,634506000,1269012000,46000000,46000000,13000000,13000000,59000000,59000000,102100000,105100000,100000,100000,43000000,46000000,0,0,46000000,46000000,13000000,13000000,59000000,59000000,100010,36100050,100000,100000,10,36000050
1067,677606000,3851136000,100000,100000,19000000,20000000,634506000,3807036000,20000000,20000000,4000000,4000000,24000000,24000000,43100000,44100000,100000,100000,19000000,20000000,0,0,20000000,20000000,4000000,4000000,24000000,24000000,100010,100000,100000,100000,10,0
1097,750606000,13449726000,100000,100000,0,9000000,634506000,13324626000,8000000,8000000,108000000,108000000,116000000,116000000,116100000,125100000,100000,100000,0,9000000,0,0,8000000,8000000,108000000,108000000,116000000,116000000,100010,73100040,100000,100000,10,73000040
1127,690606000,1379112000,100000,100000,4000000,18000000,634506000,1269012000,17000000,81000000,35000000,11000000,52000000,92000000,56100000,110100000,100000,100000,4000000,18000000,0,0,17000000,81000000,35000000,11000000,52000000,92000000,100010,68100020,100000,100000,10,68000020
1157,644606000,646606000,100000,100000,10000000,12000000,634506000,634506000,0,0,0,0,0,0,10100000,12100000,100000,100000,10000000,12000000,0,0,0,0,0,0,0,0,100010,100000,100000,100000,10,0
1187,652606000,3191630000,100000,100000,8000000,9000000,634506000,3172530000,9000000,9000000,1000000,1000000,10000000,10000000,18100000,19100000,100000,100000,8000000,9000000,0,0,9000000,9000000,1000000,1000000,10000000,10000000,100010,100000,100000,100000,10,0
1217,652606000,653606000,100000,100000,18000000,19000000,634506000,634506000,0,0,0,0,0,0,18100000,19100000,100000,100000,18000000,19000000,0,0,0,0,0,0,0,0,100010,100000,100000,100000,10,0
1247,654606000,655606000,100000,100000,20000000,21000000,634506000,634506000,0,0,0,0,0,0,20100000,21100000,100000,100000,20000000,21000000,0,0,0,0,0,0,0,0,100010,100000,100000,100000,10,0
1277,643606000,1279112000,100000,100000,9000000,10000000,634506000,1269012000,0,0,0,0,0,0,9100000,10100000,100000,100000,9000000,10000000,0,0,0,0,0,0,0,0,100010,100000,100000,100000,10,0
18,783606000,784606000,100000,100000,19000000,20000000,634506000,634506000,20000000,20000000,110000000,110000000,130000000,130000000,149100000,150100000,100000,100000,19000000,20000000,0,0,20000000,20000000,110000000,110000000,130000000,130000000,100010,23100020,100000,100000,10,23000020
48,817606000,881606000,100000,100000,17000000,81000000,634506000,634506000,81000000,81000000,85000000,85000000,166000000,166000000,183100000,247100000,100000,100000,17000000,81000000,0,0,81000000,81000000,85000000,85000000,166000000,166000000,100010,68100020,100000,100000,10,68000020
78,887606000,889606000,100000,100000,10000000,12000000,634506000,634506000,12000000,12000000,231000000,231000000,243000000,243000000,253100000,255100000,100000,100000,10000000,12000000,0,0,12000000,12000000,231000000,231000000,243000000,243000000,100010,68100040,100000,100000,10,68000040
108,841606000,841606000,100000,100000,18000000,18000000,634506000,634506000,18000000,18000000,171000000,171000000,189000000,189000000,207100000,207100000,100000,100000,18000000,18000000,0,0,18000000,18000000,171000000,171000000,189000000,189000000,100010,47100020,100000,100000,10,47000020
138,797606000,797606000,100000,100000,1000000,1000000,634506000,634506000,1000000,1000000,161000000,161000000,162000000,162000000,163100000,163100000,100000,100000,1000000,1000000,0,0,1000000,1000000,161000000,161000000,162000000,162000000,100010,12100030,100000,100000,10,12000030
168,717606000,717606000,100000,100000,20000000,20000000,634506000,634506000,20000000,20000000,43000000,43000000,63000000,63000000,83100000,83100000,100000,100000,20000000,20000000,0,0,20000000,20000000,43000000,43000000,63000000,63000000,100010,1100010,100000,100000,10,1000010
198,772606000,773606000,100000,100000,19000000,20000000,634506000,634506000,19000000,19000000,100000000,100000000,119000000,119000000,138100000,139100000,100000,100000,19000000,20000000,0,0,19000000,19000000,100000000,100000000,119000000,119000000,100010,51100030,100000,100000,10,51000030
228,949606000,950606000,100000,100000,19000000,20000000,634506000,634506000,20000000,20000000,276000000,276000000,296000000,296000000,315100000,316100000,100000,100000,19000000,20000000,0,0,20000000,20000000,276000000,276000000,296000000,296000000,100010,22100010,100000,100000,10,22000010
258,923606000,924606000,100000,100000,8000000,9000000,634506000,634506000,9000000,9000000,272000000,272000000,281000000,281000000,289100000,290100000,100000,100000,8000000,9000000,0,0,9000000,9000000,272000000,272000000,281000000,281000000,100010,85100050,100000,100000,10,85000050
288,833606000,833606000,100000,100000,9000000,9000000,634506000,634506000,9000000,9000000,181000000,181000000,190000000,190000000,199100000,199100000,100000,100000,9000000,9000000,0,0,9000000,9000000,181000000,181000000,190000000,190000000,100010,16100040,100000,100000,10,16000040
318,703606000,711606000,100000,100000,0,8000000,634506000,634506000,8000000,8000000,61000000,61000000,69000000,69000000,69100000,77100000,100000,100000,0,8000000,0,0,8000000,8000000,61000000,61000000,69000000,69000000,100010,12100020,100000,100000,10,12000020
348,653606000,654606000,100000,100000,8000000,9000000,634506000,634506000,8000000,8000000,3000000,3000000,11000000,11000000,19100000,20100000,100000,100000,8000000,9000000,0,0,8000000,8000000,3000000,3000000,11000000,11000000,100010,1100010,100000,100000,10,1000010
378,722606000,723606000,100000,100000,9000000,10000000,634506000,634506000,9000000,9000000,70000000,70000000,79000000,79000000,88100000,89100000,100000,100000,9000000,10000000,0,0,9000000,9000000,70000000,70000000,79000000,79000000,100010,12100020,100000,100000,10,12000020
408,967606000,968606000,100000,100000,12000000,13000000,634506000,634506000,13000000,13000000,308000000,308000000,321000000,321000000,333100000,334100000,100000,100000,12000000,13000000,0,0,13000000,13000000,308000000,308000000,321000000,321000000,100010,2100010,100000,100000,10,2000010
438,827606000,828606000,100000,100000,11000000,12000000,634506000,634506000,12000000,12000000,170000000,170000000,182000000,182000000,193100000,194100000,100000,100000,11000000,12000000,0,0,12000000,12000000,170000000,170000000,182000000,182000000,100010,26100040,100000,100000,10,26000040
468,750606000,750606000,100000,100000,11000000,11000000,634506000,634506000,11000000,11000000,94000000,94000000,105000000,105000000,116100000,116100000,100000,100000,11000000,11000000,0,0,11000000,11000000,94000000,94000000,105000000,105000000,100010,33100020,100000,100000,10,33000020
498,965606000,994606000,100000,100000,8000000,37000000,634506000,634506000,37000000,37000000,286000000,286000000,323000000,323000000,331100000,360100000,100000,100000,8000000,37000000,0,0,37000000,37000000,286000000,286000000,323000000,323000000,100010,28100050,100000,100000,10,28000050
528,900606000,900606000,100000,100000,18000000,18000000,634506000,634506000,18000000,18000000,230000000,230000000,248000000,248000000,266100000,266100000,100000,100000,18000000,18000000,0,0,18000000,18000000,230000000,230000000,248000000,248000000,100010,26100040,100000,100000,10,26000040
558,815606000,816606000,100000,100000,7000000,8000000,634506000,634506000,8000000,8000000,166000000,166000000,174000000,174000000,181100000,182100000,100000,100000,7000000,8000000,0,0,8000000,8000000,166000000,166000000,174000000,174000000,100010,15100020,100000,100000,10,15000020
588,743606000,743606000,100000,100000,8000000,8000000,634506000,634506000,8000000,8000000,93000000,93000000,101000000,101000000,109100000,109100000,100000,100000,8000000,8000000,0,0,8000000,8000000,93000000,93000000,101000000,101000000,100010,8100020,100000,100000,10,8000020
618,885606000,886606000,100000,100000,9000000,10000000,634506000,634506000,10000000,10000000,232000000,232000000,242000000,242000000,251100000,252100000,100000,100000,9000000,10000000,0,0,10000000,10000000,232000000,232000000,242000000,242000000,100010,83100020,100000,100000,10,83000020
648,791606000,792606000,100000,100000,10000000,11000000,634506000,634506000,11000000,11000000,136000000,136000000,147000000,147000000,157100000,158100000,100000,100000,10000000,11000000,0,0,11000000,11000000,136000000,136000000,147000000,147000000,100010,94100040,100000,100000,10,94000040
678,753606000,753606000,100000,100000,6000000,6000000,634506000,634506000,6000000,6000000,107000000,107000000,113000000,113000000,119100000,119100000,100000,100000,6000000,6000000,0,0,6000000,6000000,107000000,107000000,113000000,113000000,100010,10100010,100000,100000,10,10000010
708,841606000,842606000,100000,100000,17000000,18000000,634506000,634506000,18000000,18000000,172000000,172000000,190000000,190000000,207100000,208100000,100000,100000,17000000,18000000,0,0,18000000,18000000,172000000,172000000,190000000,190000000,100010,21100010,100000,100000,10,21000010
738,735606000,740606000,100000,100000,0,5000000,634506000,634506000,5000000,5000000,96000000,96000000,101000000,101000000,101100000,106100000,100000,100000,0,5000000,0,0,5000000,5000000,96000000,96000000,101000000,101000000,100010,44100050,100000,100000,10,44000050
768,709606000,709606000,100000,100000,1000000,1000000,634506000,634506000,1000000,1000000,73000000,73000000,74000000,74000000,75100000,75100000,100000,100000,1000000,1000000,0,0,1000000,1000000,73000000,73000000,74000000,74000000,100010,20100030,100000,100000,10,20000030
798,865606000,866606000,100000,100000,1000000,2000000,634506000,634506000,2000000,2000000,228000000,228000000,230000000,230000000,231100000,232100000,100000,100000,1000000,2000000,0,0,2000000,2000000,228000000,228000000,230000000,230000000,100010,58100030,100000,100000,10,58000030
828,846606000,847606000,100000,100000,0,1000000,634506000,634506000,1000000,1000000,211000000,211000000,212000000,212000000,212100000,213100000,100000,100000,0,1000000,0,0,1000000,1000000,211000000,211000000,212000000,212000000,100010,81100030,100000,100000,10,81000030
858,767606000,768606000,100000,100000,12000000,13000000,634506000,634506000,13000000,13000000,108000000,108000000,121000000,121000000,133100000,134100000,100000,100000,12000000,13000000,0,0,13000000,13000000,108000000,108000000,121000000,121000000,100010,9100010,100000,100000,10,9000010
888,967606000,969606000,100000,100000,9000000,11000000,634506000,634506000,11000000,11000000,313000000,313000000,324000000,324000000,333100000,335100000,100000,100000,9000000,11000000,0,0,11000000,11000000,313000000,313000000,324000000,324000000,100010,66100040,100000,100000,10,66000040
918,866606000,867606000,100000,100000,18000000,19000000,634506000,634506000,18000000,18000000,196000000,196000000,214000000,214000000,232100000,233100000,100000,100000,18000000,19000000,0,0,18000000,18000000,196000000,196000000,214000000,214000000,100010,62100010,100000,100000,10,62000010
948,752606000,752606000,100000,100000,12000000,12000000,634506000,634506000,12000000,12000000,94000000,94000000,106000000,106000000,118100000,118100000,100000,100000,12000000,12000000,0,0,12000000,12000000,94000000,94000000,106000000,106000000,100010,34100030,100000,100000,10,34000030
978,970606000,14960738000,100000,100000,8000000,39000000,634506000,14593638000,20000000,20000000,308000000,308000000,328000000,328000000,336100000,367100000,100000,100000,8000000,39000000,0,0,20000000,20000000,308000000,308000000,328000000,328000000,100010,8100020,100000,100000,10,8000020
1008,651606000,652606000,100000,100000,17000000,18000000,634506000,634506000,0,0,0,0,0,0,17100000,18100000,100000,100000,17000000,18000000,0,0,0,0,0,0,0,0,100010,100000,100000,100000,10,0
1038,737606000,2009618000,100000,100000,44000000,47000000,634506000,1903518000,47000000,47000000,12000000,12000000,59000000,59000000,103100000,106100000,100000,100000,44000000,47000000,0,0,47000000,47000000,12000000,12000000,59000000,59000000,100010,34100020,100000,100000,10,34000020
1068,677606000,3851136000,100000,100000,19000000,20000000,634506000,3807036000,20000000,20000000,4000000,4000000,24000000,24000000,43100000,44100000,100000,100000,19000000,20000000,0,0,20000000,20000000,4000000,4000000,24000000,24000000,100010,100000,100000,100000,10,0
1098,811606000,7800172000,100000,100000,0,9000000,634506000,7614072000,9000000,9000000,168000000,168000000,177000000,177000000,177100000,186100000,100000,100000,0,9000000,0,0,9000000,9000000,168000000,168000000,177000000,177000000,100010,81100030,100000,100000,10,81000030
1128,945606000,3500630000,100000,100000,0,17000000,634506000,3172530000,16000000,16000000,295000000,295000000,311000000,311000000,311100000,328100000,100000,100000,0,17000000,0,0,16000000,16000000,295000000,295000000,311000000,311000000,100010,64100010,100000,100000,10,64000010
1158,643606000,1279112000,100000,100000,9000000,10000000,634506000,1269012000,0,0,0,0,0,0,9100000,10100000,100000,100000,9000000,10000000,0,0,0,0,0,0,0,0,100010,100000,100000,100000,10,0
1188,647606000,3186630000,100000,100000,5000000,6000000,634506000,3172530000,6000000,6000000,2000000,2000000,8000000,8000000,13100000,14100000,100000,100000,5000000,6000000,0,0,6000000,6000000,2000000,2000000,8000000,8000000,100010,100000,100000,100000,10,0
1218,639606000,1275112000,100000,100000,5000000,6000000,634506000,1269012000,0,0,0,0,0,0,5100000,6100000,100000,100000,5000000,6000000,0,0,0,0,0,0,0,0,100010,100000,100000,100000,10,0
1248,641606000,1911618000,100000,100000,7000000,8000000,634506000,1903518000,0,0,0,0,0,0,7100000,8100000,100000,100000,7000000,8000000,0,0,0,0,0,0,0,0,100010,100000,100000,100000,10,0
1278,766606000,3941136000,100000,100000,7000000,9000000,634506000,3807036000,9000000,9000000,116000000,116000000,125000000,125000000,132100000,134100000,100000,100000,7000000,9000000,0,0,9000000,9000000,116000000,116000000,125000000,125000000,100010,37100040,100000,100000,10,37000040
19,922606000,923606000,100000,100000,19000000,20000000,634506000,634506000,20000000,20000000,249000000,249000000,269000000,269000000,288100000,289100000,100000,100000,19000000,20000000,0,0,20000000,20000000,249000000,249000000,269000000,269000000,100010,22100010,100000,100000,10,22000010
49,707606000,715606000,100000,100000,9000000,17000000,634506000,634506000,9000000,9000000,55000000,55000000,64000000,64000000,73100000,81100000,100000,100000,9000000,17000000,0,0,9000000,9000000,55000000,55000000,64000000,64000000,100010,32100040,100000,100000,10,32000040
79,982606000,983606000,100000,100000,19000000,20000000,634506000,634506000,20000000,20000000,309000000,309000000,329000000,329000000,348100000,349100000,100000,100000,19000000,20000000,0,0,20000000,20000000,309000000,309000000,329000000,329000000,100010,23100020,100000,100000,10,23000020
109,816606000,817606000,100000,100000,17000000,18000000,634506000,634506000,17000000,17000000,148000000,148000000,165000000,165000000,182100000,183100000,100000,100000,17000000,18000000,0,0,17000000,17000000,148000000,148000000,165000000,165000000,100010,22100040,100000,100000,10,22000040
139,744606000,744606000,100000,100000,1000000,1000000,634506000,634506000,1000000,1000000,108000000,108000000,109000000,109000000,110100000,110100000,100000,100000,1000000,1000000,0,0,1000000,1000000,108000000,108000000,109000000,109000000,100010,12100030,100000,100000,10,12000030
169,893606000,894606000,100000,100000,19000000,20000000,634506000,634506000,20000000,20000000,220000000,220000000,240000000,240000000,259100000,260100000,100000,100000,19000000,20000000,0,0,20000000,20000000,220000000,220000000,240000000,240000000,100010,22100010,100000,100000,10,22000010
199,850606000,850606000,100000,100000,20000000,20000000,634506000,634506000,20000000,20000000,176000000,176000000,196000000,196000000,216100000,216100000,100000,100000,20000000,20000000,0,0,20000000,20000000,176000000,176000000,196000000,196000000,100010,50100040,100000,100000,10,50000040
229,730606000,740606000,100000,100000,9000000,19000000,634506000,634506000,19000000,19000000,68000000,68000000,87000000,87000000,96100000,106100000,100000,100000,9000000,19000000,0,0,19000000,19000000,68000000,68000000,87000000,87000000,100010,6100030,100000,100000,10,6000030
259,870606000,871606000,100000,100000,8000000,9000000,634506000,634506000,9000000,9000000,219000000,219000000,228000000,228000000,236100000,237100000,100000,100000,8000000,9000000,0,0,9000000,9000000,219000000,219000000,228000000,228000000,100010,16100040,100000,100000,10,16000040
289,824606000,824606000,100000,100000,9000000,9000000,634506000,634506000,9000000,9000000,172000000,172000000,181000000,181000000,190100000,190100000,100000,100000,9000000,9000000,0,0,9000000,9000000,172000000,172000000,181000000,181000000,100010,16100040,100000,100000,10,16000040
319,913606000,914606000,100000,100000,8000000,9000000,634506000,634506000,9000000,9000000,262000000,262000000,271000000,271000000,279100000,280100000,100000,100000,8000000,9000000,0,0,9000000,9000000,262000000,262000000,271000000,271000000,100010,17100030,100000,100000,10,17000030
349,654606000,655606000,100000,100000,8000000,9000000,634506000,634506000,8000000,8000000,4000000,4000000,12000000,12000000,20100000,21100000,100000,100000,8000000,9000000,0,0,8000000,8000000,4000000,4000000,12000000,12000000,100010,1100010,100000,100000,10,1000010
379,782606000,782606000,100000,100000,9000000,9000000,634506000,634506000,9000000,9000000,130000000,130000000,139000000,139000000,148100000,148100000,100000,100000,9000000,9000000,0,0,9000000,9000000,130000000,130000000,139000000,139000000,100010,16100030,100000,100000,10,16000030
409,835606000,835606000,100000,100000,13000000,13000000,634506000,634506000,13000000,13000000,175000000,175000000,188000000,188000000,201100000,201100000,100000,100000,13000000,13000000,0,0,13000000,13000000,175000000,175000000,188000000,188000000,100010,2100010,100000,100000,10,2000010
439,837606000,837606000,100000,100000,11000000,11000000,634506000,634506000,11000000,11000000,181000000,181000000,192000000,192000000,203100000,203100000,100000,100000,11000000,11000000,0,0,11000000,11000000,181000000,181000000,192000000,192000000,100010,26100040,100000,100000,10,26000040
469,741606000,742606000,100000,100000,11000000,12000000,634506000,634506000,12000000,12000000,84000000,84000000,96000000,96000000,107100000,108100000,100000,100000,11000000,12000000,0,0,12000000,12000000,84000000,84000000,96000000,96000000,100010,33100020,100000,100000,10,33000020
499,726606000,728606000,100000,100000,38000000,40000000,634506000,634506000,40000000,40000000,14000000,14000000,54000000,54000000,92100000,94100000,100000,100000,38000000,40000000,0,0,40000000,40000000,14000000,14000000,54000000,54000000,100010,11100030,100000,100000,10,11000030
529,807606000,807606000,100000,100000,18000000,18000000,634506000,634506000,18000000,18000000,137000000,137000000,155000000,155000000,173100000,173100000,100000,100000,18000000,18000000,0,0,18000000,18000000,137000000,137000000,155000000,155000000,100010,62100010,100000,100000,10,62000010
559,868606000,869606000,100000,100000,7000000,8000000,634506000,634506000,8000000,8000000,219000000,219000000,227000000,227000000,234100000,235100000,100000,100000,7000000,8000000,0,0,8000000,8000000,219000000,219000000,227000000,227000000,100010,22100030,100000,100000,10,22000030
589,961606000,962606000,100000,100000,7000000,8000000,634506000,634506000,8000000,8000000,312000000,312000000,320000000,320000000,327100000,328100000,100000,100000,7000000,8000000,0,0,8000000,8000000,312000000,312000000,320000000,320000000,100010,26100040,100000,100000,10,26000040
619,781606000,781606000,100000,100000,9000000,9000000,634506000,634506000,9000000,9000000,129000000,129000000,138000000,138000000,147100000,147100000,100000,100000,9000000,9000000,0,0,9000000,9000000,129000000,129000000,138000000,138000000,100010,25100040,100000,100000,10,25000040
649,785606000,785606000,100000,100000,10000000,10000000,634506000,634506000,10000000,10000000,131000000,131000000,141000000,141000000,151100000,151100000,100000,100000,10000000,10000000,0,0,10000000,10000000,131000000,131000000,141000000,141000000,100010,42100020,100000,100000,10,42000020
679,753606000,753606000,100000,100000,6000000,6000000,634506000,634506000,6000000,6000000,107000000,107000000,113000000,113000000,119100000,119100000,100000,100000,6000000,6000000,0,0,6000000,6000000,107000000,107000000,113000000,113000000,100010,10100010,100000,100000,10,10000010
709,929606000,930606000,100000,100000,17000000,18000000,634506000,634506000,18000000,18000000,260000000,260000000,278000000,278000000,295100000,296100000,100000,100000,17000000,18000000,0,0,18000000,18000000,260000000,260000000,278000000,278000000,100010,21100010,100000,100000,10,21000010
739,831606000,832606000,100000,100000,5000000,6000000,634506000,634506000,6000000,6000000,186000000,186000000,192000000,192000000,197100000,198100000,100000,100000,5000000,6000000,0,0,6000000,6000000,186000000,186000000,192000000,192000000,100010,82100040,100000,100000,10,82000040
769,706606000,706606000,100000,100000,1000000,1000000,634506000,634506000,1000000,1000000,70000000,70000000,71000000,71000000,72100000,72100000,100000,100000,1000000,1000000,0,0,1000000,1000000,70000000,70000000,71000000,71000000,100010,20100030,100000,100000,10,20000030
799,783606000,784606000,100000,100000,0,1000000,634506000,634506000,1000000,1000000,148000000,148000000,149000000,149000000,149100000,150100000,100000,100000,0,1000000,0,0,1000000,1000000,148000000,148000000,149000000,149000000,100010,17100020,100000,100000,10,17000020
829,849606000,850606000,100000,100000,0,1000000,634506000,634506000,1000000,1000000,214000000,214000000,215000000,215000000,215100000,216100000,100000,100000,0,1000000,0,0,1000000,1000000,214000000,214000000,215000000,215000000,100010,81100030,100000,100000,10,81000030
859,893606000,894606000,100000,100000,12000000,13000000,634506000,634506000,13000000,13000000,234000000,234000000,247000000,247000000,259100000,260100000,100000,100000,12000000,13000000,0,0,13000000,13000000,234000000,234000000,247000000,247000000,100010,9100010,100000,100000,10,9000010
889,842606000,842606000,100000,100000,9000000,9000000,634506000,634506000,9000000,9000000,190000000,190000000,199000000,199000000,208100000,208100000,100000,100000,9000000,9000000,0,0,9000000,9000000,190000000,190000000,199000000,199000000,100010,28100040,100000,100000,10,28000040
919,866606000,867606000,100000,100000,18000000,19000000,634506000,634506000,18000000,18000000,196000000,196000000,214000000,214000000,232100000,233100000,100000,100000,18000000,19000000,0,0,18000000,18000000,196000000,196000000,214000000,214000000,100010,62100010,100000,100000,10,62000010
949,807606000,808606000,100000,100000,11000000,12000000,634506000,634506000,12000000,12000000,150000000,150000000,162000000,162000000,173100000,174100000,100000,100000,11000000,12000000,0,0,12000000,12000000,150000000,150000000,162000000,162000000,100010,44100030,100000,100000,10,44000030
979,757606000,4573642000,100000,100000,11000000,20000000,634506000,4441542000,18000000,18000000,94000000,94000000,112000000,112000000,123100000,132100000,100000,100000,11000000,20000000,0,0,18000000,18000000,94000000,94000000,112000000,112000000,100010,73100030,100000,100000,10,73000030
1009,652606000,3191630000,100000,100000,8000000,9000000,634506000,3172530000,9000000,9000000,1000000,1000000,10000000,10000000,18100000,19100000,100000,100000,8000000,9000000,0,0,9000000,9000000,1000000,1000000,10000000,10000000,100010,100000,100000,100000,10,0
1039,680606000,685606000,100000,100000,46000000,51000000,634506000,634506000,0,0,0,0,0,0,46100000,51100000,100000,100000,46000000,51000000,0,0,0,0,0,0,0,0,100010,100000,100000,100000,10,0
1069,653606000,1923618000,100000,100000,19000000,20000000,634506000,1903518000,0,0,0,0,0,0,19100000,20100000,100000,100000,19000000,20000000,0,0,0,0,0,0,0,0,100010,100000,100000,100000,10,0
1099,800606000,15411244000,100000,100000,0,17000000,634506000,15228144000,9000000,9000000,157000000,157000000,166000000,166000000,166100000,183100000,100000,100000,0,17000000,0,0,9000000,9000000,157000000,157000000,166000000,166000000,100010,65100040,100000,100000,10,65000040
1129,788606000,1487112000,100000,100000,17000000,81000000,634506000,1269012000,81000000,81000000,56000000,56000000,137000000,137000000,154100000,218100000,100000,100000,17000000,81000000,0,0,81000000,81000000,56000000,56000000,137000000,137000000,100010,68100020,100000,100000,10,68000020
1159,643606000,1279112000,100000,100000,9000000,10000000,634506000,1269012000,0,0,0,0,0,0,9100000,10100000,100000,100000,9000000,10000000,0,0,0,0,0,0,0,0,100010,100000,100000,100000,10,0
1189,663606000,3205630000,100000,100000,5000000,9000000,634506000,3172530000,9000000,9000000,15000000,15000000,24000000,24000000,29100000,33100000,100000,100000,5000000,9000000,0,0,9000000,9000000,15000000,15000000,24000000,24000000,100010,100000,100000,100000,10,0
1219,639606000,641606000,100000,100000,5000000,7000000,634506000,634506000,0,0,0,0,0,0,5100000,7100000,100000,100000,5000000,7000000,0,0,0,0,0,0,0,0,100010,100000,100000,100000,10,0
1249,641606000,1911618000,100000,100000,7000000,8000000,634506000,1903518000,0,0,0,0,0,0,7100000,8100000,100000,100000,7000000,8000000,0,0,0,0,0,0,0,0,100010,100000,100000,100000,10,0
1279,689606000,1326112000,100000,100000,9000000,11000000,634506000,1269012000,11000000,11000000,35000000,35000000,46000000,46000000,55100000,57100000,100000,100000,9000000,11000000,0,0,11000000,11000000,35000000,35000000,46000000,46000000,100010,100000,100000,100000,10,0
20,922606000,923606000,100000,100000,19000000,20000000,634506000,634506000,20000000,20000000,249000000,249000000,269000000,269000000,288100000,289100000,100000,100000,19000000,20000000,0,0,20000000,20000000,249000000,249000000,269000000,269000000,100010,22100010,100000,100000,10,22000010
50,957606000,958606000,100000,100000,17000000,18000000,634506000,634506000,18000000,18000000,288000000,288000000,306000000,306000000,323100000,324100000,100000,100000,17000000,18000000,0,0,18000000,18000000,288000000,288000000,306000000,306000000,100010,61100050,100000,100000,10,61000050
80,921606000,922606000,100000,100000,19000000,20000000,634506000,634506000,20000000,20000000,248000000,248000000,268000000,268000000,287100000,288100000,100000,100000,19000000,20000000,0,0,20000000,20000000,248000000,248000000,268000000,268000000,100010,22100010,100000,100000,10,22000010
110,652606000,653606000,100000,100000,18000000,19000000,634506000,634506000,0,0,0,0,0,0,18100000,19100000,100000,100000,18000000,19000000,0,0,0,0,0,0,0,0,100010,100000,100000,100000,10,0
140,794606000,794606000,100000,100000,1000000,1000000,634506000,634506000,1000000,1000000,158000000,158000000,159000000,159000000,160100000,160100000,100000,100000,1000000,1000000,0,0,1000000,1000000,158000000,158000000,159000000,159000000,100010,12100030,100000,100000,10,12000030
170,754606000,755606000,100000,100000,19000000,20000000,634506000,634506000,20000000,20000000,81000000,81000000,101000000,101000000,120100000,121100000,100000,100000,19000000,20000000,0,0,20000000,20000000,81000000,81000000,101000000,101000000,100010,23100020,100000,100000,10,23000020
200,880606000,880606000,100000,100000,20000000,20000000,634506000,634506000,20000000,20000000,206000000,206000000,226000000,226000000,246100000,246100000,100000,100000,20000000,20000000,0,0,20000000,20000000,206000000,206000000,226000000,226000000,100010,51100030,100000,100000,10,51000030
230,894606000,895606000,100000,100000,19000000,20000000,634506000,634506000,20000000,20000000,221000000,221000000,241000000,241000000,260100000,261100000,100000,100000,19000000,20000000,0,0,20000000,20000000,221000000,221000000,241000000,241000000,100010,23100020,100000,100000,10,23000020
260,818606000,819606000,100000,100000,8000000,9000000,634506000,634506000,9000000,9000000,167000000,167000000,176000000,176000000,184100000,185100000,100000,100000,8000000,9000000,0,0,9000000,9000000,167000000,167000000,176000000,176000000,100010,16100040,100000,100000,10,16000040
290,824606000,824606000,100000,100000,9000000,9000000,634506000,634506000,9000000,9000000,172000000,172000000,181000000,181000000,190100000,190100000,100000,100000,9000000,9000000,0,0,9000000,9000000,172000000,172000000,181000000,181000000,100010,16100040,100000,100000,10,16000040
320,868606000,869606000,100000,100000,8000000,9000000,634506000,634506000,9000000,9000000,217000000,217000000,226000000,226000000,234100000,235100000,100000,100000,8000000,9000000,0,0,9000000,9000000,217000000,217000000,226000000,226000000,100010,73100040,100000,100000,10,73000040
350,653606000,654606000,100000,100000,8000000,9000000,634506000,634506000,8000000,8000000,3000000,3000000,11000000,11000000,19100000,20100000,100000,100000,8000000,9000000,0,0,8000000,8000000,3000000,3000000,11000000,11000000,100010,1100010,100000,100000,10,1000010
380,751606000,754606000,100000,100000,6000000,9000000,634506000,634506000,6000000,6000000,105000000,105000000,111000000,111000000,117100000,120100000,100000,100000,6000000,9000000,0,0,6000000,6000000,105000000,105000000,111000000,111000000,100010,17100030,100000,100000,10,17000030
410,967606000,968606000,100000,100000,12000000,13000000,634506000,634506000,13000000,13000000,308000000,308000000,321000000,321000000,333100000,334100000,100000,100000,12000000,13000000,0,0,13000000,13000000,308000000,308000000,321000000,321000000,100010,2100010,100000,100000,10,2000010
440,827606000,828606000,100000,100000,11000000,12000000,634506000,634506000,12000000,12000000,170000000,170000000,182000000,182000000,193100000,194100000,100000,100000,11000000,12000000,0,0,12000000,12000000,170000000,170000000,182000000,182000000,100010,26100040,100000,100000,10,26000040
470,741606000,742606000,100000,100000,11000000,12000000,634506000,634506000,12000000,12000000,84000000,84000000,96000000,96000000,107100000,108100000,100000,100000,11000000,12000000,0,0,12000000,12000000,84000000,84000000,96000000,96000000,100010,33100020,100000,100000,10,33000020
500,1325606000,1328606000,100000,100000,38000000,41000000,634506000,634506000,41000000,41000000,612000000,612000000,653000000,653000000,691100000,694100000,100000,100000,38000000,41000000,0,0,41000000,41000000,612000000,612000000,653000000,653000000,100010,112100070,100000,100000,10,112000070
530,900606000,900606000,100000,100000,18000000,18000000,634506000,634506000,18000000,18000000,230000000,230000000,248000000,248000000,266100000,266100000,100000,100000,18000000,18000000,0,0,18000000,18000000,230000000,230000000,248000000,248000000,100010,26100040,100000,100000,10,26000040
560,868606000,869606000,100000,100000,7000000,8000000,634506000,634506000,8000000,8000000,219000000,219000000,227000000,227000000,234100000,235100000,100000,100000,7000000,8000000,0,0,8000000,8000000,219000000,219000000,227000000,227000000,100010,22100030,100000,100000,10,22000030
590,779606000,780606000,100000,100000,8000000,9000000,634506000,634506000,8000000,8000000,129000000,129000000,137000000,137000000,145100000,146100000,100000,100000,8000000,9000000,0,0,8000000,8000000,129000000,129000000,137000000,137000000,100010,34100030,100000,100000,10,34000030
620,835606000,836606000,100000,100000,9000000,10000000,634506000,634506000,10000000,10000000,182000000,182000000,192000000,192000000,201100000,202100000,100000,100000,9000000,10000000,0,0,10000000,10000000,182000000,182000000,192000000,192000000,100010,43100030,100000,100000,10,43000030
650,947606000,948606000,100000,100000,10000000,11000000,634506000,634506000,11000000,11000000,292000000,292000000,303000000,303000000,313100000,314100000,100000,100000,10000000,11000000,0,0,11000000,11000000,292000000,292000000,303000000,303000000,100010,86100050,100000,100000,10,86000050
680,754606000,754606000,100000,100000,6000000,6000000,634506000,634506000,6000000,6000000,108000000,108000000,114000000,114000000,120100000,120100000,100000,100000,6000000,6000000,0,0,6000000,6000000,108000000,108000000,114000000,114000000,100010,10100010,100000,100000,10,10000010
710,841606000,842606000,100000,100000,17000000,18000000,634506000,634506000,18000000,18000000,172000000,172000000,190000000,190000000,207100000,208100000,100000,100000,17000000,18000000,0,0,18000000,18000000,172000000,172000000,190000000,190000000,100010,21100010,100000,100000,10,21000010
740,830606000,831606000,100000,100000,5000000,6000000,634506000,634506000,6000000,6000000,185000000,185000000,191000000,191000000,196100000,197100000,100000,100000,5000000,6000000,0,0,6000000,6000000,185000000,185000000,191000000,191000000,100010,82100040,100000,100000,10,82000040
770,706606000,706606000,100000,100000,1000000,1000000,634506000,634506000,1000000,1000000,70000000,70000000,71000000,71000000,72100000,72100000,100000,100000,1000000,1000000,0,0,1000000,1000000,70000000,70000000,71000000,71000000,100010,20100030,100000,100000,10,20000030
800,865606000,866606000,100000,100000,1000000,2000000,634506000,634506000,2000000,2000000,228000000,228000000,230000000,230000000,231100000,232100000,100000,100000,1000000,2000000,0,0,2000000,2000000,228000000,228000000,230000000,230000000,100010,58100030,100000,100000,10,58000030
830,846606000,847606000,100000,100000,0,1000000,634506000,634506000,1000000,1000000,211000000,211000000,212000000,212000000,212100000,213100000,100000,100000,0,1000000,0,0,1000000,1000000,211000000,211000000,212000000,212000000,100010,81100030,100000,100000,10,81000030
860,800606000,805606000,100000,100000,8000000,13000000,634506000,634506000,13000000,13000000,145000000,145000000,158000000,158000000,166100000,171100000,100000,100000,8000000,13000000,0,0,13000000,13000000,145000000,145000000,158000000,158000000,100010,2100020,100000,100000,10,2000020
890,892606000,893606000,100000,100000,9000000,10000000,634506000,634506000,10000000,10000000,239000000,239000000,249000000,249000000,258100000,259100000,100000,100000,9000000,10000000,0,0,10000000,10000000,239000000,239000000,249000000,249000000,100010,66100040,100000,100000,10,66000040
920,866606000,867606000,100000,100000,18000000,19000000,634506000,634506000,18000000,18000000,196000000,196000000,214000000,214000000,232100000,233100000,100000,100000,18000000,19000000,0,0,18000000,18000000,196000000,196000000,214000000,214000000,100010,62100010,100000,100000,10,62000010
950,791606000,792606000,100000,100000,11000000,12000000,634506000,634506000,12000000,12000000,134000000,134000000,146000000,146000000,157100000,158100000,100000,100000,11000000,12000000,0,0,12000000,12000000,134000000,134000000,146000000,146000000,100010,25100040,100000,100000,10,25000040
980,651606000,1287112000,100000,100000,17000000,18000000,634506000,1269012000,0,0,0,0,0,0,17100000,18100000,100000,100000,17000000,18000000,0,0,0,0,0,0,0,0,100010,100000,100000,100000,10,0
1010,637606000,1273112000,100000,100000,3000000,4000000,634506000,1269012000,0,0,0,0,0,0,3100000,4100000,100000,100000,3000000,4000000,0,0,0,0,0,0,0,0,100010,100000,100000,100000,10,0
1040,641606000,1277112000,100000,100000,7000000,8000000,634506000,1269012000,0,0,0,0,0,0,7100000,8100000,100000,100000,7000000,8000000,0,0,0,0,0,0,0,0,100010,100000,100000,100000,10,0
1070,682606000,1962618000,100000,100000,8000000,19000000,634506000,1903518000,19000000,19000000,21000000,21000000,40000000,40000000,48100000,59100000,100000,100000,8000000,19000000,0,0,19000000,19000000,21000000,21000000,40000000,40000000,100010,100000,100000,100000,10,0
1100,962606000,18738774000,100000,100000,0,10000000,634506000,18400674000,2000000,2000000,326000000,326000000,328000000,328000000,328100000,338100000,100000,100000,0,10000000,0,0,2000000,2000000,326000000,326000000,328000000,328000000,100010,49100020,100000,100000,10,49000020
1130,799606000,3349630000,100000,100000,5000000,17000000,634506000,3172530000,16000000,16000000,144000000,144000000,160000000,160000000,165100000,177100000,100000,100000,5000000,17000000,0,0,16000000,16000000,144000000,144000000,160000000,160000000,100010,66100030,100000,100000,10,66000030
1160,643606000,1279112000,100000,100000,9000000,10000000,634506000,1269012000,0,0,0,0,0,0,9100000,10100000,100000,100000,9000000,10000000,0,0,0,0,0,0,0,0,100010,100000,100000,100000,10,0
1190,647606000,2552124000,100000,100000,5000000,6000000,634506000,2538024000,6000000,6000000,2000000,2000000,8000000,8000000,13100000,14100000,100000,100000,5000000,6000000,0,0,6000000,6000000,2000000,2000000,8000000,8000000,100010,100000,100000,100000,10,0
1220,929606000,2215618000,100000,100000,57000000,74000000,634506000,1903518000,74000000,74000000,164000000,164000000,238000000,238000000,295100000,312100000,100000,100000,57000000,74000000,0,0,74000000,74000000,164000000,164000000,238000000,238000000,100010,104100020,100000,100000,10,104000020
1250,674606000,2579124000,100000,100000,7000000,8000000,634506000,2538024000,7000000,7000000,26000000,26000000,33000000,33000000,40100000,41100000,100000,100000,7000000,8000000,0,0,7000000,7000000,26000000,26000000,33000000,33000000,100010,100000,100000,100000,10,0
1280,742606000,1381112000,100000,100000,44000000,48000000,634506000,1269012000,47000000,47000000,17000000,17000000,64000000,64000000,108100000,112100000,100000,100000,44000000,48000000,0,0,47000000,47000000,17000000,17000000,64000000,64000000,100010,100000,100000,100000,10,0
21,922606000,923606000,100000,100000,19000000,20000000,634506000,634506000,20000000,20000000,249000000,249000000,269000000,269000000,288100000,289100000,100000,100000,19000000,20000000,0,0,20000000,20000000,249000000,249000000,269000000,269000000,100010,22100010,100000,100000,10,22000010
51,797606000,798606000,100000,100000,16000000,17000000,634506000,634506000,16000000,16000000,131000000,131000000,147000000,147000000,163100000,164100000,100000,100000,16000000,17000000,0,0,16000000,16000000,131000000,131000000,147000000,147000000,100010,66100030,100000,100000,10,66000030
81,800606000,820606000,100000,100000,19000000,39000000,634506000,634506000,39000000,39000000,108000000,108000000,147000000,147000000,166100000,186100000,100000,100000,19000000,39000000,0,0,39000000,39000000,108000000,108000000,147000000,147000000,100010,19100030,100000,100000,10,19000030
111,816606000,817606000,100000,100000,17000000,18000000,634506000,634506000,17000000,17000000,148000000,148000000,165000000,165000000,182100000,183100000,100000,100000,17000000,18000000,0,0,17000000,17000000,148000000,148000000,165000000,165000000,100010,22100040,100000,100000,10,22000040
141,797606000,797606000,100000,100000,1000000,1000000,634506000,634506000,1000000,1000000,161000000,161000000,162000000,162000000,163100000,163100000,100000,100000,1000000,1000000,0,0,1000000,1000000,161000000,161000000,162000000,162000000,100010,12100030,100000,100000,10,12000030
171,907606000,907606000,100000,100000,20000000,20000000,634506000,634506000,20000000,20000000,233000000,233000000,253000000,253000000,273100000,273100000,100000,100000,20000000,20000000,0,0,20000000,20000000,233000000,233000000,253000000,253000000,100010,27100040,100000,100000,10,27000040
201,654606000,655606000,100000,100000,20000000,21000000,634506000,634506000,0,0,0,0,0,0,20100000,21100000,100000,100000,20000000,21000000,0,0,0,0,0,0,0,0,100010,100000,100000,100000,10,0
231,892606000,903606000,100000,100000,8000000,19000000,634506000,634506000,19000000,19000000,231000000,231000000,250000000,250000000,258100000,269100000,100000,100000,8000000,19000000,0,0,19000000,19000000,231000000,231000000,250000000,250000000,100010,22100010,100000,100000,10,22000010
261,818606000,819606000,100000,100000,8000000,9000000,634506000,634506000,9000000,9000000,167000000,167000000,176000000,176000000,184100000,185100000,100000,100000,8000000,9000000,0,0,9000000,9000000,167000000,167000000,176000000,176000000,100010,16100040,100000,100000,10,16000040
291,791606000,793606000,100000,100000,7000000,9000000,634506000,634506000,7000000,7000000,143000000,143000000,150000000,150000000,157100000,159100000,100000,100000,7000000,9000000,0,0,7000000,7000000,143000000,143000000,150000000,150000000,100010,74100030,100000,100000,10,74000030
321,696606000,703606000,100000,100000,1000000,8000000,634506000,634506000,1000000,1000000,60000000,60000000,61000000,61000000,62100000,69100000,100000,100000,1000000,8000000,0,0,1000000,1000000,60000000,60000000,61000000,61000000,100010,12100020,100000,100000,10,12000020
351,653606000,654606000,100000,100000,8000000,9000000,634506000,634506000,8000000,8000000,3000000,3000000,11000000,11000000,19100000,20100000,100000,100000,8000000,9000000,0,0,8000000,8000000,3000000,3000000,11000000,11000000,100010,1100010,100000,100000,10,1000010
381,782606000,782606000,100000,100000,9000000,9000000,634506000,634506000,9000000,9000000,130000000,130000000,139000000,139000000,148100000,148100000,100000,100000,9000000,9000000,0,0,9000000,9000000,130000000,130000000,139000000,139000000,100010,16100030,100000,100000,10,16000030
411,968606000,969606000,100000,100000,12000000,13000000,634506000,634506000,13000000,13000000,309000000,309000000,322000000,322000000,334100000,335100000,100000,100000,12000000,13000000,0,0,13000000,13000000,309000000,309000000,322000000,322000000,100010,2100010,100000,100000,10,2000010
441,961606000,963606000,100000,100000,11000000,13000000,634506000,634506000,13000000,13000000,303000000,303000000,316000000,316000000,327100000,329100000,100000,100000,11000000,13000000,0,0,13000000,13000000,303000000,303000000,316000000,316000000,100010,96100050,100000,100000,10,96000050
471,750606000,750606000,100000,100000,11000000,11000000,634506000,634506000,11000000,11000000,94000000,94000000,105000000,105000000,116100000,116100000,100000,100000,11000000,11000000,0,0,11000000,11000000,94000000,94000000,105000000,105000000,100010,33100020,100000,100000,10,33000020
501,819606000,825606000,100000,100000,38000000,44000000,634506000,634506000,44000000,44000000,103000000,103000000,147000000,147000000,185100000,191100000,100000,100000,38000000,44000000,0,0,44000000,44000000,103000000,103000000,147000000,147000000,100010,32100040,100000,100000,10,32000040
531,807606000,807606000,100000,100000,18000000,18000000,634506000,634506000,18000000,18000000,137000000,137000000,155000000,155000000,173100000,173100000,100000,100000,18000000,18000000,0,0,18000000,18000000,137000000,137000000,155000000,155000000,100010,62100010,100000,100000,10,62000010
561,866606000,867606000,100000,100000,7000000,8000000,634506000,634506000,8000000,8000000,217000000,217000000,225000000,225000000,232100000,233100000,100000,100000,7000000,8000000,0,0,8000000,8000000,217000000,217000000,225000000,225000000,100010,22100030,100000,100000,10,22000030
591,870606000,871606000,100000,100000,7000000,8000000,634506000,634506000,8000000,8000000,221000000,221000000,229000000,229000000,236100000,237100000,100000,100000,7000000,8000000,0,0,8000000,8000000,221000000,221000000,229000000,229000000,100010,23100030,100000,100000,10,23000030
621,796606000,797606000,100000,100000,8000000,9000000,634506000,634506000,8000000,8000000,146000000,146000000,154000000,154000000,162100000,163100000,100000,100000,8000000,9000000,0,0,8000000,8000000,146000000,146000000,154000000,154000000,100010,83100020,100000,100000,10,83000020
651,772606000,772606000,100000,100000,10000000,10000000,634506000,634506000,10000000,10000000,118000000,118000000,128000000,128000000,138100000,138100000,100000,100000,10000000,10000000,0,0,10000000,10000000,118000000,118000000,128000000,128000000,100010,42100020,100000,100000,10,42000020
681,844606000,845606000,100000,100000,6000000,7000000,634506000,634506000,7000000,7000000,197000000,197000000,204000000,204000000,210100000,211100000,100000,100000,6000000,7000000,0,0,7000000,7000000,197000000,197000000,204000000,204000000,100010,10100010,100000,100000,10,10000010
711,841606000,842606000,100000,100000,17000000,18000000,634506000,634506000,18000000,18000000,172000000,172000000,190000000,190000000,207100000,208100000,100000,100000,17000000,18000000,0,0,18000000,18000000,172000000,172000000,190000000,190000000,100010,21100010,100000,100000,10,21000010
741,873606000,874606000,100000,100000,5000000,6000000,634506000,634506000,6000000,6000000,228000000,228000000,234000000,234000000,239100000,240100000,100000,100000,5000000,6000000,0,0,6000000,6000000,228000000,228000000,234000000,234000000,100010,82100040,100000,100000,10,82000040
771,643606000,643606000,100000,100000,1000000,1000000,634506000,634506000,1000000,1000000,7000000,7000000,8000000,8000000,9100000,9100000,100000,100000,1000000,1000000,0,0,1000000,1000000,7000000,7000000,8000000,8000000,100010,1100010,100000,100000,10,1000010
801,771606000,771606000,100000,100000,1000000,1000000,634506000,634506000,1000000,1000000,135000000,135000000,136000000,136000000,137100000,137100000,100000,100000,1000000,1000000,0,0,1000000,1000000,135000000,135000000,136000000,136000000,100010,18100020,100000,100000,10,18000020
831,689606000,689606000,100000,100000,10000000,10000000,634506000,634506000,10000000,10000000,35000000,35000000,45000000,45000000,55100000,55100000,100000,100000,10000000,10000000,0,0,10000000,10000000,35000000,35000000,45000000,45000000,100010,11100020,100000,100000,10,11000020
861,757606000,758606000,100000,100000,11000000,12000000,634506000,634506000,12000000,12000000,100000000,100000000,112000000,112000000,123100000,124100000,100000,100000,11000000,12000000,0,0,12000000,12000000,100000000,100000000,112000000,112000000,100010,12100030,100000,100000,10,12000030
891,807606000,807606000,100000,100000,8000000,8000000,634506000,634506000,8000000,8000000,157000000,157000000,165000000,165000000,173100000,173100000,100000,100000,8000000,8000000,0,0,8000000,8000000,157000000,157000000,165000000,165000000,100010,6100030,100000,100000,10,6000030
921,866606000,867606000,100000,100000,18000000,19000000,634506000,634506000,18000000,18000000,196000000,196000000,214000000,214000000,232100000,233100000,100000,100000,18000000,19000000,0,0,18000000,18000000,196000000,196000000,214000000,214000000,100010,62100010,100000,100000,10,62000010
951,839606000,840606000,100000,100000,12000000,13000000,634506000,634506000,13000000,13000000,180000000,180000000,193000000,193000000,205100000,206100000,100000,100000,12000000,13000000,0,0,13000000,13000000,180000000,180000000,193000000,193000000,100010,25100040,100000,100000,10,25000040
981,838606000,5917654000,100000,100000,17000000,20000000,634506000,5710554000,18000000,18000000,169000000,169000000,187000000,187000000,204100000,207100000,100000,100000,17000000,20000000,0,0,18000000,18000000,169000000,169000000,187000000,187000000,100010,40100010,100000,100000,10,40000010
1011,907606000,7262666000,100000,100000,0,10000000,634506000,6979566000,4000000,4000000,269000000,269000000,273000000,273000000,273100000,283100000,100000,100000,0,10000000,0,0,4000000,4000000,269000000,269000000,273000000,273000000,100010,80100040,100000,100000,10,80000040
1041,741606000,2647124000,100000,100000,7000000,9000000,634506000,2538024000,8000000,8000000,92000000,92000000,100000000,100000000,107100000,109100000,100000,100000,7000000,9000000,0,0,8000000,8000000,92000000,92000000,100000000,100000000,100010,1100010,100000,100000,10,1000010
1071,653606000,1923618000,100000,100000,19000000,20000000,634506000,1903518000,0,0,0,0,0,0,19100000,20100000,100000,100000,19000000,20000000,0,0,0,0,0,0,0,0,100010,100000,100000,100000,10,0
1101,854606000,18650774000,100000,100000,0,15000000,634506000,18400674000,15000000,16000000,205000000,219000000,220000000,235000000,220100000,250100000,100000,100000,0,15000000,0,0,15000000,16000000,205000000,219000000,220000000,235000000,100010,66100020,100000,100000,10,66000020
1131,663606000,3202630000,100000,100000,0,1000000,634506000,3172530000,1000000,1000000,28000000,28000000,29000000,29000000,29100000,30100000,100000,100000,0,1000000,0,0,1000000,1000000,28000000,28000000,29000000,29000000,100010,100000,100000,100000,10,0
1161,643606000,1279112000,100000,100000,9000000,10000000,634506000,1269012000,0,0,0,0,0,0,9100000,10100000,100000,100000,9000000,10000000,0,0,0,0,0,0,0,0,100010,100000,100000,100000,10,0
1191,648606000,1918618000,100000,100000,6000000,7000000,634506000,1903518000,6000000,6000000,2000000,2000000,8000000,8000000,14100000,15100000,100000,100000,6000000,7000000,0,0,6000000,6000000,2000000,2000000,8000000,8000000,100010,100000,100000,100000,10,0
1221,843606000,1534112000,100000,100000,18000000,74000000,634506000,1269012000,73000000,73000000,118000000,118000000,191000000,191000000,209100000,265100000,100000,100000,18000000,74000000,0,0,73000000,73000000,118000000,118000000,191000000,191000000,100010,63100020,100000,100000,10,63000020
1251,747606000,3289630000,100000,100000,7000000,11000000,634506000,3172530000,11000000,11000000,95000000,95000000,106000000,106000000,113100000,117100000,100000,100000,7000000,11000000,0,0,11000000,11000000,95000000,95000000,106000000,106000000,100010,25100030,100000,100000,10,25000030
1281,795606000,1432112000,100000,100000,11000000,13000000,634506000,1269012000,13000000,13000000,137000000,137000000,150000000,150000000,161100000,163100000,100000,100000,11000000,13000000,0,0,13000000,13000000,137000000,137000000,150000000,150000000,100010,45100040,100000,100000,10,45000040
22,978606000,979606000,100000,100000,19000000,20000000,634506000,634506000,20000000,20000000,305000000,305000000,325000000,325000000,344100000,345100000,100000,100000,19000000,20000000,0,0,20000000,20000000,305000000,305000000,325000000,325000000,100010,22100010,100000,100000,10,22000010
52,978606000,1018606000,100000,100000,17000000,57000000,634506000,634506000,57000000,57000000,270000000,270000000,327000000,327000000,344100000,384100000,100000,100000,17000000,57000000,0,0,57000000,57000000,270000000,270000000,327000000,327000000,100010,66100030,100000,100000,10,66000030
82,709606000,709606000,100000,100000,19000000,19000000,634506000,634506000,19000000,19000000,37000000,37000000,56000000,56000000,75100000,75100000,100000,100000,19000000,19000000,0,0,19000000,19000000,37000000,37000000,56000000,56000000,100010,22100010,100000,100000,10,22000010
112,717606000,727606000,100000,100000,18000000,20000000,634506000,634506000,18000000,57000000,47000000,16000000,65000000,73000000,83100000,93100000,100000,100000,18000000,20000000,0,0,18000000,57000000,47000000,16000000,65000000,73000000,100010,47100020,100000,100000,10,47000020
142,794606000,794606000,100000,100000,1000000,1000000,634506000,634506000,1000000,1000000,158000000,158000000,159000000,159000000,160100000,160100000,100000,100000,1000000,1000000,0,0,1000000,1000000,158000000,158000000,159000000,159000000,100010,12100030,100000,100000,10,12000030
172,835606000,835606000,100000,100000,20000000,20000000,634506000,634506000,20000000,20000000,161000000,161000000,181000000,181000000,201100000,201100000,100000,100000,20000000,20000000,0,0,20000000,20000000,161000000,161000000,181000000,181000000,100010,27100040,100000,100000,10,27000040
202,880606000,880606000,100000,100000,20000000,20000000,634506000,634506000,20000000,20000000,206000000,206000000,226000000,226000000,246100000,246100000,100000,100000,20000000,20000000,0,0,20000000,20000000,206000000,206000000,226000000,226000000,100010,51100030,100000,100000,10,51000030
232,728606000,728606000,100000,100000,19000000,19000000,634506000,634506000,19000000,19000000,56000000,56000000,75000000,75000000,94100000,94100000,100000,100000,19000000,19000000,0,0,19000000,19000000,56000000,56000000,75000000,75000000,100010,22100010,100000,100000,10,22000010
262,745606000,745606000,100000,100000,8000000,8000000,634506000,634506000,8000000,8000000,95000000,95000000,103000000,103000000,111100000,111100000,100000,100000,8000000,8000000,0,0,8000000,8000000,95000000,95000000,103000000,103000000,100010,73100040,100000,100000,10,73000040
292,771606000,772606000,100000,100000,8000000,9000000,634506000,634506000,9000000,9000000,120000000,120000000,129000000,129000000,137100000,138100000,100000,100000,8000000,9000000,0,0,9000000,9000000,120000000,120000000,129000000,129000000,100010,73100040,100000,100000,10,73000040
322,943606000,944606000,100000,100000,8000000,9000000,634506000,634506000,9000000,9000000,292000000,292000000,301000000,301000000,309100000,310100000,100000,100000,8000000,9000000,0,0,9000000,9000000,292000000,292000000,301000000,301000000,100010,33100020,100000,100000,10,33000020
352,668606000,670606000,100000,100000,6000000,8000000,634506000,634506000,8000000,8000000,20000000,20000000,28000000,28000000,34100000,36100000,100000,100000,6000000,8000000,0,0,8000000,8000000,20000000,20000000,28000000,28000000,100010,2100020,100000,100000,10,2000020
382,810606000,814606000,100000,100000,9000000,13000000,634506000,634506000,13000000,13000000,154000000,154000000,167000000,167000000,176100000,180100000,100000,100000,9000000,13000000,0,0,13000000,13000000,154000000,154000000,167000000,167000000,100010,20100040,100000,100000,10,20000040
412,968606000,969606000,100000,100000,12000000,13000000,634506000,634506000,13000000,13000000,309000000,309000000,322000000,322000000,334100000,335100000,100000,100000,12000000,13000000,0,0,13000000,13000000,309000000,309000000,322000000,322000000,100010,2100010,100000,100000,10,2000010
442,837606000,837606000,100000,100000,11000000,11000000,634506000,634506000,11000000,11000000,181000000,181000000,192000000,192000000,203100000,203100000,100000,100000,11000000,11000000,0,0,11000000,11000000,181000000,181000000,192000000,192000000,100010,26100040,100000,100000,10,26000040
472,735606000,735606000,100000,100000,11000000,11000000,634506000,634506000,11000000,11000000,79000000,79000000,90000000,90000000,101100000,101100000,100000,100000,11000000,11000000,0,0,11000000,11000000,79000000,79000000,90000000,90000000,100010,33100020,100000,100000,10,33000020
502,995606000,996606000,100000,100000,37000000,38000000,634506000,634506000,38000000,38000000,286000000,286000000,324000000,324000000,361100000,362100000,100000,100000,37000000,38000000,0,0,38000000,38000000,286000000,286000000,324000000,324000000,100010,38100040,100000,100000,10,38000040
532,807606000,807606000,100000,100000,18000000,18000000,634506000,634506000,18000000,18000000,137000000,137000000,155000000,155000000,173100000,173100000,100000,100000,18000000,18000000,0,0,18000000,18000000,137000000,137000000,155000000,155000000,100010,62100010,100000,100000,10,62000010
562,790606000,795606000,100000,100000,7000000,12000000,634506000,634506000,12000000,12000000,137000000,137000000,149000000,149000000,156100000,161100000,100000,100000,7000000,12000000,0,0,12000000,12000000,137000000,137000000,149000000,149000000,100010,23100030,100000,100000,10,23000030
592,904606000,905606000,100000,100000,7000000,8000000,634506000,634506000,8000000,8000000,255000000,255000000,263000000,263000000,270100000,271100000,100000,100000,7000000,8000000,0,0,8000000,8000000,255000000,255000000,263000000,263000000,100010,26100040,100000,100000,10,26000040
622,771606000,772606000,100000,100000,9000000,10000000,634506000,634506000,10000000,10000000,118000000,118000000,128000000,128000000,137100000,138100000,100000,100000,9000000,10000000,0,0,10000000,10000000,118000000,118000000,128000000,128000000,100010,43100030,100000,100000,10,43000030
652,761606000,761606000,100000,100000,10000000,10000000,634506000,634506000,10000000,10000000,107000000,107000000,117000000,117000000,127100000,127100000,100000,100000,10000000,10000000,0,0,10000000,10000000,107000000,107000000,117000000,117000000,100010,42100020,100000,100000,10,42000020
682,786606000,787606000,100000,100000,5000000,6000000,634506000,634506000,6000000,6000000,141000000,141000000,147000000,147000000,152100000,153100000,100000,100000,5000000,6000000,0,0,6000000,6000000,141000000,141000000,147000000,147000000,100010,82100040,100000,100000,10,82000040
712,841606000,842606000,100000,100000,17000000,18000000,634506000,634506000,18000000,18000000,172000000,172000000,190000000,190000000,207100000,208100000,100000,100000,17000000,18000000,0,0,18000000,18000000,172000000,172000000,190000000,190000000,100010,21100010,100000,100000,10,21000010
742,832606000,833606000,100000,100000,5000000,6000000,634506000,634506000,6000000,6000000,187000000,187000000,193000000,193000000,198100000,199100000,100000,100000,5000000,6000000,0,0,6000000,6000000,187000000,187000000,193000000,193000000,100010,82100040,100000,100000,10,82000040
772,764606000,764606000,100000,100000,1000000,1000000,634506000,634506000,1000000,1000000,128000000,128000000,129000000,129000000,130100000,130100000,100000,100000,1000000,1000000,0,0,1000000,1000000,128000000,128000000,129000000,129000000,100010,18100020,100000,100000,10,18000020
802,865606000,866606000,100000,100000,1000000,2000000,634506000,634506000,2000000,2000000,228000000,228000000,230000000,230000000,231100000,232100000,100000,100000,1000000,2000000,0,0,2000000,2000000,228000000,228000000,230000000,230000000,100010,58100030,100000,100000,10,58000030
832,793606000,793606000,100000,100000,10000000,10000000,634506000,634506000,10000000,10000000,139000000,139000000,149000000,149000000,159100000,159100000,100000,100000,10000000,10000000,0,0,10000000,10000000,139000000,139000000,149000000,149000000,100010,25100030,100000,100000,10,25000030
862,747606000,747606000,100000,100000,11000000,11000000,634506000,634506000,11000000,11000000,91000000,91000000,102000000,102000000,113100000,113100000,100000,100000,11000000,11000000,0,0,11000000,11000000,91000000,91000000,102000000,102000000,100010,11100020,100000,100000,10,11000020
892,883606000,884606000,100000,100000,7000000,8000000,634506000,634506000,8000000,8000000,234000000,234000000,242000000,242000000,249100000,250100000,100000,100000,7000000,8000000,0,0,8000000,8000000,234000000,234000000,242000000,242000000,100010,7100010,100000,100000,10,7000010
922,866606000,867606000,100000,100000,18000000,19000000,634506000,634506000,18000000,18000000,196000000,196000000,214000000,214000000,232100000,233100000,100000,100000,18000000,19000000,0,0,18000000,18000000,196000000,196000000,214000000,214000000,100010,62100010,100000,100000,10,62000010
952,946606000,947606000,100000,100000,73000000,74000000,634506000,634506000,74000000,74000000,165000000,165000000,239000000,239000000,312100000,313100000,100000,100000,73000000,74000000,0,0,74000000,74000000,165000000,165000000,239000000,239000000,100010,120100030,100000,100000,10,120000030
982,651606000,1287112000,100000,100000,17000000,18000000,634506000,1269012000,0,0,0,0,0,0,17100000,18100000,100000,100000,17000000,18000000,0,0,0,0,0,0,0,0,100010,100000,100000,100000,10,0
1012,907606000,7262666000,100000,100000,1000000,11000000,634506000,6979566000,4000000,4000000,268000000,268000000,272000000,272000000,273100000,283100000,100000,100000,1000000,11000000,0,0,4000000,4000000,268000000,268000000,272000000,272000000,100010,73100040,100000,100000,10,73000040
1042,986606000,12418714000,100000,100000,1000000,12000000,634506000,12055614000,8000000,8000000,343000000,343000000,351000000,351000000,352100000,363100000,100000,100000,1000000,12000000,0,0,8000000,8000000,343000000,343000000,351000000,351000000,100010,19100040,100000,100000,10,19000040
1072,728606000,3912136000,100000,100000,8000000,19000000,634506000,3807036000,19000000,19000000,67000000,67000000,86000000,86000000,94100000,105100000,100000,100000,8000000,19000000,0,0,19000000,19000000,67000000,67000000,86000000,86000000,100010,100000,100000,100000,10,0
1102,663606000,3837136000,100000,100000,0,1000000,634506000,3807036000,1000000,1000000,28000000,28000000,29000000,29000000,29100000,30100000,100000,100000,0,1000000,0,0,1000000,1000000,28000000,28000000,29000000,29000000,100010,100000,100000,100000,10,0
1132,678606000,1954618000,100000,100000,1000000,8000000,634506000,1903518000,8000000,8000000,35000000,35000000,43000000,43000000,44100000,51100000,100000,100000,1000000,8000000,0,0,8000000,8000000,35000000,35000000,43000000,43000000,100010,1100010,100000,100000,10,1000010
1162,643606000,1924618000,100000,100000,9000000,21000000,634506000,1903518000,0,0,0,0,0,0,9100000,21100000,100000,100000,9000000,21000000,0,0,0,0,0,0,0,0,100010,100000,100000,100000,10,0
1192,696606000,3873136000,100000,100000,5000000,9000000,634506000,3807036000,6000000,6000000,51000000,51000000,57000000,57000000,62100000,66100000,100000,100000,5000000,9000000,0,0,6000000,6000000,51000000,51000000,57000000,57000000,100010,100000,100000,100000,10,0
1222,776606000,2099618000,100000,100000,19000000,73000000,634506000,1903518000,57000000,57000000,66000000,66000000,123000000,123000000,142100000,196100000,100000,100000,19000000,73000000,0,0,57000000,57000000,66000000,66000000,123000000,123000000,100010,100000,100000,100000,10,0
1252,645606000,647606000,100000,100000,11000000,13000000,634506000,634506000,0,0,0,0,0,0,11100000,13100000,100000,100000,11000000,13000000,0,0,0,0,0,0,0,0,100010,100000,100000,100000,10,0
1282,818606000,2153618000,100000,100000,19000000,85000000,634506000,1903518000,85000000,85000000,80000000,80000000,165000000,165000000,184100000,250100000,100000,100000,19000000,85000000,0,0,85000000,85000000,80000000,80000000,165000000,165000000,100010,62100010,100000,100000,10,62000010
23,978606000,979606000,100000,100000,19000000,20000000,634506000,634506000,20000000,20000000,305000000,305000000,325000000,325000000,344100000,345100000,100000,100000,19000000,20000000,0,0,20000000,20000000,305000000,305000000,325000000,325000000,100010,22100010,100000,100000,10,22000010
53,788606000,788606000,100000,100000,10000000,10000000,634506000,634506000,10000000,10000000,134000000,134000000,144000000,144000000,154100000,154100000,100000,100000,10000000,10000000,0,0,10000000,10000000,134000000,134000000,144000000,144000000,100010,25100040,100000,100000,10,25000040
83,784606000,785606000,100000,100000,19000000,20000000,634506000,634506000,20000000,20000000,111000000,111000000,131000000,131000000,150100000,151100000,100000,100000,19000000,20000000,0,0,20000000,20000000,111000000,111000000,131000000,131000000,100010,23100020,100000,100000,10,23000020
113,778606000,778606000,100000,100000,18000000,18000000,634506000,634506000,18000000,18000000,108000000,108000000,126000000,126000000,144100000,144100000,100000,100000,18000000,18000000,0,0,18000000,18000000,108000000,108000000,126000000,126000000,100010,24100030,100000,100000,10,24000030
143,826606000,828606000,100000,100000,8000000,10000000,634506000,634506000,10000000,10000000,174000000,174000000,184000000,184000000,192100000,194100000,100000,100000,8000000,10000000,0,0,10000000,10000000,174000000,174000000,184000000,184000000,100010,86100040,100000,100000,10,86000040
173,834606000,834606000,100000,100000,20000000,20000000,634506000,634506000,20000000,20000000,160000000,160000000,180000000,180000000,200100000,200100000,100000,100000,20000000,20000000,0,0,20000000,20000000,160000000,160000000,180000000,180000000,100010,27100040,100000,100000,10,27000040
203,880606000,880606000,100000,100000,20000000,20000000,634506000,634506000,20000000,20000000,206000000,206000000,226000000,226000000,246100000,246100000,100000,100000,20000000,20000000,0,0,20000000,20000000,206000000,206000000,226000000,226000000,100010,51100030,100000,100000,10,51000030
233,893606000,894606000,100000,100000,19000000,20000000,634506000,634506000,20000000,20000000,220000000,220000000,240000000,240000000,259100000,260100000,100000,100000,19000000,20000000,0,0,20000000,20000000,220000000,220000000,240000000,240000000,100010,22100010,100000,100000,10,22000010
263,818606000,819606000,100000,100000,8000000,9000000,634506000,634506000,9000000,9000000,167000000,167000000,176000000,176000000,184100000,185100000,100000,100000,8000000,9000000,0,0,9000000,9000000,167000000,167000000,176000000,176000000,100010,16100040,100000,100000,10,16000040
293,775606000,778606000,100000,100000,6000000,9000000,634506000,634506000,6000000,6000000,129000000,129000000,135000000,135000000,141100000,144100000,100000,100000,6000000,9000000,0,0,6000000,6000000,129000000,129000000,135000000,135000000,100010,17100030,100000,100000,10,17000030
323,891606000,892606000,100000,100000,8000000,9000000,634506000,634506000,9000000,9000000,240000000,240000000,249000000,249000000,257100000,258100000,100000,100000,8000000,9000000,0,0,9000000,9000000,240000000,240000000,249000000,249000000,100010,33100020,100000,100000,10,33000020
353,653606000,654606000,100000,100000,8000000,9000000,634506000,634506000,8000000,8000000,3000000,3000000,11000000,11000000,19100000,20100000,100000,100000,8000000,9000000,0,0,8000000,8000000,3000000,3000000,11000000,11000000,100010,1100010,100000,100000,10,1000010
383,766606000,766606000,100000,100000,9000000,9000000,634506000,634506000,9000000,9000000,114000000,114000000,123000000,123000000,132100000,132100000,100000,100000,9000000,9000000,0,0,9000000,9000000,114000000,114000000,123000000,123000000,100010,16100030,100000,100000,10,16000030
413,968606000,969606000,100000,100000,12000000,13000000,634506000,634506000,13000000,13000000,309000000,309000000,322000000,322000000,334100000,335100000,100000,100000,12000000,13000000,0,0,13000000,13000000,309000000,309000000,322000000,322000000,100010,2100010,100000,100000,10,2000010
443,837606000,837606000,100000,100000,11000000,11000000,634506000,634506000,11000000,11000000,181000000,181000000,192000000,192000000,203100000,203100000,100000,100000,11000000,11000000,0,0,11000000,11000000,181000000,181000000,192000000,192000000,100010,26100040,100000,100000,10,26000040
473,750606000,750606000,100000,100000,11000000,11000000,634506000,634506000,11000000,11000000,94000000,94000000,105000000,105000000,116100000,116100000,100000,100000,11000000,11000000,0,0,11000000,11000000,94000000,94000000,105000000,105000000,100010,33100020,100000,100000,10,33000020
503,672606000,676606000,100000,100000,38000000,42000000,634506000,634506000,0,0,0,0,0,0,38100000,42100000,100000,100000,38000000,42000000,0,0,0,0,0,0,0,0,100010,100000,100000,100000,10,0
533,807606000,807606000,100000,100000,18000000,18000000,634506000,634506000,18000000,18000000,137000000,137000000,155000000,155000000,173100000,173100000,100000,100000,18000000,18000000,0,0,18000000,18000000,137000000,137000000,155000000,155000000,100010,62100010,100000,100000,10,62000010
563,816606000,816606000,100000,100000,18000000,18000000,634506000,634506000,18000000,18000000,146000000,146000000,164000000,164000000,182100000,182100000,100000,100000,18000000,18000000,0,0,18000000,18000000,146000000,146000000,164000000,164000000,100010,40100010,100000,100000,10,40000010
593,924606000,925606000,100000,100000,7000000,8000000,634506000,634506000,8000000,8000000,275000000,275000000,283000000,283000000,290100000,291100000,100000,100000,7000000,8000000,0,0,8000000,8000000,275000000,275000000,283000000,283000000,100010,26100040,100000,100000,10,26000040
623,779606000,781606000,100000,100000,7000000,9000000,634506000,634506000,7000000,7000000,131000000,131000000,138000000,138000000,145100000,147100000,100000,100000,7000000,9000000,0,0,7000000,7000000,131000000,131000000,138000000,138000000,100010,83100020,100000,100000,10,83000020
653,839606000,839606000,100000,100000,10000000,10000000,634506000,634506000,10000000,10000000,185000000,185000000,195000000,195000000,205100000,205100000,100000,100000,10000000,10000000,0,0,10000000,10000000,185000000,185000000,195000000,195000000,100010,42100020,100000,100000,10,42000020
683,717606000,717606000,100000,100000,6000000,6000000,634506000,634506000,6000000,6000000,71000000,71000000,77000000,77000000,83100000,83100000,100000,100000,6000000,6000000,0,0,6000000,6000000,71000000,71000000,77000000,77000000,100010,10100010,100000,100000,10,10000010
713,841606000,842606000,100000,100000,17000000,18000000,634506000,634506000,18000000,18000000,172000000,172000000,190000000,190000000,207100000,208100000,100000,100000,17000000,18000000,0,0,18000000,18000000,172000000,172000000,190000000,190000000,100010,21100010,100000,100000,10,21000010
743,639606000,641606000,100000,100000,5000000,7000000,634506000,634506000,0,0,0,0,0,0,5100000,7100000,100000,100000,5000000,7000000,0,0,0,0,0,0,0,0,100010,100000,100000,100000,10,0
773,842606000,843606000,100000,100000,0,1000000,634506000,634506000,1000000,1000000,207000000,207000000,208000000,208000000,208100000,209100000,100000,100000,0,1000000,0,0,1000000,1000000,207000000,207000000,208000000,208000000,100010,81100030,100000,100000,10,81000030
803,771606000,771606000,100000,100000,1000000,1000000,634506000,634506000,1000000,1000000,135000000,135000000,136000000,136000000,137100000,137100000,100000,100000,1000000,1000000,0,0,1000000,1000000,135000000,135000000,136000000,136000000,100010,18100020,100000,100000,10,18000020
833,724606000,744606000,100000,100000,4000000,18000000,634506000,634506000,18000000,81000000,68000000,11000000,86000000,92000000,90100000,110100000,100000,100000,4000000,18000000,0,0,18000000,81000000,68000000,11000000,86000000,92000000,100010,69100030,100000,100000,10,69000030
863,749606000,752606000,100000,100000,8000000,11000000,634506000,634506000,11000000,11000000,96000000,96000000,107000000,107000000,115100000,118100000,100000,100000,8000000,11000000,0,0,11000000,11000000,96000000,96000000,107000000,107000000,100010,26100040,100000,100000,10,26000040
893,652606000,652606000,100000,100000,8000000,8000000,634506000,634506000,8000000,8000000,2000000,2000000,10000000,10000000,18100000,18100000,100000,100000,8000000,8000000,0,0,8000000,8000000,2000000,2000000,10000000,10000000,100010,1100010,100000,100000,10,1000010
923,866606000,867606000,100000,100000,18000000,19000000,634506000,634506000,18000000,18000000,196000000,196000000,214000000,214000000,232100000,233100000,100000,100000,18000000,19000000,0,0,18000000,18000000,196000000,196000000,214000000,214000000,100010,62100010,100000,100000,10,62000010
953,766606000,781606000,100000,100000,58000000,73000000,634506000,634506000,73000000,73000000,1000000,1000000,74000000,74000000,132100000,147100000,100000,100000,58000000,73000000,0,0,73000000,73000000,1000000,1000000,74000000,74000000,100010,100000,100000,100000,10,0
983,809606000,3348630000,100000,100000,17000000,18000000,634506000,3172530000,18000000,18000000,140000000,140000000,158000000,158000000,175100000,176100000,100000,100000,17000000,18000000,0,0,18000000,18000000,140000000,140000000,158000000,158000000,100010,23100030,100000,100000,10,23000030
1013,967606000,3538630000,100000,100000,8000000,41000000,634506000,3172530000,40000000,40000000,285000000,285000000,325000000,325000000,333100000,366100000,100000,100000,8000000,41000000,0,0,40000000,40000000,285000000,285000000,325000000,325000000,100010,11100030,100000,100000,10,11000030
1043,686606000,1956618000,100000,100000,10000000,11000000,634506000,1903518000,11000000,11000000,31000000,31000000,42000000,42000000,52100000,53100000,100000,100000,10000000,11000000,0,0,11000000,11000000,31000000,31000000,42000000,42000000,100010,100000,100000,100000,10,0
1073,677606000,3216630000,100000,100000,19000000,20000000,634506000,3172530000,20000000,20000000,4000000,4000000,24000000,24000000,43100000,44100000,100000,100000,19000000,20000000,0,0,20000000,20000000,4000000,4000000,24000000,24000000,100010,100000,100000,100000,10,0
1103,725606000,4539642000,100000,100000,3000000,10000000,634506000,4441542000,3000000,3000000,85000000,85000000,88000000,88000000,91100000,98100000,100000,100000,3000000,10000000,0,0,3000000,3000000,85000000,85000000,88000000,88000000,100010,17100030,100000,100000,10,17000030
1133,635606000,1271112000,100000,100000,1000000,2000000,634506000,1269012000,0,0,0,0,0,0,1100000,2100000,100000,100000,1000000,2000000,0,0,0,0,0,0,0,0,100010,100000,100000,100000,10,0
1163,643606000,1279112000,100000,100000,9000000,10000000,634506000,1269012000,0,0,0,0,0,0,9100000,10100000,100000,100000,9000000,10000000,0,0,0,0,0,0,0,0,100010,100000,100000,100000,10,0
1193,634606000,635606000,100000,100000,0,1000000,634506000,634506000,0,0,0,0,0,0,100000,1100000,100000,100000,0,1000000,0,0,0,0,0,0,0,0,100010,100000,100000,100000,10,0
1223,880606000,4056136000,100000,100000,10000000,13000000,634506000,3807036000,13000000,13000000,223000000,223000000,236000000,236000000,246100000,249100000,100000,100000,10000000,13000000,0,0,13000000,13000000,223000000,223000000,236000000,236000000,100010,68100040,100000,100000,10,68000040
1253,1022606000,1662112000,100000,100000,41000000,46000000,634506000,1269012000,46000000,47000000,301000000,300000000,347000000,347000000,388100000,393100000,100000,100000,41000000,46000000,0,0,46000000,47000000,301000000,300000000,347000000,347000000,100010,115100080,100000,100000,10,115000080
1283,691606000,1354112000,100000,100000,57000000,85000000,634506000,1269012000,0,0,0,0,0,0,57100000,85100000,100000,100000,57000000,85000000,0,0,0,0,0,0,0,0,100010,100000,100000,100000,10,0
24,923606000,924606000,100000,100000,19000000,20000000,634506000,634506000,20000000,20000000,250000000,250000000,270000000,270000000,289100000,290100000,100000,100000,19000000,20000000,0,0,20000000,20000000,250000000,250000000,270000000,270000000,100010,51100030,100000,100000,10,51000030
54,887606000,889606000,100000,100000,10000000,12000000,634506000,634506000,12000000,12000000,231000000,231000000,243000000,243000000,253100000,255100000,100000,100000,10000000,12000000,0,0,12000000,12000000,231000000,231000000,243000000,243000000,100010,68100040,100000,100000,10,68000040
84,976606000,977606000,100000,100000,19000000,20000000,634506000,634506000,20000000,20000000,303000000,303000000,323000000,323000000,342100000,343100000,100000,100000,19000000,20000000,0,0,20000000,20000000,303000000,303000000,323000000,323000000,100010,22100010,100000,100000,10,22000010
114,794606000,794606000,100000,100000,1000000,1000000,634506000,634506000,1000000,1000000,158000000,158000000,159000000,159000000,160100000,160100000,100000,100000,1000000,1000000,0,0,1000000,1000000,158000000,158000000,159000000,159000000,100010,12100030,100000,100000,10,12000030
144,980606000,1014606000,100000,100000,10000000,43000000,634506000,634506000,43000000,48000000,293000000,289000000,336000000,337000000,346100000,380100000,100000,100000,10000000,43000000,0,0,43000000,48000000,293000000,289000000,336000000,337000000,100010,88100050,100000,100000,10,88000050
174,834606000,834606000,100000,100000,20000000,20000000,634506000,634506000,20000000,20000000,160000000,160000000,180000000,180000000,200100000,200100000,100000,100000,20000000,20000000,0,0,20000000,20000000,160000000,160000000,180000000,180000000,100010,27100040,100000,100000,10,27000040
204,880606000,880606000,100000,100000,20000000,20000000,634506000,634506000,20000000,20000000,206000000,206000000,226000000,226000000,246100000,246100000,100000,100000,20000000,20000000,0,0,20000000,20000000,206000000,206000000,226000000,226000000,100010,51100030,100000,100000,10,51000030
234,863606000,864606000,100000,100000,19000000,20000000,634506000,634506000,20000000,20000000,190000000,190000000,210000000,210000000,229100000,230100000,100000,100000,19000000,20000000,0,0,20000000,20000000,190000000,190000000,210000000,210000000,100010,22100010,100000,100000,10,22000010
264,818606000,819606000,100000,100000,8000000,9000000,634506000,634506000,9000000,9000000,167000000,167000000,176000000,176000000,184100000,185100000,100000,100000,8000000,9000000,0,0,9000000,9000000,167000000,167000000,176000000,176000000,100010,16100040,100000,100000,10,16000040
294,824606000,824606000,100000,100000,9000000,9000000,634506000,634506000,9000000,9000000,172000000,172000000,181000000,181000000,190100000,190100000,100000,100000,9000000,9000000,0,0,9000000,9000000,172000000,172000000,181000000,181000000,100010,16100040,100000,100000,10,16000040
324,886606000,887606000,100000,100000,8000000,9000000,634506000,634506000,9000000,9000000,235000000,235000000,244000000,244000000,252100000,253100000,100000,100000,8000000,9000000,0,0,9000000,9000000,235000000,235000000,244000000,244000000,100010,33100020,100000,100000,10,33000020
354,653606000,654606000,100000,100000,8000000,9000000,634506000,634506000,8000000,8000000,3000000,3000000,11000000,11000000,19100000,20100000,100000,100000,8000000,9000000,0,0,8000000,8000000,3000000,3000000,11000000,11000000,100010,1100010,100000,100000,10,1000010
384,791606000,791606000,100000,100000,9000000,9000000,634506000,634506000,9000000,9000000,139000000,139000000,148000000,148000000,157100000,157100000,100000,100000,9000000,9000000,0,0,9000000,9000000,139000000,139000000,148000000,148000000,100010,16100030,100000,100000,10,16000030
414,836606000,836606000,100000,100000,13000000,13000000,634506000,634506000,13000000,13000000,176000000,176000000,189000000,189000000,202100000,202100000,100000,100000,13000000,13000000,0,0,13000000,13000000,176000000,176000000,189000000,189000000,100010,2100010,100000,100000,10,2000010
444,837606000,837606000,100000,100000,11000000,11000000,634506000,634506000,11000000,11000000,181000000,181000000,192000000,192000000,203100000,203100000,100000,100000,11000000,11000000,0,0,11000000,11000000,181000000,181000000,192000000,192000000,100010,26100040,100000,100000,10,26000040
474,781606000,782606000,100000,100000,11000000,12000000,634506000,634506000,12000000,12000000,124000000,124000000,136000000,136000000,147100000,148100000,100000,100000,11000000,12000000,0,0,12000000,12000000,124000000,124000000,136000000,136000000,100010,33100020,100000,100000,10,33000020
504,1003606000,1006606000,100000,100000,37000000,40000000,634506000,634506000,40000000,40000000,292000000,292000000,332000000,332000000,369100000,372100000,100000,100000,37000000,40000000,0,0,40000000,40000000,292000000,292000000,332000000,332000000,100010,38100040,100000,100000,10,38000040
534,807606000,807606000,100000,100000,18000000,18000000,634506000,634506000,18000000,18000000,137000000,137000000,155000000,155000000,173100000,173100000,100000,100000,18000000,18000000,0,0,18000000,18000000,137000000,137000000,155000000,155000000,100010,62100010,100000,100000,10,62000010
564,792606000,800606000,100000,100000,10000000,18000000,634506000,634506000,18000000,18000000,130000000,130000000,148000000,148000000,158100000,166100000,100000,100000,10000000,18000000,0,0,18000000,18000000,130000000,130000000,148000000,148000000,100010,40100010,100000,100000,10,40000010
594,720606000,720606000,100000,100000,7000000,7000000,634506000,634506000,7000000,7000000,72000000,72000000,79000000,79000000,86100000,86100000,100000,100000,7000000,7000000,0,0,7000000,7000000,72000000,72000000,79000000,79000000,100010,8100020,100000,100000,10,8000020
624,737606000,738606000,100000,100000,9000000,10000000,634506000,634506000,10000000,10000000,84000000,84000000,94000000,94000000,103100000,104100000,100000,100000,9000000,10000000,0,0,10000000,10000000,84000000,84000000,94000000,94000000,100010,24100030,100000,100000,10,24000030
654,771606000,778606000,100000,100000,10000000,17000000,634506000,634506000,17000000,17000000,110000000,110000000,127000000,127000000,137100000,144100000,100000,100000,10000000,17000000,0,0,17000000,17000000,110000000,110000000,127000000,127000000,100010,5100030,100000,100000,10,5000030
684,640606000,646606000,100000,100000,6000000,12000000,634506000,634506000,0,0,0,0,0,0,6100000,12100000,100000,100000,6000000,12000000,0,0,0,0,0,0,0,0,100010,100000,100000,100000,10,0
714,841606000,842606000,100000,100000,17000000,18000000,634506000,634506000,18000000,18000000,172000000,172000000,190000000,190000000,207100000,208100000,100000,100000,17000000,18000000,0,0,18000000,18000000,172000000,172000000,190000000,190000000,100010,21100010,100000,100000,10,21000010
744,780606000,781606000,100000,100000,5000000,6000000,634506000,634506000,6000000,6000000,135000000,135000000,141000000,141000000,146100000,147100000,100000,100000,5000000,6000000,0,0,6000000,6000000,135000000,135000000,141000000,141000000,100010,82100040,100000,100000,10,82000040
774,741606000,741606000,100000,100000,1000000,1000000,634506000,634506000,1000000,1000000,105000000,105000000,106000000,106000000,107100000,107100000,100000,100000,1000000,1000000,0,0,1000000,1000000,105000000,105000000,106000000,106000000,100010,81100040,100000,100000,10,81000040
804,771606000,771606000,100000,100000,1000000,1000000,634506000,634506000,1000000,1000000,135000000,135000000,136000000,136000000,137100000,137100000,100000,100000,1000000,1000000,0,0,1000000,1000000,135000000,135000000,136000000,136000000,100010,18100020,100000,100000,10,18000020
834,719606000,723606000,100000,100000,8000000,12000000,634506000,634506000,12000000,12000000,65000000,65000000,77000000,77000000,85100000,89100000,100000,100000,8000000,12000000,0,0,12000000,12000000,65000000,65000000,77000000,77000000,100010,10100030,100000,100000,10,10000030
864,645606000,647606000,100000,100000,11000000,13000000,634506000,634506000,0,0,0,0,0,0,11100000,13100000,100000,100000,11000000,13000000,0,0,0,0,0,0,0,0,100010,100000,100000,100000,10,0
894,807606000,807606000,100000,100000,8000000,8000000,634506000,634506000,8000000,8000000,157000000,157000000,165000000,165000000,173100000,173100000,100000,100000,8000000,8000000,0,0,8000000,8000000,157000000,157000000,165000000,165000000,100010,6100030,100000,100000,10,6000030
924,866606000,867606000,100000,100000,18000000,19000000,634506000,634506000,18000000,18000000,196000000,196000000,214000000,214000000,232100000,233100000,100000,100000,18000000,19000000,0,0,18000000,18000000,196000000,196000000,214000000,214000000,100010,62100010,100000,100000,10,62000010
954,882606000,884606000,100000,100000,11000000,13000000,634506000,634506000,13000000,13000000,224000000,224000000,237000000,237000000,248100000,250100000,100000,100000,11000000,13000000,0,0,13000000,13000000,224000000,224000000,237000000,237000000,100010,69100050,100000,100000,10,69000050
984,949606000,19367280000,100000,100000,0,17000000,634506000,19035180000,2000000,2000000,313000000,313000000,315000000,315000000,315100000,332100000,100000,100000,0,17000000,0,0,2000000,2000000,313000000,313000000,315000000,315000000,100010,67100020,100000,100000,10,67000020
1014,1320606000,4500136000,100000,100000,37000000,44000000,634506000,3807036000,41000000,41000000,608000000,608000000,649000000,649000000,686100000,693100000,100000,100000,37000000,44000000,0,0,41000000,41000000,608000000,608000000,649000000,649000000,100010,111100060,100000,100000,10,111000060
1044,643606000,645606000,100000,100000,9000000,11000000,634506000,634506000,0,0,0,0,0,0,9100000,11100000,100000,100000,9000000,11000000,0,0,0,0,0,0,0,0,100010,100000,100000,100000,10,0
1074,827606000,4646642000,100000,100000,8000000,20000000,634506000,4441542000,20000000,20000000,165000000,165000000,185000000,185000000,193100000,205100000,100000,100000,8000000,20000000,0,0,20000000,20000000,165000000,165000000,185000000,185000000,100010,100000,100000,100000,10,0
1104,637606000,1273112000,100000,100000,3000000,4000000,634506000,1269012000,0,0,0,0,0,0,3100000,4100000,100000,100000,3000000,4000000,0,0,0,0,0,0,0,0,100010,100000,100000,100000,10,0
1134,635606000,1271112000,100000,100000,1000000,2000000,634506000,1269012000,0,0,0,0,0,0,1100000,2100000,100000,100000,1000000,2000000,0,0,0,0,0,0,0,0,100010,100000,100000,100000,10,0
1164,652606000,3191630000,100000,100000,8000000,9000000,634506000,3172530000,9000000,9000000,1000000,1000000,10000000,10000000,18100000,19100000,100000,100000,8000000,9000000,0,0,9000000,9000000,1000000,1000000,10000000,10000000,100010,100000,100000,100000,10,0
1194,642606000,1278112000,100000,100000,8000000,9000000,634506000,1269012000,0,0,0,0,0,0,8100000,9100000,100000,100000,8000000,9000000,0,0,0,0,0,0,0,0,100010,100000,100000,100000,10,0
1224,686606000,1956618000,100000,100000,10000000,11000000,634506000,1903518000,11000000,11000000,31000000,31000000,42000000,42000000,52100000,53100000,100000,100000,10000000,11000000,0,0,11000000,11000000,31000000,31000000,42000000,42000000,100010,100000,100000,100000,10,0
1254,1024606000,1664112000,100000,100000,42000000,47000000,634506000,1269012000,47000000,47000000,301000000,301000000,348000000,348000000,390100000,395100000,100000,100000,42000000,47000000,0,0,47000000,47000000,301000000,301000000,348000000,348000000,100010,116100090,100000,100000,10,116000090
1284,641606000,1277112000,100000,100000,7000000,8000000,634506000,1269012000,0,0,0,0,0,0,7100000,8100000,100000,100000,7000000,8000000,0,0,0,0,0,0,0,0,100010,100000,100000,100000,10,0
25,872606000,883606000,100000,100000,8000000,19000000,634506000,634506000,19000000,19000000,211000000,211000000,230000000,230000000,238100000,249100000,100000,100000,8000000,19000000,0,0,19000000,19000000,211000000,211000000,230000000,230000000,100010,22100010,100000,100000,10,22000010
55,896606000,897606000,100000,100000,10000000,11000000,634506000,634506000,11000000,11000000,241000000,241000000,252000000,252000000,262100000,263100000,100000,100000,10000000,11000000,0,0,11000000,11000000,241000000,241000000,252000000,252000000,100010,68100040,100000,100000,10,68000040
85,976606000,977606000,100000,100000,19000000,20000000,634506000,634506000,20000000,20000000,303000000,303000000,323000000,323000000,342100000,343100000,100000,100000,19000000,20000000,0,0,20000000,20000000,303000000,303000000,323000000,323000000,100010,22100010,100000,100000,10,22000010
115,794606000,794606000,100000,100000,1000000,1000000,634506000,634506000,1000000,1000000,158000000,158000000,159000000,159000000,160100000,160100000,100000,100000,1000000,1000000,0,0,1000000,1000000,158000000,158000000,159000000,159000000,100010,12100030,100000,100000,10,12000030
145,766606000,767606000,100000,100000,9000000,10000000,634506000,634506000,9000000,9000000,114000000,114000000,123000000,123000000,132100000,133100000,100000,100000,9000000,10000000,0,0,9000000,9000000,114000000,114000000,123000000,123000000,100010,40100050,100000,100000,10,40000050
175,834606000,834606000,100000,100000,20000000,20000000,634506000,634506000,20000000,20000000,160000000,160000000,180000000,180000000,200100000,200100000,100000,100000,20000000,20000000,0,0,20000000,20000000,160000000,160000000,180000000,180000000,100010,27100040,100000,100000,10,27000040
205,852606000,853606000,100000,100000,19000000,20000000,634506000,634506000,20000000,20000000,179000000,179000000,199000000,199000000,218100000,219100000,100000,100000,19000000,20000000,0,0,20000000,20000000,179000000,179000000,199000000,199000000,100010,23100020,100000,100000,10,23000020
235,893606000,894606000,100000,100000,19000000,20000000,634506000,634506000,20000000,20000000,220000000,220000000,240000000,240000000,259100000,260100000,100000,100000,19000000,20000000,0,0,20000000,20000000,220000000,220000000,240000000,240000000,100010,22100010,100000,100000,10,22000010
265,818606000,819606000,100000,100000,8000000,9000000,634506000,634506000,9000000,9000000,167000000,167000000,176000000,176000000,184100000,185100000,100000,100000,8000000,9000000,0,0,9000000,9000000,167000000,167000000,176000000,176000000,100010,16100040,100000,100000,10,16000040
295,804606000,807606000,100000,100000,9000000,12000000,634506000,634506000,12000000,12000000,149000000,149000000,161000000,161000000,170100000,173100000,100000,100000,9000000,12000000,0,0,12000000,12000000,149000000,149000000,161000000,161000000,100010,19100020,100000,100000,10,19000020
325,900606000,901606000,100000,100000,8000000,9000000,634506000,634506000,9000000,9000000,249000000,249000000,258000000,258000000,266100000,267100000,100000,100000,8000000,9000000,0,0,9000000,9000000,249000000,249000000,258000000,258000000,100010,16100030,100000,100000,10,16000030
355,653606000,654606000,100000,100000,8000000,9000000,634506000,634506000,8000000,8000000,3000000,3000000,11000000,11000000,19100000,20100000,100000,100000,8000000,9000000,0,0,8000000,8000000,3000000,3000000,11000000,11000000,100010,1100010,100000,100000,10,1000010
385,643606000,651606000,100000,100000,9000000,17000000,634506000,634506000,0,0,0,0,0,0,9100000,17100000,100000,100000,9000000,17000000,0,0,0,0,0,0,0,0,100010,100000,100000,100000,10,0
415,968606000,969606000,100000,100000,12000000,13000000,634506000,634506000,13000000,13000000,309000000,309000000,322000000,322000000,334100000,335100000,100000,100000,12000000,13000000,0,0,13000000,13000000,309000000,309000000,322000000,322000000,100010,2100010,100000,100000,10,2000010
445,966606000,967606000,100000,100000,12000000,13000000,634506000,634506000,13000000,13000000,307000000,307000000,320000000,320000000,332100000,333100000,100000,100000,12000000,13000000,0,0,13000000,13000000,307000000,307000000,320000000,320000000,100010,2100010,100000,100000,10,2000010
475,912606000,913606000,100000,100000,3000000,4000000,634506000,634506000,4000000,4000000,271000000,271000000,275000000,275000000,278100000,279100000,100000,100000,3000000,4000000,0,0,4000000,4000000,271000000,271000000,275000000,275000000,100010,83100050,100000,100000,10,83000050
505,1021606000,1022606000,100000,100000,40000000,41000000,634506000,634506000,41000000,41000000,306000000,306000000,347000000,347000000,387100000,388100000,100000,100000,40000000,41000000,0,0,41000000,41000000,306000000,306000000,347000000,347000000,100010,114100070,100000,100000,10,114000070
535,807606000,807606000,100000,100000,18000000,18000000,634506000,634506000,18000000,18000000,137000000,137000000,155000000,155000000,173100000,173100000,100000,100000,18000000,18000000,0,0,18000000,18000000,137000000,137000000,155000000,155000000,100010,62100010,100000,100000,10,62000010
565,816606000,816606000,100000,100000,18000000,18000000,634506000,634506000,18000000,18000000,146000000,146000000,164000000,164000000,182100000,182100000,100000,100000,18000000,18000000,0,0,18000000,18000000,146000000,146000000,164000000,164000000,100010,40100010,100000,100000,10,40000010
595,924606000,925606000,100000,100000,7000000,8000000,634506000,634506000,8000000,8000000,275000000,275000000,283000000,283000000,290100000,291100000,100000,100000,7000000,8000000,0,0,8000000,8000000,275000000,275000000,283000000,283000000,100010,26100040,100000,100000,10,26000040
625,885606000,886606000,100000,100000,9000000,10000000,634506000,634506000,10000000,10000000,232000000,232000000,242000000,242000000,251100000,252100000,100000,100000,9000000,10000000,0,0,10000000,10000000,232000000,232000000,242000000,242000000,100010,83100020,100000,100000,10,83000020
655,851606000,852606000,100000,100000,9000000,10000000,634506000,634506000,9000000,9000000,199000000,199000000,208000000,208000000,217100000,218100000,100000,100000,9000000,10000000,0,0,9000000,9000000,199000000,199000000,208000000,208000000,100010,25100040,100000,100000,10,25000040
685,831606000,832606000,100000,100000,5000000,6000000,634506000,634506000,6000000,6000000,186000000,186000000,192000000,192000000,197100000,198100000,100000,100000,5000000,6000000,0,0,6000000,6000000,186000000,186000000,192000000,192000000,100010,82100040,100000,100000,10,82000040
715,841606000,842606000,100000,100000,17000000,18000000,634506000,634506000,18000000,18000000,172000000,172000000,190000000,190000000,207100000,208100000,100000,100000,17000000,18000000,0,0,18000000,18000000,172000000,172000000,190000000,190000000,100010,21100010,100000,100000,10,21000010
745,699606000,765606000,100000,100000,5000000,16000000,634506000,634506000,16000000,81000000,44000000,34000000,60000000,115000000,65100000,131100000,100000,100000,5000000,16000000,0,0,16000000,81000000,44000000,34000000,60000000,115000000,100010,68100040,100000,100000,10,68000040
775,635606000,636606000,100000,100000,1000000,2000000,634506000,634506000,0,0,0,0,0,0,1100000,2100000,100000,100000,1000000,2000000,0,0,0,0,0,0,0,0,100010,100000,100000,100000,10,0
805,771606000,771606000,100000,100000,1000000,1000000,634506000,634506000,1000000,1000000,135000000,135000000,136000000,136000000,137100000,137100000,100000,100000,1000000,1000000,0,0,1000000,1000000,135000000,135000000,136000000,136000000,100010,18100020,100000,100000,10,18000020
835,713606000,713606000,100000,100000,8000000,8000000,634506000,634506000,8000000,8000000,63000000,63000000,71000000,71000000,79100000,79100000,100000,100000,8000000,8000000,0,0,8000000,8000000,63000000,63000000,71000000,71000000,100010,12100020,100000,100000,10,12000020
865,874606000,875606000,100000,100000,7000000,8000000,634506000,634506000,8000000,8000000,225000000,225000000,233000000,233000000,240100000,241100000,100000,100000,7000000,8000000,0,0,8000000,8000000,225000000,225000000,233000000,233000000,100010,85100030,100000,100000,10,85000030
895,808606000,808606000,100000,100000,8000000,8000000,634506000,634506000,8000000,8000000,158000000,158000000,166000000,166000000,174100000,174100000,100000,100000,8000000,8000000,0,0,8000000,8000000,158000000,158000000,166000000,166000000,100010,6100030,100000,100000,10,6000030
925,825606000,864606000,100000,100000,19000000,58000000,634506000,634506000,58000000,58000000,114000000,114000000,172000000,172000000,191100000,230100000,100000,100000,19000000,58000000,0,0,58000000,58000000,114000000,114000000,172000000,172000000,100010,62100010,100000,100000,10,62000010
955,645606000,647606000,100000,100000,11000000,13000000,634506000,634506000,0,0,0,0,0,0,11100000,13100000,100000,100000,11000000,13000000,0,0,0,0,0,0,0,0,100010,100000,100000,100000,10,0
985,653606000,1289112000,100000,100000,19000000,20000000,634506000,1269012000,0,0,0,0,0,0,19100000,20100000,100000,100000,19000000,20000000,0,0,0,0,0,0,0,0,100010,100000,100000,100000,10,0
1015,1017606000,2925124000,100000,100000,37000000,41000000,634506000,2538024000,41000000,41000000,305000000,305000000,346000000,346000000,383100000,387100000,100000,100000,37000000,41000000,0,0,41000000,41000000,305000000,305000000,346000000,346000000,100010,111100060,100000,100000,10,111000060
1045,844606000,8475678000,100000,100000,0,17000000,634506000,8248578000,10000000,10000000,200000000,200000000,210000000,210000000,210100000,227100000,100000,100000,0,17000000,0,0,10000000,10000000,200000000,200000000,210000000,210000000,100010,12100030,100000,100000,10,12000030
1075,677606000,3851136000,100000,100000,19000000,20000000,634506000,3807036000,20000000,20000000,4000000,4000000,24000000,24000000,43100000,44100000,100000,100000,19000000,20000000,0,0,20000000,20000000,4000000,4000000,24000000,24000000,100010,100000,100000,100000,10,0
1105,637606000,638606000,100000,100000,3000000,4000000,634506000,634506000,0,0,0,0,0,0,3100000,4100000,100000,100000,3000000,4000000,0,0,0,0,0,0,0,0,100010,100000,100000,100000,10,0
1135,663606000,3202630000,100000,100000,0,1000000,634506000,3172530000,1000000,1000000,28000000,28000000,29000000,29000000,29100000,30100000,100000,100000,0,1000000,0,0,1000000,1000000,28000000,28000000,29000000,29000000,100010,100000,100000,100000,10,0
1165,652606000,3191630000,100000,100000,8000000,9000000,634506000,3172530000,9000000,9000000,1000000,1000000,10000000,10000000,18100000,19100000,100000,100000,8000000,9000000,0,0,9000000,9000000,1000000,1000000,10000000,10000000,100010,100000,100000,100000,10,0
1195,958606000,5410148000,100000,100000,1000000,11000000,634506000,5076048000,11000000,11000000,312000000,312000000,323000000,323000000,324100000,334100000,100000,100000,1000000,11000000,0,0,11000000,11000000,312000000,312000000,323000000,323000000,100010,38100050,100000,100000,10,38000050
1225,686606000,1956618000,100000,100000,10000000,11000000,634506000,1903518000,11000000,11000000,31000000,31000000,42000000,42000000,52100000,53100000,100000,100000,10000000,11000000,0,0,11000000,11000000,31000000,31000000,42000000,42000000,100010,100000,100000,100000,10,0
1255,645606000,647606000,100000,100000,11000000,13000000,634506000,634506000,0,0,0,0,0,0,11100000,13100000,100000,100000,11000000,13000000,0,0,0,0,0,0,0,0,100010,100000,100000,100000,10,0
1285,641606000,1277112000,100000,100000,7000000,8000000,634506000,1269012000,0,0,0,0,0,0,7100000,8100000,100000,100000,7000000,8000000,0,0,0,0,0,0,0,0,100010,100000,100000,100000,10,0
26,764606000,765606000,100000,100000,19000000,20000000,634506000,634506000,20000000,20000000,91000000,91000000,111000000,111000000,130100000,131100000,100000,100000,19000000,20000000,0,0,20000000,20000000,91000000,91000000,111000000,111000000,100010,22100010,100000,100000,10,22000010
56,644606000,645606000,100000,100000,10000000,11000000,634506000,634506000,0,0,0,0,0,0,10100000,11100000,100000,100000,10000000,11000000,0,0,0,0,0,0,0,0,100010,100000,100000,100000,10,0
86,921606000,922606000,100000,100000,19000000,20000000,634506000,634506000,20000000,20000000,248000000,248000000,268000000,268000000,287100000,288100000,100000,100000,19000000,20000000,0,0,20000000,20000000,248000000,248000000,268000000,268000000,100010,22100010,100000,100000,10,22000010
116,755606000,761606000,100000,100000,1000000,7000000,634506000,634506000,7000000,7000000,113000000,113000000,120000000,120000000,121100000,127100000,100000,100000,1000000,7000000,0,0,7000000,7000000,113000000,113000000,120000000,120000000,100010,20100040,100000,100000,10,20000040
146,793606000,800606000,100000,100000,1000000,8000000,634506000,634506000,8000000,8000000,150000000,150000000,158000000,158000000,159100000,166100000,100000,100000,1000000,8000000,0,0,8000000,8000000,150000000,150000000,158000000,158000000,100010,58100030,100000,100000,10,58000030
176,729606000,741606000,100000,100000,8000000,20000000,634506000,634506000,20000000,20000000,67000000,67000000,87000000,87000000,95100000,107100000,100000,100000,8000000,20000000,0,0,20000000,20000000,67000000,67000000,87000000,87000000,100010,23100020,100000,100000,10,23000020
206,717606000,717606000,100000,100000,20000000,20000000,634506000,634506000,20000000,20000000,43000000,43000000,63000000,63000000,83100000,83100000,100000,100000,20000000,20000000,0,0,20000000,20000000,43000000,43000000,63000000,63000000,100010,1100010,100000,100000,10,1000010
236,893606000,894606000,100000,100000,19000000,20000000,634506000,634506000,20000000,20000000,220000000,220000000,240000000,240000000,259100000,260100000,100000,100000,19000000,20000000,0,0,20000000,20000000,220000000,220000000,240000000,240000000,100010,22100010,100000,100000,10,22000010
266,703606000,704606000,100000,100000,8000000,9000000,634506000,634506000,8000000,8000000,53000000,53000000,61000000,61000000,69100000,70100000,100000,100000,8000000,9000000,0,0,8000000,8000000,53000000,53000000,61000000,61000000,100010,15100030,100000,100000,10,15000030
296,804606000,807606000,100000,100000,9000000,12000000,634506000,634506000,12000000,12000000,149000000,149000000,161000000,161000000,170100000,173100000,100000,100000,9000000,12000000,0,0,12000000,12000000,149000000,149000000,161000000,161000000,100010,19100020,100000,100000,10,19000020
326,694606000,701606000,100000,100000,1000000,8000000,634506000,634506000,1000000,1000000,58000000,58000000,59000000,59000000,60100000,67100000,100000,100000,1000000,8000000,0,0,1000000,1000000,58000000,58000000,59000000,59000000,100010,12100020,100000,100000,10,12000020
356,653606000,654606000,100000,100000,8000000,9000000,634506000,634506000,8000000,8000000,3000000,3000000,11000000,11000000,19100000,20100000,100000,100000,8000000,9000000,0,0,8000000,8000000,3000000,3000000,11000000,11000000,100010,1100010,100000,100000,10,1000010
386,778606000,778606000,100000,100000,9000000,9000000,634506000,634506000,9000000,9000000,126000000,126000000,135000000,135000000,144100000,144100000,100000,100000,9000000,9000000,0,0,9000000,9000000,126000000,126000000,135000000,135000000,100010,16100030,100000,100000,10,16000030
416,964606000,965606000,100000,100000,12000000,13000000,634506000,634506000,13000000,13000000,305000000,305000000,318000000,318000000,330100000,331100000,100000,100000,12000000,13000000,0,0,13000000,13000000,305000000,305000000,318000000,318000000,100010,2100010,100000,100000,10,2000010
446,965606000,966606000,100000,100000,12000000,13000000,634506000,634506000,13000000,13000000,306000000,306000000,319000000,319000000,331100000,332100000,100000,100000,12000000,13000000,0,0,13000000,13000000,306000000,306000000,319000000,319000000,100010,2100010,100000,100000,10,2000010
476,912606000,912606000,100000,100000,4000000,4000000,634506000,634506000,4000000,4000000,270000000,270000000,274000000,274000000,278100000,278100000,100000,100000,4000000,4000000,0,0,4000000,4000000,270000000,270000000,274000000,274000000,100010,15100040,100000,100000,10,15000040
506,959606000,988606000,100000,100000,8000000,37000000,634506000,634506000,37000000,37000000,280000000,280000000,317000000,317000000,325100000,354100000,100000,100000,8000000,37000000,0,0,37000000,37000000,280000000,280000000,317000000,317000000,100010,3100010,100000,100000,10,3000010
536,752606000,753606000,100000,100000,17000000,18000000,634506000,634506000,18000000,18000000,83000000,83000000,101000000,101000000,118100000,119100000,100000,100000,17000000,18000000,0,0,18000000,18000000,83000000,83000000,101000000,101000000,100010,21100010,100000,100000,10,21000010
566,817606000,856606000,100000,100000,18000000,57000000,634506000,634506000,57000000,57000000,108000000,108000000,165000000,165000000,183100000,222100000,100000,100000,18000000,57000000,0,0,57000000,57000000,108000000,108000000,165000000,165000000,100010,28100010,100000,100000,10,28000010
596,924606000,925606000,100000,100000,7000000,8000000,634506000,634506000,8000000,8000000,275000000,275000000,283000000,283000000,290100000,291100000,100000,100000,7000000,8000000,0,0,8000000,8000000,275000000,275000000,283000000,283000000,100010,26100040,100000,100000,10,26000040
626,885606000,886606000,100000,100000,9000000,10000000,634506000,634506000,10000000,10000000,232000000,232000000,242000000,242000000,251100000,252100000,100000,100000,9000000,10000000,0,0,10000000,10000000,232000000,232000000,242000000,242000000,100010,83100020,100000,100000,10,83000020
656,776606000,778606000,100000,100000,8000000,10000000,634506000,634506000,8000000,8000000,126000000,126000000,134000000,134000000,142100000,144100000,100000,100000,8000000,10000000,0,0,8000000,8000000,126000000,126000000,134000000,134000000,100010,84100030,100000,100000,10,84000030
686,826606000,826606000,100000,100000,6000000,6000000,634506000,634506000,6000000,6000000,180000000,180000000,186000000,186000000,192100000,192100000,100000,100000,6000000,6000000,0,0,6000000,6000000,180000000,180000000,186000000,186000000,100010,82100030,100000,100000,10,82000030
716,841606000,842606000,100000,100000,17000000,18000000,634506000,634506000,18000000,18000000,172000000,172000000,190000000,190000000,207100000,208100000,100000,100000,17000000,18000000,0,0,18000000,18000000,172000000,172000000,190000000,190000000,100010,21100010,100000,100000,10,21000010
746,740606000,740606000,100000,100000,9000000,9000000,634506000,634506000,9000000,9000000,88000000,88000000,97000000,97000000,106100000,106100000,100000,100000,9000000,9000000,0,0,9000000,9000000,88000000,88000000,97000000,97000000,100010,16100040,100000,100000,10,16000040
776,814606000,822606000,100000,100000,1000000,9000000,634506000,634506000,9000000,9000000,170000000,170000000,179000000,179000000,180100000,188100000,100000,100000,1000000,9000000,0,0,9000000,9000000,170000000,170000000,179000000,179000000,100010,82100040,100000,100000,10,82000040
806,771606000,771606000,100000,100000,1000000,1000000,634506000,634506000,1000000,1000000,135000000,135000000,136000000,136000000,137100000,137100000,100000,100000,1000000,1000000,0,0,1000000,1000000,135000000,135000000,136000000,136000000,100010,18100020,100000,100000,10,18000020
836,680606000,680606000,100000,100000,8000000,8000000,634506000,634506000,8000000,8000000,30000000,30000000,38000000,38000000,46100000,46100000,100000,100000,8000000,8000000,0,0,8000000,8000000,30000000,30000000,38000000,38000000,100010,10100030,100000,100000,10,10000030
866,874606000,875606000,100000,100000,7000000,8000000,634506000,634506000,8000000,8000000,225000000,225000000,233000000,233000000,240100000,241100000,100000,100000,7000000,8000000,0,0,8000000,8000000,225000000,225000000,233000000,233000000,100010,85100030,100000,100000,10,85000030
896,800606000,800606000,100000,100000,8000000,8000000,634506000,634506000,8000000,8000000,150000000,150000000,158000000,158000000,166100000,166100000,100000,100000,8000000,8000000,0,0,8000000,8000000,150000000,150000000,158000000,158000000,100010,3100010,100000,100000,10,3000010
926,806606000,807606000,100000,100000,18000000,19000000,634506000,634506000,18000000,18000000,136000000,136000000,154000000,154000000,172100000,173100000,100000,100000,18000000,19000000,0,0,18000000,18000000,136000000,136000000,154000000,154000000,100010,62100010,100000,100000,10,62000010
956,1060606000,1061606000,100000,100000,80000000,81000000,634506000,634506000,81000000,81000000,265000000,265000000,346000000,346000000,426100000,427100000,100000,100000,80000000,81000000,0,0,81000000,81000000,265000000,265000000,346000000,346000000,100010,133100040,100000,100000,10,133000040
986,977606000,2917124000,100000,100000,8000000,43000000,634506000,2538024000,43000000,48000000,292000000,288000000,335000000,336000000,343100000,379100000,100000,100000,8000000,43000000,0,0,43000000,48000000,292000000,288000000,335000000,336000000,100010,86100040,100000,100000,10,86000040
1016,671606000,675606000,100000,100000,37000000,41000000,634506000,634506000,0,0,0,0,0,0,37100000,41100000,100000,100000,37000000,41000000,0,0,0,0,0,0,0,0,100010,100000,100000,100000,10,0
1046,643606000,1913618000,100000,100000,9000000,10000000,634506000,1903518000,0,0,0,0,0,0,9100000,10100000,100000,100000,9000000,10000000,0,0,0,0,0,0,0,0,100010,100000,100000,100000,10,0
1076,770606000,4579642000,100000,100000,18000000,20000000,634506000,4441542000,18000000,18000000,100000000,100000000,118000000,118000000,136100000,138100000,100000,100000,18000000,20000000,0,0,18000000,18000000,100000000,100000000,118000000,118000000,100010,63100020,100000,100000,10,63000020
1106,722606000,2011618000,100000,100000,3000000,18000000,634506000,1903518000,18000000,81000000,67000000,9000000,85000000,90000000,88100000,108100000,100000,100000,3000000,18000000,0,0,18000000,81000000,67000000,9000000,85000000,90000000,100010,69100030,100000,100000,10,69000030
1136,635606000,1271112000,100000,100000,1000000,2000000,634506000,1269012000,0,0,0,0,0,0,1100000,2100000,100000,100000,1000000,2000000,0,0,0,0,0,0,0,0,100010,100000,100000,100000,10,0
1166,1019606000,1657112000,100000,100000,40000000,43000000,634506000,1269012000,43000000,44000000,302000000,301000000,345000000,345000000,385100000,388100000,100000,100000,40000000,43000000,0,0,43000000,44000000,302000000,301000000,345000000,345000000,100010,114100070,100000,100000,10,114000070
1196,885606000,5970654000,100000,100000,1000000,10000000,634506000,5710554000,9000000,9000000,241000000,241000000,250000000,250000000,251100000,260100000,100000,100000,1000000,10000000,0,0,9000000,9000000,241000000,241000000,250000000,250000000,100010,39100030,100000,100000,10,39000030
1226,686606000,2593124000,100000,100000,10000000,13000000,634506000,2538024000,11000000,11000000,31000000,31000000,42000000,42000000,52100000,55100000,100000,100000,10000000,13000000,0,0,11000000,11000000,31000000,31000000,42000000,42000000,100010,100000,100000,100000,10,0
1256,711606000,2617124000,100000,100000,17000000,19000000,634506000,2538024000,19000000,19000000,41000000,41000000,60000000,60000000,77100000,79100000,100000,100000,17000000,19000000,0,0,19000000,19000000,41000000,41000000,60000000,60000000,100010,100000,100000,100000,10,0
1286,652606000,654606000,100000,100000,18000000,20000000,634506000,634506000,0,0,0,0,0,0,18100000,20100000,100000,100000,18000000,20000000,0,0,0,0,0,0,0,0,100010,100000,100000,100000,10,0
27,852606000,863606000,100000,100000,8000000,19000000,634506000,634506000,19000000,19000000,191000000,191000000,210000000,210000000,218100000,229100000,100000,100000,8000000,19000000,0,0,19000000,19000000,191000000,191000000,210000000,210000000,100010,23100020,100000,100000,10,23000020
57,887606000,889606000,100000,100000,10000000,12000000,634506000,634506000,12000000,12000000,231000000,231000000,243000000,243000000,253100000,255100000,100000,100000,10000000,12000000,0,0,12000000,12000000,231000000,231000000,243000000,243000000,100010,68100040,100000,100000,10,68000040
87,707606000,717606000,100000,100000,9000000,19000000,634506000,634506000,9000000,9000000,55000000,55000000,64000000,64000000,73100000,83100000,100000,100000,9000000,19000000,0,0,9000000,9000000,55000000,55000000,64000000,64000000,100010,22100010,100000,100000,10,22000010
117,722606000,722606000,100000,100000,1000000,1000000,634506000,634506000,1000000,1000000,86000000,86000000,87000000,87000000,88100000,88100000,100000,100000,1000000,1000000,0,0,1000000,1000000,86000000,86000000,87000000,87000000,100010,19100030,100000,100000,10,19000030
147,752606000,752606000,100000,100000,8000000,8000000,634506000,634506000,8000000,8000000,102000000,102000000,110000000,110000000,118100000,118100000,100000,100000,8000000,8000000,0,0,8000000,8000000,102000000,102000000,110000000,110000000,100010,25100030,100000,100000,10,25000030
177,902606000,913606000,100000,100000,9000000,20000000,634506000,634506000,20000000,20000000,239000000,239000000,259000000,259000000,268100000,279100000,100000,100000,9000000,20000000,0,0,20000000,20000000,239000000,239000000,259000000,259000000,100010,17100030,100000,100000,10,17000030
207,717606000,717606000,100000,100000,20000000,20000000,634506000,634506000,20000000,20000000,43000000,43000000,63000000,63000000,83100000,83100000,100000,100000,20000000,20000000,0,0,20000000,20000000,43000000,43000000,63000000,63000000,100010,1100010,100000,100000,10,1000010
237,893606000,894606000,100000,100000,19000000,20000000,634506000,634506000,20000000,20000000,220000000,220000000,240000000,240000000,259100000,260100000,100000,100000,19000000,20000000,0,0,20000000,20000000,220000000,220000000,240000000,240000000,100010,22100010,100000,100000,10,22000010
267,818606000,819606000,100000,100000,8000000,9000000,634506000,634506000,9000000,9000000,167000000,167000000,176000000,176000000,184100000,185100000,100000,100000,8000000,9000000,0,0,9000000,9000000,167000000,167000000,176000000,176000000,100010,16100040,100000,100000,10,16000040
297,656606000,657606000,100000,100000,8000000,9000000,634506000,634506000,8000000,8000000,6000000,6000000,14000000,14000000,22100000,23100000,100000,100000,8000000,9000000,0,0,8000000,8000000,6000000,6000000,14000000,14000000,100010,2100010,100000,100000,10,2000010
327,943606000,944606000,100000,100000,8000000,9000000,634506000,634506000,9000000,9000000,292000000,292000000,301000000,301000000,309100000,310100000,100000,100000,8000000,9000000,0,0,9000000,9000000,292000000,292000000,301000000,301000000,100010,33100020,100000,100000,10,33000020
357,653606000,654606000,100000,100000,8000000,9000000,634506000,634506000,8000000,8000000,3000000,3000000,11000000,11000000,19100000,20100000,100000,100000,8000000,9000000,0,0,8000000,8000000,3000000,3000000,11000000,11000000,100010,1100010,100000,100000,10,1000010
387,782606000,782606000,100000,100000,9000000,9000000,634506000,634506000,9000000,9000000,130000000,130000000,139000000,139000000,148100000,148100000,100000,100000,9000000,9000000,0,0,9000000,9000000,130000000,130000000,139000000,139000000,100010,16100030,100000,100000,10,16000030
417,965606000,966606000,100000,100000,12000000,13000000,634506000,634506000,13000000,13000000,306000000,306000000,319000000,319000000,331100000,332100000,100000,100000,12000000,13000000,0,0,13000000,13000000,306000000,306000000,319000000,319000000,100010,2100010,100000,100000,10,2000010
447,964606000,965606000,100000,100000,12000000,13000000,634506000,634506000,13000000,13000000,305000000,305000000,318000000,318000000,330100000,331100000,100000,100000,12000000,13000000,0,0,13000000,13000000,305000000,305000000,318000000,318000000,100010,2100010,100000,100000,10,2000010
477,726606000,733606000,100000,100000,3000000,10000000,634506000,634506000,3000000,3000000,86000000,86000000,89000000,89000000,92100000,99100000,100000,100000,3000000,10000000,0,0,3000000,3000000,86000000,86000000,89000000,89000000,100010,18100030,100000,100000,10,18000030
507,943606000,964606000,100000,100000,7000000,8000000,634506000,634506000,8000000,37000000,294000000,285000000,302000000,322000000,309100000,330100000,100000,100000,7000000,8000000,0,0,8000000,37000000,294000000,285000000,302000000,322000000,100010,36100030,100000,100000,10,36000030
537,807606000,807606000,100000,100000,18000000,18000000,634506000,634506000,18000000,18000000,137000000,137000000,155000000,155000000,173100000,173100000,100000,100000,18000000,18000000,0,0,18000000,18000000,137000000,137000000,155000000,155000000,100010,62100010,100000,100000,10,62000010
567,671606000,671606000,100000,100000,18000000,18000000,634506000,634506000,18000000,18000000,1000000,1000000,19000000,19000000,37100000,37100000,100000,100000,18000000,18000000,0,0,18000000,18000000,1000000,1000000,19000000,19000000,100010,100000,100000,100000,10,0
597,924606000,925606000,100000,100000,7000000,8000000,634506000,634506000,8000000,8000000,275000000,275000000,283000000,283000000,290100000,291100000,100000,100000,7000000,8000000,0,0,8000000,8000000,275000000,275000000,283000000,283000000,100010,26100040,100000,100000,10,26000040
627,885606000,886606000,100000,100000,9000000,10000000,634506000,634506000,10000000,10000000,232000000,232000000,242000000,242000000,251100000,252100000,100000,100000,9000000,10000000,0,0,10000000,10000000,232000000,232000000,242000000,242000000,100010,83100020,100000,100000,10,83000020
657,839606000,839606000,100000,100000,10000000,10000000,634506000,634506000,10000000,10000000,185000000,185000000,195000000,195000000,205100000,205100000,100000,100000,10000000,10000000,0,0,10000000,10000000,185000000,185000000,195000000,195000000,100010,42100020,100000,100000,10,42000020
687,757606000,758606000,100000,100000,19000000,20000000,634506000,634506000,20000000,20000000,84000000,84000000,104000000,104000000,123100000,124100000,100000,100000,19000000,20000000,0,0,20000000,20000000,84000000,84000000,104000000,104000000,100010,2100010,100000,100000,10,2000010
717,801606000,802606000,100000,100000,17000000,18000000,634506000,634506000,18000000,18000000,132000000,132000000,150000000,150000000,167100000,168100000,100000,100000,17000000,18000000,0,0,18000000,18000000,132000000,132000000,150000000,150000000,100010,21100010,100000,100000,10,21000010
747,777606000,779606000,100000,100000,9000000,11000000,634506000,634506000,9000000,9000000,125000000,125000000,134000000,134000000,143100000,145100000,100000,100000,9000000,11000000,0,0,9000000,9000000,125000000,125000000,134000000,134000000,100010,57100040,100000,100000,10,57000040
777,643606000,643606000,100000,100000,1000000,1000000,634506000,634506000,1000000,1000000,7000000,7000000,8000000,8000000,9100000,9100000,100000,100000,1000000,1000000,0,0,1000000,1000000,7000000,7000000,8000000,8000000,100010,1100010,100000,100000,10,1000010
807,785606000,793606000,100000,100000,1000000,9000000,634506000,634506000,9000000,9000000,141000000,141000000,150000000,150000000,151100000,159100000,100000,100000,1000000,9000000,0,0,9000000,9000000,141000000,141000000,150000000,150000000,100010,58100030,100000,100000,10,58000030
837,680606000,680606000,100000,100000,8000000,8000000,634506000,634506000,8000000,8000000,30000000,30000000,38000000,38000000,46100000,46100000,100000,100000,8000000,8000000,0,0,8000000,8000000,30000000,30000000,38000000,38000000,100010,10100030,100000,100000,10,10000030
867,875606000,876606000,100000,100000,7000000,8000000,634506000,634506000,8000000,8000000,226000000,226000000,234000000,234000000,241100000,242100000,100000,100000,7000000,8000000,0,0,8000000,8000000,226000000,226000000,234000000,234000000,100010,85100030,100000,100000,10,85000030
897,808606000,808606000,100000,100000,8000000,8000000,634506000,634506000,8000000,8000000,158000000,158000000,166000000,166000000,174100000,174100000,100000,100000,8000000,8000000,0,0,8000000,8000000,158000000,158000000,166000000,166000000,100010,6100030,100000,100000,10,6000030
927,825606000,864606000,100000,100000,19000000,58000000,634506000,634506000,58000000,58000000,114000000,114000000,172000000,172000000,191100000,230100000,100000,100000,19000000,58000000,0,0,58000000,58000000,114000000,114000000,172000000,172000000,100010,62100010,100000,100000,10,62000010
957,1029606000,1030606000,100000,100000,46000000,47000000,634506000,634506000,47000000,47000000,302000000,302000000,349000000,349000000,395100000,396100000,100000,100000,46000000,47000000,0,0,47000000,47000000,302000000,302000000,349000000,349000000,100010,120100100,100000,100000,10,120000100
987,918606000,9176184000,100000,100000,1000000,10000000,634506000,8883084000,9000000,9000000,274000000,274000000,283000000,283000000,284100000,293100000,100000,100000,1000000,10000000,0,0,9000000,9000000,274000000,274000000,283000000,283000000,100010,81100040,100000,100000,10,81000040
1017,963606000,2480618000,100000,100000,7000000,37000000,634506000,1903518000,37000000,40000000,285000000,500000000,322000000,540000000,329100000,577100000,100000,100000,7000000,37000000,0,0,37000000,40000000,285000000,500000000,322000000,540000000,100010,27100040,100000,100000,10,27000040
1047,937606000,11100702000,100000,100000,7000000,18000000,634506000,10786602000,10000000,10000000,286000000,286000000,296000000,296000000,303100000,314100000,100000,100000,7000000,18000000,0,0,10000000,10000000,286000000,286000000,296000000,296000000,100010,64100030,100000,100000,10,64000030
1077,677606000,3851136000,100000,100000,19000000,20000000,634506000,3807036000,20000000,20000000,4000000,4000000,24000000,24000000,43100000,44100000,100000,100000,19000000,20000000,0,0,20000000,20000000,4000000,4000000,24000000,24000000,100010,100000,100000,100000,10,0
1107,637606000,1273112000,100000,100000,3000000,4000000,634506000,1269012000,0,0,0,0,0,0,3100000,4100000,100000,100000,3000000,4000000,0,0,0,0,0,0,0,0,100010,100000,100000,100000,10,0
1137,663606000,3202630000,100000,100000,0,1000000,634506000,3172530000,1000000,1000000,28000000,28000000,29000000,29000000,29100000,30100000,100000,100000,0,1000000,0,0,1000000,1000000,28000000,28000000,29000000,29000000,100010,100000,100000,100000,10,0
1167,719606000,1355112000,100000,100000,1000000,2000000,634506000,1269012000,2000000,2000000,82000000,82000000,84000000,84000000,85100000,86100000,100000,100000,1000000,2000000,0,0,2000000,2000000,82000000,82000000,84000000,84000000,100010,100000,100000,100000,10,0
1197,687606000,1963618000,100000,100000,4000000,11000000,634506000,1903518000,4000000,4000000,45000000,45000000,49000000,49000000,53100000,60100000,100000,100000,4000000,11000000,0,0,4000000,4000000,45000000,45000000,49000000,49000000,100010,100000,100000,100000,10,0
1227,686606000,1956618000,100000,100000,10000000,11000000,634506000,1903518000,11000000,11000000,31000000,31000000,42000000,42000000,52100000,53100000,100000,100000,10000000,11000000,0,0,11000000,11000000,31000000,31000000,42000000,42000000,100010,100000,100000,100000,10,0
1257,642606000,1279112000,100000,100000,8000000,10000000,634506000,1269012000,0,0,0,0,0,0,8100000,10100000,100000,100000,8000000,10000000,0,0,0,0,0,0,0,0,100010,100000,100000,100000,10,0
1287,672606000,676606000,100000,100000,38000000,42000000,634506000,634506000,0,0,0,0,0,0,38100000,42100000,100000,100000,38000000,42000000,0,0,0,0,0,0,0,0,100010,100000,100000,100000,10,0
28,757606000,757606000,100000,100000,19000000,19000000,634506000,634506000,19000000,19000000,85000000,85000000,104000000,104000000,123100000,123100000,100000,100000,19000000,19000000,0,0,19000000,19000000,85000000,85000000,104000000,104000000,100010,22100010,100000,100000,10,22000010
58,961606000,962606000,100000,100000,10000000,11000000,634506000,634506000,11000000,11000000,306000000,306000000,317000000,317000000,327100000,328100000,100000,100000,10000000,11000000,0,0,11000000,11000000,306000000,306000000,317000000,317000000,100010,46100040,100000,100000,10,46000040
88,765606000,766606000,100000,100000,19000000,20000000,634506000,634506000,20000000,20000000,92000000,92000000,112000000,112000000,131100000,132100000,100000,100000,19000000,20000000,0,0,20000000,20000000,92000000,92000000,112000000,112000000,100010,22100010,100000,100000,10,22000010
118,949606000,950606000,100000,100000,1000000,2000000,634506000,634506000,2000000,2000000,312000000,312000000,314000000,314000000,315100000,316100000,100000,100000,1000000,2000000,0,0,2000000,2000000,312000000,312000000,314000000,314000000,100010,82100030,100000,100000,10,82000030
148,752606000,752606000,100000,100000,8000000,8000000,634506000,634506000,8000000,8000000,102000000,102000000,110000000,110000000,118100000,118100000,100000,100000,8000000,8000000,0,0,8000000,8000000,102000000,102000000,110000000,110000000,100010,25100030,100000,100000,10,25000030
178,834606000,834606000,100000,100000,20000000,20000000,634506000,634506000,20000000,20000000,160000000,160000000,180000000,180000000,200100000,200100000,100000,100000,20000000,20000000,0,0,20000000,20000000,160000000,160000000,180000000,180000000,100010,27100040,100000,100000,10,27000040
208,717606000,717606000,100000,100000,20000000,20000000,634506000,634506000,20000000,20000000,43000000,43000000,63000000,63000000,83100000,83100000,100000,100000,20000000,20000000,0,0,20000000,20000000,43000000,43000000,63000000,63000000,100010,1100010,100000,100000,10,1000010
238,818606000,819606000,100000,100000,8000000,9000000,634506000,634506000,9000000,9000000,167000000,167000000,176000000,176000000,184100000,185100000,100000,100000,8000000,9000000,0,0,9000000,9000000,167000000,167000000,176000000,176000000,100010,16100040,100000,100000,10,16000040
268,656606000,656606000,100000,100000,8000000,8000000,634506000,634506000,8000000,8000000,6000000,6000000,14000000,14000000,22100000,22100000,100000,100000,8000000,8000000,0,0,8000000,8000000,6000000,6000000,14000000,14000000,100010,1100010,100000,100000,10,1000010
298,824606000,824606000,100000,100000,9000000,9000000,634506000,634506000,9000000,9000000,172000000,172000000,181000000,181000000,190100000,190100000,100000,100000,9000000,9000000,0,0,9000000,9000000,172000000,172000000,181000000,181000000,100010,16100040,100000,100000,10,16000040
328,891606000,892606000,100000,100000,8000000,9000000,634506000,634506000,9000000,9000000,240000000,240000000,249000000,249000000,257100000,258100000,100000,100000,8000000,9000000,0,0,9000000,9000000,240000000,240000000,249000000,249000000,100010,33100020,100000,100000,10,33000020
358,653606000,654606000,100000,100000,8000000,9000000,634506000,634506000,8000000,8000000,3000000,3000000,11000000,11000000,19100000,20100000,100000,100000,8000000,9000000,0,0,8000000,8000000,3000000,3000000,11000000,11000000,100010,1100010,100000,100000,10,1000010
388,782606000,782606000,100000,100000,9000000,9000000,634506000,634506000,9000000,9000000,130000000,130000000,139000000,139000000,148100000,148100000,100000,100000,9000000,9000000,0,0,9000000,9000000,130000000,130000000,139000000,139000000,100010,16100030,100000,100000,10,16000030
418,966606000,967606000,100000,100000,12000000,13000000,634506000,634506000,13000000,13000000,307000000,307000000,320000000,320000000,332100000,333100000,100000,100000,12000000,13000000,0,0,13000000,13000000,307000000,307000000,320000000,320000000,100010,2100010,100000,100000,10,2000010
448,966606000,967606000,100000,100000,12000000,13000000,634506000,634506000,13000000,13000000,307000000,307000000,320000000,320000000,332100000,333100000,100000,100000,12000000,13000000,0,0,13000000,13000000,307000000,307000000,320000000,320000000,100010,2100010,100000,100000,10,2000010
478,912606000,913606000,100000,100000,3000000,4000000,634506000,634506000,4000000,4000000,271000000,271000000,275000000,275000000,278100000,279100000,100000,100000,3000000,4000000,0,0,4000000,4000000,271000000,271000000,275000000,275000000,100010,83100050,100000,100000,10,83000050
508,964606000,993606000,100000,100000,8000000,37000000,634506000,634506000,37000000,37000000,285000000,285000000,322000000,322000000,330100000,359100000,100000,100000,8000000,37000000,0,0,37000000,37000000,285000000,285000000,322000000,322000000,100010,10100040,100000,100000,10,10000040
538,807606000,807606000,100000,100000,18000000,18000000,634506000,634506000,18000000,18000000,137000000,137000000,155000000,155000000,173100000,173100000,100000,100000,18000000,18000000,0,0,18000000,18000000,137000000,137000000,155000000,155000000,100010,62100010,100000,100000,10,62000010
568,802606000,811606000,100000,100000,1000000,10000000,634506000,634506000,10000000,10000000,157000000,157000000,167000000,167000000,168100000,177100000,100000,100000,1000000,10000000,0,0,10000000,10000000,157000000,157000000,167000000,167000000,100010,49100020,100000,100000,10,49000020
598,862606000,863606000,100000,100000,7000000,8000000,634506000,634506000,8000000,8000000,213000000,213000000,221000000,221000000,228100000,229100000,100000,100000,7000000,8000000,0,0,8000000,8000000,213000000,213000000,221000000,221000000,100010,23100030,100000,100000,10,23000030
628,917606000,918606000,100000,100000,9000000,10000000,634506000,634506000,10000000,10000000,264000000,264000000,274000000,274000000,283100000,284100000,100000,100000,9000000,10000000,0,0,10000000,10000000,264000000,264000000,274000000,274000000,100010,83100020,100000,100000,10,83000020
658,839606000,839606000,100000,100000,10000000,10000000,634506000,634506000,10000000,10000000,185000000,185000000,195000000,195000000,205100000,205100000,100000,100000,10000000,10000000,0,0,10000000,10000000,185000000,185000000,195000000,195000000,100010,42100020,100000,100000,10,42000020
688,979606000,981606000,100000,100000,17000000,19000000,634506000,634506000,19000000,19000000,309000000,309000000,328000000,328000000,345100000,347100000,100000,100000,17000000,19000000,0,0,19000000,19000000,309000000,309000000,328000000,328000000,100010,21100010,100000,100000,10,21000010
718,841606000,842606000,100000,100000,17000000,18000000,634506000,634506000,18000000,18000000,172000000,172000000,190000000,190000000,207100000,208100000,100000,100000,17000000,18000000,0,0,18000000,18000000,172000000,172000000,190000000,190000000,100010,21100010,100000,100000,10,21000010
748,732606000,732606000,100000,100000,11000000,11000000,634506000,634506000,11000000,11000000,76000000,76000000,87000000,87000000,98100000,98100000,100000,100000,11000000,11000000,0,0,11000000,11000000,76000000,76000000,87000000,87000000,100010,45100040,100000,100000,10,45000040
778,643606000,643606000,100000,100000,1000000,1000000,634506000,634506000,1000000,1000000,7000000,7000000,8000000,8000000,9100000,9100000,100000,100000,1000000,1000000,0,0,1000000,1000000,7000000,7000000,8000000,8000000,100010,1100010,100000,100000,10,1000010
808,768606000,768606000,100000,100000,1000000,1000000,634506000,634506000,1000000,1000000,132000000,132000000,133000000,133000000,134100000,134100000,100000,100000,1000000,1000000,0,0,1000000,1000000,132000000,132000000,133000000,133000000,100010,18100020,100000,100000,10,18000020
838,680606000,680606000,100000,100000,8000000,8000000,634506000,634506000,8000000,8000000,30000000,30000000,38000000,38000000,46100000,46100000,100000,100000,8000000,8000000,0,0,8000000,8000000,30000000,30000000,38000000,38000000,100010,10100030,100000,100000,10,10000030
868,864606000,865606000,100000,100000,7000000,8000000,634506000,634506000,8000000,8000000,215000000,215000000,223000000,223000000,230100000,231100000,100000,100000,7000000,8000000,0,0,8000000,8000000,215000000,215000000,223000000,223000000,100010,85100030,100000,100000,10,85000030
898,806606000,806606000,100000,100000,8000000,8000000,634506000,634506000,8000000,8000000,156000000,156000000,164000000,164000000,172100000,172100000,100000,100000,8000000,8000000,0,0,8000000,8000000,156000000,156000000,164000000,164000000,100010,6100030,100000,100000,10,6000030
928,866606000,867606000,100000,100000,18000000,19000000,634506000,634506000,18000000,18000000,196000000,196000000,214000000,214000000,232100000,233100000,100000,100000,18000000,19000000,0,0,18000000,18000000,196000000,196000000,214000000,214000000,100010,62100010,100000,100000,10,62000010
958,1039606000,1043606000,100000,100000,44000000,48000000,634506000,634506000,48000000,48000000,313000000,313000000,361000000,361000000,405100000,409100000,100000,100000,44000000,48000000,0,0,48000000,48000000,313000000,313000000,361000000,361000000,100010,38100050,100000,100000,10,38000050
988,1003606000,2944124000,100000,100000,10000000,47000000,634506000,2538024000,47000000,47000000,312000000,312000000,359000000,359000000,369100000,406100000,100000,100000,10000000,47000000,0,0,47000000,47000000,312000000,312000000,359000000,359000000,100010,88100050,100000,100000,10,88000050
1018,973606000,2909124000,100000,100000,8000000,40000000,634506000,2538024000,40000000,40000000,291000000,291000000,331000000,331000000,339100000,371100000,100000,100000,8000000,40000000,0,0,40000000,40000000,291000000,291000000,331000000,331000000,100010,9100030,100000,100000,10,9000030
1048,833606000,10364196000,100000,100000,6000000,19000000,634506000,10152096000,10000000,10000000,183000000,183000000,193000000,193000000,199100000,212100000,100000,100000,6000000,19000000,0,0,10000000,10000000,183000000,183000000,193000000,193000000,100010,72100020,100000,100000,10,72000020
1078,677606000,3851136000,100000,100000,19000000,20000000,634506000,3807036000,20000000,20000000,4000000,4000000,24000000,24000000,43100000,44100000,100000,100000,19000000,20000000,0,0,20000000,20000000,4000000,4000000,24000000,24000000,100010,100000,100000,100000,10,0
1108,637606000,1273112000,100000,100000,3000000,4000000,634506000,1269012000,0,0,0,0,0,0,3100000,4100000,100000,100000,3000000,4000000,0,0,0,0,0,0,0,0,100010,100000,100000,100000,10,0
1138,663606000,3202630000,100000,100000,0,1000000,634506000,3172530000,1000000,1000000,28000000,28000000,29000000,29000000,29100000,30100000,100000,100000,0,1000000,0,0,1000000,1000000,28000000,28000000,29000000,29000000,100010,100000,100000,100000,10,0
1168,711606000,2617124000,100000,100000,17000000,19000000,634506000,2538024000,19000000,19000000,41000000,41000000,60000000,60000000,77100000,79100000,100000,100000,17000000,19000000,0,0,19000000,19000000,41000000,41000000,60000000,60000000,100010,100000,100000,100000,10,0
1198,778606000,3957136000,100000,100000,4000000,10000000,634506000,3807036000,9000000,9000000,131000000,131000000,140000000,140000000,144100000,150100000,100000,100000,4000000,10000000,0,0,9000000,9000000,131000000,131000000,140000000,140000000,100010,83100020,100000,100000,10,83000020
1228,686606000,1956618000,100000,100000,10000000,11000000,634506000,1903518000,11000000,11000000,31000000,31000000,42000000,42000000,52100000,53100000,100000,100000,10000000,11000000,0,0,11000000,11000000,31000000,31000000,42000000,42000000,100010,100000,100000,100000,10,0
1258,711606000,2617124000,100000,100000,17000000,19000000,634506000,2538024000,19000000,19000000,41000000,41000000,60000000,60000000,77100000,79100000,100000,100000,17000000,19000000,0,0,19000000,19000000,41000000,41000000,60000000,60000000,100010,100000,100000,100000,10,0
29,922606000,923606000,100000,100000,19000000,20000000,634506000,634506000,20000000,20000000,249000000,249000000,269000000,269000000,288100000,289100000,100000,100000,19000000,20000000,0,0,20000000,20000000,249000000,249000000,269000000,269000000,100010,22100010,100000,100000,10,22000010
59,747606000,750606000,100000,100000,7000000,10000000,634506000,634506000,10000000,10000000,96000000,96000000,106000000,106000000,113100000,116100000,100000,100000,7000000,10000000,0,0,10000000,10000000,96000000,96000000,106000000,106000000,100010,31100030,100000,100000,10,31000030
89,872606000,883606000,100000,100000,8000000,19000000,634506000,634506000,19000000,19000000,211000000,211000000,230000000,230000000,238100000,249100000,100000,100000,8000000,19000000,0,0,19000000,19000000,211000000,211000000,230000000,230000000,100010,22100010,100000,100000,10,22000010
119,917606000,918606000,100000,100000,1000000,2000000,634506000,634506000,2000000,2000000,280000000,280000000,282000000,282000000,283100000,284100000,100000,100000,1000000,2000000,0,0,2000000,2000000,280000000,280000000,282000000,282000000,100010,82100030,100000,100000,10,82000030
149,926606000,927606000,100000,100000,8000000,9000000,634506000,634506000,9000000,9000000,275000000,275000000,284000000,284000000,292100000,293100000,100000,100000,8000000,9000000,0,0,9000000,9000000,275000000,275000000,284000000,284000000,100010,65100040,100000,100000,10,65000040
179,654606000,656606000,100000,100000,20000000,22000000,634506000,634506000,0,0,0,0,0,0,20100000,22100000,100000,100000,20000000,22000000,0,0,0,0,0,0,0,0,100010,100000,100000,100000,10,0
209,717606000,717606000,100000,100000,20000000,20000000,634506000,634506000,20000000,20000000,43000000,43000000,63000000,63000000,83100000,83100000,100000,100000,20000000,20000000,0,0,20000000,20000000,43000000,43000000,63000000,63000000,100010,1100010,100000,100000,10,1000010
239,824606000,824606000,100000,100000,9000000,9000000,634506000,634506000,9000000,9000000,172000000,172000000,181000000,181000000,190100000,190100000,100000,100000,9000000,9000000,0,0,9000000,9000000,172000000,172000000,181000000,181000000,100010,16100040,100000,100000,10,16000040
269,818606000,819606000,100000,100000,8000000,9000000,634506000,634506000,9000000,9000000,167000000,167000000,176000000,176000000,184100000,185100000,100000,100000,8000000,9000000,0,0,9000000,9000000,167000000,167000000,176000000,176000000,100010,16100040,100000,100000,10,16000040
299,824606000,824606000,100000,100000,9000000,9000000,634506000,634506000,9000000,9000000,172000000,172000000,181000000,181000000,190100000,190100000,100000,100000,9000000,9000000,0,0,9000000,9000000,172000000,172000000,181000000,181000000,100010,16100040,100000,100000,10,16000040
329,891606000,892606000,100000,100000,8000000,9000000,634506000,634506000,9000000,9000000,240000000,240000000,249000000,249000000,257100000,258100000,100000,100000,8000000,9000000,0,0,9000000,9000000,240000000,240000000,249000000,249000000,100010,33100020,100000,100000,10,33000020
359,924606000,926606000,100000,100000,8000000,10000000,634506000,634506000,8000000,8000000,274000000,274000000,282000000,282000000,290100000,292100000,100000,100000,8000000,10000000,0,0,8000000,8000000,274000000,274000000,282000000,282000000,100010,24100030,100000,100000,10,24000030
389,704606000,712606000,100000,100000,1000000,9000000,634506000,634506000,9000000,9000000,60000000,60000000,69000000,69000000,70100000,78100000,100000,100000,1000000,9000000,0,0,9000000,9000000,60000000,60000000,69000000,69000000,100010,12100020,100000,100000,10,12000020
419,966606000,967606000,100000,100000,12000000,13000000,634506000,634506000,13000000,13000000,307000000,307000000,320000000,320000000,332100000,333100000,100000,100000,12000000,13000000,0,0,13000000,13000000,307000000,307000000,320000000,320000000,100010,2100010,100000,100000,10,2000010
449,966606000,967606000,100000,100000,12000000,13000000,634506000,634506000,13000000,13000000,307000000,307000000,320000000,320000000,332100000,333100000,100000,100000,12000000,13000000,0,0,13000000,13000000,307000000,307000000,320000000,320000000,100010,2100010,100000,100000,10,2000010
479,637606000,638606000,100000,100000,3000000,4000000,634506000,634506000,0,0,0,0,0,0,3100000,4100000,100000,100000,3000000,4000000,0,0,0,0,0,0,0,0,100010,100000,100000,100000,10,0
509,950606000,951606000,100000,100000,7000000,8000000,634506000,634506000,8000000,8000000,301000000,301000000,309000000,309000000,316100000,317100000,100000,100000,7000000,8000000,0,0,8000000,8000000,301000000,301000000,309000000,309000000,100010,81100040,100000,100000,10,81000040
539,980606000,1036606000,100000,100000,18000000,74000000,634506000,634506000,74000000,74000000,254000000,254000000,328000000,328000000,346100000,402100000,100000,100000,18000000,74000000,0,0,74000000,74000000,254000000,254000000,328000000,328000000,100010,64100030,100000,100000,10,64000030
569,877606000,877606000,100000,100000,10000000,10000000,634506000,634506000,10000000,10000000,223000000,223000000,233000000,233000000,243100000,243100000,100000,100000,10000000,10000000,0,0,10000000,10000000,223000000,223000000,233000000,233000000,100010,49100020,100000,100000,10,49000020
599,924606000,925606000,100000,100000,7000000,8000000,634506000,634506000,8000000,8000000,275000000,275000000,283000000,283000000,290100000,291100000,100000,100000,7000000,8000000,0,0,8000000,8000000,275000000,275000000,283000000,283000000,100010,26100040,100000,100000,10,26000040
629,885606000,886606000,100000,100000,9000000,10000000,634506000,634506000,10000000,10000000,232000000,232000000,242000000,242000000,251100000,252100000,100000,100000,9000000,10000000,0,0,10000000,10000000,232000000,232000000,242000000,242000000,100010,83100020,100000,100000,10,83000020
659,839606000,839606000,100000,100000,10000000,10000000,634506000,634506000,10000000,10000000,185000000,185000000,195000000,195000000,205100000,205100000,100000,100000,10000000,10000000,0,0,10000000,10000000,185000000,185000000,195000000,195000000,100010,42100020,100000,100000,10,42000020
689,982606000,984606000,100000,100000,17000000,19000000,634506000,634506000,19000000,19000000,312000000,312000000,331000000,331000000,348100000,350100000,100000,100000,17000000,19000000,0,0,19000000,19000000,312000000,312000000,331000000,331000000,100010,22100020,100000,100000,10,22000020
719,841606000,842606000,100000,100000,17000000,18000000,634506000,634506000,18000000,18000000,172000000,172000000,190000000,190000000,207100000,208100000,100000,100000,17000000,18000000,0,0,18000000,18000000,172000000,172000000,190000000,190000000,100010,21100010,100000,100000,10,21000010
749,706606000,706606000,100000,100000,1000000,1000000,634506000,634506000,1000000,1000000,70000000,70000000,71000000,71000000,72100000,72100000,100000,100000,1000000,1000000,0,0,1000000,1000000,70000000,70000000,71000000,71000000,100010,20100030,100000,100000,10,20000030
779,643606000,643606000,100000,100000,1000000,1000000,634506000,634506000,1000000,1000000,7000000,7000000,8000000,8000000,9100000,9100000,100000,100000,1000000,1000000,0,0,1000000,1000000,7000000,7000000,8000000,8000000,100010,1100010,100000,100000,10,1000010
809,718606000,718606000,100000,100000,1000000,1000000,634506000,634506000,1000000,1000000,82000000,82000000,83000000,83000000,84100000,84100000,100000,100000,1000000,1000000,0,0,1000000,1000000,82000000,82000000,83000000,83000000,100010,18100020,100000,100000,10,18000020
839,680606000,680606000,100000,100000,8000000,8000000,634506000,634506000,8000000,8000000,30000000,30000000,38000000,38000000,46100000,46100000,100000,100000,8000000,8000000,0,0,8000000,8000000,30000000,30000000,38000000,38000000,100010,10100030,100000,100000,10,10000030
869,942606000,943606000,100000,100000,7000000,8000000,634506000,634506000,8000000,8000000,293000000,293000000,301000000,301000000,308100000,309100000,100000,100000,7000000,8000000,0,0,8000000,8000000,293000000,293000000,301000000,301000000,100010,81100040,100000,100000,10,81000040
899,732606000,733606000,100000,100000,7000000,8000000,634506000,634506000,8000000,8000000,83000000,83000000,91000000,91000000,98100000,99100000,100000,100000,7000000,8000000,0,0,8000000,8000000,83000000,83000000,91000000,91000000,100010,7100010,100000,100000,10,7000010
929,866606000,867606000,100000,100000,18000000,19000000,634506000,634506000,18000000,18000000,196000000,196000000,214000000,214000000,232100000,233100000,100000,100000,18000000,19000000,0,0,18000000,18000000,196000000,196000000,214000000,214000000,100010,62100010,100000,100000,10,62000010
959,793606000,793606000,100000,100000,9000000,9000000,634506000,634506000,9000000,9000000,141000000,141000000,150000000,150000000,159100000,159100000,100000,100000,9000000,9000000,0,0,9000000,9000000,141000000,141000000,150000000,150000000,100010,7100040,100000,100000,10,7000040
989,763606000,3331630000,100000,100000,7000000,37000000,634506000,3172530000,10000000,10000000,112000000,112000000,122000000,122000000,129100000,159100000,100000,100000,7000000,37000000,0,0,10000000,10000000,112000000,112000000,122000000,122000000,100010,10100040,100000,100000,10,10000040
1019,962606000,2261618000,100000,100000,7000000,37000000,634506000,1903518000,37000000,37000000,284000000,284000000,321000000,321000000,328100000,358100000,100000,100000,7000000,37000000,0,0,37000000,37000000,284000000,284000000,321000000,321000000,100010,10100040,100000,100000,10,10000040
1049,944606000,12374714000,100000,100000,8000000,17000000,634506000,12055614000,11000000,11000000,291000000,291000000,302000000,302000000,310100000,319100000,100000,100000,8000000,17000000,0,0,11000000,11000000,291000000,291000000,302000000,302000000,100010,74100040,100000,100000,10,74000040
1079,677606000,3851136000,100000,100000,19000000,20000000,634506000,3807036000,20000000,20000000,4000000,4000000,24000000,24000000,43100000,44100000,100000,100000,19000000,20000000,0,0,20000000,20000000,4000000,4000000,24000000,24000000,100010,100000,100000,100000,10,0
1109,637606000,1273112000,100000,100000,3000000,4000000,634506000,1269012000,0,0,0,0,0,0,3100000,4100000,100000,100000,3000000,4000000,0,0,0,0,0,0,0,0,100010,100000,100000,100000,10,0
1139,663606000,3202630000,100000,100000,0,1000000,634506000,3172530000,1000000,1000000,28000000,28000000,29000000,29000000,29100000,30100000,100000,100000,0,1000000,0,0,1000000,1000000,28000000,28000000,29000000,29000000,100010,100000,100000,100000,10,0
1169,918606000,13045220000,100000,100000,9000000,80000000,634506000,12690120000,80000000,80000000,195000000,195000000,275000000,275000000,284100000,355100000,100000,100000,9000000,80000000,0,0,80000000,80000000,195000000,195000000,275000000,275000000,100010,39100050,100000,100000,10,39000050
1199,638606000,639606000,100000,100000,4000000,5000000,634506000,634506000,0,0,0,0,0,0,4100000,5100000,100000,100000,4000000,5000000,0,0,0,0,0,0,0,0,100010,100000,100000,100000,10,0
1229,686606000,1956618000,100000,100000,10000000,11000000,634506000,1903518000,11000000,11000000,31000000,31000000,42000000,42000000,52100000,53100000,100000,100000,10000000,11000000,0,0,11000000,11000000,31000000,31000000,42000000,42000000,100010,100000,100000,100000,10,0
1259,659606000,2564124000,100000,100000,12000000,13000000,634506000,2538024000,12000000,12000000,1000000,1000000,13000000,13000000,25100000,26100000,100000,100000,12000000,13000000,0,0,12000000,12000000,1000000,1000000,13000000,13000000,100010,100000,100000,100000,10,0
30,892606000,893606000,100000,100000,19000000,20000000,634506000,634506000,20000000,20000000,219000000,219000000,239000000,239000000,258100000,259100000,100000,100000,19000000,20000000,0,0,20000000,20000000,219000000,219000000,239000000,239000000,100010,50100040,100000,100000,10,50000040
60,887606000,889606000,100000,100000,10000000,12000000,634506000,634506000,12000000,12000000,231000000,231000000,243000000,243000000,253100000,255100000,100000,100000,10000000,12000000,0,0,12000000,12000000,231000000,231000000,243000000,243000000,100010,68100040,100000,100000,10,68000040
90,851606000,862606000,100000,100000,8000000,19000000,634506000,634506000,19000000,19000000,190000000,190000000,209000000,209000000,217100000,228100000,100000,100000,8000000,19000000,0,0,19000000,19000000,190000000,190000000,209000000,209000000,100010,23100020,100000,100000,10,23000020
120,729606000,730606000,100000,100000,0,1000000,634506000,634506000,1000000,1000000,94000000,94000000,95000000,95000000,95100000,96100000,100000,100000,0,1000000,0,0,1000000,1000000,94000000,94000000,95000000,95000000,100010,40100040,100000,100000,10,40000040
150,753606000,753606000,100000,100000,8000000,8000000,634506000,634506000,8000000,8000000,103000000,103000000,111000000,111000000,119100000,119100000,100000,100000,8000000,8000000,0,0,8000000,8000000,103000000,103000000,111000000,111000000,100010,25100030,100000,100000,10,25000030
180,654606000,655606000,100000,100000,20000000,21000000,634506000,634506000,0,0,0,0,0,0,20100000,21100000,100000,100000,20000000,21000000,0,0,0,0,0,0,0,0,100010,100000,100000,100000,10,0
210,717606000,717606000,100000,100000,20000000,20000000,634506000,634506000,20000000,20000000,43000000,43000000,63000000,63000000,83100000,83100000,100000,100000,20000000,20000000,0,0,20000000,20000000,43000000,43000000,63000000,63000000,100010,1100010,100000,100000,10,1000010
240,891606000,892606000,100000,100000,8000000,9000000,634506000,634506000,9000000,9000000,240000000,240000000,249000000,249000000,257100000,258100000,100000,100000,8000000,9000000,0,0,9000000,9000000,240000000,240000000,249000000,249000000,100010,33100020,100000,100000,10,33000020
270,818606000,819606000,100000,100000,8000000,9000000,634506000,634506000,9000000,9000000,167000000,167000000,176000000,176000000,184100000,185100000,100000,100000,8000000,9000000,0,0,9000000,9000000,167000000,167000000,176000000,176000000,100010,16100040,100000,100000,10,16000040
300,824606000,824606000,100000,100000,9000000,9000000,634506000,634506000,9000000,9000000,172000000,172000000,181000000,181000000,190100000,190100000,100000,100000,9000000,9000000,0,0,9000000,9000000,172000000,172000000,181000000,181000000,100010,16100040,100000,100000,10,16000040
330,914606000,916606000,100000,100000,8000000,10000000,634506000,634506000,10000000,10000000,262000000,262000000,272000000,272000000,280100000,282100000,100000,100000,8000000,10000000,0,0,10000000,10000000,262000000,262000000,272000000,272000000,100010,17100030,100000,100000,10,17000030
360,653606000,654606000,100000,100000,8000000,9000000,634506000,634506000,8000000,8000000,3000000,3000000,11000000,11000000,19100000,20100000,100000,100000,8000000,9000000,0,0,8000000,8000000,3000000,3000000,11000000,11000000,100010,1100010,100000,100000,10,1000010
390,782606000,782606000,100000,100000,9000000,9000000,634506000,634506000,9000000,9000000,130000000,130000000,139000000,139000000,148100000,148100000,100000,100000,9000000,9000000,0,0,9000000,9000000,130000000,130000000,139000000,139000000,100010,16100030,100000,100000,10,16000030
420,966606000,967606000,100000,100000,12000000,13000000,634506000,634506000,13000000,13000000,307000000,307000000,320000000,320000000,332100000,333100000,100000,100000,12000000,13000000,0,0,13000000,13000000,307000000,307000000,320000000,320000000,100010,2100010,100000,100000,10,2000010
450,966606000,967606000,100000,100000,12000000,13000000,634506000,634506000,13000000,13000000,307000000,307000000,320000000,320000000,332100000,333100000,100000,100000,12000000,13000000,0,0,13000000,13000000,307000000,307000000,320000000,320000000,100010,2100010,100000,100000,10,2000010
480,685606000,686606000,100000,100000,3000000,4000000,634506000,634506000,4000000,4000000,44000000,44000000,48000000,48000000,51100000,52100000,100000,100000,3000000,4000000,0,0,4000000,4000000,44000000,44000000,48000000,48000000,100010,10100020,100000,100000,10,10000020
510,759606000,759606000,100000,100000,8000000,8000000,634506000,634506000,8000000,8000000,109000000,109000000,117000000,117000000,125100000,125100000,100000,100000,8000000,8000000,0,0,8000000,8000000,109000000,109000000,117000000,117000000,100010,39100050,100000,100000,10,39000050
540,780606000,780606000,100000,100000,18000000,18000000,634506000,634506000,18000000,18000000,110000000,110000000,128000000,128000000,146100000,146100000,100000,100000,18000000,18000000,0,0,18000000,18000000,110000000,110000000,128000000,128000000,100010,62100010,100000,100000,10,62000010
570,644606000,646606000,100000,100000,10000000,12000000,634506000,634506000,0,0,0,0,0,0,10100000,12100000,100000,100000,10000000,12000000,0,0,0,0,0,0,0,0,100010,100000,100000,100000,10,0
600,924606000,925606000,100000,100000,7000000,8000000,634506000,634506000,8000000,8000000,275000000,275000000,283000000,283000000,290100000,291100000,100000,100000,7000000,8000000,0,0,8000000,8000000,275000000,275000000,283000000,283000000,100010,26100040,100000,100000,10,26000040
630,885606000,886606000,100000,100000,9000000,10000000,634506000,634506000,10000000,10000000,232000000,232000000,242000000,242000000,251100000,252100000,100000,100000,9000000,10000000,0,0,10000000,10000000,232000000,232000000,242000000,242000000,100010,83100020,100000,100000,10,83000020
660,771606000,778606000,100000,100000,10000000,17000000,634506000,634506000,17000000,17000000,110000000,110000000,127000000,127000000,137100000,144100000,100000,100000,10000000,17000000,0,0,17000000,17000000,110000000,110000000,127000000,127000000,100010,22100020,100000,100000,10,22000020
690,838606000,839606000,100000,100000,17000000,18000000,634506000,634506000,18000000,18000000,169000000,169000000,187000000,187000000,204100000,205100000,100000,100000,17000000,18000000,0,0,18000000,18000000,169000000,169000000,187000000,187000000,100010,21100010,100000,100000,10,21000010
720,714606000,722606000,100000,100000,1000000,9000000,634506000,634506000,9000000,9000000,70000000,70000000,79000000,79000000,80100000,88100000,100000,100000,1000000,9000000,0,0,9000000,9000000,70000000,70000000,79000000,79000000,100010,1100010,100000,100000,10,1000010
750,643606000,643606000,100000,100000,1000000,1000000,634506000,634506000,1000000,1000000,7000000,7000000,8000000,8000000,9100000,9100000,100000,100000,1000000,1000000,0,0,1000000,1000000,7000000,7000000,8000000,8000000,100010,1100010,100000,100000,10,1000010
780,745606000,745606000,100000,100000,1000000,1000000,634506000,634506000,1000000,1000000,109000000,109000000,110000000,110000000,111100000,111100000,100000,100000,1000000,1000000,0,0,1000000,1000000,109000000,109000000,110000000,110000000,100010,81100040,100000,100000,10,81000040
810,771606000,771606000,100000,100000,1000000,1000000,634506000,634506000,1000000,1000000,135000000,135000000,136000000,136000000,137100000,137100000,100000,100000,1000000,1000000,0,0,1000000,1000000,135000000,135000000,136000000,136000000,100010,18100020,100000,100000,10,18000020
840,680606000,680606000,100000,100000,8000000,8000000,634506000,634506000,8000000,8000000,30000000,30000000,38000000,38000000,46100000,46100000,100000,100000,8000000,8000000,0,0,8000000,8000000,30000000,30000000,38000000,38000000,100010,10100030,100000,100000,10,10000030
870,875606000,876606000,100000,100000,7000000,8000000,634506000,634506000,8000000,8000000,226000000,226000000,234000000,234000000,241100000,242100000,100000,100000,7000000,8000000,0,0,8000000,8000000,226000000,226000000,234000000,234000000,100010,85100030,100000,100000,10,85000030
900,816606000,816606000,100000,100000,8000000,8000000,634506000,634506000,8000000,8000000,166000000,166000000,174000000,174000000,182100000,182100000,100000,100000,8000000,8000000,0,0,8000000,8000000,166000000,166000000,174000000,174000000,100010,85100030,100000,100000,10,85000030
930,929606000,990606000,100000,100000,19000000,80000000,634506000,634506000,80000000,80000000,196000000,196000000,276000000,276000000,295100000,356100000,100000,100000,19000000,80000000,0,0,80000000,80000000,196000000,196000000,276000000,276000000,100010,72100020,100000,100000,10,72000020
960,768606000,769606000,100000,100000,8000000,9000000,634506000,634506000,9000000,9000000,117000000,117000000,126000000,126000000,134100000,135100000,100000,100000,8000000,9000000,0,0,9000000,9000000,117000000,117000000,126000000,126000000,100010,6100030,100000,100000,10,6000030
990,677606000,3851136000,100000,100000,19000000,20000000,634506000,3807036000,20000000,20000000,4000000,4000000,24000000,24000000,43100000,44100000,100000,100000,19000000,20000000,0,0,20000000,20000000,4000000,4000000,24000000,24000000,100010,100000,100000,100000,10,0
1020,645606000,649606000,100000,100000,11000000,15000000,634506000,634506000,0,0,0,0,0,0,11100000,15100000,100000,100000,11000000,15000000,0,0,0,0,0,0,0,0,100010,100000,100000,100000,10,0
1050,640606000,1277112000,100000,100000,6000000,8000000,634506000,1269012000,0,0,0,0,0,0,6100000,8100000,100000,100000,6000000,8000000,0,0,0,0,0,0,0,0,100010,100000,100000,100000,10,0
1080,647606000,2552124000,100000,100000,5000000,6000000,634506000,2538024000,6000000,6000000,2000000,2000000,8000000,8000000,13100000,14100000,100000,100000,5000000,6000000,0,0,6000000,6000000,2000000,2000000,8000000,8000000,100010,100000,100000,100000,10,0
1110,723606000,10246196000,100000,100000,7000000,12000000,634506000,10152096000,11000000,11000000,71000000,71000000,82000000,82000000,89100000,94100000,100000,100000,7000000,12000000,0,0,11000000,11000000,71000000,71000000,82000000,82000000,100010,7100010,100000,100000,10,7000010
1140,663606000,3202630000,100000,100000,0,1000000,634506000,3172530000,1000000,1000000,28000000,28000000,29000000,29000000,29100000,30100000,100000,100000,0,1000000,0,0,1000000,1000000,28000000,28000000,29000000,29000000,100010,100000,100000,100000,10,0
1170,920606000,5365148000,100000,100000,8000000,11000000,634506000,5076048000,8000000,8000000,270000000,270000000,278000000,278000000,286100000,289100000,100000,100000,8000000,11000000,0,0,8000000,8000000,270000000,270000000,278000000,278000000,100010,18100040,100000,100000,10,18000040
1200,645606000,1281112000,100000,100000,11000000,12000000,634506000,1269012000,0,0,0,0,0,0,11100000,12100000,100000,100000,11000000,12000000,0,0,0,0,0,0,0,0,100010,100000,100000,100000,10,0
1230,805606000,3345630000,100000,100000,10000000,12000000,634506000,3172530000,12000000,12000000,149000000,149000000,161000000,161000000,171100000,173100000,100000,100000,10000000,12000000,0,0,12000000,12000000,149000000,149000000,161000000,161000000,100010,84100030,100000,100000,10,84000030
1260,656606000,3199630000,100000,100000,8000000,13000000,634506000,3172530000,12000000,12000000,2000000,2000000,14000000,14000000,22100000,27100000,100000,100000,8000000,13000000,0,0,12000000,12000000,2000000,2000000,14000000,14000000,100010,1100010,100000,100000,10,1000010
