,ssdn_lo,ssdn_hi,ssdn_detection_lo,ssdn_detection_hi,ssdn_notification_lo,ssdn_notification_hi,ssdn_computation_lo,ssdn_computation_hi,ssdn_transference_lo,ssdn_transference_hi,ssdn_installation_lo,ssdn_installation_hi,ssdn_update_lo,ssdn_update_hi,pcsdn_lo,pcsdn_hi,pcsdn_detection_lo,pcsdn_detection_hi,pcsdn_notification_lo,pcsdn_notification_hi,pcsdn_computation_lo,pcsdn_computation_hi,pcsdn_transference_lo,pcsdn_transference_hi,pcsdn_installation_lo,pcsdn_installation_hi,pcsdn_update_lo,pcsdn_update_hi,felix_lo,felix_hi,felix_detection_lo,felix_detection_hi,felix_coordination_lo,felix_coordination_hi
1,454158000,454983000,100000,100000,2919000,3744000,263395000,263395000,3744000,3744000,184000000,184000000,187744000,187744000,190763000,191588000,100000,100000,2919000,3744000,0,0,3744000,3744000,184000000,184000000,187744000,187744000,100010,1750020,100000,100000,10,1650020
31,463255000,634175000,100000,100000,13135000,14625000,263395000,263395000,14625000,17055000,172000000,339000000,186625000,356055000,199860000,370780000,100000,100000,13135000,14625000,0,0,14625000,17055000,172000000,339000000,186625000,356055000,100010,4378060,100000,100000,10,4278060
61,370696000,371009000,100000,100000,10944000,11257000,263395000,263395000,11257000,11257000,85000000,85000000,96257000,96257000,107301000,107614000,100000,100000,10944000,11257000,0,0,11257000,11257000,85000000,85000000,96257000,96257000,100010,12163070,100000,100000,10,12063070
91,459070000,459223000,100000,100000,3711000,3864000,263395000,263395000,3864000,3864000,188000000,188000000,191864000,191864000,195675000,195828000,100000,100000,3711000,3864000,0,0,3864000,3864000,188000000,188000000,191864000,191864000,100010,4782130,100000,100000,10,4682130
121,457448000,457803000,100000,100000,1299000,1654000,263395000,263395000,1654000,1654000,191000000,191000000,192654000,192654000,194053000,194408000,100000,100000,1299000,1654000,0,0,1654000,1654000,191000000,191000000,192654000,192654000,100010,3328120,100000,100000,10,3228120
151,281704000,282322000,100000,100000,18209000,18827000,263395000,263395000,0,0,0,0,0,0,18309000,18927000,100000,100000,18209000,18827000,0,0,0,0,0,0,0,0,100010,100000,100000,100000,10,0
181,450214000,592570000,100000,100000,15549000,16170000,263395000,263395000,16170000,17905000,155000000,295000000,171170000,312905000,186819000,329175000,100000,100000,15549000,16170000,0,0,16170000,17905000,155000000,295000000,171170000,312905000,100010,5546070,100000,100000,10,5446070
211,274213000,274270000,100000,100000,10718000,10775000,263395000,263395000,0,0,0,0,0,0,10818000,10875000,100000,100000,10718000,10775000,0,0,0,0,0,0,0,0,100010,100000,100000,100000,10,0
241,266352000,266774000,100000,100000,2857000,3279000,263395000,263395000,0,0,0,0,0,0,2957000,3379000,100000,100000,2857000,3279000,0,0,0,0,0,0,0,0,100010,100000,100000,100000,10,0
271,265270000,529098000,100000,100000,1775000,2208000,263395000,526790000,0,0,0,0,0,0,1875000,2308000,100000,100000,1775000,2208000,0,0,0,0,0,0,0,0,100010,100000,100000,100000,10,0
301,436442000,700474000,100000,100000,3155000,3792000,263395000,526790000,3792000,3792000,166000000,166000000,169792000,169792000,173047000,173684000,100000,100000,3155000,3792000,0,0,3792000,3792000,166000000,166000000,169792000,169792000,100010,4455140,100000,100000,10,4355140
331,461883000,989565000,100000,100000,13748000,14640000,263395000,790185000,14640000,14640000,170000000,170000000,184640000,184640000,198488000,199380000,100000,100000,13748000,14640000,0,0,14640000,14640000,170000000,170000000,184640000,184640000,100010,15325120,100000,100000,10,15225120
361,465105000,728870000,100000,100000,4120000,4490000,263395000,526790000,4490000,4490000,193000000,193000000,197490000,197490000,201710000,202080000,100000,100000,4120000,4490000,0,0,4490000,4490000,193000000,193000000,197490000,197490000,100010,925010,100000,100000,10,825010
391,269523000,797138000,100000,100000,978000,1803000,263395000,790185000,1050000,1050000,4000000,4000000,5050000,5050000,6128000,6953000,100000,100000,978000,1803000,0,0,1050000,1050000,4000000,4000000,5050000,5050000,100010,100000,100000,100000,10,0
421,264033000,792088000,100000,100000,538000,1803000,263395000,790185000,0,0,0,0,0,0,638000,1903000,100000,100000,538000,1803000,0,0,0,0,0,0,0,0,100010,100000,100000,100000,10,0
2,453902000,454333000,100000,100000,2488000,2919000,263395000,263395000,2919000,2919000,185000000,185000000,187919000,187919000,190507000,190938000,100000,100000,2488000,2919000,0,0,2919000,2919000,185000000,185000000,187919000,187919000,100010,2050020,100000,100000,10,1950020
32,440116000,586839000,100000,100000,12486000,13135000,263395000,263395000,13135000,18209000,151000000,292000000,164135000,310209000,176721000,323444000,100000,100000,12486000,13135000,0,0,13135000,18209000,151000000,292000000,164135000,310209000,100010,5174070,100000,100000,10,5074070
62,366914000,427614000,100000,100000,10475000,10944000,263395000,263395000,10944000,11175000,82000000,142000000,92944000,153175000,103519000,164219000,100000,100000,10475000,10944000,0,0,10944000,11175000,82000000,142000000,92944000,153175000,100010,12315100,100000,100000,10,12215100
92,467437000,467639000,100000,100000,15370000,15572000,263395000,263395000,15572000,15572000,173000000,173000000,188572000,188572000,204042000,204244000,100000,100000,15370000,15572000,0,0,15572000,15572000,173000000,173000000,188572000,188572000,100010,5212070,100000,100000,10,5112070
122,437744000,609116000,100000,100000,950000,1299000,263395000,263395000,1299000,2322000,172000000,342000000,173299000,344322000,174349000,345721000,100000,100000,950000,1299000,0,0,1299000,2322000,172000000,342000000,173299000,344322000,100010,2979110,100000,100000,10,2879110
152,337839000,337913000,100000,100000,18135000,18209000,263395000,263395000,18209000,18209000,38000000,38000000,56209000,56209000,74444000,74518000,100000,100000,18135000,18209000,0,0,18209000,18209000,38000000,38000000,56209000,56209000,100010,8729120,100000,100000,10,8629120
182,463843000,590949000,100000,100000,14799000,15549000,263395000,263395000,15549000,17905000,170000000,294000000,185549000,311905000,200448000,327554000,100000,100000,14799000,15549000,0,0,15549000,17905000,170000000,294000000,185549000,311905000,100010,5799080,100000,100000,10,5699080
212,410621000,419127000,100000,100000,9310000,17816000,263395000,263395000,17816000,17816000,120000000,120000000,137816000,137816000,147226000,155732000,100000,100000,9310000,17816000,0,0,17816000,17816000,120000000,120000000,137816000,137816000,100010,8872010,100000,100000,10,8772010
242,265918000,266352000,100000,100000,2423000,2857000,263395000,263395000,0,0,0,0,0,0,2523000,2957000,100000,100000,2423000,2857000,0,0,0,0,0,0,0,0,100010,100000,100000,100000,10,0
272,454127000,1044853000,100000,100000,1775000,2857000,263395000,790185000,2857000,3711000,186000000,248000000,188857000,251711000,190732000,254668000,100000,100000,1775000,2857000,0,0,2857000,3711000,186000000,248000000,188857000,251711000,100010,3804140,100000,100000,10,3704140
302,457672000,721618000,100000,100000,3313000,3864000,263395000,526790000,3864000,3864000,187000000,187000000,190864000,190864000,194277000,194828000,100000,100000,3313000,3864000,0,0,3864000,3864000,187000000,187000000,190864000,190864000,100010,4384120,100000,100000,10,4284120
332,461562000,726066000,100000,100000,12979000,14088000,263395000,526790000,14088000,14088000,171000000,171000000,185088000,185088000,198167000,199276000,100000,100000,12979000,14088000,0,0,14088000,14088000,171000000,171000000,185088000,185088000,100010,14556110,100000,100000,10,14456110
362,463830000,727650000,100000,100000,4065000,4270000,263395000,526790000,4270000,4490000,192000000,192000000,196270000,196490000,200435000,200860000,100000,100000,4065000,4270000,0,0,4270000,4490000,192000000,192000000,196270000,196490000,100010,1145020,100000,100000,10,1045020
392,422581000,951021000,100000,100000,10718000,12368000,263395000,790185000,12368000,12368000,136000000,136000000,148368000,148368000,159186000,160836000,100000,100000,10718000,12368000,0,0,12368000,12368000,136000000,136000000,148368000,148368000,100010,12295080,100000,100000,10,12195080
422,280845000,281238000,100000,100000,17350000,17743000,263395000,263395000,0,0,0,0,0,0,17450000,17843000,100000,100000,17350000,17743000,0,0,0,0,0,0,0,0,100010,100000,100000,100000,10,0
3,452270000,454335000,100000,100000,2215000,3560000,263395000,263395000,3560000,4280000,183000000,183000000,186560000,187280000,188875000,190940000,100000,100000,2215000,3560000,0,0,3560000,4280000,183000000,183000000,186560000,187280000,100010,820020,100000,100000,10,720020
33,276109000,276443000,100000,100000,12614000,12948000,263395000,263395000,0,0,0,0,0,0,12714000,13048000,100000,100000,12614000,12948000,0,0,0,0,0,0,0,0,100010,100000,100000,100000,10,0
63,420743000,421445000,100000,100000,9773000,10475000,263395000,263395000,10475000,10475000,137000000,137000000,147475000,147475000,157348000,158050000,100000,100000,9773000,10475000,0,0,10475000,10475000,137000000,137000000,147475000,147475000,100010,11613110,100000,100000,10,11513110
93,465838000,466437000,100000,100000,14973000,15370000,263395000,263395000,15370000,15572000,172000000,172000000,187370000,187572000,202443000,203042000,100000,100000,14973000,15370000,0,0,15370000,15572000,172000000,172000000,187370000,187572000,100010,4853070,100000,100000,10,4753070
123,278135000,278249000,100000,100000,14640000,14754000,263395000,263395000,0,0,0,0,0,0,14740000,14854000,100000,100000,14640000,14754000,0,0,0,0,0,0,0,0,100010,100000,100000,100000,10,0
153,485535000,485765000,100000,100000,17905000,18135000,263395000,263395000,18135000,18135000,186000000,186000000,204135000,204135000,222140000,222370000,100000,100000,17905000,18135000,0,0,18135000,18135000,186000000,186000000,204135000,204135000,100010,8499110,100000,100000,10,8399110
183,471919000,589199000,100000,100000,14625000,14799000,263395000,263395000,14799000,17905000,179000000,293000000,193799000,310905000,208524000,325804000,100000,100000,14625000,14799000,0,0,14799000,17905000,179000000,293000000,193799000,310905000,100010,5868070,100000,100000,10,5768070
213,399230000,399345000,100000,100000,9310000,9425000,263395000,263395000,9425000,9425000,117000000,117000000,126425000,126425000,135835000,135950000,100000,100000,9310000,9425000,0,0,9425000,9425000,117000000,117000000,126425000,126425000,100010,12938060,100000,100000,10,12838060
243,367084000,375127000,100000,100000,9773000,17816000,263395000,263395000,17816000,17816000,76000000,76000000,93816000,93816000,103689000,111732000,100000,100000,9773000,17816000,0,0,17816000,17816000,76000000,76000000,93816000,93816000,100010,100000,100000,100000,10,0
273,442569000,707443000,100000,100000,1299000,1775000,263395000,526790000,1775000,2778000,176000000,176000000,177775000,178778000,179174000,180653000,100000,100000,1299000,1775000,0,0,1775000,2778000,176000000,176000000,177775000,178778000,100010,3328120,100000,100000,10,3228120
303,298998000,562546000,100000,100000,3711000,3864000,263395000,526790000,3792000,3792000,28000000,28000000,31792000,31792000,35603000,35756000,100000,100000,3711000,3864000,0,0,3792000,3792000,28000000,28000000,31792000,31792000,100010,3669080,100000,100000,10,3569080
333,356720000,621434000,100000,100000,12453000,13772000,263395000,526790000,13772000,13772000,67000000,67000000,80772000,80772000,93325000,94644000,100000,100000,12453000,13772000,0,0,13772000,13772000,67000000,67000000,80772000,80772000,100010,12553060,100000,100000,10,12453060
363,273624000,537844000,100000,100000,3744000,4569000,263395000,526790000,4385000,4385000,2000000,2000000,6385000,6385000,10229000,11054000,100000,100000,3744000,4569000,0,0,4385000,4385000,2000000,2000000,6385000,6385000,100010,100000,100000,100000,10,0
393,314783000,842837000,100000,100000,13516000,14780000,263395000,790185000,13772000,13772000,24000000,24000000,37772000,37772000,51388000,52652000,100000,100000,13516000,14780000,0,0,13772000,13772000,24000000,24000000,37772000,37772000,100010,5888080,100000,100000,10,5788080
423,304339000,832450000,100000,100000,16422000,17743000,263395000,790185000,16422000,16422000,8000000,8000000,24422000,24422000,40944000,42265000,100000,100000,16422000,17743000,0,0,16422000,16422000,8000000,8000000,24422000,24422000,100010,100000,100000,100000,10,0
4,281799000,281983000,100000,100000,3560000,3744000,263395000,263395000,3744000,3744000,11000000,11000000,14744000,14744000,18404000,18588000,100000,100000,3560000,3744000,0,0,3744000,3744000,11000000,11000000,14744000,14744000,100010,1561020,100000,100000,10,1461020
34,435981000,436401000,100000,100000,12033000,12453000,263395000,263395000,12453000,12453000,148000000,148000000,160453000,160453000,172586000,173006000,100000,100000,12033000,12453000,0,0,12453000,12453000,148000000,148000000,160453000,160453000,100010,13873120,100000,100000,10,13773120
64,406309000,407645000,100000,100000,9239000,10575000,263395000,263395000,10575000,10575000,123000000,123000000,133575000,133575000,142914000,144250000,100000,100000,9239000,10575000,0,0,10575000,10575000,123000000,123000000,133575000,133575000,100010,700010,100000,100000,10,600010
94,327237000,331874000,100000,100000,15572000,16170000,263395000,263395000,16170000,18209000,32000000,34000000,48170000,52209000,63842000,68479000,100000,100000,15572000,16170000,0,0,16170000,18209000,32000000,34000000,48170000,52209000,100010,5414080,100000,100000,10,5314080
124,316435000,316775000,100000,100000,14300000,14640000,263395000,263395000,14640000,14640000,24000000,24000000,38640000,38640000,53040000,53380000,100000,100000,14300000,14640000,0,0,14640000,14640000,24000000,24000000,38640000,38640000,100010,7871110,100000,100000,10,7771110
154,469141000,469249000,100000,100000,17269000,17377000,263395000,263395000,17377000,17377000,171000000,171000000,188377000,188377000,205746000,205854000,100000,100000,17269000,17377000,0,0,17377000,17377000,171000000,171000000,188377000,188377000,100010,8269110,100000,100000,10,8169110
184,391073000,391353000,100000,100000,1649000,1929000,263395000,263395000,1929000,1929000,124000000,124000000,125929000,125929000,127678000,127958000,100000,100000,1649000,1929000,0,0,1929000,1929000,124000000,124000000,125929000,125929000,100010,15901140,100000,100000,10,15801140
214,324343000,368230000,100000,100000,538000,9310000,263395000,263395000,9310000,9425000,51000000,86000000,60310000,95425000,60948000,104835000,100000,100000,538000,9310000,0,0,9310000,9425000,51000000,86000000,60310000,95425000,100010,8606010,100000,100000,10,8506010
244,452727000,717378000,100000,100000,2488000,3744000,263395000,526790000,3744000,3744000,183000000,183000000,186744000,186744000,189332000,190588000,100000,100000,2488000,3744000,0,0,3744000,3744000,183000000,183000000,186744000,186744000,100010,373010,100000,100000,10,273010
274,444815000,972351000,100000,100000,11287000,12033000,263395000,790185000,12033000,12033000,158000000,158000000,170033000,170033000,181420000,182166000,100000,100000,11287000,12033000,0,0,12033000,12033000,158000000,158000000,170033000,170033000,100010,13127100,100000,100000,10,13027100
304,466040000,730034000,100000,100000,14973000,15572000,263395000,526790000,15572000,15572000,172000000,172000000,187572000,187572000,202645000,203244000,100000,100000,14973000,15572000,0,0,15572000,15572000,172000000,172000000,187572000,187572000,100010,4815060,100000,100000,10,4715060
334,266367000,267192000,100000,100000,2872000,3697000,263395000,263395000,0,0,0,0,0,0,2972000,3797000,100000,100000,2872000,3697000,0,0,0,0,0,0,0,0,100010,100000,100000,100000,10,0
364,275150000,538765000,100000,100000,4270000,4490000,263395000,526790000,4385000,4385000,3000000,3000000,7385000,7385000,11755000,11975000,100000,100000,4270000,4490000,0,0,4385000,4385000,3000000,3000000,7385000,7385000,100010,305020,100000,100000,10,205020
394,388783000,916967000,100000,100000,12947000,14341000,263395000,790185000,14341000,14341000,98000000,98000000,112341000,112341000,125388000,126782000,100000,100000,12947000,14341000,0,0,14341000,14341000,98000000,98000000,112341000,112341000,100010,13878080,100000,100000,10,13778080
424,281704000,282322000,100000,100000,18209000,18827000,263395000,263395000,0,0,0,0,0,0,18309000,18927000,100000,100000,18209000,18827000,0,0,0,0,0,0,0,0,100010,100000,100000,100000,10,0
5,463936000,464656000,100000,100000,3560000,3881000,263395000,263395000,3881000,4280000,193000000,193000000,196881000,197280000,200541000,201261000,100000,100000,3560000,3881000,0,0,3881000,4280000,193000000,193000000,196881000,197280000,100010,1750020,100000,100000,10,1650020
35,446270000,446561000,100000,100000,11742000,12033000,263395000,263395000,12033000,12033000,159000000,159000000,171033000,171033000,182875000,183166000,100000,100000,11742000,12033000,0,0,12033000,12033000,159000000,159000000,171033000,171033000,100010,13582110,100000,100000,10,13482110
65,271523000,271625000,100000,100000,2514000,2616000,263395000,263395000,2514000,2514000,3000000,3000000,5514000,5514000,8128000,8230000,100000,100000,2514000,2616000,0,0,2514000,2514000,3000000,3000000,5514000,5514000,100010,100000,100000,100000,10,0
95,279067000,279463000,100000,100000,15572000,15968000,263395000,263395000,0,0,0,0,0,0,15672000,16068000,100000,100000,15572000,15968000,0,0,0,0,0,0,0,0,100010,100000,100000,100000,10,0
125,463223000,463775000,100000,100000,14088000,14640000,263395000,263395000,14640000,14640000,171000000,171000000,185640000,185640000,199828000,200380000,100000,100000,14088000,14640000,0,0,14640000,14640000,171000000,171000000,185640000,185640000,100010,7960110,100000,100000,10,7860110
155,473006000,473033000,100000,100000,17242000,17269000,263395000,263395000,17269000,17269000,175000000,175000000,192269000,192269000,209611000,209638000,100000,100000,17242000,17269000,0,0,17269000,17269000,175000000,175000000,192269000,192269000,100010,8485100,100000,100000,10,8385100
185,413580000,413709000,100000,100000,1478000,1607000,263395000,263395000,1607000,1607000,147000000,147000000,148607000,148607000,150185000,150314000,100000,100000,1478000,1607000,0,0,1607000,1607000,147000000,147000000,148607000,148607000,100010,12226070,100000,100000,10,12126070
215,361345000,365562000,100000,100000,9425000,9757000,263395000,263395000,9425000,9310000,79000000,83000000,88425000,92310000,97950000,102167000,100000,100000,9425000,9757000,0,0,9425000,9310000,79000000,83000000,88425000,92310000,100010,13053060,100000,100000,10,12953060
245,461591000,1517740000,100000,100000,2215000,4385000,263395000,1316975000,3881000,4280000,192000000,192000000,195881000,196280000,198196000,200765000,100000,100000,2215000,4385000,0,0,3881000,4280000,192000000,192000000,195881000,196280000,100010,1240020,100000,100000,10,1140020
275,274439000,275026000,100000,100000,10944000,11531000,263395000,263395000,0,0,0,0,0,0,11044000,11631000,100000,100000,10944000,11531000,0,0,0,0,0,0,0,0,100010,100000,100000,100000,10,0
305,320035000,851664000,100000,100000,15370000,16170000,263395000,790185000,16170000,18209000,25000000,27000000,41170000,45209000,56640000,61479000,100000,100000,15370000,16170000,0,0,16170000,18209000,25000000,27000000,41170000,45209000,100010,5212070,100000,100000,10,5112070
335,394068000,657828000,100000,100000,1104000,1469000,263395000,526790000,1469000,1469000,128000000,128000000,129469000,129469000,130673000,131038000,100000,100000,1104000,1469000,0,0,1469000,1469000,128000000,128000000,129469000,129469000,100010,11920050,100000,100000,10,11820050
365,279463000,543549000,100000,100000,15968000,16659000,263395000,526790000,0,0,0,0,0,0,16068000,16759000,100000,100000,15968000,16659000,0,0,0,0,0,0,0,0,100010,100000,100000,100000,10,0
395,274558000,274764000,100000,100000,11063000,11269000,263395000,263395000,0,0,0,0,0,0,11163000,11369000,100000,100000,11063000,11269000,0,0,0,0,0,0,0,0,100010,100000,100000,100000,10,0
425,396608000,1196830000,100000,100000,538000,10575000,263395000,1053580000,10575000,10575000,122000000,122000000,132575000,132575000,133213000,143250000,100000,100000,538000,10575000,0,0,10575000,10575000,122000000,122000000,132575000,132575000,100010,5107090,100000,100000,10,5007090
6,462960000,463305000,100000,100000,3560000,3905000,263395000,263395000,3905000,3905000,192000000,192000000,195905000,195905000,199565000,199910000,100000,100000,3560000,3905000,0,0,3905000,3905000,192000000,192000000,195905000,195905000,100010,1750020,100000,100000,10,1650020
36,481895000,482389000,100000,100000,12453000,12947000,263395000,263395000,12947000,12947000,193000000,193000000,205947000,205947000,218500000,218994000,100000,100000,12453000,12947000,0,0,12947000,12947000,193000000,193000000,205947000,205947000,100010,14293120,100000,100000,10,14193120
66,460714000,461523000,100000,100000,1705000,2514000,263395000,263395000,2514000,2514000,193000000,193000000,195514000,195514000,197319000,198128000,100000,100000,1705000,2514000,0,0,2514000,2514000,193000000,193000000,195514000,195514000,100010,152010,100000,100000,10,52010
96,445230000,446055000,100000,100000,13955000,14780000,263395000,263395000,14780000,14780000,153000000,153000000,167780000,167780000,181835000,182660000,100000,100000,13955000,14780000,0,0,14780000,14780000,153000000,153000000,167780000,167780000,100010,15487120,100000,100000,10,15387120
126,464222000,464991000,100000,100000,12979000,13748000,263395000,263395000,13748000,13748000,174000000,174000000,187748000,187748000,200827000,201596000,100000,100000,12979000,13748000,0,0,13748000,13748000,174000000,174000000,187748000,187748000,100010,14556110,100000,100000,10,14456110
156,473792000,473979000,100000,100000,17055000,17242000,263395000,263395000,17242000,17242000,176000000,176000000,193242000,193242000,210397000,210584000,100000,100000,17055000,17242000,0,0,17242000,17242000,176000000,176000000,193242000,193242000,100010,8298090,100000,100000,10,8198090
186,329212000,329479000,100000,100000,1225000,1492000,263395000,263395000,1492000,1492000,63000000,63000000,64492000,64492000,65817000,66084000,100000,100000,1225000,1492000,0,0,1492000,1492000,63000000,63000000,64492000,64492000,100010,925010,100000,100000,10,825010
216,403009000,403071000,100000,100000,9757000,9819000,263395000,263395000,9757000,9757000,120000000,120000000,129757000,129757000,139614000,139676000,100000,100000,9757000,9819000,0,0,9757000,9757000,120000000,120000000,129757000,129757000,100010,11191060,100000,100000,10,11091060
246,458653000,722376000,100000,100000,915000,1243000,263395000,526790000,1243000,1243000,193000000,193000000,194243000,194243000,195258000,195586000,100000,100000,915000,1243000,0,0,1243000,1243000,193000000,193000000,194243000,194243000,100010,11663040,100000,100000,10,11563040
276,425024000,952455000,100000,100000,10944000,11585000,263395000,790185000,11585000,11585000,139000000,139000000,150585000,150585000,161629000,162270000,100000,100000,10944000,11585000,0,0,11585000,11585000,139000000,139000000,150585000,150585000,100010,2238040,100000,100000,10,2138040
306,443791000,971845000,100000,100000,13516000,14780000,263395000,790185000,14780000,14780000,152000000,152000000,166780000,166780000,180396000,181660000,100000,100000,13516000,14780000,0,0,14780000,14780000,152000000,152000000,166780000,166780000,100010,15048110,100000,100000,10,14948110
336,497508000,1288816000,100000,100000,445000,1568000,263395000,1053580000,1568000,1568000,232000000,232000000,233568000,233568000,234113000,235236000,100000,100000,445000,1568000,0,0,1568000,1568000,232000000,232000000,233568000,233568000,100010,11261040,100000,100000,10,11161040
366,279067000,543183000,100000,100000,15572000,16293000,263395000,526790000,0,0,0,0,0,0,15672000,16393000,100000,100000,15572000,16293000,0,0,0,0,0,0,0,0,100010,100000,100000,100000,10,0
396,335389000,1161290000,100000,100000,915000,11269000,263395000,1053580000,10979000,14341000,60000000,82000000,70979000,96341000,71994000,107710000,100000,100000,915000,11269000,0,0,10979000,14341000,60000000,82000000,70979000,96341000,100010,4111060,100000,100000,10,4011060
426,266775000,266916000,100000,100000,3280000,3421000,263395000,263395000,0,0,0,0,0,0,3380000,3521000,100000,100000,3280000,3421000,0,0,0,0,0,0,0,0,100010,100000,100000,100000,10,0
7,462440000,463265000,100000,100000,3560000,4385000,263395000,263395000,4385000,4385000,191000000,191000000,195385000,195385000,199045000,199870000,100000,100000,3560000,4385000,0,0,4385000,4385000,191000000,191000000,195385000,195385000,100010,1718020,100000,100000,10,1618020
37,447931000,448461000,100000,100000,12453000,12983000,263395000,263395000,12983000,12983000,159000000,159000000,171983000,171983000,184536000,185066000,100000,100000,12453000,12983000,0,0,12983000,12983000,159000000,159000000,171983000,171983000,100010,14293120,100000,100000,10,14193120
67,460868000,461727000,100000,100000,1757000,2616000,263395000,263395000,2616000,2616000,193000000,193000000,195616000,195616000,197473000,198332000,100000,100000,1757000,2616000,0,0,2616000,2616000,193000000,193000000,195616000,195616000,100010,152010,100000,100000,10,52010
97,327750000,328095000,100000,100000,13955000,14300000,263395000,263395000,14300000,14300000,36000000,36000000,50300000,50300000,64355000,64700000,100000,100000,13955000,14300000,0,0,14300000,14300000,36000000,36000000,50300000,50300000,100010,6686090,100000,100000,10,6586090
127,388842000,389453000,100000,100000,12368000,12979000,263395000,263395000,12979000,12979000,100000000,100000000,112979000,112979000,125447000,126058000,100000,100000,12368000,12979000,0,0,12979000,12979000,100000000,100000000,112979000,112979000,100010,13945100,100000,100000,10,13845100
157,482174000,483605000,100000,100000,15624000,17055000,263395000,263395000,17055000,17055000,186000000,186000000,203055000,203055000,218779000,220210000,100000,100000,15624000,17055000,0,0,17055000,17055000,186000000,186000000,203055000,203055000,100010,6867080,100000,100000,10,6767080
187,458386000,458589000,100000,100000,1844000,2047000,263395000,263395000,2047000,2047000,191000000,191000000,193047000,193047000,194991000,195194000,100000,100000,1844000,2047000,0,0,2047000,2047000,191000000,191000000,193047000,193047000,100010,12592080,100000,100000,10,12492080
217,280852000,290133000,100000,100000,538000,9819000,263395000,263395000,9819000,9819000,7000000,7000000,16819000,16819000,17457000,26738000,100000,100000,538000,9819000,0,0,9819000,9819000,7000000,7000000,16819000,16819000,100010,100000,100000,100000,10,0
247,406610000,702209000,100000,100000,915000,1200000,263395000,526790000,1200000,2119000,141000000,172000000,142200000,174119000,143215000,175419000,100000,100000,915000,1200000,0,0,1200000,2119000,141000000,172000000,142200000,174119000,100010,14906080,100000,100000,10,14806080
277,274703000,274850000,100000,100000,11208000,11355000,263395000,263395000,0,0,0,0,0,0,11308000,11455000,100000,100000,11208000,11355000,0,0,0,0,0,0,0,0,100010,100000,100000,100000,10,0
307,459433000,1018406000,100000,100000,12983000,14341000,263395000,790185000,13955000,14780000,169000000,199000000,182955000,213780000,196038000,228221000,100000,100000,12983000,14341000,0,0,13955000,14780000,169000000,199000000,182955000,213780000,100010,14823130,100000,100000,10,14723130
337,264599000,264894000,100000,100000,1104000,1399000,263395000,263395000,0,0,0,0,0,0,1204000,1499000,100000,100000,1104000,1399000,0,0,0,0,0,0,0,0,100010,100000,100000,100000,10,0
367,280154000,808403000,100000,100000,16659000,18118000,263395000,790185000,0,0,0,0,0,0,16759000,18218000,100000,100000,16659000,18118000,0,0,0,0,0,0,0,0,100010,100000,100000,100000,10,0
397,395470000,922799000,100000,100000,10718000,11257000,263395000,790185000,11257000,11257000,110000000,110000000,121257000,121257000,132075000,132614000,100000,100000,10718000,11257000,0,0,11257000,11257000,110000000,110000000,121257000,121257000,100010,11950060,100000,100000,10,11850060
427,456162000,2711695000,100000,100000,0,10718000,263395000,2370555000,667000,2322000,192000000,328000000,192667000,330322000,192767000,341140000,100000,100000,0,10718000,0,0,667000,2322000,192000000,328000000,192667000,330322000,100010,4011050,100000,100000,10,3911050
8,459711000,459981000,100000,100000,973000,1243000,263395000,263395000,1243000,1243000,194000000,194000000,195243000,195243000,196316000,196586000,100000,100000,973000,1243000,0,0,1243000,1243000,194000000,194000000,195243000,195243000,100010,11721050,100000,100000,10,11621050
38,378927000,379453000,100000,100000,12453000,12979000,263395000,263395000,12979000,12979000,90000000,90000000,102979000,102979000,115532000,116058000,100000,100000,12453000,12979000,0,0,12979000,12979000,90000000,90000000,102979000,102979000,100010,13280070,100000,100000,10,13180070
68,266111000,266775000,100000,100000,2616000,3280000,263395000,263395000,0,0,0,0,0,0,2716000,3380000,100000,100000,2616000,3280000,0,0,0,0,0,0,0,0,100010,100000,100000,100000,10,0
98,460966000,461405000,100000,100000,13516000,13955000,263395000,263395000,13955000,13955000,170000000,170000000,183955000,183955000,197571000,198010000,100000,100000,13516000,13955000,0,0,13955000,13955000,170000000,170000000,183955000,183955000,100010,15356140,100000,100000,10,15256140
128,393246000,394039000,100000,100000,12979000,13772000,263395000,263395000,13772000,13772000,103000000,103000000,116772000,116772000,129851000,130644000,100000,100000,12979000,13772000,0,0,13772000,13772000,103000000,103000000,116772000,116772000,100010,14556110,100000,100000,10,14456110
158,306900000,307195000,100000,100000,17055000,17350000,263395000,263395000,17350000,17350000,9000000,9000000,26350000,26350000,43505000,43800000,100000,100000,17055000,17350000,0,0,17350000,17350000,9000000,9000000,26350000,26350000,100010,2371060,100000,100000,10,2271060
188,542595000,550369000,100000,100000,1844000,2256000,263395000,263395000,2256000,2618000,275000000,282000000,277256000,284618000,279200000,286974000,100000,100000,1844000,2256000,0,0,2256000,2618000,275000000,282000000,277256000,284618000,100010,5289130,100000,100000,10,5189130
218,444087000,444133000,100000,100000,9773000,9819000,263395000,263395000,9819000,9819000,161000000,161000000,170819000,170819000,180692000,180738000,100000,100000,9773000,9819000,0,0,9819000,9819000,161000000,161000000,170819000,170819000,100010,1828020,100000,100000,10,1728020
248,433056000,1116926000,100000,100000,1039000,1522000,263395000,790185000,1522000,2119000,167000000,323000000,168522000,325119000,169661000,326741000,100000,100000,1039000,1522000,0,0,1522000,2119000,167000000,323000000,168522000,325119000,100010,15030090,100000,100000,10,14930090
278,274439000,274920000,100000,100000,10944000,11425000,263395000,263395000,0,0,0,0,0,0,11044000,11525000,100000,100000,10944000,11425000,0,0,0,0,0,0,0,0,100010,100000,100000,100000,10,0
308,467467000,1259033000,100000,100000,12983000,14364000,263395000,1053580000,13989000,13989000,177000000,177000000,190989000,190989000,204072000,205453000,100000,100000,12983000,14364000,0,0,13989000,13989000,177000000,177000000,190989000,190989000,100010,4705080,100000,100000,10,4605080
338,396273000,660848000,100000,100000,1299000,2479000,263395000,526790000,2479000,2479000,129000000,129000000,131479000,131479000,132878000,134058000,100000,100000,1299000,2479000,0,0,2479000,2479000,129000000,129000000,131479000,131479000,100010,2006070,100000,100000,10,1906070
368,279788000,544492000,100000,100000,16293000,17602000,263395000,526790000,0,0,0,0,0,0,16393000,17702000,100000,100000,16293000,17602000,0,0,0,0,0,0,0,0,100010,100000,100000,100000,10,0
398,432483000,1497161000,100000,100000,445000,11543000,263395000,1316975000,11543000,11543000,157000000,157000000,168543000,168543000,169088000,180186000,100000,100000,445000,11543000,0,0,11543000,11543000,157000000,157000000,168543000,168543000,100010,4011050,100000,100000,10,3911050
428,329385000,593125000,100000,100000,445000,790000,263395000,526790000,445000,445000,65000000,65000000,65445000,65445000,65990000,66335000,100000,100000,445000,790000,0,0,445000,445000,65000000,65000000,65445000,65445000,100010,14342090,100000,100000,10,14242090
9,459383000,459441000,100000,100000,915000,973000,263395000,263395000,973000,973000,194000000,194000000,194973000,194973000,195988000,196046000,100000,100000,915000,973000,0,0,973000,973000,194000000,194000000,194973000,194973000,100010,11663040,100000,100000,10,11563040
39,455558000,455813000,100000,100000,1904000,2159000,263395000,263395000,2159000,2159000,188000000,188000000,190159000,190159000,192163000,192418000,100000,100000,1904000,2159000,0,0,2159000,2159000,188000000,188000000,190159000,190159000,100010,2165070,100000,100000,10,2065070
69,459957000,460009000,100000,100000,1705000,1757000,263395000,263395000,1757000,1757000,193000000,193000000,194757000,194757000,196562000,196614000,100000,100000,1705000,1757000,0,0,1757000,1757000,193000000,193000000,194757000,194757000,100010,959010,100000,100000,10,859010
99,463994000,464527000,100000,100000,12983000,13516000,263395000,263395000,13516000,13516000,174000000,174000000,187516000,187516000,200599000,201132000,100000,100000,12983000,13516000,0,0,13516000,13516000,174000000,174000000,187516000,187516000,100010,14823130,100000,100000,10,14723130
129,426406000,427231000,100000,100000,11543000,12368000,263395000,263395000,12368000,12368000,139000000,139000000,151368000,151368000,163011000,163836000,100000,100000,11543000,12368000,0,0,12368000,12368000,139000000,139000000,151368000,151368000,100010,13120090,100000,100000,10,13020090
159,481541000,482339000,100000,100000,15624000,16422000,263395000,263395000,16422000,16422000,186000000,186000000,202422000,202422000,218146000,218944000,100000,100000,15624000,16422000,0,0,16422000,16422000,186000000,186000000,202422000,202422000,100010,4427050,100000,100000,10,4327050
189,451817000,452183000,100000,100000,1478000,1844000,263395000,263395000,1844000,1844000,185000000,185000000,186844000,186844000,188422000,188788000,100000,100000,1478000,1844000,0,0,1844000,1844000,185000000,185000000,186844000,186844000,100010,12226070,100000,100000,10,12126070
219,318759000,328133000,100000,100000,445000,9819000,263395000,263395000,9819000,9819000,45000000,45000000,54819000,54819000,55364000,64738000,100000,100000,445000,9819000,0,0,9819000,9819000,45000000,45000000,54819000,54819000,100010,3653030,100000,100000,10,3553030
249,315946000,579748000,100000,100000,1522000,1929000,263395000,526790000,1929000,1929000,49000000,49000000,50929000,50929000,52551000,52958000,100000,100000,1522000,1929000,0,0,1929000,1929000,49000000,49000000,50929000,50929000,100010,14688100,100000,100000,10,14588100
279,425181000,689374000,100000,100000,10944000,11742000,263395000,526790000,11742000,11742000,139000000,139000000,150742000,150742000,161786000,162584000,100000,100000,10944000,11742000,0,0,11742000,11742000,139000000,139000000,150742000,150742000,100010,12784090,100000,100000,10,12684090
309,277218000,541339000,100000,100000,13723000,14449000,263395000,526790000,0,0,0,0,0,0,13823000,14549000,100000,100000,13723000,14449000,0,0,0,0,0,0,0,0,100010,100000,100000,100000,10,0
339,319542000,583848000,100000,100000,1568000,2479000,263395000,526790000,2479000,2479000,52000000,52000000,54479000,54479000,56147000,57058000,100000,100000,1568000,2479000,0,0,2479000,2479000,52000000,52000000,54479000,54479000,100010,2972100,100000,100000,10,2872100
369,281097000,281409000,100000,100000,17602000,17914000,263395000,263395000,0,0,0,0,0,0,17702000,18014000,100000,100000,17602000,17914000,0,0,0,0,0,0,0,0,100010,100000,100000,100000,10,0
399,400849000,1208312000,100000,100000,538000,17816000,263395000,1053580000,17816000,17816000,119000000,119000000,136816000,136816000,137454000,154732000,100000,100000,538000,17816000,0,0,17816000,17816000,119000000,119000000,136816000,136816000,100010,4335050,100000,100000,10,4235050
429,426522000,690330000,100000,100000,807000,1220000,263395000,526790000,1220000,1220000,161000000,161000000,162220000,162220000,163127000,163540000,100000,100000,807000,1220000,0,0,1220000,1220000,161000000,161000000,162220000,162220000,100010,15059120,100000,100000,10,14959120
10,407734000,440814000,100000,100000,1039000,1200000,263395000,263395000,1200000,2119000,142000000,174000000,143200000,176119000,144339000,177419000,100000,100000,1039000,1200000,0,0,1200000,2119000,142000000,174000000,143200000,176119000,100010,15030090,100000,100000,10,14930090
40,455992000,456171000,100000,100000,2159000,2338000,263395000,263395000,2338000,2338000,188000000,188000000,190338000,190338000,192597000,192776000,100000,100000,2159000,2338000,0,0,2338000,2338000,188000000,188000000,190338000,190338000,100010,2140060,100000,100000,10,2040060
70,264715000,265200000,100000,100000,1220000,1705000,263395000,263395000,0,0,0,0,0,0,1320000,1805000,100000,100000,1220000,1705000,0,0,0,0,0,0,0,0,100010,100000,100000,100000,10,0
100,366352000,367177000,100000,100000,13516000,14341000,263395000,263395000,14341000,14341000,75000000,75000000,89341000,89341000,102957000,103782000,100000,100000,13516000,14341000,0,0,14341000,14341000,75000000,75000000,89341000,89341000,100010,15356140,100000,100000,10,15256140
130,275038000,275863000,100000,100000,11543000,12368000,263395000,263395000,0,0,0,0,0,0,11643000,12468000,100000,100000,11543000,12368000,0,0,0,0,0,0,0,0,100010,100000,100000,100000,10,0
160,478744000,480541000,100000,100000,14625000,15624000,263395000,263395000,15624000,16422000,185000000,185000000,200624000,201422000,215349000,217146000,100000,100000,14625000,15624000,0,0,15624000,16422000,185000000,185000000,200624000,201422000,100010,5868070,100000,100000,10,5768070
190,267264000,267463000,100000,100000,3769000,3968000,263395000,263395000,0,0,0,0,0,0,3869000,4068000,100000,100000,3769000,3968000,0,0,0,0,0,0,0,0,100010,100000,100000,100000,10,0
220,264102000,264164000,100000,100000,607000,669000,263395000,263395000,0,0,0,0,0,0,707000,769000,100000,100000,607000,669000,0,0,0,0,0,0,0,0,100010,100000,100000,100000,10,0
250,481814000,1009523000,100000,100000,1200000,2119000,263395000,790185000,2119000,2119000,215000000,215000000,217119000,217119000,218419000,219338000,100000,100000,1200000,2119000,0,0,2119000,2119000,215000000,215000000,217119000,217119000,100010,15191100,100000,100000,10,15091100
280,356545000,620640000,100000,100000,10475000,11175000,263395000,526790000,10575000,10575000,72000000,72000000,82575000,82575000,93150000,93850000,100000,100000,10475000,11175000,0,0,10575000,10575000,72000000,72000000,82575000,82575000,100010,100000,100000,100000,10,0
310,308473000,572328000,100000,100000,13989000,14449000,263395000,526790000,13989000,13989000,17000000,17000000,30989000,30989000,45078000,45538000,100000,100000,13989000,14449000,0,0,13989000,13989000,17000000,17000000,30989000,30989000,100010,100000,100000,100000,10,0
340,437383000,966766000,100000,100000,1104000,3697000,263395000,790185000,1784000,1784000,171000000,171000000,172784000,172784000,173988000,176581000,100000,100000,1104000,3697000,0,0,1784000,1784000,171000000,171000000,172784000,172784000,100010,10485020,100000,100000,10,10385020
370,281097000,281613000,100000,100000,17602000,18118000,263395000,263395000,0,0,0,0,0,0,17702000,18218000,100000,100000,17602000,18118000,0,0,0,0,0,0,0,0,100010,100000,100000,100000,10,0
400,365115000,628957000,100000,100000,9310000,9757000,263395000,526790000,9310000,9310000,83000000,83000000,92310000,92310000,101720000,102167000,100000,100000,9310000,9757000,0,0,9310000,9310000,83000000,83000000,92310000,92310000,100010,12938060,100000,100000,10,12838060
430,392568000,919896000,100000,100000,0,538000,263395000,790185000,73000,73000,129000000,129000000,129073000,129073000,129173000,129711000,100000,100000,0,538000,0,0,73000,73000,129000000,129000000,129073000,129073000,100010,12596060,100000,100000,10,12496060
11,411449000,438653000,100000,100000,915000,1039000,263395000,263395000,1039000,2119000,146000000,172000000,147039000,174119000,148054000,175258000,100000,100000,915000,1039000,0,0,1039000,2119000,146000000,172000000,147039000,174119000,100010,14906080,100000,100000,10,14806080
41,459174000,459303000,100000,100000,1775000,1904000,263395000,263395000,1904000,1904000,192000000,192000000,193904000,193904000,195779000,195908000,100000,100000,1775000,1904000,0,0,1904000,1904000,192000000,192000000,193904000,193904000,100010,2189060,100000,100000,10,2089060
71,455116000,455339000,100000,100000,1199000,1422000,263395000,263395000,1422000,1422000,189000000,189000000,190422000,190422000,191721000,191944000,100000,100000,1199000,1422000,0,0,1422000,1422000,189000000,189000000,190422000,190422000,100010,11273060,100000,100000,10,11173060
101,469207000,469473000,100000,100000,13723000,13989000,263395000,263395000,13989000,13989000,178000000,178000000,191989000,191989000,205812000,206078000,100000,100000,13723000,13989000,0,0,13989000,13989000,178000000,178000000,191989000,191989000,100010,4930070,100000,100000,10,4830070
131,275863000,276049000,100000,100000,12368000,12554000,263395000,263395000,0,0,0,0,0,0,12468000,12654000,100000,100000,12368000,12554000,0,0,0,0,0,0,0,0,100010,100000,100000,100000,10,0
161,483267000,484195000,100000,100000,16422000,17350000,263395000,263395000,17350000,17350000,186000000,186000000,203350000,203350000,219872000,220800000,100000,100000,16422000,17350000,0,0,17350000,17350000,186000000,186000000,203350000,203350000,100010,5225060,100000,100000,10,5125060
191,462414000,463239000,100000,100000,2047000,2872000,263395000,263395000,2872000,2872000,194000000,194000000,196872000,196872000,199019000,199844000,100000,100000,2047000,2872000,0,0,2872000,2872000,194000000,194000000,196872000,196872000,100010,12795090,100000,100000,10,12695090
221,383401000,386031000,100000,100000,299000,607000,263395000,263395000,607000,1929000,119000000,120000000,119607000,121929000,120006000,122636000,100000,100000,299000,607000,0,0,607000,1929000,119000000,120000000,119607000,121929000,100010,14551090,100000,100000,10,14451090
251,433232000,961444000,100000,100000,1522000,2944000,263395000,790185000,2215000,2215000,166000000,166000000,168215000,168215000,169837000,171259000,100000,100000,1522000,2944000,0,0,2215000,2215000,166000000,166000000,168215000,168215000,100010,15513110,100000,100000,10,15413110
281,423257000,1876210000,100000,100000,10475000,11531000,263395000,1580370000,11287000,18209000,138000000,266000000,149287000,284209000,159862000,295840000,100000,100000,10475000,11531000,0,0,11287000,18209000,138000000,266000000,149287000,284209000,100010,12315100,100000,100000,10,12215100
311,485667000,1013707000,100000,100000,13723000,14973000,263395000,790185000,14449000,14449000,194000000,194000000,208449000,208449000,222272000,223522000,100000,100000,13723000,14973000,0,0,14449000,14449000,194000000,194000000,208449000,208449000,100010,4928080,100000,100000,10,4828080
341,265063000,530587000,100000,100000,1568000,3697000,263395000,526790000,0,0,0,0,0,0,1668000,3797000,100000,100000,1568000,3697000,0,0,0,0,0,0,0,0,100010,100000,100000,100000,10,0
371,448464000,854965000,100000,100000,14799000,16170000,263395000,526790000,16170000,17905000,154000000,294000000,170170000,311905000,185069000,328175000,100000,100000,14799000,16170000,0,0,16170000,17905000,154000000,294000000,170170000,311905000,100010,3673060,100000,100000,10,3573060
401,359345000,888414000,100000,100000,9425000,9819000,263395000,790185000,9425000,9310000,77000000,79000000,86425000,88310000,95950000,98229000,100000,100000,9425000,9819000,0,0,9425000,9310000,77000000,79000000,86425000,88310000,100010,10834090,100000,100000,10,10734090
431,327495000,593981000,100000,100000,0,299000,263395000,526790000,0,3792000,64000000,63000000,64000000,66792000,64100000,67191000,100000,100000,0,299000,0,0,0,3792000,64000000,63000000,64000000,66792000,100010,11079030,100000,100000,10,10979030
12,439217000,614136000,100000,100000,1200000,1522000,263395000,263395000,1522000,2119000,173000000,347000000,174522000,349119000,175822000,350741000,100000,100000,1200000,1522000,0,0,1522000,2119000,173000000,347000000,174522000,349119000,100010,15191100,100000,100000,10,15091100
42,451257000,451463000,100000,100000,2778000,2984000,263395000,263395000,2984000,2984000,182000000,182000000,184984000,184984000,187862000,188068000,100000,100000,2778000,2984000,0,0,2984000,2984000,182000000,182000000,184984000,184984000,100010,1637060,100000,100000,10,1537060
72,414506000,414673000,100000,100000,1422000,1589000,263395000,263395000,1589000,1589000,148000000,148000000,149589000,149589000,151111000,151278000,100000,100000,1422000,1589000,0,0,1589000,1589000,148000000,148000000,149589000,149589000,100010,11496070,100000,100000,10,11396070
102,464582000,465223000,100000,100000,13723000,14364000,263395000,263395000,14364000,14364000,173000000,173000000,187364000,187364000,201187000,201828000,100000,100000,13723000,14364000,0,0,14364000,14364000,173000000,173000000,187364000,187364000,100010,4822060,100000,100000,10,4722060
132,449883000,450095000,100000,100000,14088000,14300000,263395000,263395000,14300000,14300000,158000000,158000000,172300000,172300000,186488000,186700000,100000,100000,14088000,14300000,0,0,14300000,14300000,158000000,158000000,172300000,172300000,100010,5613070,100000,100000,10,5513070
162,483500000,484535000,100000,100000,17100000,17905000,263395000,263395000,17905000,18135000,185000000,185000000,202905000,203135000,220105000,221140000,100000,100000,17100000,17905000,0,0,17905000,18135000,185000000,185000000,202905000,203135000,100010,7694100,100000,100000,10,7594100
192,323695000,324383000,100000,100000,2256000,2944000,263395000,263395000,2944000,2944000,55000000,55000000,57944000,57944000,60300000,60988000,100000,100000,2256000,2944000,0,0,2944000,2944000,55000000,55000000,57944000,57944000,100010,5701140,100000,100000,10,5601140
222,444764000,444964000,100000,100000,607000,662000,263395000,263395000,662000,807000,180000000,180000000,180662000,180807000,181369000,181569000,100000,100000,607000,662000,0,0,662000,807000,180000000,180000000,180662000,180807000,100010,14859090,100000,100000,10,14759090
252,431037000,1486390000,100000,100000,2119000,3892000,263395000,1316975000,2423000,2423000,163000000,163000000,165423000,165423000,167642000,169415000,100000,100000,2119000,3892000,0,0,2423000,2423000,163000000,163000000,165423000,165423000,100010,16110120,100000,100000,10,16010120
282,365212000,900885000,100000,100000,9773000,11175000,263395000,790185000,10944000,9425000,81000000,90000000,91944000,99425000,101817000,110700000,100000,100000,9773000,11175000,0,0,10944000,9425000,81000000,90000000,91944000,99425000,100010,11613110,100000,100000,10,11513110
312,462464000,990524000,100000,100000,12453000,13723000,263395000,790185000,13516000,13516000,173000000,173000000,186516000,186516000,199069000,200339000,100000,100000,12453000,13723000,0,0,13516000,13516000,173000000,173000000,186516000,186516000,100010,14293120,100000,100000,10,14193120
342,290353000,569370000,100000,100000,1929000,2423000,263395000,526790000,1929000,1057000,23000000,39000000,24929000,40057000,26958000,42580000,100000,100000,1929000,2423000,0,0,1929000,1057000,23000000,39000000,24929000,40057000,100010,1367060,100000,100000,10,1267060
372,481144000,1009485000,100000,100000,15549000,17100000,263395000,790185000,17100000,17100000,185000000,185000000,202100000,202100000,217749000,219300000,100000,100000,15549000,17100000,0,0,17100000,17100000,185000000,185000000,202100000,202100000,100010,5414080,100000,100000,10,5314080
402,392697000,1192256000,100000,100000,445000,9819000,263395000,1053580000,9757000,9757000,119000000,119000000,128757000,128757000,129302000,138676000,100000,100000,445000,9819000,0,0,9757000,9757000,119000000,119000000,128757000,128757000,100010,1828020,100000,100000,10,1728020
432,281051000,544652000,100000,100000,2778000,2984000,263395000,526790000,2778000,2778000,12000000,12000000,14778000,14778000,17656000,17862000,100000,100000,2778000,2984000,0,0,2778000,2778000,12000000,12000000,14778000,14778000,100010,1454050,100000,100000,10,1354050
13,406173000,406451000,100000,100000,1200000,1478000,263395000,263395000,1478000,1478000,140000000,140000000,141478000,141478000,142778000,143056000,100000,100000,1200000,1478000,0,0,1478000,1478000,140000000,140000000,141478000,141478000,100010,11948060,100000,100000,10,11848060
43,451611000,452051000,100000,100000,2338000,2778000,263395000,263395000,2778000,2778000,183000000,183000000,185778000,185778000,188216000,188656000,100000,100000,2338000,2778000,0,0,2778000,2778000,183000000,183000000,185778000,185778000,100010,2319070,100000,100000,10,2219070
73,380070000,380247000,100000,100000,1199000,1376000,263395000,263395000,1376000,1376000,114000000,114000000,115376000,115376000,116675000,116852000,100000,100000,1199000,1376000,0,0,1376000,1376000,114000000,114000000,115376000,115376000,100010,13474100,100000,100000,10,13374100
103,321461000,322201000,100000,100000,12983000,13723000,263395000,263395000,12983000,12983000,32000000,32000000,44983000,44983000,58066000,58806000,100000,100000,12983000,13723000,0,0,12983000,12983000,32000000,32000000,44983000,44983000,100010,5346080,100000,100000,10,5246080
133,463331000,463671000,100000,100000,13748000,14088000,263395000,263395000,14088000,14088000,172000000,172000000,186088000,186088000,199936000,200276000,100000,100000,13748000,14088000,0,0,14088000,14088000,172000000,172000000,186088000,186088000,100010,15325120,100000,100000,10,15225120
163,482765000,483695000,100000,100000,16170000,17100000,263395000,263395000,17100000,17100000,186000000,186000000,203100000,203100000,219370000,220300000,100000,100000,16170000,17100000,0,0,17100000,17100000,186000000,186000000,203100000,203100000,100010,6764090,100000,100000,10,6664090
193,461229000,461591000,100000,100000,2256000,2478000,263395000,263395000,2478000,2618000,193000000,193000000,195478000,195618000,197834000,198196000,100000,100000,2256000,2478000,0,0,2478000,2618000,193000000,193000000,195478000,195618000,100010,2369050,100000,100000,10,2269050
223,329641000,330709000,100000,100000,73000,299000,263395000,263395000,73000,915000,66000000,66000000,66073000,66915000,66246000,67314000,100000,100000,73000,299000,0,0,73000,915000,66000000,66000000,66073000,66915000,100010,11152040,100000,100000,10,11052040
253,452629000,716728000,100000,100000,2215000,2919000,263395000,526790000,2919000,2919000,184000000,184000000,186919000,186919000,189234000,189938000,100000,100000,2215000,2919000,0,0,2919000,2919000,184000000,184000000,186919000,186919000,100010,1777010,100000,100000,10,1677010
283,399909000,665240000,100000,100000,9239000,11175000,263395000,526790000,11175000,11175000,116000000,116000000,127175000,127175000,136514000,138450000,100000,100000,9239000,11175000,0,0,11175000,11175000,116000000,116000000,127175000,127175000,100010,100000,100000,100000,10,0
313,464229000,992227000,100000,100000,14364000,15370000,263395000,790185000,15370000,15572000,171000000,171000000,186370000,186572000,200834000,202042000,100000,100000,14364000,15370000,0,0,15370000,15572000,171000000,171000000,186370000,186572000,100010,4853070,100000,100000,10,4753070
343,336449000,600268000,100000,100000,1265000,1689000,263395000,526790000,1689000,1689000,70000000,70000000,71689000,71689000,73054000,73478000,100000,100000,1265000,1689000,0,0,1689000,1689000,70000000,70000000,71689000,71689000,100010,11193030,100000,100000,10,11093030
373,476254000,1006331000,100000,100000,13135000,15624000,263395000,790185000,15624000,16422000,184000000,184000000,199624000,200422000,212859000,216146000,100000,100000,13135000,15624000,0,0,15624000,16422000,184000000,184000000,199624000,200422000,100010,4378060,100000,100000,10,4278060
403,274213000,274270000,100000,100000,10718000,10775000,263395000,263395000,0,0,0,0,0,0,10818000,10875000,100000,100000,10718000,10775000,0,0,0,0,0,0,0,0,100010,100000,100000,100000,10,0
433,266111000,530311000,100000,100000,2616000,3421000,263395000,526790000,0,0,0,0,0,0,2716000,3521000,100000,100000,2616000,3421000,0,0,0,0,0,0,0,0,100010,100000,100000,100000,10,0
14,317201000,317353000,100000,100000,1777000,1929000,263395000,263395000,1929000,1929000,50000000,50000000,51929000,51929000,53806000,53958000,100000,100000,1777000,1929000,0,0,1929000,1929000,50000000,50000000,51929000,51929000,100010,14943110,100000,100000,10,14843110
44,265435000,265703000,100000,100000,1940000,2208000,263395000,263395000,0,0,0,0,0,0,2040000,2308000,100000,100000,1940000,2208000,0,0,0,0,0,0,0,0,100010,100000,100000,100000,10,0
74,370539000,371116000,100000,100000,845000,1199000,263395000,263395000,1199000,1422000,105000000,105000000,106199000,106422000,107144000,107721000,100000,100000,845000,1199000,0,0,1199000,1422000,105000000,105000000,106199000,106422000,100010,13651110,100000,100000,10,13551110
104,309473000,309933000,100000,100000,13989000,14449000,263395000,263395000,13989000,13989000,18000000,18000000,31989000,31989000,46078000,46538000,100000,100000,13989000,14449000,0,0,13989000,13989000,18000000,18000000,31989000,31989000,100010,185010,100000,100000,10,85010
134,358214000,359039000,100000,100000,12947000,13772000,263395000,263395000,13772000,13772000,68000000,68000000,81772000,81772000,94819000,95644000,100000,100000,12947000,13772000,0,0,13772000,13772000,68000000,68000000,81772000,81772000,100010,13047070,100000,100000,10,12947070
164,295933000,295938000,100000,100000,2719000,2724000,263395000,263395000,2719000,2719000,27000000,27000000,29719000,29719000,32538000,32543000,100000,100000,2719000,2724000,0,0,2719000,2719000,27000000,27000000,29719000,29719000,100010,2218050,100000,100000,10,2118050
194,266439000,267264000,100000,100000,2944000,3769000,263395000,263395000,0,0,0,0,0,0,3044000,3869000,100000,100000,2944000,3769000,0,0,0,0,0,0,0,0,100010,100000,100000,100000,10,0
224,370639000,371185000,100000,100000,299000,845000,263395000,263395000,845000,845000,106000000,106000000,106845000,106845000,107244000,107790000,100000,100000,299000,845000,0,0,845000,845000,106000000,106000000,106845000,106845000,100010,14005100,100000,100000,10,13905100
254,481095000,745520000,100000,100000,11785000,12815000,263395000,526790000,12815000,12815000,193000000,193000000,205815000,205815000,217700000,218730000,100000,100000,11785000,12815000,0,0,12815000,12815000,193000000,193000000,205815000,205815000,100010,100000,100000,100000,10,0
284,265200000,529506000,100000,100000,1705000,2616000,263395000,526790000,0,0,0,0,0,0,1805000,2716000,100000,100000,1705000,2616000,0,0,0,0,0,0,0,0,100010,100000,100000,100000,10,0
314,432890000,696790000,100000,100000,445000,950000,263395000,526790000,950000,950000,168000000,168000000,168950000,168950000,169495000,170000000,100000,100000,445000,950000,0,0,950000,950000,168000000,168000000,168950000,168950000,100010,2942080,100000,100000,10,2842080
344,332433000,596048000,100000,100000,1469000,1689000,263395000,526790000,1469000,1469000,66000000,66000000,67469000,67469000,69038000,69258000,100000,100000,1469000,1689000,0,0,1469000,1469000,66000000,66000000,67469000,67469000,100010,11342050,100000,100000,10,11242050
374,462669000,853344000,100000,100000,14625000,15549000,263395000,526790000,15549000,17905000,169000000,293000000,184549000,310905000,199274000,326554000,100000,100000,14625000,15549000,0,0,15549000,17905000,169000000,293000000,184549000,310905000,100010,5625070,100000,100000,10,5525070
404,358418000,627865000,100000,100000,10944000,11257000,263395000,526790000,10979000,10718000,73000000,79000000,83979000,89718000,95023000,101075000,100000,100000,10944000,11257000,0,0,10979000,10718000,73000000,79000000,83979000,89718000,100010,11718060,100000,100000,10,11618060
434,267387000,268075000,100000,100000,3892000,4580000,263395000,263395000,0,0,0,0,0,0,3992000,4680000,100000,100000,3892000,4580000,0,0,0,0,0,0,0,0,100010,100000,100000,100000,10,0
15,448794000,449049000,100000,100000,1522000,1777000,263395000,263395000,1777000,1777000,182000000,182000000,183777000,183777000,185399000,185654000,100000,100000,1522000,1777000,0,0,1777000,1777000,182000000,182000000,183777000,183777000,100010,15513110,100000,100000,10,15413110
45,445278000,446103000,100000,100000,2479000,3304000,263395000,263395000,3304000,3304000,176000000,176000000,179304000,179304000,181883000,182708000,100000,100000,2479000,3304000,0,0,3304000,3304000,176000000,176000000,179304000,179304000,100010,4013120,100000,100000,10,3913120
75,313947000,314443000,100000,100000,978000,1474000,263395000,263395000,1474000,1474000,48000000,48000000,49474000,49474000,50552000,51048000,100000,100000,978000,1474000,0,0,1474000,1474000,48000000,48000000,49474000,49474000,100010,2342050,100000,100000,10,2242050
105,487308000,487393000,100000,100000,14364000,14449000,263395000,263395000,14449000,14449000,195000000,195000000,209449000,209449000,223913000,223998000,100000,100000,14364000,14449000,0,0,14449000,14449000,195000000,195000000,209449000,209449000,100010,5537080,100000,100000,10,5437080
135,266367000,267192000,100000,100000,2872000,3697000,263395000,263395000,0,0,0,0,0,0,2972000,3797000,100000,100000,2872000,3697000,0,0,0,0,0,0,0,0,100010,100000,100000,100000,10,0
165,459837000,459943000,100000,100000,2618000,2724000,263395000,263395000,2724000,2724000,191000000,191000000,193724000,193724000,196442000,196548000,100000,100000,2618000,2724000,0,0,2724000,2724000,191000000,191000000,193724000,193724000,100010,2731070,100000,100000,10,2631070
195,462591000,462731000,100000,100000,2478000,2618000,263395000,263395000,2618000,2618000,194000000,194000000,196618000,196618000,199196000,199336000,100000,100000,2478000,2618000,0,0,2618000,2618000,194000000,194000000,196618000,196618000,100010,2591060,100000,100000,10,2491060
225,451347000,452123000,100000,100000,538000,1314000,263395000,263395000,1314000,1314000,186000000,186000000,187314000,187314000,187952000,188728000,100000,100000,538000,1314000,0,0,1314000,1314000,186000000,186000000,187314000,187314000,100010,100000,100000,100000,10,0
255,275507000,539705000,100000,100000,12012000,12815000,263395000,526790000,0,0,0,0,0,0,12112000,12915000,100000,100000,12012000,12815000,0,0,0,0,0,0,0,0,100010,100000,100000,100000,10,0
285,265252000,793565000,100000,100000,1757000,3280000,263395000,790185000,0,0,0,0,0,0,1857000,3380000,100000,100000,1757000,3280000,0,0,0,0,0,0,0,0,100010,100000,100000,100000,10,0
315,291533000,555199000,100000,100000,950000,1221000,263395000,526790000,1088000,1088000,26000000,26000000,27088000,27088000,28138000,28409000,100000,100000,950000,1221000,0,0,1088000,1088000,26000000,26000000,27088000,27088000,100010,365010,100000,100000,10,265010
345,321249000,849489000,100000,100000,17377000,18827000,263395000,790185000,17377000,17377000,23000000,23000000,40377000,40377000,57854000,59304000,100000,100000,17377000,18827000,0,0,17377000,17377000,23000000,23000000,40377000,40377000,100010,7511100,100000,100000,10,7411100
375,435273000,962543000,100000,100000,1649000,2129000,263395000,790185000,2129000,2129000,168000000,168000000,170129000,170129000,171878000,172358000,100000,100000,1649000,2129000,0,0,2129000,2129000,168000000,168000000,170129000,170129000,100010,15768120,100000,100000,10,15668120
405,264102000,264164000,100000,100000,607000,669000,263395000,263395000,0,0,0,0,0,0,707000,769000,100000,100000,607000,669000,0,0,0,0,0,0,0,0,100010,100000,100000,100000,10,0
435,265710000,794865000,100000,100000,2215000,4580000,263395000,790185000,0,0,0,0,0,0,2315000,4680000,100000,100000,2215000,4580000,0,0,0,0,0,0,0,0,100010,100000,100000,100000,10,0
16,470136000,470733000,100000,100000,1522000,2119000,263395000,263395000,2119000,2119000,203000000,203000000,205119000,205119000,206741000,207338000,100000,100000,1522000,2119000,0,0,2119000,2119000,203000000,203000000,205119000,205119000,100010,15513110,100000,100000,10,15413110
46,316457000,316780000,100000,100000,2981000,3304000,263395000,263395000,2981000,2981000,47000000,47000000,49981000,49981000,53062000,53385000,100000,100000,2981000,3304000,0,0,2981000,2981000,47000000,47000000,49981000,49981000,100010,3543090,100000,100000,10,3443090
76,414443000,414558000,100000,100000,1474000,1589000,263395000,263395000,1474000,1474000,148000000,148000000,149474000,149474000,151048000,151163000,100000,100000,1474000,1589000,0,0,1474000,1474000,148000000,148000000,149474000,149474000,100010,11746060,100000,100000,10,11646060
106,458832000,459441000,100000,100000,14364000,14973000,263395000,263395000,14973000,14973000,166000000,166000000,180973000,180973000,195437000,196046000,100000,100000,14364000,14973000,0,0,14973000,14973000,166000000,166000000,180973000,180973000,100010,4928080,100000,100000,10,4828080
136,395229000,395433000,100000,100000,1265000,1469000,263395000,263395000,1469000,1469000,129000000,129000000,130469000,130469000,131834000,132038000,100000,100000,1265000,1469000,0,0,1469000,1469000,129000000,129000000,130469000,130469000,100010,12081060,100000,100000,10,11981060
166,437261000,437933000,100000,100000,2047000,2719000,263395000,263395000,2719000,2719000,169000000,169000000,171719000,171719000,173866000,174538000,100000,100000,2047000,2719000,0,0,2719000,2719000,169000000,169000000,171719000,171719000,100010,2162070,100000,100000,10,2062070
196,412364000,412793000,100000,100000,1220000,1649000,263395000,263395000,1649000,1649000,146000000,146000000,147649000,147649000,148969000,149398000,100000,100000,1220000,1649000,0,0,1649000,1649000,146000000,146000000,147649000,147649000,100010,15472140,100000,100000,10,15372140
226,333571000,389734000,100000,100000,538000,9239000,263395000,263395000,538000,0,69000000,117000000,69538000,117000000,70176000,126339000,100000,100000,538000,9239000,0,0,538000,0,69000000,117000000,69538000,117000000,100010,5641100,100000,100000,10,5541100
256,445488000,1098279000,100000,100000,11208000,11785000,263395000,790185000,11785000,18209000,159000000,278000000,170785000,296209000,182093000,308094000,100000,100000,11208000,11785000,0,0,11785000,18209000,159000000,278000000,170785000,296209000,100010,6524090,100000,100000,10,6424090
286,268229000,796313000,100000,100000,1220000,2514000,263395000,790185000,2514000,2514000,1000000,1000000,3514000,3514000,4834000,6128000,100000,100000,1220000,2514000,0,0,2514000,2514000,1000000,1000000,3514000,3514000,100010,100000,100000,100000,10,0
316,291141000,554934000,100000,100000,823000,1221000,263395000,526790000,823000,823000,26000000,26000000,26823000,26823000,27746000,28144000,100000,100000,823000,1221000,0,0,823000,823000,26000000,26000000,26823000,26823000,100010,371010,100000,100000,10,271010
346,336609000,600308000,100000,100000,17905000,18209000,263395000,526790000,18209000,18209000,37000000,37000000,55209000,55209000,73214000,73518000,100000,100000,17905000,18209000,0,0,18209000,18209000,37000000,37000000,55209000,55209000,100010,8499110,100000,100000,10,8399110
376,390662000,654268000,100000,100000,1478000,1689000,263395000,526790000,1689000,1689000,124000000,124000000,125689000,125689000,127267000,127478000,100000,100000,1478000,1689000,0,0,1689000,1689000,124000000,124000000,125689000,125689000,100010,12226070,100000,100000,10,12126070
406,442456000,1233402000,100000,100000,299000,915000,263395000,1053580000,662000,807000,178000000,178000000,178662000,178807000,179061000,179822000,100000,100000,299000,915000,0,0,662000,807000,178000000,178000000,178662000,178807000,100010,14551090,100000,100000,10,14451090
436,266352000,266774000,100000,100000,2857000,3279000,263395000,263395000,0,0,0,0,0,0,2957000,3379000,100000,100000,2857000,3279000,0,0,0,0,0,0,0,0,100010,100000,100000,100000,10,0
17,434829000,434925000,100000,100000,2119000,2215000,263395000,263395000,2215000,2215000,167000000,167000000,169215000,169215000,171434000,171530000,100000,100000,2119000,2215000,0,0,2215000,2215000,167000000,167000000,169215000,169215000,100010,16110120,100000,100000,10,16010120
47,265270000,265435000,100000,100000,1775000,1940000,263395000,263395000,0,0,0,0,0,0,1875000,2040000,100000,100000,1775000,1940000,0,0,0,0,0,0,0,0,100010,100000,100000,100000,10,0
77,342181000,350115000,100000,100000,1376000,9310000,263395000,263395000,9310000,9310000,68000000,68000000,77310000,77310000,78786000,86720000,100000,100000,1376000,9310000,0,0,9310000,9310000,68000000,68000000,77310000,77310000,100010,8606010,100000,100000,10,8506010
107,325055000,325248000,100000,100000,14780000,14973000,263395000,263395000,14780000,14780000,32000000,32000000,46780000,46780000,61660000,61853000,100000,100000,14780000,14973000,0,0,14780000,14780000,32000000,32000000,46780000,46780000,100010,5250060,100000,100000,10,5150060
137,400864000,401025000,100000,100000,1104000,1265000,263395000,263395000,1265000,1265000,135000000,135000000,136265000,136265000,137469000,137630000,100000,100000,1104000,1265000,0,0,1265000,1265000,135000000,135000000,136265000,136265000,100010,11920050,100000,100000,10,11820050
167,465656000,466055000,100000,100000,3881000,4280000,263395000,263395000,4280000,4280000,194000000,194000000,198280000,198280000,202261000,202660000,100000,100000,3881000,4280000,0,0,4280000,4280000,194000000,194000000,198280000,198280000,100010,2071030,100000,100000,10,1971030
197,427772000,427935000,100000,100000,1057000,1220000,263395000,263395000,1220000,1220000,162000000,162000000,163220000,163220000,164377000,164540000,100000,100000,1057000,1220000,0,0,1220000,1220000,162000000,162000000,163220000,163220000,100010,15309130,100000,100000,10,15209130
227,339823000,340075000,100000,100000,538000,790000,263395000,263395000,790000,790000,75000000,75000000,75790000,75790000,76428000,76680000,100000,100000,538000,790000,0,0,790000,790000,75000000,75000000,75790000,75790000,100010,14342090,100000,100000,10,14242090
257,442566000,1364503000,100000,100000,11585000,12614000,263395000,1053580000,12486000,18209000,155000000,280000000,167486000,298209000,179171000,310923000,100000,100000,11585000,12614000,0,0,12486000,18209000,155000000,280000000,167486000,298209000,100010,5823080,100000,100000,10,5723080
287,459816000,724122000,100000,100000,1705000,2616000,263395000,526790000,2616000,2616000,192000000,192000000,194616000,194616000,196421000,197332000,100000,100000,1705000,2616000,0,0,2616000,2616000,192000000,192000000,194616000,194616000,100010,100000,100000,100000,10,0
317,433219000,697066000,100000,100000,636000,1088000,263395000,526790000,1088000,1088000,168000000,168000000,169088000,169088000,169824000,170276000,100000,100000,636000,1088000,0,0,1088000,1088000,168000000,168000000,169088000,169088000,100010,291010,100000,100000,10,191010
347,468114000,731644000,100000,100000,17242000,17377000,263395000,526790000,17377000,17377000,170000000,170000000,187377000,187377000,204719000,204854000,100000,100000,17242000,17377000,0,0,17377000,17377000,170000000,170000000,187377000,187377000,100010,8242100,100000,100000,10,8142100
377,327902000,591874000,100000,100000,915000,1492000,263395000,526790000,1492000,1492000,62000000,62000000,63492000,63492000,64507000,65084000,100000,100000,915000,1492000,0,0,1492000,1492000,62000000,62000000,63492000,63492000,100010,100000,100000,100000,10,0
407,382175000,912059000,100000,100000,73000,845000,263395000,790185000,607000,1929000,118000000,119000000,118607000,120929000,118780000,121874000,100000,100000,73000,845000,0,0,607000,1929000,118000000,119000000,118607000,120929000,100010,14005100,100000,100000,10,13905100
437,265918000,530169000,100000,100000,2423000,3279000,263395000,526790000,0,0,0,0,0,0,2523000,3379000,100000,100000,2423000,3279000,0,0,0,0,0,0,0,0,100010,100000,100000,100000,10,0
18,407558000,408383000,100000,100000,2119000,2944000,263395000,263395000,2944000,2944000,139000000,139000000,141944000,141944000,144163000,144988000,100000,100000,2119000,2944000,0,0,2944000,2944000,139000000,139000000,141944000,141944000,100010,1791060,100000,100000,10,1691060
48,473592000,517528000,100000,100000,1775000,2322000,263395000,263395000,2322000,3711000,206000000,248000000,208322000,251711000,210197000,254133000,100000,100000,1775000,2322000,0,0,2322000,3711000,206000000,248000000,208322000,251711000,100010,3804140,100000,100000,10,3704140
78,342247000,350110000,100000,100000,1376000,9239000,263395000,263395000,1376000,1376000,76000000,76000000,77376000,77376000,78852000,86715000,100000,100000,1376000,9239000,0,0,1376000,1376000,76000000,76000000,77376000,77376000,100010,5202090,100000,100000,10,5102090
108,433731000,434077000,100000,100000,445000,791000,263395000,263395000,791000,791000,169000000,169000000,169791000,169791000,170336000,170682000,100000,100000,445000,791000,0,0,791000,791000,169000000,169000000,169791000,169791000,100010,3101090,100000,100000,10,3001090
138,507167000,507631000,100000,100000,1104000,1568000,263395000,263395000,1568000,1568000,241000000,241000000,242568000,242568000,243772000,244236000,100000,100000,1104000,1568000,0,0,1568000,1568000,241000000,241000000,242568000,242568000,100010,10485020,100000,100000,10,10385020
168,282279000,282667000,100000,100000,3892000,4280000,263395000,263395000,3892000,3892000,11000000,11000000,14892000,14892000,18884000,19272000,100000,100000,3892000,4280000,0,0,3892000,3892000,11000000,11000000,14892000,14892000,100010,2470040,100000,100000,10,2370040
198,314177000,314616000,100000,100000,14341000,14780000,263395000,263395000,14341000,14341000,22000000,22000000,36341000,36341000,50782000,51221000,100000,100000,14341000,14780000,0,0,14341000,14341000,22000000,22000000,36341000,36341000,100010,5888080,100000,100000,10,5788080
228,398495000,399033000,100000,100000,0,538000,263395000,263395000,0,0,135000000,135000000,135000000,135000000,135100000,135638000,100000,100000,0,538000,0,0,0,0,135000000,135000000,135000000,135000000,100010,13903080,100000,100000,10,13803080
258,461606000,1158965000,100000,100000,12486000,14625000,263395000,790185000,14625000,17055000,171000000,337000000,185625000,354055000,198211000,368780000,100000,100000,12486000,14625000,0,0,14625000,17055000,171000000,337000000,185625000,354055000,100010,3790050,100000,100000,10,3690050
288,413283000,677068000,100000,100000,1199000,1589000,263395000,526790000,1589000,1589000,147000000,147000000,148589000,148589000,149888000,150278000,100000,100000,1199000,1589000,0,0,1589000,1589000,147000000,147000000,148589000,148589000,100010,11273060,100000,100000,10,11173060
318,432763000,696536000,100000,100000,445000,823000,263395000,526790000,823000,823000,168000000,168000000,168823000,168823000,169368000,169746000,100000,100000,445000,823000,0,0,823000,823000,168000000,168000000,168823000,168823000,100010,446010,100000,100000,10,346010
348,454973000,719308000,100000,100000,17269000,18209000,263395000,526790000,18209000,18209000,156000000,156000000,174209000,174209000,191578000,192518000,100000,100000,17269000,18209000,0,0,18209000,18209000,156000000,156000000,174209000,174209000,100010,6571100,100000,100000,10,6471100
378,459020000,986588000,100000,100000,1478000,2256000,263395000,790185000,2047000,2047000,192000000,192000000,194047000,194047000,195625000,196403000,100000,100000,1478000,2256000,0,0,2047000,2047000,192000000,192000000,194047000,194047000,100010,12226070,100000,100000,10,12126070
408,368993000,633511000,100000,100000,299000,1199000,263395000,526790000,1199000,1422000,104000000,104000000,105199000,105422000,105598000,106721000,100000,100000,299000,1199000,0,0,1199000,1422000,104000000,104000000,105199000,105422000,100010,13651110,100000,100000,10,13551110
438,291753000,830199000,100000,100000,2129000,2857000,263395000,790185000,2129000,1057000,24000000,36000000,26129000,37057000,28358000,40014000,100000,100000,2129000,2857000,0,0,2129000,1057000,24000000,36000000,26129000,37057000,100010,1846030,100000,100000,10,1746030
19,447133000,447341000,100000,100000,2215000,2423000,263395000,263395000,2423000,2423000,179000000,179000000,181423000,181423000,183738000,183946000,100000,100000,2215000,2423000,0,0,2423000,2423000,179000000,179000000,181423000,181423000,100010,16206130,100000,100000,10,16106130
49,443912000,445048000,100000,100000,1642000,1775000,263395000,263395000,1775000,2778000,177000000,177000000,178775000,179778000,180517000,181653000,100000,100000,1642000,1775000,0,0,1775000,2778000,177000000,177000000,178775000,179778000,100010,3671130,100000,100000,10,3571130
79,272787000,273123000,100000,100000,978000,1314000,263395000,263395000,1314000,1314000,7000000,7000000,8314000,8314000,9392000,9728000,100000,100000,978000,1314000,0,0,1314000,1314000,7000000,7000000,8314000,8314000,100010,1538050,100000,100000,10,1438050
109,434236000,434395000,100000,100000,791000,950000,263395000,263395000,950000,950000,169000000,169000000,169950000,169950000,170841000,171000000,100000,100000,791000,950000,0,0,950000,950000,169000000,169000000,169950000,169950000,100010,2942080,100000,100000,10,2842080
139,264599000,264894000,100000,100000,1104000,1399000,263395000,263395000,0,0,0,0,0,0,1204000,1499000,100000,100000,1104000,1399000,0,0,0,0,0,0,0,0,100010,100000,100000,100000,10,0
169,462465000,463050000,100000,100000,3905000,4065000,263395000,263395000,4065000,4490000,191000000,191000000,195065000,195490000,199070000,199655000,100000,100000,3905000,4065000,0,0,4065000,4490000,191000000,191000000,195065000,195490000,100010,525030,100000,100000,10,425030
199,273252000,273288000,100000,100000,9757000,9793000,263395000,263395000,0,0,0,0,0,0,9857000,9893000,100000,100000,9757000,9793000,0,0,0,0,0,0,0,0,100010,100000,100000,100000,10,0
229,264545000,265136000,100000,100000,1050000,1641000,263395000,263395000,0,0,0,0,0,0,1150000,1741000,100000,100000,1050000,1641000,0,0,0,0,0,0,0,0,100010,100000,100000,100000,10,0
259,438415000,848234000,100000,100000,11785000,13135000,263395000,526790000,13135000,18209000,150000000,290000000,163135000,308209000,175020000,321444000,100000,100000,11785000,13135000,0,0,13135000,18209000,150000000,290000000,163135000,308209000,100010,5174070,100000,100000,10,5074070
289,453762000,981129000,100000,100000,845000,1422000,263395000,790185000,1422000,1422000,188000000,188000000,189422000,189422000,190367000,190944000,100000,100000,845000,1422000,0,0,1422000,1422000,188000000,188000000,189422000,189422000,100010,13474100,100000,100000,10,13374100
319,395432000,659874000,100000,100000,445000,1492000,263395000,526790000,1492000,1492000,130000000,130000000,131492000,131492000,132037000,133084000,100000,100000,445000,1492000,0,0,1492000,1492000,130000000,130000000,131492000,131492000,100010,11261040,100000,100000,10,11161040
349,471361000,999877000,100000,100000,15624000,17350000,263395000,790185000,17242000,17242000,175000000,175000000,192242000,192242000,207966000,209692000,100000,100000,15624000,17350000,0,0,17242000,17242000,175000000,175000000,192242000,192242000,100010,6867080,100000,100000,10,6767080
379,450539000,977973000,100000,100000,1200000,1844000,263395000,790185000,1844000,1844000,184000000,184000000,185844000,185844000,187144000,187788000,100000,100000,1200000,1844000,0,0,1844000,1844000,184000000,184000000,185844000,185844000,100010,11948060,100000,100000,10,11848060
409,508809000,2098998000,100000,100000,0,9819000,263395000,1843765000,1314000,1314000,244000000,244000000,245314000,245314000,245414000,255233000,100000,100000,0,9819000,0,0,1314000,1314000,244000000,244000000,245314000,245314000,100010,5472080,100000,100000,10,5372080
439,272805000,544706000,100000,100000,9310000,17816000,263395000,526790000,0,0,0,0,0,0,9410000,17916000,100000,100000,9310000,17816000,0,0,0,0,0,0,0,0,100010,100000,100000,100000,10,0
20,453602000,455279000,100000,100000,2215000,3892000,263395000,263395000,3892000,3892000,184000000,184000000,187892000,187892000,190207000,191884000,100000,100000,2215000,3892000,0,0,3892000,3892000,184000000,184000000,187892000,187892000,100010,804020,100000,100000,10,704020
50,455674000,456209000,100000,100000,2322000,2857000,263395000,263395000,2857000,2857000,187000000,187000000,189857000,189857000,192279000,192814000,100000,100000,2322000,2857000,0,0,2857000,2857000,187000000,187000000,189857000,189857000,100010,3622120,100000,100000,10,3522120
80,394276000,395101000,100000,100000,978000,1803000,263395000,263395000,1803000,1803000,128000000,128000000,129803000,129803000,130881000,131706000,100000,100000,978000,1803000,0,0,1803000,1803000,128000000,128000000,129803000,129803000,100010,13774080,100000,100000,10,13674080
110,292671000,292804000,100000,100000,1088000,1221000,263395000,263395000,1088000,1088000,27000000,27000000,28088000,28088000,29276000,29409000,100000,100000,1088000,1221000,0,0,1088000,1088000,27000000,27000000,28088000,28088000,100010,552020,100000,100000,10,452020
140,390044000,390703000,100000,100000,445000,1104000,263395000,263395000,1104000,1104000,125000000,125000000,126104000,126104000,126649000,127308000,100000,100000,445000,1104000,0,0,1104000,1104000,125000000,125000000,126104000,126104000,100010,11261040,100000,100000,10,11161040
170,463680000,464105000,100000,100000,4065000,4120000,263395000,263395000,4120000,4490000,192000000,192000000,196120000,196490000,200285000,200710000,100000,100000,4065000,4120000,0,0,4120000,4490000,192000000,192000000,196120000,196490000,100010,1295030,100000,100000,10,1195030
200,347376000,347621000,100000,100000,10818000,11063000,263395000,263395000,11063000,11063000,62000000,62000000,73063000,73063000,83981000,84226000,100000,100000,10818000,11063000,0,0,11063000,11063000,62000000,62000000,73063000,73063000,100010,13432060,100000,100000,10,13332060
230,454990000,455595000,100000,100000,445000,1050000,263395000,263395000,1050000,1050000,190000000,190000000,191050000,191050000,191595000,192200000,100000,100000,445000,1050000,0,0,1050000,1050000,190000000,190000000,191050000,191050000,100010,14284060,100000,100000,10,14184060
260,275280000,803233000,100000,100000,11785000,12948000,263395000,790185000,0,0,0,0,0,0,11885000,13048000,100000,100000,11785000,12948000,0,0,0,0,0,0,0,0,100010,100000,100000,100000,10,0
290,313062000,577068000,100000,100000,978000,1589000,263395000,526790000,1589000,1589000,47000000,47000000,48589000,48589000,49667000,50278000,100000,100000,978000,1589000,0,0,1589000,1589000,47000000,47000000,48589000,48589000,100010,2342050,100000,100000,10,2242050
320,266960000,530874000,100000,100000,973000,1492000,263395000,526790000,1492000,1492000,1000000,1000000,2492000,2492000,3565000,4084000,100000,100000,973000,1492000,0,0,1492000,1492000,1000000,1000000,2492000,2492000,100010,100000,100000,100000,10,0
350,471819000,735428000,100000,100000,17055000,17269000,263395000,526790000,17269000,17269000,174000000,174000000,191269000,191269000,208424000,208638000,100000,100000,17055000,17269000,0,0,17269000,17269000,174000000,174000000,191269000,191269000,100010,8298090,100000,100000,10,8198090
380,267264000,267463000,100000,100000,3769000,3968000,263395000,263395000,0,0,0,0,0,0,3869000,4068000,100000,100000,3769000,3968000,0,0,0,0,0,0,0,0,100010,100000,100000,100000,10,0
410,330743000,858891000,100000,100000,445000,1803000,263395000,790185000,1803000,1803000,65000000,65000000,66803000,66803000,67348000,68706000,100000,100000,445000,1803000,0,0,1803000,1803000,65000000,65000000,66803000,66803000,100010,10634020,100000,100000,10,10534020
440,419209000,1217971000,100000,100000,9239000,17816000,263395000,1053580000,10475000,10475000,136000000,136000000,146475000,146475000,155814000,164391000,100000,100000,9239000,17816000,0,0,10475000,10475000,136000000,136000000,146475000,146475000,100010,11079110,100000,100000,10,10979110
21,461198000,461471000,100000,100000,2215000,2488000,263395000,263395000,2488000,2488000,193000000,193000000,195488000,195488000,197803000,198076000,100000,100000,2215000,2488000,0,0,2488000,2488000,193000000,193000000,195488000,195488000,100010,1777010,100000,100000,10,1677010
51,454290000,520679000,100000,100000,2322000,2473000,263395000,263395000,2473000,3711000,186000000,251000000,188473000,254711000,190895000,257284000,100000,100000,2322000,2473000,0,0,2473000,3711000,186000000,251000000,188473000,254711000,100010,4351150,100000,100000,10,4251150
81,511011000,511451000,100000,100000,538000,978000,263395000,263395000,978000,978000,246000000,246000000,246978000,246978000,247616000,248056000,100000,100000,538000,978000,0,0,978000,978000,246000000,246000000,246978000,246978000,100010,13334070,100000,100000,10,13234070
111,458666000,458937000,100000,100000,950000,1221000,263395000,263395000,1221000,1221000,193000000,193000000,194221000,194221000,195271000,195542000,100000,100000,950000,1221000,0,0,1221000,1221000,193000000,193000000,194221000,194221000,100010,605020,100000,100000,10,505020
141,397628000,398453000,100000,100000,1654000,2479000,263395000,263395000,2479000,2479000,130000000,130000000,132479000,132479000,134233000,135058000,100000,100000,1654000,2479000,0,0,2479000,2479000,130000000,130000000,132479000,132479000,100010,2361080,100000,100000,10,2261080
171,466255000,466475000,100000,100000,4270000,4490000,263395000,263395000,4490000,4490000,194000000,194000000,198490000,198490000,202860000,203080000,100000,100000,4270000,4490000,0,0,4490000,4490000,194000000,194000000,198490000,198490000,100010,925010,100000,100000,10,825010
201,419031000,419131000,100000,100000,10718000,10818000,263395000,263395000,10818000,10818000,134000000,134000000,144818000,144818000,155636000,155736000,100000,100000,10718000,10818000,0,0,10818000,10818000,134000000,134000000,144818000,144818000,100010,13677050,100000,100000,10,13577050
231,445875000,446020000,100000,100000,662000,718000,263395000,263395000,718000,807000,181000000,181000000,181718000,181807000,182480000,182625000,100000,100000,662000,718000,0,0,718000,807000,181000000,181000000,181718000,181807000,100010,14914100,100000,100000,10,14814100
261,276109000,276443000,100000,100000,12614000,12948000,263395000,263395000,0,0,0,0,0,0,12714000,13048000,100000,100000,12614000,12948000,0,0,0,0,0,0,0,0,100010,100000,100000,100000,10,0
291,413391000,676953000,100000,100000,1422000,1589000,263395000,526790000,1474000,1474000,147000000,147000000,148474000,148474000,149996000,150163000,100000,100000,1422000,1589000,0,0,1474000,1474000,147000000,147000000,148474000,148474000,100010,11496070,100000,100000,10,11396070
321,458327000,1522363000,100000,100000,607000,11063000,263395000,1316975000,1225000,1225000,193000000,193000000,194225000,194225000,194932000,205388000,100000,100000,607000,11063000,0,0,1225000,1225000,193000000,193000000,194225000,194225000,100010,4499140,100000,100000,10,4399140
351,479542000,1008762000,100000,100000,14625000,17055000,263395000,790185000,16422000,16422000,185000000,185000000,201422000,201422000,216147000,218577000,100000,100000,14625000,17055000,0,0,16422000,16422000,185000000,185000000,201422000,201422000,100010,5868070,100000,100000,10,5768070
381,461211000,989029000,100000,100000,1844000,2872000,263395000,790185000,2872000,2872000,193000000,193000000,195872000,195872000,197816000,198844000,100000,100000,1844000,2872000,0,0,2872000,2872000,193000000,193000000,195872000,195872000,100010,12592080,100000,100000,10,12492080
411,444820000,708415000,100000,100000,607000,718000,263395000,526790000,718000,807000,180000000,180000000,180718000,180807000,181425000,181625000,100000,100000,607000,718000,0,0,718000,807000,180000000,180000000,180718000,180807000,100010,14859090,100000,100000,10,14759090
22,482322000,483125000,100000,100000,12012000,12815000,263395000,263395000,12815000,12815000,194000000,194000000,206815000,206815000,218927000,219730000,100000,100000,12012000,12815000,0,0,12815000,12815000,194000000,194000000,206815000,206815000,100010,327010,100000,100000,10,227010
52,442436000,443915000,100000,100000,1299000,1642000,263395000,263395000,1642000,2778000,176000000,176000000,177642000,178778000,179041000,180520000,100000,100000,1299000,1642000,0,0,1642000,2778000,176000000,176000000,177642000,178778000,100010,3328120,100000,100000,10,3228120
82,455124000,455443000,100000,100000,3155000,3474000,263395000,263395000,3474000,3474000,185000000,185000000,188474000,188474000,191729000,192048000,100000,100000,3155000,3474000,0,0,3474000,3474000,185000000,185000000,188474000,188474000,100010,4455140,100000,100000,10,4355140
112,434406000,434671000,100000,100000,823000,1088000,263395000,263395000,1088000,1088000,169000000,169000000,170088000,170088000,171011000,171276000,100000,100000,823000,1088000,0,0,1088000,1088000,169000000,169000000,170088000,170088000,100010,537020,100000,100000,10,437020
142,438847000,439063000,100000,100000,1568000,1784000,263395000,263395000,1784000,1784000,172000000,172000000,173784000,173784000,175452000,175668000,100000,100000,1568000,1784000,0,0,1784000,1784000,172000000,172000000,173784000,173784000,100010,3726080,100000,100000,10,3626080
172,464885000,465255000,100000,100000,4120000,4270000,263395000,263395000,4270000,4490000,193000000,193000000,197270000,197490000,201490000,201860000,100000,100000,4120000,4270000,0,0,4270000,4490000,193000000,193000000,197270000,197490000,100010,1145020,100000,100000,10,1045020
202,333348000,334101000,100000,100000,1050000,1803000,263395000,263395000,1803000,1803000,67000000,67000000,68803000,68803000,69953000,70706000,100000,100000,1050000,1803000,0,0,1803000,1803000,67000000,67000000,68803000,68803000,100010,11239030,100000,100000,10,11139030
232,447020000,447109000,100000,100000,718000,807000,263395000,263395000,807000,807000,182000000,182000000,182807000,182807000,183625000,183714000,100000,100000,718000,807000,0,0,807000,807000,182000000,182000000,182807000,182807000,100010,14970110,100000,100000,10,14870110
262,434690000,698796000,100000,100000,11742000,12453000,263395000,526790000,12453000,12453000,147000000,147000000,159453000,159453000,171295000,172006000,100000,100000,11742000,12453000,0,0,12453000,12453000,147000000,147000000,159453000,159453000,100010,13582110,100000,100000,10,13482110
292,347893000,885184000,100000,100000,1199000,9310000,263395000,790185000,1199000,1589000,82000000,84000000,83199000,85589000,84498000,94999000,100000,100000,1199000,9310000,0,0,1199000,1589000,82000000,84000000,83199000,85589000,100010,5202090,100000,100000,10,5102090
322,456099000,983593000,100000,100000,950000,1654000,263395000,790185000,1654000,1654000,190000000,190000000,191654000,191654000,192704000,193408000,100000,100000,950000,1654000,0,0,1654000,1654000,190000000,190000000,191654000,191654000,100010,2979110,100000,100000,10,2879110
352,481469000,746590000,100000,100000,15624000,17350000,263395000,526790000,17350000,17350000,185000000,185000000,202350000,202350000,218074000,219800000,100000,100000,15624000,17350000,0,0,17350000,17350000,185000000,185000000,202350000,202350000,100010,4427050,100000,100000,10,4327050
382,459817000,987847000,100000,100000,1844000,2944000,263395000,790185000,2478000,2618000,192000000,192000000,194478000,194618000,196422000,197662000,100000,100000,1844000,2944000,0,0,2478000,2618000,192000000,192000000,194478000,194618000,100010,5289130,100000,100000,10,5189130
412,445964000,709504000,100000,100000,662000,807000,263395000,526790000,807000,807000,181000000,181000000,181807000,181807000,182569000,182714000,100000,100000,662000,807000,0,0,807000,807000,181000000,181000000,181807000,181807000,100010,14914100,100000,100000,10,14814100
23,482292000,482519000,100000,100000,11785000,12012000,263395000,263395000,12012000,12012000,195000000,195000000,207012000,207012000,218897000,219124000,100000,100000,11785000,12012000,0,0,12012000,12012000,195000000,195000000,207012000,207012000,100010,929010,100000,100000,10,829010
53,426524000,426979000,100000,100000,11287000,11742000,263395000,263395000,11742000,11742000,140000000,140000000,151742000,151742000,163129000,163584000,100000,100000,11287000,11742000,0,0,11742000,11742000,140000000,140000000,151742000,151742000,100010,13127100,100000,100000,10,13027100
83,459507000,459805000,100000,100000,2857000,3155000,263395000,263395000,3155000,3155000,190000000,190000000,193155000,193155000,196112000,196410000,100000,100000,2857000,3155000,0,0,3155000,3155000,190000000,190000000,193155000,193155000,100010,4157130,100000,100000,10,4057130
113,433954000,434141000,100000,100000,636000,823000,263395000,263395000,823000,823000,169000000,169000000,169823000,169823000,170559000,170746000,100000,100000,636000,823000,0,0,823000,823000,169000000,169000000,169823000,169823000,100010,637020,100000,100000,10,537020
143,320758000,321453000,100000,100000,1784000,2479000,263395000,263395000,2479000,2479000,53000000,53000000,55479000,55479000,57363000,58058000,100000,100000,1784000,2479000,0,0,2479000,2479000,53000000,53000000,55479000,55479000,100010,3188110,100000,100000,10,3088110
173,462808000,463633000,100000,100000,3744000,4569000,263395000,263395000,4569000,4569000,191000000,191000000,195569000,195569000,199413000,200238000,100000,100000,3744000,4569000,0,0,4569000,4569000,191000000,191000000,195569000,195569000,100010,1629020,100000,100000,10,1529020
203,269123000,269612000,100000,100000,1314000,1803000,263395000,263395000,1314000,1314000,3000000,3000000,4314000,4314000,5728000,6217000,100000,100000,1314000,1803000,0,0,1314000,1314000,3000000,3000000,4314000,4314000,100010,100000,100000,100000,10,0
233,427359000,427609000,100000,100000,807000,1057000,263395000,263395000,1057000,1057000,162000000,162000000,163057000,163057000,163964000,164214000,100000,100000,807000,1057000,0,0,1057000,1057000,162000000,162000000,163057000,163057000,100010,15059120,100000,100000,10,14959120
263,480475000,1271610000,100000,100000,12033000,12983000,263395000,1053580000,12947000,12947000,192000000,192000000,204947000,204947000,217080000,218030000,100000,100000,12033000,12983000,0,0,12947000,12947000,192000000,192000000,204947000,204947000,100010,13873120,100000,100000,10,13773120
293,392836000,1184286000,100000,100000,538000,1803000,263395000,1053580000,1803000,1803000,127000000,127000000,128803000,128803000,129441000,130706000,100000,100000,538000,1803000,0,0,1803000,1803000,127000000,127000000,128803000,128803000,100010,13334070,100000,100000,10,13234070
323,457507000,1133906000,100000,100000,791000,1299000,263395000,790185000,1221000,2322000,192000000,340000000,193221000,342322000,194112000,343721000,100000,100000,791000,1299000,0,0,1221000,2322000,192000000,340000000,193221000,342322000,100010,2820100,100000,100000,10,2720100
353,483730000,748160000,100000,100000,17100000,18135000,263395000,526790000,18135000,18135000,185000000,185000000,203135000,203135000,220335000,221370000,100000,100000,17100000,18135000,0,0,18135000,18135000,185000000,185000000,203135000,203135000,100010,7694100,100000,100000,10,7594100
383,266439000,530858000,100000,100000,2944000,3968000,263395000,526790000,0,0,0,0,0,0,3044000,4068000,100000,100000,2944000,3968000,0,0,0,0,0,0,0,0,100010,100000,100000,100000,10,0
413,426270000,690004000,100000,100000,718000,1057000,263395000,526790000,1057000,1057000,161000000,161000000,162057000,162057000,162875000,163214000,100000,100000,718000,1057000,0,0,1057000,1057000,161000000,161000000,162057000,162057000,100010,14970110,100000,100000,10,14870110
24,290924000,291125000,100000,100000,12614000,12815000,263395000,263395000,12815000,12815000,2000000,2000000,14815000,14815000,27529000,27730000,100000,100000,12614000,12815000,0,0,12815000,12815000,2000000,2000000,14815000,14815000,100010,100000,100000,100000,10,0
54,274439000,275026000,100000,100000,10944000,11531000,263395000,263395000,0,0,0,0,0,0,11044000,11631000,100000,100000,10944000,11531000,0,0,0,0,0,0,0,0,100010,100000,100000,100000,10,0
84,283336000,283463000,100000,100000,2857000,2984000,263395000,263395000,2984000,2984000,14000000,14000000,16984000,16984000,19941000,20068000,100000,100000,2857000,2984000,0,0,2984000,2984000,14000000,14000000,16984000,16984000,100010,2628050,100000,100000,10,2528050
114,457576000,457767000,100000,100000,445000,636000,263395000,263395000,636000,636000,193000000,193000000,193636000,193636000,194181000,194372000,100000,100000,445000,636000,0,0,636000,636000,193000000,193000000,193636000,193636000,100010,605020,100000,100000,10,505020
144,309760000,311889000,100000,100000,1568000,3697000,263395000,263395000,3697000,3697000,41000000,41000000,44697000,44697000,46365000,48494000,100000,100000,1568000,3697000,0,0,3697000,3697000,41000000,41000000,44697000,44697000,100010,10949030,100000,100000,10,10849030
174,283449000,283633000,100000,100000,4385000,4569000,263395000,263395000,4569000,4569000,11000000,11000000,15569000,15569000,20054000,20238000,100000,100000,4385000,4569000,0,0,4569000,4569000,11000000,11000000,15569000,15569000,100010,1350030,100000,100000,10,1250030
204,444756000,445581000,100000,100000,10718000,11543000,263395000,263395000,11543000,11543000,159000000,159000000,170543000,170543000,181361000,182186000,100000,100000,10718000,11543000,0,0,11543000,11543000,159000000,159000000,170543000,170543000,100010,12295080,100000,100000,10,12195080
234,280845000,281238000,100000,100000,17350000,17743000,263395000,263395000,0,0,0,0,0,0,17450000,17843000,100000,100000,17350000,17743000,0,0,0,0,0,0,0,0,100010,100000,100000,100000,10,0
264,454737000,718566000,100000,100000,1904000,2338000,263395000,526790000,2338000,2338000,187000000,187000000,189338000,189338000,191342000,191776000,100000,100000,1904000,2338000,0,0,2338000,2338000,187000000,187000000,189338000,189338000,100010,1885050,100000,100000,10,1785050
294,453826000,717838000,100000,100000,2857000,3474000,263395000,526790000,3474000,3474000,184000000,184000000,187474000,187474000,190431000,191048000,100000,100000,2857000,3474000,0,0,3474000,3474000,184000000,184000000,187474000,187474000,100010,4157130,100000,100000,10,4057130
324,277583000,805039000,100000,100000,14088000,14754000,263395000,790185000,0,0,0,0,0,0,14188000,14854000,100000,100000,14088000,14754000,0,0,0,0,0,0,0,0,100010,100000,100000,100000,10,0
354,481570000,746930000,100000,100000,16170000,17905000,263395000,526790000,17905000,18135000,184000000,184000000,201905000,202135000,218175000,220140000,100000,100000,16170000,17905000,0,0,17905000,18135000,184000000,184000000,201905000,202135000,100010,6764090,100000,100000,10,6664090
384,458697000,722338000,100000,100000,2478000,2724000,263395000,526790000,2724000,2724000,190000000,190000000,192724000,192724000,195302000,195548000,100000,100000,2478000,2724000,0,0,2724000,2724000,190000000,190000000,192724000,192724000,100010,2591060,100000,100000,10,2491060
414,264545000,265136000,100000,100000,1050000,1641000,263395000,263395000,0,0,0,0,0,0,1150000,1741000,100000,100000,1050000,1641000,0,0,0,0,0,0,0,0,100010,100000,100000,100000,10,0
25,427288000,427665000,100000,100000,11208000,11585000,263395000,263395000,11585000,11585000,141000000,141000000,152585000,152585000,163893000,164270000,100000,100000,11208000,11585000,0,0,11585000,11585000,141000000,141000000,152585000,152585000,100010,2362050,100000,100000,10,2262050
55,274703000,274850000,100000,100000,11208000,11355000,263395000,263395000,0,0,0,0,0,0,11308000,11455000,100000,100000,11208000,11355000,0,0,0,0,0,0,0,0,100010,100000,100000,100000,10,0
85,461002000,461121000,100000,100000,3194000,3313000,263395000,263395000,3313000,3313000,191000000,191000000,194313000,194313000,197607000,197726000,100000,100000,3194000,3313000,0,0,3313000,3313000,191000000,191000000,194313000,194313000,100010,4265110,100000,100000,10,4165110
115,396654000,397479000,100000,100000,667000,1492000,263395000,263395000,1492000,1492000,131000000,131000000,132492000,132492000,133259000,134084000,100000,100000,667000,1492000,0,0,1492000,1492000,131000000,131000000,132492000,132492000,100010,11483050,100000,100000,10,11383050
145,425064000,425889000,100000,100000,2872000,3697000,263395000,263395000,3697000,3697000,155000000,155000000,158697000,158697000,161669000,162494000,100000,100000,2872000,3697000,0,0,3697000,3697000,155000000,155000000,158697000,158697000,100010,13620080,100000,100000,10,13520080
175,276265000,276370000,100000,100000,4385000,4490000,263395000,263395000,4385000,4385000,4000000,4000000,8385000,8385000,12870000,12975000,100000,100000,4385000,4490000,0,0,4385000,4385000,4000000,4000000,8385000,8385000,100010,525030,100000,100000,10,425030
205,390608000,391177000,100000,100000,13772000,14341000,263395000,263395000,14341000,14341000,99000000,99000000,113341000,113341000,127213000,127782000,100000,100000,13772000,14341000,0,0,14341000,14341000,99000000,99000000,113341000,113341000,100010,14703090,100000,100000,10,14603090
235,405507000,406041000,100000,100000,9239000,9773000,263395000,263395000,9773000,9773000,123000000,123000000,132773000,132773000,142112000,142646000,100000,100000,9239000,9773000,0,0,9773000,9773000,123000000,123000000,132773000,132773000,100010,12847060,100000,100000,10,12747060
265,454429000,718208000,100000,100000,1775000,2159000,263395000,526790000,2159000,2159000,187000000,187000000,189159000,189159000,191034000,191418000,100000,100000,1775000,2159000,0,0,2159000,2159000,187000000,187000000,189159000,189159000,100010,2036060,100000,100000,10,1936060
295,457972000,985595000,100000,100000,2322000,3155000,263395000,790185000,3155000,3155000,189000000,189000000,192155000,192155000,194577000,195410000,100000,100000,2322000,3155000,0,0,3155000,3155000,189000000,189000000,192155000,192155000,100010,3622120,100000,100000,10,3522120
325,278135000,278249000,100000,100000,14640000,14754000,263395000,263395000,0,0,0,0,0,0,14740000,14854000,100000,100000,14640000,14754000,0,0,0,0,0,0,0,0,100010,100000,100000,100000,10,0
355,294832000,558333000,100000,100000,2618000,2724000,263395000,526790000,2719000,2719000,26000000,26000000,28719000,28719000,31437000,31543000,100000,100000,2618000,2724000,0,0,2719000,2719000,26000000,26000000,28719000,28719000,100010,2112040,100000,100000,10,2012040
385,461369000,725126000,100000,100000,2256000,2618000,263395000,526790000,2618000,2618000,193000000,193000000,195618000,195618000,197974000,198336000,100000,100000,2256000,2618000,0,0,2618000,2618000,193000000,193000000,195618000,195618000,100010,2369050,100000,100000,10,2269050
415,443453000,971893000,100000,100000,1654000,3304000,263395000,790185000,3304000,3304000,175000000,175000000,178304000,178304000,180058000,181708000,100000,100000,1654000,3304000,0,0,3304000,3304000,175000000,175000000,178304000,178304000,100010,3188110,100000,100000,10,3088110
26,446865000,573489000,100000,100000,11585000,11785000,263395000,263395000,11785000,18209000,160000000,280000000,171785000,298209000,183470000,310094000,100000,100000,11585000,11785000,0,0,11785000,18209000,160000000,280000000,171785000,298209000,100010,6524090,100000,100000,10,6424090
56,425647000,425911000,100000,100000,10944000,11208000,263395000,263395000,11208000,11208000,140000000,140000000,151208000,151208000,162252000,162516000,100000,100000,10944000,11208000,0,0,11208000,11208000,140000000,140000000,151208000,151208000,100010,2615050,100000,100000,10,2515050
86,459670000,460002000,100000,100000,2981000,3194000,263395000,263395000,3194000,3313000,190000000,190000000,193194000,193313000,196275000,196607000,100000,100000,2981000,3194000,0,0,3194000,3313000,190000000,190000000,193194000,193313000,100010,4052100,100000,100000,10,3952100
116,457607000,457829000,100000,100000,445000,667000,263395000,263395000,667000,667000,193000000,193000000,193667000,193667000,194212000,194434000,100000,100000,445000,667000,0,0,667000,667000,193000000,193000000,193667000,193667000,100010,11261040,100000,100000,10,11161040
146,294753000,305975000,100000,100000,2129000,2423000,263395000,263395000,2129000,1057000,27000000,39000000,29129000,40057000,31358000,42580000,100000,100000,2129000,2423000,0,0,2129000,1057000,27000000,39000000,29129000,40057000,100010,2054040,100000,100000,10,1954040
176,279463000,279788000,100000,100000,15968000,16293000,263395000,263395000,0,0,0,0,0,0,16068000,16393000,100000,100000,15968000,16293000,0,0,0,0,0,0,0,0,100010,100000,100000,100000,10,0
206,274558000,274764000,100000,100000,11063000,11269000,263395000,263395000,0,0,0,0,0,0,11163000,11369000,100000,100000,11063000,11269000,0,0,0,0,0,0,0,0,100010,100000,100000,100000,10,0
236,266775000,266916000,100000,100000,3280000,3421000,263395000,263395000,0,0,0,0,0,0,3380000,3521000,100000,100000,3280000,3421000,0,0,0,0,0,0,0,0,100010,100000,100000,100000,10,0
266,449817000,713858000,100000,100000,2338000,2984000,263395000,526790000,2984000,2984000,181000000,181000000,183984000,183984000,186422000,187068000,100000,100000,2338000,2984000,0,0,2984000,2984000,181000000,181000000,183984000,183984000,100010,1637060,100000,100000,10,1537060
296,459789000,723516000,100000,100000,2981000,3313000,263395000,526790000,3313000,3313000,190000000,190000000,193313000,193313000,196394000,196726000,100000,100000,2981000,3313000,0,0,3313000,3313000,190000000,190000000,193313000,193313000,100010,4052100,100000,100000,10,3952100
326,462611000,1254200000,100000,100000,12368000,13772000,263395000,1053580000,13748000,13748000,173000000,173000000,186748000,186748000,199216000,200620000,100000,100000,12368000,13772000,0,0,13748000,13748000,173000000,173000000,186748000,186748000,100010,13945100,100000,100000,10,13845100
356,272266000,536338000,100000,100000,2047000,2724000,263395000,526790000,2724000,2724000,4000000,4000000,6724000,6724000,8871000,9548000,100000,100000,2047000,2724000,0,0,2724000,2724000,4000000,4000000,6724000,6724000,100010,100000,100000,100000,10,0
386,389644000,653748000,100000,100000,1220000,1929000,263395000,526790000,1929000,1929000,123000000,123000000,124929000,124929000,126249000,126958000,100000,100000,1220000,1929000,0,0,1929000,1929000,123000000,123000000,124929000,124929000,100010,15472140,100000,100000,10,15372140
416,422239000,950679000,100000,100000,2047000,3697000,263395000,790185000,3697000,3697000,153000000,153000000,156697000,156697000,158844000,160494000,100000,100000,2047000,3697000,0,0,3697000,3697000,153000000,153000000,156697000,156697000,100010,12795090,100000,100000,10,12695090
27,313822000,313979000,100000,100000,11585000,11742000,263395000,263395000,11742000,11742000,27000000,27000000,38742000,38742000,50427000,50584000,100000,100000,11585000,11742000,0,0,11742000,11742000,27000000,27000000,38742000,38742000,100010,6724100,100000,100000,10,6624100
57,274439000,274920000,100000,100000,10944000,11425000,263395000,263395000,0,0,0,0,0,0,11044000,11525000,100000,100000,10944000,11425000,0,0,0,0,0,0,0,0,100010,100000,100000,100000,10,0
87,458519000,458917000,100000,100000,3313000,3711000,263395000,263395000,3711000,3711000,188000000,188000000,191711000,191711000,195124000,195522000,100000,100000,3313000,3711000,0,0,3711000,3711000,188000000,188000000,191711000,191711000,100010,4384120,100000,100000,10,4284120
117,268230000,268479000,100000,100000,1243000,1492000,263395000,263395000,1492000,1492000,2000000,2000000,3492000,3492000,4835000,5084000,100000,100000,1243000,1492000,0,0,1492000,1492000,2000000,2000000,3492000,3492000,100010,925010,100000,100000,10,825010
147,436553000,436753000,100000,100000,1929000,2129000,263395000,263395000,2129000,2129000,169000000,169000000,171129000,171129000,173158000,173358000,100000,100000,1929000,2129000,0,0,2129000,2129000,169000000,169000000,171129000,171129000,100010,16181130,100000,100000,10,16081130
177,279788000,280154000,100000,100000,16293000,16659000,263395000,263395000,0,0,0,0,0,0,16393000,16759000,100000,100000,16293000,16659000,0,0,0,0,0,0,0,0,100010,100000,100000,100000,10,0
207,361537000,361621000,100000,100000,10979000,11063000,263395000,263395000,11063000,11063000,76000000,76000000,87063000,87063000,98142000,98226000,100000,100000,10979000,11063000,0,0,11063000,11063000,76000000,76000000,87063000,87063000,100010,11463060,100000,100000,10,11363060
237,385730000,386075000,100000,100000,445000,790000,263395000,263395000,790000,790000,121000000,121000000,121790000,121790000,122335000,122680000,100000,100000,445000,790000,0,0,790000,790000,121000000,121000000,121790000,121790000,100010,14752080,100000,100000,10,14652080
267,450432000,714446000,100000,100000,2159000,2778000,263395000,526790000,2778000,2778000,182000000,182000000,184778000,184778000,187037000,187656000,100000,100000,2159000,2778000,0,0,2778000,2778000,182000000,182000000,184778000,184778000,100010,2140060,100000,100000,10,2040060
297,457400000,721312000,100000,100000,3194000,3711000,263395000,526790000,3711000,3711000,187000000,187000000,190711000,190711000,194005000,194522000,100000,100000,3194000,3711000,0,0,3711000,3711000,187000000,187000000,190711000,190711000,100010,4265110,100000,100000,10,4165110
327,387017000,651848000,100000,100000,11543000,12979000,263395000,526790000,12979000,12979000,99000000,99000000,111979000,111979000,123622000,125058000,100000,100000,11543000,12979000,0,0,12979000,12979000,99000000,99000000,111979000,111979000,100010,13120090,100000,100000,10,13020090
357,281268000,545062000,100000,100000,3881000,4280000,263395000,526790000,3892000,3892000,10000000,10000000,13892000,13892000,17873000,18272000,100000,100000,3881000,4280000,0,0,3892000,3892000,10000000,10000000,13892000,13892000,100010,2071030,100000,100000,10,1971030
387,405201000,932639000,100000,100000,1057000,1705000,263395000,790185000,1649000,1649000,139000000,139000000,140649000,140649000,141806000,142454000,100000,100000,1057000,1705000,0,0,1649000,1649000,139000000,139000000,140649000,140649000,100010,15309130,100000,100000,10,15209130
417,266829000,794444000,100000,100000,667000,1492000,263395000,790185000,667000,667000,2000000,2000000,2667000,2667000,3434000,4259000,100000,100000,667000,1492000,0,0,667000,667000,2000000,2000000,2667000,2667000,100010,100000,100000,100000,10,0
28,481894000,482723000,100000,100000,11785000,12614000,263395000,263395000,12614000,12614000,194000000,194000000,206614000,206614000,218499000,219328000,100000,100000,11785000,12614000,0,0,12614000,12614000,194000000,194000000,206614000,206614000,100010,327010,100000,100000,10,227010
58,426726000,427069000,100000,100000,10944000,11287000,263395000,263395000,11287000,11287000,141000000,141000000,152287000,152287000,163331000,163674000,100000,100000,10944000,11287000,0,0,11287000,11287000,141000000,141000000,152287000,152287000,100010,12784090,100000,100000,10,12684090
88,412949000,522187000,100000,100000,2473000,2981000,263395000,263395000,2981000,3711000,144000000,252000000,146981000,255711000,149554000,258792000,100000,100000,2473000,2981000,0,0,2981000,3711000,144000000,252000000,146981000,255711000,100010,4502140,100000,100000,10,4402140
118,337473000,370899000,100000,100000,915000,11063000,263395000,263395000,11063000,14341000,62000000,82000000,73063000,96341000,74078000,107504000,100000,100000,915000,11063000,0,0,11063000,14341000,62000000,82000000,73063000,96341000,100010,4356070,100000,100000,10,4256070
148,337653000,337873000,100000,100000,1469000,1689000,263395000,263395000,1689000,1689000,71000000,71000000,72689000,72689000,74258000,74478000,100000,100000,1469000,1689000,0,0,1689000,1689000,71000000,71000000,72689000,72689000,100010,11463060,100000,100000,10,11363060
178,280154000,281097000,100000,100000,16659000,17602000,263395000,263395000,0,0,0,0,0,0,16759000,17702000,100000,100000,16659000,17602000,0,0,0,0,0,0,0,0,100010,100000,100000,100000,10,0
208,396731000,397009000,100000,100000,10979000,11257000,263395000,263395000,11257000,11257000,111000000,111000000,122257000,122257000,133336000,133614000,100000,100000,10979000,11257000,0,0,11257000,11257000,111000000,111000000,122257000,122257000,100010,12205070,100000,100000,10,12105070
238,326495000,353855000,100000,100000,0,445000,263395000,263395000,0,915000,63000000,89000000,63000000,89915000,63100000,90460000,100000,100000,0,445000,0,0,0,915000,63000000,89000000,63000000,89915000,100010,12634040,100000,100000,10,12534040
268,265435000,265703000,100000,100000,1940000,2208000,263395000,263395000,0,0,0,0,0,0,2040000,2308000,100000,100000,1940000,2208000,0,0,0,0,0,0,0,0,100010,100000,100000,100000,10,0
298,411798000,784582000,100000,100000,2322000,2981000,263395000,526790000,2981000,3711000,143000000,251000000,145981000,254711000,148403000,257792000,100000,100000,2322000,2981000,0,0,2981000,3711000,143000000,251000000,145981000,254711000,100010,4351150,100000,100000,10,4251150
328,275038000,539444000,100000,100000,11543000,12554000,263395000,526790000,0,0,0,0,0,0,11643000,12654000,100000,100000,11543000,12554000,0,0,0,0,0,0,0,0,100010,100000,100000,100000,10,0
358,464335000,728450000,100000,100000,3560000,4280000,263395000,526790000,4280000,4280000,193000000,193000000,197280000,197280000,200940000,201660000,100000,100000,3560000,4280000,0,0,4280000,4280000,193000000,193000000,197280000,197280000,100010,1750020,100000,100000,10,1650020
388,312791000,855030000,100000,100000,13955000,14973000,263395000,790185000,14341000,13772000,21000000,36000000,35341000,49772000,49396000,64845000,100000,100000,13955000,14973000,0,0,14341000,13772000,21000000,36000000,35341000,49772000,100010,5063070,100000,100000,10,4963070
418,288870000,817310000,100000,100000,2119000,3769000,263395000,790185000,2256000,2256000,21000000,21000000,23256000,23256000,25475000,27125000,100000,100000,2119000,3769000,0,0,2256000,2256000,21000000,21000000,23256000,23256000,100010,874030,100000,100000,10,774030
29,447766000,584190000,100000,100000,11785000,12486000,263395000,263395000,12486000,18209000,160000000,290000000,172486000,308209000,184371000,320795000,100000,100000,11785000,12486000,0,0,12486000,18209000,160000000,290000000,172486000,308209000,100010,5823080,100000,100000,10,5723080
59,364145000,364845000,100000,100000,10475000,11175000,263395000,263395000,11175000,11175000,79000000,79000000,90175000,90175000,100750000,101450000,100000,100000,10475000,11175000,0,0,11175000,11175000,79000000,79000000,90175000,90175000,100010,802010,100000,100000,10,702010
89,437761000,438079000,100000,100000,3474000,3792000,263395000,263395000,3792000,3792000,167000000,167000000,170792000,170792000,174366000,174684000,100000,100000,3474000,3792000,0,0,3792000,3792000,167000000,167000000,170792000,170792000,100010,4774150,100000,100000,10,4674150
119,394017000,394325000,100000,100000,607000,915000,263395000,263395000,915000,915000,129000000,129000000,129915000,129915000,130622000,130930000,100000,100000,607000,915000,0,0,915000,915000,129000000,129000000,129915000,129915000,100010,11693070,100000,100000,10,11593070
149,391791000,391873000,100000,100000,1607000,1689000,263395000,263395000,1689000,1689000,125000000,125000000,126689000,126689000,128396000,128478000,100000,100000,1607000,1689000,0,0,1689000,1689000,125000000,125000000,126689000,126689000,100010,12355080,100000,100000,10,12255080
179,281097000,281409000,100000,100000,17602000,17914000,263395000,263395000,0,0,0,0,0,0,17702000,18014000,100000,100000,17602000,17914000,0,0,0,0,0,0,0,0,100010,100000,100000,100000,10,0
209,389931000,390192000,100000,100000,10718000,10979000,263395000,263395000,10718000,10718000,105000000,105000000,115718000,115718000,126536000,126797000,100000,100000,10718000,10979000,0,0,10718000,10718000,105000000,105000000,115718000,115718000,100010,11600060,100000,100000,10,11500060
239,393568000,393641000,100000,100000,0,73000,263395000,263395000,73000,73000,130000000,130000000,130073000,130073000,130173000,130246000,100000,100000,0,73000,0,0,73000,73000,130000000,130000000,130073000,130073000,100010,13079050,100000,100000,10,12979050
269,314955000,579175000,100000,100000,2479000,3304000,263395000,526790000,2981000,2981000,46000000,46000000,48981000,48981000,51560000,52385000,100000,100000,2479000,3304000,0,0,2981000,2981000,46000000,46000000,48981000,48981000,100010,2718080,100000,100000,10,2618080
299,458162000,985902000,100000,100000,2473000,3304000,263395000,790185000,3194000,3313000,189000000,189000000,192194000,192313000,194767000,195717000,100000,100000,2473000,3304000,0,0,3194000,3313000,189000000,189000000,192194000,192313000,100010,3543090,100000,100000,10,3443090
329,275863000,276049000,100000,100000,12368000,12554000,263395000,263395000,0,0,0,0,0,0,12468000,12654000,100000,100000,12368000,12554000,0,0,0,0,0,0,0,0,100010,100000,100000,100000,10,0
359,462520000,726500000,100000,100000,3905000,4120000,263395000,526790000,4120000,4490000,191000000,191000000,195120000,195490000,199125000,199710000,100000,100000,3905000,4120000,0,0,4120000,4490000,191000000,191000000,195120000,195490000,100010,470020,100000,100000,10,370020
389,273252000,273288000,100000,100000,9757000,9793000,263395000,263395000,0,0,0,0,0,0,9857000,9893000,100000,100000,9757000,9793000,0,0,0,0,0,0,0,0,100010,100000,100000,100000,10,0
419,281624000,809423000,100000,100000,3560000,4569000,263395000,790185000,4569000,4569000,10000000,10000000,14569000,14569000,18229000,19238000,100000,100000,3560000,4569000,0,0,4569000,4569000,10000000,10000000,14569000,14569000,100010,525030,100000,100000,10,425030
30,447353000,447941000,100000,100000,13135000,13723000,263395000,263395000,13723000,13723000,157000000,157000000,170723000,170723000,183958000,184546000,100000,100000,13135000,13723000,0,0,13723000,13723000,157000000,157000000,170723000,170723000,100010,4342060,100000,100000,10,4242060
60,402245000,402845000,100000,100000,10575000,11175000,263395000,263395000,11175000,11175000,117000000,117000000,128175000,128175000,138850000,139450000,100000,100000,10575000,11175000,0,0,11175000,11175000,117000000,117000000,128175000,128175000,100010,1436010,100000,100000,10,1336010
90,300079000,300151000,100000,100000,3792000,3864000,263395000,263395000,3792000,3792000,29000000,29000000,32792000,32792000,36684000,36756000,100000,100000,3792000,3864000,0,0,3792000,3792000,29000000,29000000,32792000,32792000,100010,3822090,100000,100000,10,3722090
120,459635000,459945000,100000,100000,915000,1225000,263395000,263395000,1225000,1225000,194000000,194000000,195225000,195225000,196240000,196550000,100000,100000,915000,1225000,0,0,1225000,1225000,194000000,194000000,195225000,195225000,100010,11663040,100000,100000,10,11563040
150,456081000,456913000,100000,100000,17377000,18209000,263395000,263395000,18209000,18209000,157000000,157000000,175209000,175209000,192686000,193518000,100000,100000,17377000,18209000,0,0,18209000,18209000,157000000,157000000,175209000,175209000,100010,7593110,100000,100000,10,7493110
180,281097000,281613000,100000,100000,17602000,18118000,263395000,263395000,0,0,0,0,0,0,17702000,18218000,100000,100000,17602000,18118000,0,0,0,0,0,0,0,0,100010,100000,100000,100000,10,0
210,325658000,335931000,100000,100000,445000,10718000,263395000,263395000,10718000,10718000,51000000,51000000,61718000,61718000,62263000,72536000,100000,100000,445000,10718000,0,0,10718000,10718000,51000000,51000000,61718000,61718000,100010,4011050,100000,100000,10,3911050
240,267387000,268075000,100000,100000,3892000,4580000,263395000,263395000,0,0,0,0,0,0,3992000,4680000,100000,100000,3892000,4580000,0,0,0,0,0,0,0,0,100010,100000,100000,100000,10,0
270,456041000,1246906000,100000,100000,1642000,2322000,263395000,1053580000,1904000,1904000,189000000,189000000,190904000,190904000,192646000,193326000,100000,100000,1642000,2322000,0,0,1904000,1904000,189000000,189000000,190904000,190904000,100010,3671130,100000,100000,10,3571130
300,280443000,544228000,100000,100000,3474000,3864000,263395000,526790000,3474000,3474000,10000000,10000000,13474000,13474000,17048000,17438000,100000,100000,3474000,3864000,0,0,3474000,3474000,10000000,10000000,13474000,13474000,100010,3358080,100000,100000,10,3258080
330,315090000,842565000,100000,100000,13955000,14640000,263395000,790185000,14640000,14640000,23000000,23000000,37640000,37640000,51695000,52380000,100000,100000,13955000,14640000,0,0,14640000,14640000,23000000,23000000,37640000,37640000,100010,6578100,100000,100000,10,6478100
360,461120000,725445000,100000,100000,3560000,4065000,263395000,526790000,4065000,4490000,190000000,190000000,194065000,194490000,197725000,198655000,100000,100000,3560000,4065000,0,0,4065000,4490000,190000000,190000000,194065000,194490000,100010,525030,100000,100000,10,425030
390,346276000,610016000,100000,100000,10718000,11063000,263395000,526790000,11063000,11063000,61000000,61000000,72063000,72063000,82881000,83226000,100000,100000,10718000,11063000,0,0,11063000,11063000,61000000,61000000,72063000,72063000,100010,13432060,100000,100000,10,13332060
420,460983000,989423000,100000,100000,2919000,4569000,263395000,790185000,4569000,4569000,190000000,190000000,194569000,194569000,197588000,199238000,100000,100000,2919000,4569000,0,0,4569000,4569000,190000000,190000000,194569000,194569000,100010,925010,100000,100000,10,825010
