,ssdn_lo,ssdn_hi,ssdn_detection_lo,ssdn_detection_hi,ssdn_notification_lo,ssdn_notification_hi,ssdn_computation_lo,ssdn_computation_hi,ssdn_transference_lo,ssdn_transference_hi,ssdn_installation_lo,ssdn_installation_hi,ssdn_update_lo,ssdn_update_hi,pcsdn_lo,pcsdn_hi,pcsdn_detection_lo,pcsdn_detection_hi,pcsdn_notification_lo,pcsdn_notification_hi,pcsdn_computation_lo,pcsdn_computation_hi,pcsdn_transference_lo,pcsdn_transference_hi,pcsdn_installation_lo,pcsdn_installation_hi,pcsdn_update_lo,pcsdn_update_hi,felix_lo,felix_hi,felix_detection_lo,felix_detection_hi,felix_coordination_lo,felix_coordination_hi
1,720506000,724506000,10000000,10000000,17000000,19000000,634506000,634506000,17000000,57000000,42000000,4000000,59000000,61000000,86000000,90000000,10000000,10000000,17000000,19000000,0,0,17000000,57000000,42000000,4000000,59000000,61000000,10000010,57000020,10000000,10000000,10,47000020
31,687506000,703506000,10000000,10000000,19000000,19000000,634506000,634506000,19000000,39000000,5000000,1000000,24000000,40000000,53000000,69000000,10000000,10000000,19000000,19000000,0,0,19000000,39000000,5000000,1000000,24000000,40000000,10000010,32000010,10000000,10000000,10,22000010
61,901506000,902506000,10000000,10000000,10000000,11000000,634506000,634506000,11000000,11000000,236000000,236000000,247000000,247000000,267000000,268000000,10000000,10000000,10000000,11000000,0,0,11000000,11000000,236000000,236000000,247000000,247000000,10000010,96000040,10000000,10000000,10,86000040
91,931506000,932506000,10000000,10000000,19000000,20000000,634506000,634506000,20000000,20000000,248000000,248000000,268000000,268000000,297000000,298000000,10000000,10000000,19000000,20000000,0,0,20000000,20000000,248000000,248000000,268000000,268000000,10000010,32000010,10000000,10000000,10,22000010
121,927506000,928506000,10000000,10000000,1000000,2000000,634506000,634506000,2000000,2000000,280000000,280000000,282000000,282000000,293000000,294000000,10000000,10000000,1000000,2000000,0,0,2000000,2000000,280000000,280000000,282000000,282000000,10000010,92000030,10000000,10000000,10,82000030
151,737506000,738506000,10000000,10000000,7000000,8000000,634506000,634506000,8000000,8000000,78000000,78000000,86000000,86000000,103000000,104000000,10000000,10000000,7000000,8000000,0,0,8000000,8000000,78000000,78000000,86000000,86000000,10000010,18000020,10000000,10000000,10,8000020
181,845506000,845506000,10000000,10000000,20000000,20000000,634506000,634506000,20000000,20000000,161000000,161000000,181000000,181000000,211000000,211000000,10000000,10000000,20000000,20000000,0,0,20000000,20000000,161000000,161000000,181000000,181000000,10000010,37000040,10000000,10000000,10,27000040
211,727506000,727506000,10000000,10000000,20000000,20000000,634506000,634506000,20000000,20000000,43000000,43000000,63000000,63000000,93000000,93000000,10000000,10000000,20000000,20000000,0,0,20000000,20000000,43000000,43000000,63000000,63000000,10000010,11000010,10000000,10000000,10,1000010
241,663506000,664506000,10000000,10000000,8000000,9000000,634506000,634506000,8000000,8000000,3000000,3000000,11000000,11000000,29000000,30000000,10000000,10000000,8000000,9000000,0,0,8000000,8000000,3000000,3000000,11000000,11000000,10000010,11000010,10000000,10000000,10,1000010
271,828506000,829506000,10000000,10000000,8000000,9000000,634506000,634506000,9000000,9000000,167000000,167000000,176000000,176000000,194000000,195000000,10000000,10000000,8000000,9000000,0,0,9000000,9000000,167000000,167000000,176000000,176000000,10000010,26000040,10000000,10000000,10,16000040
301,857506000,858506000,10000000,10000000,9000000,10000000,634506000,634506000,10000000,10000000,194000000,194000000,204000000,204000000,223000000,224000000,10000000,10000000,9000000,10000000,0,0,10000000,10000000,194000000,194000000,204000000,204000000,10000010,26000040,10000000,10000000,10,16000040
331,901506000,902506000,10000000,10000000,8000000,9000000,634506000,634506000,9000000,9000000,240000000,240000000,249000000,249000000,267000000,268000000,10000000,10000000,8000000,9000000,0,0,9000000,9000000,240000000,240000000,249000000,249000000,10000010,43000020,10000000,10000000,10,33000020
361,663506000,664506000,10000000,10000000,8000000,9000000,634506000,634506000,8000000,8000000,3000000,3000000,11000000,11000000,29000000,30000000,10000000,10000000,8000000,9000000,0,0,8000000,8000000,3000000,3000000,11000000,11000000,10000010,11000010,10000000,10000000,10,1000010
391,792506000,792506000,10000000,10000000,9000000,9000000,634506000,634506000,9000000,9000000,130000000,130000000,139000000,139000000,158000000,158000000,10000000,10000000,9000000,9000000,0,0,9000000,9000000,130000000,130000000,139000000,139000000,10000010,26000030,10000000,10000000,10,16000030
421,844506000,844506000,10000000,10000000,13000000,13000000,634506000,634506000,13000000,13000000,174000000,174000000,187000000,187000000,210000000,210000000,10000000,10000000,13000000,13000000,0,0,13000000,13000000,174000000,174000000,187000000,187000000,10000010,12000010,10000000,10000000,10,2000010
451,844506000,844506000,10000000,10000000,13000000,13000000,634506000,634506000,13000000,13000000,174000000,174000000,187000000,187000000,210000000,210000000,10000000,10000000,13000000,13000000,0,0,13000000,13000000,174000000,174000000,187000000,187000000,10000010,12000010,10000000,10000000,10,2000010
481,847506000,850506000,10000000,10000000,0,3000000,634506000,634506000,3000000,3000000,200000000,200000000,203000000,203000000,213000000,216000000,10000000,10000000,0,3000000,0,0,3000000,3000000,200000000,200000000,203000000,203000000,10000010,54000050,10000000,10000000,10,44000050
511,1040506000,1041506000,10000000,10000000,46000000,47000000,634506000,634506000,47000000,47000000,303000000,303000000,350000000,350000000,406000000,407000000,10000000,10000000,46000000,47000000,0,0,47000000,47000000,303000000,303000000,350000000,350000000,10000010,23000050,10000000,10000000,10,13000050
541,787506000,788506000,10000000,10000000,18000000,19000000,634506000,634506000,18000000,18000000,107000000,107000000,125000000,125000000,153000000,154000000,10000000,10000000,18000000,19000000,0,0,18000000,18000000,107000000,107000000,125000000,125000000,10000010,82000020,10000000,10000000,10,72000020
571,887506000,887506000,10000000,10000000,10000000,10000000,634506000,634506000,10000000,10000000,223000000,223000000,233000000,233000000,253000000,253000000,10000000,10000000,10000000,10000000,0,0,10000000,10000000,223000000,223000000,233000000,233000000,10000010,59000020,10000000,10000000,10,49000020
601,934506000,935506000,10000000,10000000,7000000,8000000,634506000,634506000,8000000,8000000,275000000,275000000,283000000,283000000,300000000,301000000,10000000,10000000,7000000,8000000,0,0,8000000,8000000,275000000,275000000,283000000,283000000,10000010,36000040,10000000,10000000,10,26000040
631,895506000,896506000,10000000,10000000,9000000,10000000,634506000,634506000,10000000,10000000,232000000,232000000,242000000,242000000,261000000,262000000,10000000,10000000,9000000,10000000,0,0,10000000,10000000,232000000,232000000,242000000,242000000,10000010,93000020,10000000,10000000,10,83000020
661,849506000,849506000,10000000,10000000,10000000,10000000,634506000,634506000,10000000,10000000,185000000,185000000,195000000,195000000,215000000,215000000,10000000,10000000,10000000,10000000,0,0,10000000,10000000,185000000,185000000,195000000,195000000,10000010,52000020,10000000,10000000,10,42000020
691,783506000,799506000,10000000,10000000,1000000,17000000,634506000,634506000,17000000,17000000,121000000,121000000,138000000,138000000,149000000,165000000,10000000,10000000,1000000,17000000,0,0,17000000,17000000,121000000,121000000,138000000,138000000,10000010,19000020,10000000,10000000,10,9000020
721,728506000,728506000,10000000,10000000,1000000,1000000,634506000,634506000,1000000,1000000,82000000,82000000,83000000,83000000,94000000,94000000,10000000,10000000,1000000,1000000,0,0,1000000,1000000,82000000,82000000,83000000,83000000,10000010,28000020,10000000,10000000,10,18000020
751,755506000,755506000,10000000,10000000,1000000,1000000,634506000,634506000,1000000,1000000,109000000,109000000,110000000,110000000,121000000,121000000,10000000,10000000,1000000,1000000,0,0,1000000,1000000,109000000,109000000,110000000,110000000,10000010,91000040,10000000,10000000,10,81000040
781,797506000,798506000,10000000,10000000,0,1000000,634506000,634506000,1000000,1000000,152000000,152000000,153000000,153000000,163000000,164000000,10000000,10000000,0,1000000,0,0,1000000,1000000,152000000,152000000,153000000,153000000,10000010,54000050,10000000,10000000,10,44000050
811,778506000,778506000,10000000,10000000,1000000,1000000,634506000,634506000,1000000,1000000,132000000,132000000,133000000,133000000,144000000,144000000,10000000,10000000,1000000,1000000,0,0,1000000,1000000,132000000,132000000,133000000,133000000,10000010,28000020,10000000,10000000,10,18000020
841,729506000,733506000,10000000,10000000,8000000,12000000,634506000,634506000,12000000,12000000,65000000,65000000,77000000,77000000,95000000,99000000,10000000,10000000,8000000,12000000,0,0,12000000,12000000,65000000,65000000,77000000,77000000,10000010,20000030,10000000,10000000,10,10000030
871,883506000,884506000,10000000,10000000,7000000,8000000,634506000,634506000,8000000,8000000,224000000,224000000,232000000,232000000,249000000,250000000,10000000,10000000,7000000,8000000,0,0,8000000,8000000,224000000,224000000,232000000,232000000,10000010,95000030,10000000,10000000,10,85000030
901,893506000,894506000,10000000,10000000,7000000,8000000,634506000,634506000,8000000,8000000,234000000,234000000,242000000,242000000,259000000,260000000,10000000,10000000,7000000,8000000,0,0,8000000,8000000,234000000,234000000,242000000,242000000,10000010,17000010,10000000,10000000,10,7000010
931,654506000,655506000,10000000,10000000,10000000,11000000,634506000,634506000,0,0,0,0,0,0,20000000,21000000,10000000,10000000,10000000,11000000,0,0,0,0,0,0,0,0,10000010,10000000,10000000,10000000,10,0
961,793506000,794506000,10000000,10000000,8000000,9000000,634506000,634506000,9000000,9000000,132000000,132000000,141000000,141000000,159000000,160000000,10000000,10000000,8000000,9000000,0,0,9000000,9000000,132000000,132000000,141000000,141000000,10000010,47000040,10000000,10000000,10,37000040
991,902506000,14875638000,10000000,10000000,8000000,22000000,634506000,14593638000,20000000,20000000,230000000,230000000,250000000,250000000,268000000,282000000,10000000,10000000,8000000,22000000,0,0,20000000,20000000,230000000,230000000,250000000,250000000,10000010,32000010,10000000,10000000,10,22000010
1021,1034506000,1675012000,10000000,10000000,41000000,47000000,634506000,1269012000,47000000,47000000,302000000,302000000,349000000,349000000,400000000,406000000,10000000,10000000,41000000,47000000,0,0,47000000,47000000,302000000,302000000,349000000,349000000,10000010,17000030,10000000,10000000,10,7000030
1051,969506000,9223084000,10000000,10000000,5000000,10000000,634506000,8883084000,8000000,8000000,312000000,312000000,320000000,320000000,335000000,340000000,10000000,10000000,5000000,10000000,0,0,8000000,8000000,312000000,312000000,320000000,320000000,10000010,27000030,10000000,10000000,10,17000030
1081,923506000,9810590000,10000000,10000000,5000000,9000000,634506000,9517590000,7000000,7000000,267000000,267000000,274000000,274000000,289000000,293000000,10000000,10000000,5000000,9000000,0,0,7000000,7000000,267000000,267000000,274000000,274000000,10000010,87000030,10000000,10000000,10,77000030
1111,976506000,5424048000,10000000,10000000,7000000,13000000,634506000,5076048000,13000000,13000000,312000000,312000000,325000000,325000000,342000000,348000000,10000000,10000000,7000000,13000000,0,0,13000000,13000000,312000000,312000000,325000000,325000000,10000010,10000000,10000000,10000000,10,0
1141,968506000,4151036000,10000000,10000000,1000000,11000000,634506000,3807036000,11000000,11000000,312000000,312000000,323000000,323000000,334000000,344000000,10000000,10000000,1000000,11000000,0,0,11000000,11000000,312000000,312000000,323000000,323000000,10000010,68000030,10000000,10000000,10,58000030
1171,662506000,3201530000,10000000,10000000,8000000,9000000,634506000,3172530000,9000000,9000000,1000000,1000000,10000000,10000000,28000000,29000000,10000000,10000000,8000000,9000000,0,0,9000000,9000000,1000000,1000000,10000000,10000000,10000010,10000000,10000000,10000000,10,0
1201,847506000,4656542000,10000000,10000000,11000000,13000000,634506000,4441542000,13000000,13000000,179000000,179000000,192000000,192000000,213000000,215000000,10000000,10000000,11000000,13000000,0,0,13000000,13000000,179000000,179000000,192000000,192000000,10000010,43000020,10000000,10000000,10,33000020
1231,696506000,1966518000,10000000,10000000,10000000,11000000,634506000,1903518000,11000000,11000000,31000000,31000000,42000000,42000000,62000000,63000000,10000000,10000000,10000000,11000000,0,0,11000000,11000000,31000000,31000000,42000000,42000000,10000010,10000000,10000000,10000000,10,0
1261,659506000,1295012000,10000000,10000000,15000000,16000000,634506000,1269012000,0,0,0,0,0,0,25000000,26000000,10000000,10000000,15000000,16000000,0,0,0,0,0,0,0,0,10000010,10000000,10000000,10000000,10,0
2,840506000,841506000,10000000,10000000,17000000,18000000,634506000,634506000,18000000,18000000,161000000,161000000,179000000,179000000,206000000,207000000,10000000,10000000,17000000,18000000,0,0,18000000,18000000,161000000,161000000,179000000,179000000,10000010,84000030,10000000,10000000,10,74000030
32,932506000,933506000,10000000,10000000,19000000,20000000,634506000,634506000,20000000,20000000,249000000,249000000,269000000,269000000,298000000,299000000,10000000,10000000,19000000,20000000,0,0,20000000,20000000,249000000,249000000,269000000,269000000,10000010,32000010,10000000,10000000,10,22000010
62,897506000,899506000,10000000,10000000,10000000,12000000,634506000,634506000,12000000,12000000,231000000,231000000,243000000,243000000,263000000,265000000,10000000,10000000,10000000,12000000,0,0,12000000,12000000,231000000,231000000,243000000,243000000,10000010,78000040,10000000,10000000,10,68000040
92,931506000,932506000,10000000,10000000,19000000,20000000,634506000,634506000,20000000,20000000,248000000,248000000,268000000,268000000,297000000,298000000,10000000,10000000,19000000,20000000,0,0,20000000,20000000,248000000,248000000,268000000,268000000,10000010,32000010,10000000,10000000,10,22000010
122,749506000,749506000,10000000,10000000,1000000,1000000,634506000,634506000,1000000,1000000,103000000,103000000,104000000,104000000,115000000,115000000,10000000,10000000,1000000,1000000,0,0,1000000,1000000,103000000,103000000,104000000,104000000,10000010,91000040,10000000,10000000,10,81000040
152,758506000,758506000,10000000,10000000,8000000,8000000,634506000,634506000,8000000,8000000,98000000,98000000,106000000,106000000,124000000,124000000,10000000,10000000,8000000,8000000,0,0,8000000,8000000,98000000,98000000,106000000,106000000,10000010,35000030,10000000,10000000,10,25000030
182,754506000,755506000,10000000,10000000,19000000,20000000,634506000,634506000,20000000,20000000,71000000,71000000,91000000,91000000,120000000,121000000,10000000,10000000,19000000,20000000,0,0,20000000,20000000,71000000,71000000,91000000,91000000,10000010,33000020,10000000,10000000,10,23000020
212,849506000,850506000,10000000,10000000,19000000,20000000,634506000,634506000,20000000,20000000,166000000,166000000,186000000,186000000,215000000,216000000,10000000,10000000,19000000,20000000,0,0,20000000,20000000,166000000,166000000,186000000,186000000,10000010,21000010,10000000,10000000,10,11000010
242,792506000,792506000,10000000,10000000,9000000,9000000,634506000,634506000,9000000,9000000,130000000,130000000,139000000,139000000,158000000,158000000,10000000,10000000,9000000,9000000,0,0,9000000,9000000,130000000,130000000,139000000,139000000,10000010,26000030,10000000,10000000,10,16000030
272,828506000,829506000,10000000,10000000,8000000,9000000,634506000,634506000,9000000,9000000,167000000,167000000,176000000,176000000,194000000,195000000,10000000,10000000,8000000,9000000,0,0,9000000,9000000,167000000,167000000,176000000,176000000,10000010,26000040,10000000,10000000,10,16000040
302,834506000,834506000,10000000,10000000,9000000,9000000,634506000,634506000,9000000,9000000,172000000,172000000,181000000,181000000,200000000,200000000,10000000,10000000,9000000,9000000,0,0,9000000,9000000,172000000,172000000,181000000,181000000,10000010,26000040,10000000,10000000,10,16000040
332,901506000,902506000,10000000,10000000,8000000,9000000,634506000,634506000,9000000,9000000,240000000,240000000,249000000,249000000,267000000,268000000,10000000,10000000,8000000,9000000,0,0,9000000,9000000,240000000,240000000,249000000,249000000,10000010,43000020,10000000,10000000,10,33000020
362,729506000,734506000,10000000,10000000,8000000,13000000,634506000,634506000,13000000,13000000,64000000,64000000,77000000,77000000,95000000,100000000,10000000,10000000,8000000,13000000,0,0,13000000,13000000,64000000,64000000,77000000,77000000,10000010,17000040,10000000,10000000,10,7000040
392,792506000,792506000,10000000,10000000,9000000,9000000,634506000,634506000,9000000,9000000,130000000,130000000,139000000,139000000,158000000,158000000,10000000,10000000,9000000,9000000,0,0,9000000,9000000,130000000,130000000,139000000,139000000,10000010,26000030,10000000,10000000,10,16000030
422,976506000,977506000,10000000,10000000,12000000,13000000,634506000,634506000,13000000,13000000,307000000,307000000,320000000,320000000,342000000,343000000,10000000,10000000,12000000,13000000,0,0,13000000,13000000,307000000,307000000,320000000,320000000,10000010,12000010,10000000,10000000,10,2000010
452,655506000,659506000,10000000,10000000,11000000,15000000,634506000,634506000,0,0,0,0,0,0,21000000,25000000,10000000,10000000,11000000,15000000,0,0,0,0,0,0,0,0,10000010,10000000,10000000,10000000,10,0
482,907506000,908506000,10000000,10000000,3000000,4000000,634506000,634506000,4000000,4000000,256000000,256000000,260000000,260000000,273000000,274000000,10000000,10000000,3000000,4000000,0,0,4000000,4000000,256000000,256000000,260000000,260000000,10000010,92000040,10000000,10000000,10,82000040
512,1034506000,1039506000,10000000,10000000,41000000,46000000,634506000,634506000,46000000,47000000,303000000,302000000,349000000,349000000,400000000,405000000,10000000,10000000,41000000,46000000,0,0,46000000,47000000,303000000,302000000,349000000,349000000,10000010,19000040,10000000,10000000,10,9000040
542,762506000,763506000,10000000,10000000,17000000,18000000,634506000,634506000,18000000,18000000,83000000,83000000,101000000,101000000,128000000,129000000,10000000,10000000,17000000,18000000,0,0,18000000,18000000,83000000,83000000,101000000,101000000,10000010,31000010,10000000,10000000,10,21000010
572,887506000,887506000,10000000,10000000,10000000,10000000,634506000,634506000,10000000,10000000,223000000,223000000,233000000,233000000,253000000,253000000,10000000,10000000,10000000,10000000,0,0,10000000,10000000,223000000,223000000,233000000,233000000,10000010,59000020,10000000,10000000,10,49000020
602,934506000,935506000,10000000,10000000,7000000,8000000,634506000,634506000,8000000,8000000,275000000,275000000,283000000,283000000,300000000,301000000,10000000,10000000,7000000,8000000,0,0,8000000,8000000,275000000,275000000,283000000,283000000,10000010,36000040,10000000,10000000,10,26000040
632,816506000,817506000,10000000,10000000,9000000,10000000,634506000,634506000,10000000,10000000,153000000,153000000,163000000,163000000,182000000,183000000,10000000,10000000,9000000,10000000,0,0,10000000,10000000,153000000,153000000,163000000,163000000,10000010,93000020,10000000,10000000,10,83000020
662,971506000,973506000,10000000,10000000,6000000,8000000,634506000,634506000,8000000,8000000,313000000,313000000,321000000,321000000,337000000,339000000,10000000,10000000,6000000,8000000,0,0,8000000,8000000,313000000,313000000,321000000,321000000,10000010,32000030,10000000,10000000,10,22000030
692,936506000,937506000,10000000,10000000,17000000,18000000,634506000,634506000,18000000,18000000,257000000,257000000,275000000,275000000,302000000,303000000,10000000,10000000,17000000,18000000,0,0,18000000,18000000,257000000,257000000,275000000,275000000,10000010,31000010,10000000,10000000,10,21000010
722,806506000,807506000,10000000,10000000,0,1000000,634506000,634506000,1000000,1000000,161000000,161000000,162000000,162000000,172000000,173000000,10000000,10000000,0,1000000,0,0,1000000,1000000,161000000,161000000,162000000,162000000,10000010,91000030,10000000,10000000,10,81000030
752,778506000,778506000,10000000,10000000,1000000,1000000,634506000,634506000,1000000,1000000,132000000,132000000,133000000,133000000,144000000,144000000,10000000,10000000,1000000,1000000,0,0,1000000,1000000,132000000,132000000,133000000,133000000,10000010,28000020,10000000,10000000,10,18000020
782,758506000,758506000,10000000,10000000,1000000,1000000,634506000,634506000,1000000,1000000,112000000,112000000,113000000,113000000,124000000,124000000,10000000,10000000,1000000,1000000,0,0,1000000,1000000,112000000,112000000,113000000,113000000,10000010,91000040,10000000,10000000,10,81000040
812,781506000,781506000,10000000,10000000,1000000,1000000,634506000,634506000,1000000,1000000,135000000,135000000,136000000,136000000,147000000,147000000,10000000,10000000,1000000,1000000,0,0,1000000,1000000,135000000,135000000,136000000,136000000,10000010,28000020,10000000,10000000,10,18000020
842,688506000,688506000,10000000,10000000,8000000,8000000,634506000,634506000,8000000,8000000,28000000,28000000,36000000,36000000,54000000,54000000,10000000,10000000,8000000,8000000,0,0,8000000,8000000,28000000,28000000,36000000,36000000,10000010,20000030,10000000,10000000,10,10000030
872,789506000,790506000,10000000,10000000,7000000,8000000,634506000,634506000,8000000,8000000,130000000,130000000,138000000,138000000,155000000,156000000,10000000,10000000,7000000,8000000,0,0,8000000,8000000,130000000,130000000,138000000,138000000,10000010,43000030,10000000,10000000,10,33000030
902,929506000,930506000,10000000,10000000,7000000,8000000,634506000,634506000,8000000,8000000,270000000,270000000,278000000,278000000,295000000,296000000,10000000,10000000,7000000,8000000,0,0,8000000,8000000,270000000,270000000,278000000,278000000,10000010,55000040,10000000,10000000,10,45000040
932,820506000,820506000,10000000,10000000,10000000,10000000,634506000,634506000,10000000,10000000,156000000,156000000,166000000,166000000,186000000,186000000,10000000,10000000,10000000,10000000,0,0,10000000,10000000,156000000,156000000,166000000,166000000,10000010,34000030,10000000,10000000,10,24000030
962,808506000,808506000,10000000,10000000,13000000,13000000,634506000,634506000,13000000,13000000,138000000,138000000,151000000,151000000,174000000,174000000,10000000,10000000,13000000,13000000,0,0,13000000,13000000,138000000,138000000,151000000,151000000,10000010,57000050,10000000,10000000,10,47000050
992,878506000,12946120000,10000000,10000000,9000000,21000000,634506000,12690120000,20000000,20000000,205000000,205000000,225000000,225000000,244000000,256000000,10000000,10000000,9000000,21000000,0,0,20000000,20000000,205000000,205000000,225000000,225000000,10000010,57000020,10000000,10000000,10,47000020
1022,747506000,1383012000,10000000,10000000,46000000,47000000,634506000,1269012000,46000000,46000000,11000000,11000000,57000000,57000000,113000000,114000000,10000000,10000000,46000000,47000000,0,0,46000000,46000000,11000000,11000000,57000000,57000000,10000010,19000040,10000000,10000000,10,9000040
1052,956506000,7941072000,10000000,10000000,5000000,10000000,634506000,7614072000,8000000,8000000,299000000,299000000,307000000,307000000,322000000,327000000,10000000,10000000,5000000,10000000,0,0,8000000,8000000,299000000,299000000,307000000,307000000,10000010,10000000,10000000,10000000,10,0
1082,876506000,9775590000,10000000,10000000,0,16000000,634506000,9517590000,6000000,6000000,226000000,226000000,232000000,232000000,242000000,258000000,10000000,10000000,0,16000000,0,0,6000000,6000000,226000000,226000000,232000000,232000000,10000010,78000040,10000000,10000000,10,68000040
1112,738506000,3283530000,10000000,10000000,2000000,9000000,634506000,3172530000,9000000,9000000,83000000,83000000,92000000,92000000,104000000,111000000,10000000,10000000,2000000,9000000,0,0,9000000,9000000,83000000,83000000,92000000,92000000,10000010,17000020,10000000,10000000,10,7000020
1142,673506000,3847036000,10000000,10000000,0,1000000,634506000,3807036000,1000000,1000000,28000000,28000000,29000000,29000000,39000000,40000000,10000000,10000000,0,1000000,0,0,1000000,1000000,28000000,28000000,29000000,29000000,10000010,10000000,10000000,10000000,10,0
1172,662506000,3201530000,10000000,10000000,8000000,9000000,634506000,3172530000,9000000,9000000,1000000,1000000,10000000,10000000,28000000,29000000,10000000,10000000,8000000,9000000,0,0,9000000,9000000,1000000,1000000,10000000,10000000,10000010,10000000,10000000,10000000,10,0
1202,660506000,661506000,10000000,10000000,16000000,17000000,634506000,634506000,0,0,0,0,0,0,26000000,27000000,10000000,10000000,16000000,17000000,0,0,0,0,0,0,0,0,10000010,10000000,10000000,10000000,10,0
1232,684506000,3223530000,10000000,10000000,7000000,8000000,634506000,3172530000,7000000,7000000,26000000,26000000,33000000,33000000,50000000,51000000,10000000,10000000,7000000,8000000,0,0,7000000,7000000,26000000,26000000,33000000,33000000,10000010,10000000,10000000,10000000,10,0
1262,721506000,2627024000,10000000,10000000,17000000,19000000,634506000,2538024000,19000000,19000000,41000000,41000000,60000000,60000000,87000000,89000000,10000000,10000000,17000000,19000000,0,0,19000000,19000000,41000000,41000000,60000000,60000000,10000010,10000000,10000000,10000000,10,0
3,738506000,748506000,10000000,10000000,17000000,17000000,634506000,634506000,17000000,85000000,60000000,2000000,77000000,87000000,104000000,114000000,10000000,10000000,17000000,17000000,0,0,17000000,85000000,60000000,2000000,77000000,87000000,10000010,78000020,10000000,10000000,10,68000020
33,891506000,892506000,10000000,10000000,19000000,20000000,634506000,634506000,20000000,20000000,208000000,208000000,228000000,228000000,257000000,258000000,10000000,10000000,19000000,20000000,0,0,20000000,20000000,208000000,208000000,228000000,228000000,10000010,37000050,10000000,10000000,10,27000050
63,906506000,907506000,10000000,10000000,10000000,11000000,634506000,634506000,11000000,11000000,241000000,241000000,252000000,252000000,272000000,273000000,10000000,10000000,10000000,11000000,0,0,11000000,11000000,241000000,241000000,252000000,252000000,10000010,78000040,10000000,10000000,10,68000040
93,931506000,932506000,10000000,10000000,19000000,20000000,634506000,634506000,20000000,20000000,248000000,248000000,268000000,268000000,297000000,298000000,10000000,10000000,19000000,20000000,0,0,20000000,20000000,248000000,248000000,268000000,268000000,10000010,32000010,10000000,10000000,10,22000010
123,798506000,805506000,10000000,10000000,1000000,8000000,634506000,634506000,8000000,8000000,145000000,145000000,153000000,153000000,164000000,171000000,10000000,10000000,1000000,8000000,0,0,8000000,8000000,145000000,145000000,153000000,153000000,10000010,30000030,10000000,10000000,10,20000030
153,763506000,763506000,10000000,10000000,8000000,8000000,634506000,634506000,8000000,8000000,103000000,103000000,111000000,111000000,129000000,129000000,10000000,10000000,8000000,8000000,0,0,8000000,8000000,103000000,103000000,111000000,111000000,10000010,35000030,10000000,10000000,10,25000030
183,814506000,814506000,10000000,10000000,20000000,20000000,634506000,634506000,20000000,20000000,130000000,130000000,150000000,150000000,180000000,180000000,10000000,10000000,20000000,20000000,0,0,20000000,20000000,130000000,130000000,150000000,150000000,10000010,77000030,10000000,10000000,10,67000030
213,727506000,727506000,10000000,10000000,20000000,20000000,634506000,634506000,20000000,20000000,43000000,43000000,63000000,63000000,93000000,93000000,10000000,10000000,20000000,20000000,0,0,20000000,20000000,43000000,43000000,63000000,63000000,10000010,11000010,10000000,10000000,10,1000010
243,828506000,829506000,10000000,10000000,8000000,9000000,634506000,634506000,9000000,9000000,167000000,167000000,176000000,176000000,194000000,195000000,10000000,10000000,8000000,9000000,0,0,9000000,9000000,167000000,167000000,176000000,176000000,10000010,26000040,10000000,10000000,10,16000040
273,828506000,829506000,10000000,10000000,8000000,9000000,634506000,634506000,9000000,9000000,167000000,167000000,176000000,176000000,194000000,195000000,10000000,10000000,8000000,9000000,0,0,9000000,9000000,167000000,167000000,176000000,176000000,10000010,26000040,10000000,10000000,10,16000040
303,834506000,834506000,10000000,10000000,9000000,9000000,634506000,634506000,9000000,9000000,172000000,172000000,181000000,181000000,200000000,200000000,10000000,10000000,9000000,9000000,0,0,9000000,9000000,172000000,172000000,181000000,181000000,10000010,26000040,10000000,10000000,10,16000040
333,901506000,902506000,10000000,10000000,8000000,9000000,634506000,634506000,9000000,9000000,240000000,240000000,249000000,249000000,267000000,268000000,10000000,10000000,8000000,9000000,0,0,9000000,9000000,240000000,240000000,249000000,249000000,10000010,43000020,10000000,10000000,10,33000020
363,763506000,770506000,10000000,10000000,1000000,8000000,634506000,634506000,8000000,8000000,110000000,110000000,118000000,118000000,129000000,136000000,10000000,10000000,1000000,8000000,0,0,8000000,8000000,110000000,110000000,118000000,118000000,10000010,84000050,10000000,10000000,10,74000050
393,792506000,792506000,10000000,10000000,9000000,9000000,634506000,634506000,9000000,9000000,130000000,130000000,139000000,139000000,158000000,158000000,10000000,10000000,9000000,9000000,0,0,9000000,9000000,130000000,130000000,139000000,139000000,10000010,26000030,10000000,10000000,10,16000030
423,847506000,847506000,10000000,10000000,11000000,11000000,634506000,634506000,11000000,11000000,181000000,181000000,192000000,192000000,213000000,213000000,10000000,10000000,11000000,11000000,0,0,11000000,11000000,181000000,181000000,192000000,192000000,10000010,36000040,10000000,10000000,10,26000040
453,760506000,760506000,10000000,10000000,11000000,11000000,634506000,634506000,11000000,11000000,94000000,94000000,105000000,105000000,126000000,126000000,10000000,10000000,11000000,11000000,0,0,11000000,11000000,94000000,94000000,105000000,105000000,10000010,43000020,10000000,10000000,10,33000020
483,922506000,923506000,10000000,10000000,3000000,4000000,634506000,634506000,4000000,4000000,271000000,271000000,275000000,275000000,288000000,289000000,10000000,10000000,3000000,4000000,0,0,4000000,4000000,271000000,271000000,275000000,275000000,10000010,93000050,10000000,10000000,10,83000050
513,749506000,749506000,10000000,10000000,47000000,47000000,634506000,634506000,47000000,47000000,11000000,11000000,58000000,58000000,115000000,115000000,10000000,10000000,47000000,47000000,0,0,47000000,47000000,11000000,11000000,58000000,58000000,10000010,19000040,10000000,10000000,10,9000040
543,817506000,817506000,10000000,10000000,18000000,18000000,634506000,634506000,18000000,18000000,137000000,137000000,155000000,155000000,183000000,183000000,10000000,10000000,18000000,18000000,0,0,18000000,18000000,137000000,137000000,155000000,155000000,10000010,72000010,10000000,10000000,10,62000010
573,887506000,887506000,10000000,10000000,10000000,10000000,634506000,634506000,10000000,10000000,223000000,223000000,233000000,233000000,253000000,253000000,10000000,10000000,10000000,10000000,0,0,10000000,10000000,223000000,223000000,233000000,233000000,10000010,59000020,10000000,10000000,10,49000020
603,932506000,933506000,10000000,10000000,7000000,8000000,634506000,634506000,8000000,8000000,273000000,273000000,281000000,281000000,298000000,299000000,10000000,10000000,7000000,8000000,0,0,8000000,8000000,273000000,273000000,281000000,281000000,10000010,36000040,10000000,10000000,10,26000040
633,816506000,817506000,10000000,10000000,9000000,10000000,634506000,634506000,10000000,10000000,153000000,153000000,163000000,163000000,182000000,183000000,10000000,10000000,9000000,10000000,0,0,10000000,10000000,153000000,153000000,163000000,163000000,10000010,93000020,10000000,10000000,10,83000020
663,958506000,960506000,10000000,10000000,6000000,8000000,634506000,634506000,8000000,8000000,300000000,300000000,308000000,308000000,324000000,326000000,10000000,10000000,6000000,8000000,0,0,8000000,8000000,300000000,300000000,308000000,308000000,10000010,20000010,10000000,10000000,10,10000010
693,848506000,849506000,10000000,10000000,17000000,18000000,634506000,634506000,18000000,18000000,169000000,169000000,187000000,187000000,214000000,215000000,10000000,10000000,17000000,18000000,0,0,18000000,18000000,169000000,169000000,187000000,187000000,10000010,31000010,10000000,10000000,10,21000010
723,705506000,727506000,10000000,10000000,1000000,1000000,634506000,634506000,1000000,81000000,59000000,1000000,60000000,82000000,71000000,93000000,10000000,10000000,1000000,1000000,0,0,1000000,81000000,59000000,1000000,60000000,82000000,10000010,91000040,10000000,10000000,10,81000040
753,856506000,857506000,10000000,10000000,0,1000000,634506000,634506000,1000000,1000000,211000000,211000000,212000000,212000000,222000000,223000000,10000000,10000000,0,1000000,0,0,1000000,1000000,211000000,211000000,212000000,212000000,10000010,91000030,10000000,10000000,10,81000030
783,758506000,758506000,10000000,10000000,1000000,1000000,634506000,634506000,1000000,1000000,112000000,112000000,113000000,113000000,124000000,124000000,10000000,10000000,1000000,1000000,0,0,1000000,1000000,112000000,112000000,113000000,113000000,10000010,91000040,10000000,10000000,10,81000040
813,778506000,778506000,10000000,10000000,1000000,1000000,634506000,634506000,1000000,1000000,132000000,132000000,133000000,133000000,144000000,144000000,10000000,10000000,1000000,1000000,0,0,1000000,1000000,132000000,132000000,133000000,133000000,10000010,28000020,10000000,10000000,10,18000020
843,736506000,739506000,10000000,10000000,8000000,11000000,634506000,634506000,11000000,11000000,73000000,73000000,84000000,84000000,102000000,105000000,10000000,10000000,8000000,11000000,0,0,11000000,11000000,73000000,73000000,84000000,84000000,10000010,18000020,10000000,10000000,10,8000020
873,968506000,969506000,10000000,10000000,7000000,8000000,634506000,634506000,8000000,8000000,309000000,309000000,317000000,317000000,334000000,335000000,10000000,10000000,7000000,8000000,0,0,8000000,8000000,309000000,309000000,317000000,317000000,10000010,91000040,10000000,10000000,10,81000040
903,894506000,895506000,10000000,10000000,7000000,8000000,634506000,634506000,8000000,8000000,235000000,235000000,243000000,243000000,260000000,261000000,10000000,10000000,7000000,8000000,0,0,8000000,8000000,235000000,235000000,243000000,243000000,10000010,17000010,10000000,10000000,10,7000010
933,832506000,832506000,10000000,10000000,13000000,13000000,634506000,634506000,13000000,13000000,162000000,162000000,175000000,175000000,198000000,198000000,10000000,10000000,13000000,13000000,0,0,13000000,13000000,162000000,162000000,175000000,175000000,10000010,36000040,10000000,10000000,10,26000040
963,661506000,661506000,10000000,10000000,8000000,8000000,634506000,634506000,8000000,8000000,1000000,1000000,9000000,9000000,27000000,27000000,10000000,10000000,8000000,8000000,0,0,8000000,8000000,1000000,1000000,9000000,9000000,10000010,10000000,10000000,10000000,10,0
993,725506000,10878602000,10000000,10000000,19000000,20000000,634506000,10786602000,20000000,20000000,42000000,42000000,62000000,62000000,91000000,92000000,10000000,10000000,19000000,20000000,0,0,20000000,20000000,42000000,42000000,62000000,62000000,10000010,10000000,10000000,10000000,10,0
1023,1032506000,2309518000,10000000,10000000,38000000,46000000,634506000,1903518000,42000000,42000000,308000000,308000000,350000000,350000000,398000000,406000000,10000000,10000000,38000000,46000000,0,0,42000000,42000000,308000000,308000000,350000000,350000000,10000010,122000070,10000000,10000000,10,112000070
1053,650506000,656506000,10000000,10000000,6000000,12000000,634506000,634506000,0,0,0,0,0,0,16000000,22000000,10000000,10000000,6000000,12000000,0,0,0,0,0,0,0,0,10000010,10000000,10000000,10000000,10,0
1083,662506000,3201530000,10000000,10000000,8000000,9000000,634506000,3172530000,9000000,9000000,1000000,1000000,10000000,10000000,28000000,29000000,10000000,10000000,8000000,9000000,0,0,9000000,9000000,1000000,1000000,10000000,10000000,10000010,10000000,10000000,10000000,10,0
1113,651506000,1921518000,10000000,10000000,7000000,8000000,634506000,1903518000,0,0,0,0,0,0,17000000,18000000,10000000,10000000,7000000,8000000,0,0,0,0,0,0,0,0,10000010,10000000,10000000,10000000,10,0
1143,676506000,3857036000,10000000,10000000,0,8000000,634506000,3807036000,1000000,1000000,31000000,31000000,32000000,32000000,42000000,50000000,10000000,10000000,0,8000000,0,0,1000000,1000000,31000000,31000000,32000000,32000000,10000010,10000000,10000000,10000000,10,0
1173,827506000,4639542000,10000000,10000000,8000000,13000000,634506000,4441542000,13000000,13000000,162000000,162000000,175000000,175000000,193000000,198000000,10000000,10000000,8000000,13000000,0,0,13000000,13000000,162000000,162000000,175000000,175000000,10000010,27000030,10000000,10000000,10,17000030
1203,654506000,655506000,10000000,10000000,10000000,11000000,634506000,634506000,0,0,0,0,0,0,20000000,21000000,10000000,10000000,10000000,11000000,0,0,0,0,0,0,0,0,10000010,10000000,10000000,10000000,10,0
1233,1058506000,1694012000,10000000,10000000,80000000,81000000,634506000,1269012000,81000000,81000000,253000000,253000000,334000000,334000000,424000000,425000000,10000000,10000000,80000000,81000000,0,0,81000000,81000000,253000000,253000000,334000000,334000000,10000010,142000030,10000000,10000000,10,132000030
1263,650506000,652506000,10000000,10000000,6000000,8000000,634506000,634506000,0,0,0,0,0,0,16000000,18000000,10000000,10000000,6000000,8000000,0,0,0,0,0,0,0,0,10000010,10000000,10000000,10000000,10,0
4,766506000,773506000,10000000,10000000,10000000,17000000,634506000,634506000,17000000,17000000,95000000,95000000,112000000,112000000,132000000,139000000,10000000,10000000,10000000,17000000,0,0,17000000,17000000,95000000,95000000,112000000,112000000,10000010,75000030,10000000,10000000,10,65000030
34,932506000,933506000,10000000,10000000,19000000,20000000,634506000,634506000,20000000,20000000,249000000,249000000,269000000,269000000,298000000,299000000,10000000,10000000,19000000,20000000,0,0,20000000,20000000,249000000,249000000,269000000,269000000,10000010,32000010,10000000,10000000,10,22000010
64,906506000,907506000,10000000,10000000,10000000,11000000,634506000,634506000,11000000,11000000,241000000,241000000,252000000,252000000,272000000,273000000,10000000,10000000,10000000,11000000,0,0,11000000,11000000,241000000,241000000,252000000,252000000,10000010,78000040,10000000,10000000,10,68000040
94,766506000,766506000,10000000,10000000,19000000,19000000,634506000,634506000,19000000,19000000,84000000,84000000,103000000,103000000,132000000,132000000,10000000,10000000,19000000,19000000,0,0,19000000,19000000,84000000,84000000,103000000,103000000,10000010,32000010,10000000,10000000,10,22000010
124,807506000,807506000,10000000,10000000,1000000,1000000,634506000,634506000,1000000,1000000,161000000,161000000,162000000,162000000,173000000,173000000,10000000,10000000,1000000,1000000,0,0,1000000,1000000,161000000,161000000,162000000,162000000,10000010,22000030,10000000,10000000,10,12000030
154,761506000,761506000,10000000,10000000,8000000,8000000,634506000,634506000,8000000,8000000,101000000,101000000,109000000,109000000,127000000,127000000,10000000,10000000,8000000,8000000,0,0,8000000,8000000,101000000,101000000,109000000,109000000,10000010,35000030,10000000,10000000,10,25000030
184,844506000,844506000,10000000,10000000,20000000,20000000,634506000,634506000,20000000,20000000,160000000,160000000,180000000,180000000,210000000,210000000,10000000,10000000,20000000,20000000,0,0,20000000,20000000,160000000,160000000,180000000,180000000,10000010,37000040,10000000,10000000,10,27000040
214,716506000,716506000,10000000,10000000,20000000,20000000,634506000,634506000,20000000,20000000,32000000,32000000,52000000,52000000,82000000,82000000,10000000,10000000,20000000,20000000,0,0,20000000,20000000,32000000,32000000,52000000,52000000,10000010,11000010,10000000,10000000,10,1000010
244,826506000,827506000,10000000,10000000,8000000,9000000,634506000,634506000,9000000,9000000,165000000,165000000,174000000,174000000,192000000,193000000,10000000,10000000,8000000,9000000,0,0,9000000,9000000,165000000,165000000,174000000,174000000,10000010,21000010,10000000,10000000,10,11000010
274,828506000,829506000,10000000,10000000,8000000,9000000,634506000,634506000,9000000,9000000,167000000,167000000,176000000,176000000,194000000,195000000,10000000,10000000,8000000,9000000,0,0,9000000,9000000,167000000,167000000,176000000,176000000,10000010,26000040,10000000,10000000,10,16000040
304,834506000,834506000,10000000,10000000,9000000,9000000,634506000,634506000,9000000,9000000,172000000,172000000,181000000,181000000,200000000,200000000,10000000,10000000,9000000,9000000,0,0,9000000,9000000,172000000,172000000,181000000,181000000,10000010,26000040,10000000,10000000,10,16000040
334,901506000,902506000,10000000,10000000,8000000,9000000,634506000,634506000,9000000,9000000,240000000,240000000,249000000,249000000,267000000,268000000,10000000,10000000,8000000,9000000,0,0,9000000,9000000,240000000,240000000,249000000,249000000,10000010,43000020,10000000,10000000,10,33000020
364,663506000,664506000,10000000,10000000,8000000,9000000,634506000,634506000,8000000,8000000,3000000,3000000,11000000,11000000,29000000,30000000,10000000,10000000,8000000,9000000,0,0,8000000,8000000,3000000,3000000,11000000,11000000,10000010,11000010,10000000,10000000,10,1000010
394,792506000,792506000,10000000,10000000,9000000,9000000,634506000,634506000,9000000,9000000,130000000,130000000,139000000,139000000,158000000,158000000,10000000,10000000,9000000,9000000,0,0,9000000,9000000,130000000,130000000,139000000,139000000,10000010,26000030,10000000,10000000,10,16000030
424,837506000,838506000,10000000,10000000,11000000,12000000,634506000,634506000,12000000,12000000,170000000,170000000,182000000,182000000,203000000,204000000,10000000,10000000,11000000,12000000,0,0,12000000,12000000,170000000,170000000,182000000,182000000,10000010,36000040,10000000,10000000,10,26000040
454,751506000,752506000,10000000,10000000,11000000,12000000,634506000,634506000,12000000,12000000,84000000,84000000,96000000,96000000,117000000,118000000,10000000,10000000,11000000,12000000,0,0,12000000,12000000,84000000,84000000,96000000,96000000,10000010,43000020,10000000,10000000,10,33000020
484,922506000,923506000,10000000,10000000,3000000,4000000,634506000,634506000,4000000,4000000,271000000,271000000,275000000,275000000,288000000,289000000,10000000,10000000,3000000,4000000,0,0,4000000,4000000,271000000,271000000,275000000,275000000,10000010,93000050,10000000,10000000,10,83000050
514,1036506000,1037506000,10000000,10000000,41000000,42000000,634506000,634506000,42000000,42000000,309000000,309000000,351000000,351000000,402000000,403000000,10000000,10000000,41000000,42000000,0,0,42000000,42000000,309000000,309000000,351000000,351000000,10000010,125000080,10000000,10000000,10,115000080
544,817506000,817506000,10000000,10000000,18000000,18000000,634506000,634506000,18000000,18000000,137000000,137000000,155000000,155000000,183000000,183000000,10000000,10000000,18000000,18000000,0,0,18000000,18000000,137000000,137000000,155000000,155000000,10000010,72000010,10000000,10000000,10,62000010
574,887506000,887506000,10000000,10000000,10000000,10000000,634506000,634506000,10000000,10000000,223000000,223000000,233000000,233000000,253000000,253000000,10000000,10000000,10000000,10000000,0,0,10000000,10000000,223000000,223000000,233000000,233000000,10000010,59000020,10000000,10000000,10,49000020
604,812506000,817506000,10000000,10000000,7000000,12000000,634506000,634506000,12000000,12000000,149000000,149000000,161000000,161000000,178000000,183000000,10000000,10000000,7000000,12000000,0,0,12000000,12000000,149000000,149000000,161000000,161000000,10000010,21000030,10000000,10000000,10,11000030
634,810506000,811506000,10000000,10000000,9000000,10000000,634506000,634506000,10000000,10000000,147000000,147000000,157000000,157000000,176000000,177000000,10000000,10000000,9000000,10000000,0,0,10000000,10000000,147000000,147000000,157000000,157000000,10000010,93000020,10000000,10000000,10,83000020
664,777506000,777506000,10000000,10000000,6000000,6000000,634506000,634506000,6000000,6000000,121000000,121000000,127000000,127000000,143000000,143000000,10000000,10000000,6000000,6000000,0,0,6000000,6000000,121000000,121000000,127000000,127000000,10000010,30000030,10000000,10000000,10,20000030
694,936506000,937506000,10000000,10000000,17000000,18000000,634506000,634506000,18000000,18000000,257000000,257000000,275000000,275000000,302000000,303000000,10000000,10000000,17000000,18000000,0,0,18000000,18000000,257000000,257000000,275000000,275000000,10000010,31000010,10000000,10000000,10,21000010
724,724506000,732506000,10000000,10000000,1000000,9000000,634506000,634506000,9000000,9000000,70000000,70000000,79000000,79000000,90000000,98000000,10000000,10000000,1000000,9000000,0,0,9000000,9000000,70000000,70000000,79000000,79000000,10000010,11000010,10000000,10000000,10,1000010
754,716506000,716506000,10000000,10000000,1000000,1000000,634506000,634506000,1000000,1000000,70000000,70000000,71000000,71000000,82000000,82000000,10000000,10000000,1000000,1000000,0,0,1000000,1000000,70000000,70000000,71000000,71000000,10000010,30000030,10000000,10000000,10,20000030
784,758506000,758506000,10000000,10000000,1000000,1000000,634506000,634506000,1000000,1000000,112000000,112000000,113000000,113000000,124000000,124000000,10000000,10000000,1000000,1000000,0,0,1000000,1000000,112000000,112000000,113000000,113000000,10000010,91000040,10000000,10000000,10,81000040
814,856506000,857506000,10000000,10000000,0,1000000,634506000,634506000,1000000,1000000,211000000,211000000,212000000,212000000,222000000,223000000,10000000,10000000,0,1000000,0,0,1000000,1000000,211000000,211000000,212000000,212000000,10000010,91000030,10000000,10000000,10,81000030
844,652506000,653506000,10000000,10000000,8000000,9000000,634506000,634506000,0,0,0,0,0,0,18000000,19000000,10000000,10000000,8000000,9000000,0,0,0,0,0,0,0,0,10000010,10000000,10000000,10000000,10,0
874,968506000,969506000,10000000,10000000,7000000,8000000,634506000,634506000,8000000,8000000,309000000,309000000,317000000,317000000,334000000,335000000,10000000,10000000,7000000,8000000,0,0,8000000,8000000,309000000,309000000,317000000,317000000,10000010,91000040,10000000,10000000,10,81000040
904,929506000,930506000,10000000,10000000,7000000,8000000,634506000,634506000,8000000,8000000,270000000,270000000,278000000,278000000,295000000,296000000,10000000,10000000,7000000,8000000,0,0,8000000,8000000,270000000,270000000,278000000,278000000,10000010,55000040,10000000,10000000,10,45000040
934,833506000,833506000,10000000,10000000,13000000,13000000,634506000,634506000,13000000,13000000,163000000,163000000,176000000,176000000,199000000,199000000,10000000,10000000,13000000,13000000,0,0,13000000,13000000,163000000,163000000,176000000,176000000,10000010,36000040,10000000,10000000,10,26000040
964,1034506000,1038506000,10000000,10000000,42000000,46000000,634506000,634506000,46000000,47000000,302000000,301000000,348000000,348000000,400000000,404000000,10000000,10000000,42000000,46000000,0,0,46000000,47000000,302000000,301000000,348000000,348000000,10000010,126000090,10000000,10000000,10,116000090
994,966506000,18129168000,10000000,10000000,8000000,39000000,634506000,17766168000,20000000,20000000,294000000,294000000,314000000,314000000,332000000,363000000,10000000,10000000,8000000,39000000,0,0,20000000,20000000,294000000,294000000,314000000,314000000,10000010,27000030,10000000,10000000,10,17000030
1024,910506000,4104036000,10000000,10000000,18000000,39000000,634506000,3807036000,39000000,39000000,209000000,209000000,248000000,248000000,276000000,297000000,10000000,10000000,18000000,39000000,0,0,39000000,39000000,209000000,209000000,248000000,248000000,10000010,21000010,10000000,10000000,10,11000010
1054,657506000,3202530000,10000000,10000000,5000000,12000000,634506000,3172530000,6000000,6000000,2000000,2000000,8000000,8000000,23000000,30000000,10000000,10000000,5000000,12000000,0,0,6000000,6000000,2000000,2000000,8000000,8000000,10000010,10000000,10000000,10000000,10,0
1084,664506000,666506000,10000000,10000000,20000000,22000000,634506000,634506000,0,0,0,0,0,0,30000000,32000000,10000000,10000000,20000000,22000000,0,0,0,0,0,0,0,0,10000010,10000000,10000000,10000000,10,0
1114,651506000,1921518000,10000000,10000000,7000000,8000000,634506000,1903518000,0,0,0,0,0,0,17000000,18000000,10000000,10000000,7000000,8000000,0,0,0,0,0,0,0,0,10000010,10000000,10000000,10000000,10,0
1144,673506000,3212530000,10000000,10000000,0,1000000,634506000,3172530000,1000000,1000000,28000000,28000000,29000000,29000000,39000000,40000000,10000000,10000000,0,1000000,0,0,1000000,1000000,28000000,28000000,29000000,29000000,10000010,10000000,10000000,10000000,10,0
1174,662506000,2567024000,10000000,10000000,8000000,9000000,634506000,2538024000,9000000,9000000,1000000,1000000,10000000,10000000,28000000,29000000,10000000,10000000,8000000,9000000,0,0,9000000,9000000,1000000,1000000,10000000,10000000,10000010,10000000,10000000,10000000,10,0
1204,662506000,1298012000,10000000,10000000,18000000,19000000,634506000,1269012000,0,0,0,0,0,0,28000000,29000000,10000000,10000000,18000000,19000000,0,0,0,0,0,0,0,0,10000010,10000000,10000000,10000000,10,0
1234,1007506000,2339518000,10000000,10000000,18000000,81000000,634506000,1903518000,81000000,81000000,264000000,264000000,345000000,345000000,373000000,436000000,10000000,10000000,18000000,81000000,0,0,81000000,81000000,264000000,264000000,345000000,345000000,10000010,68000020,10000000,10000000,10,58000020
1264,650506000,652506000,10000000,10000000,6000000,8000000,634506000,634506000,0,0,0,0,0,0,16000000,18000000,10000000,10000000,6000000,8000000,0,0,0,0,0,0,0,0,10000010,10000000,10000000,10000000,10,0
5,718506000,722506000,10000000,10000000,17000000,19000000,634506000,634506000,17000000,57000000,40000000,2000000,57000000,59000000,84000000,88000000,10000000,10000000,17000000,19000000,0,0,17000000,57000000,40000000,2000000,57000000,59000000,10000010,57000020,10000000,10000000,10,47000020
35,932506000,933506000,10000000,10000000,19000000,20000000,634506000,634506000,20000000,20000000,249000000,249000000,269000000,269000000,298000000,299000000,10000000,10000000,19000000,20000000,0,0,20000000,20000000,249000000,249000000,269000000,269000000,10000010,32000010,10000000,10000000,10,22000010
65,905506000,906506000,10000000,10000000,10000000,11000000,634506000,634506000,11000000,11000000,240000000,240000000,251000000,251000000,271000000,272000000,10000000,10000000,10000000,11000000,0,0,11000000,11000000,240000000,240000000,251000000,251000000,10000010,78000040,10000000,10000000,10,68000040
95,901506000,902506000,10000000,10000000,19000000,20000000,634506000,634506000,20000000,20000000,218000000,218000000,238000000,238000000,267000000,268000000,10000000,10000000,19000000,20000000,0,0,20000000,20000000,218000000,218000000,238000000,238000000,10000010,60000040,10000000,10000000,10,50000040
125,927506000,928506000,10000000,10000000,1000000,2000000,634506000,634506000,2000000,2000000,280000000,280000000,282000000,282000000,293000000,294000000,10000000,10000000,1000000,2000000,0,0,2000000,2000000,280000000,280000000,282000000,282000000,10000010,92000030,10000000,10000000,10,82000030
155,791506000,791506000,10000000,10000000,8000000,8000000,634506000,634506000,8000000,8000000,131000000,131000000,139000000,139000000,157000000,157000000,10000000,10000000,8000000,8000000,0,0,8000000,8000000,131000000,131000000,139000000,139000000,10000010,35000030,10000000,10000000,10,25000030
185,844506000,844506000,10000000,10000000,20000000,20000000,634506000,634506000,20000000,20000000,160000000,160000000,180000000,180000000,210000000,210000000,10000000,10000000,20000000,20000000,0,0,20000000,20000000,160000000,160000000,180000000,180000000,10000010,37000040,10000000,10000000,10,27000040
215,727506000,727506000,10000000,10000000,20000000,20000000,634506000,634506000,20000000,20000000,43000000,43000000,63000000,63000000,93000000,93000000,10000000,10000000,20000000,20000000,0,0,20000000,20000000,43000000,43000000,63000000,63000000,10000010,11000010,10000000,10000000,10,1000010
245,828506000,829506000,10000000,10000000,8000000,9000000,634506000,634506000,9000000,9000000,167000000,167000000,176000000,176000000,194000000,195000000,10000000,10000000,8000000,9000000,0,0,9000000,9000000,167000000,167000000,176000000,176000000,10000010,26000040,10000000,10000000,10,16000040
275,834506000,834506000,10000000,10000000,9000000,9000000,634506000,634506000,9000000,9000000,172000000,172000000,181000000,181000000,200000000,200000000,10000000,10000000,9000000,9000000,0,0,9000000,9000000,172000000,172000000,181000000,181000000,10000010,26000040,10000000,10000000,10,16000040
305,834506000,834506000,10000000,10000000,9000000,9000000,634506000,634506000,9000000,9000000,172000000,172000000,181000000,181000000,200000000,200000000,10000000,10000000,9000000,9000000,0,0,9000000,9000000,172000000,172000000,181000000,181000000,10000010,26000040,10000000,10000000,10,16000040
335,670506000,671506000,10000000,10000000,8000000,8000000,634506000,634506000,8000000,18000000,10000000,1000000,18000000,19000000,36000000,37000000,10000000,10000000,8000000,8000000,0,0,8000000,18000000,10000000,1000000,18000000,19000000,10000010,23000010,10000000,10000000,10,13000010
365,663506000,664506000,10000000,10000000,8000000,9000000,634506000,634506000,8000000,8000000,3000000,3000000,11000000,11000000,29000000,30000000,10000000,10000000,8000000,9000000,0,0,8000000,8000000,3000000,3000000,11000000,11000000,10000010,11000010,10000000,10000000,10,1000010
395,792506000,792506000,10000000,10000000,9000000,9000000,634506000,634506000,9000000,9000000,130000000,130000000,139000000,139000000,158000000,158000000,10000000,10000000,9000000,9000000,0,0,9000000,9000000,130000000,130000000,139000000,139000000,10000010,26000030,10000000,10000000,10,16000030
425,753506000,757506000,10000000,10000000,7000000,11000000,634506000,634506000,11000000,11000000,91000000,91000000,102000000,102000000,119000000,123000000,10000000,10000000,7000000,11000000,0,0,11000000,11000000,91000000,91000000,102000000,102000000,10000010,29000030,10000000,10000000,10,19000030
455,807506000,807506000,10000000,10000000,11000000,11000000,634506000,634506000,11000000,11000000,141000000,141000000,152000000,152000000,173000000,173000000,10000000,10000000,11000000,11000000,0,0,11000000,11000000,141000000,141000000,152000000,152000000,10000010,43000020,10000000,10000000,10,33000020
485,922506000,923506000,10000000,10000000,3000000,4000000,634506000,634506000,4000000,4000000,271000000,271000000,275000000,275000000,288000000,289000000,10000000,10000000,3000000,4000000,0,0,4000000,4000000,271000000,271000000,275000000,275000000,10000010,93000050,10000000,10000000,10,83000050
515,932506000,932506000,10000000,10000000,39000000,39000000,634506000,634506000,39000000,39000000,210000000,210000000,249000000,249000000,298000000,298000000,10000000,10000000,39000000,39000000,0,0,39000000,39000000,210000000,210000000,249000000,249000000,10000010,43000020,10000000,10000000,10,33000020
545,923506000,985506000,10000000,10000000,18000000,80000000,634506000,634506000,80000000,80000000,181000000,181000000,261000000,261000000,289000000,351000000,10000000,10000000,18000000,80000000,0,0,80000000,80000000,181000000,181000000,261000000,261000000,10000010,68000020,10000000,10000000,10,58000020
575,886506000,886506000,10000000,10000000,10000000,10000000,634506000,634506000,10000000,10000000,222000000,222000000,232000000,232000000,252000000,252000000,10000000,10000000,10000000,10000000,0,0,10000000,10000000,222000000,222000000,232000000,232000000,10000010,59000020,10000000,10000000,10,49000020
605,653506000,655506000,10000000,10000000,9000000,11000000,634506000,634506000,0,0,0,0,0,0,19000000,21000000,10000000,10000000,9000000,11000000,0,0,0,0,0,0,0,0,10000010,10000000,10000000,10000000,10,0
635,653506000,654506000,10000000,10000000,9000000,10000000,634506000,634506000,0,0,0,0,0,0,19000000,20000000,10000000,10000000,9000000,10000000,0,0,0,0,0,0,0,0,10000010,10000000,10000000,10000000,10,0
665,760506000,760506000,10000000,10000000,6000000,6000000,634506000,634506000,6000000,6000000,104000000,104000000,110000000,110000000,126000000,126000000,10000000,10000000,6000000,6000000,0,0,6000000,6000000,104000000,104000000,110000000,110000000,10000010,22000020,10000000,10000000,10,12000020
695,848506000,849506000,10000000,10000000,17000000,18000000,634506000,634506000,18000000,18000000,169000000,169000000,187000000,187000000,214000000,215000000,10000000,10000000,17000000,18000000,0,0,18000000,18000000,169000000,169000000,187000000,187000000,10000010,31000010,10000000,10000000,10,21000010
725,680506000,680506000,10000000,10000000,1000000,1000000,634506000,634506000,1000000,1000000,34000000,34000000,35000000,35000000,46000000,46000000,10000000,10000000,1000000,1000000,0,0,1000000,1000000,34000000,34000000,35000000,35000000,10000010,21000030,10000000,10000000,10,11000030
755,741506000,741506000,10000000,10000000,1000000,1000000,634506000,634506000,1000000,1000000,95000000,95000000,96000000,96000000,107000000,107000000,10000000,10000000,1000000,1000000,0,0,1000000,1000000,95000000,95000000,96000000,96000000,10000010,28000020,10000000,10000000,10,18000020
785,758506000,758506000,10000000,10000000,1000000,1000000,634506000,634506000,1000000,1000000,112000000,112000000,113000000,113000000,124000000,124000000,10000000,10000000,1000000,1000000,0,0,1000000,1000000,112000000,112000000,113000000,113000000,10000010,91000040,10000000,10000000,10,81000040
815,762506000,769506000,10000000,10000000,0,7000000,634506000,634506000,7000000,7000000,111000000,111000000,118000000,118000000,128000000,135000000,10000000,10000000,0,7000000,0,0,7000000,7000000,111000000,111000000,118000000,118000000,10000010,83000040,10000000,10000000,10,73000040
845,690506000,690506000,10000000,10000000,8000000,8000000,634506000,634506000,8000000,8000000,30000000,30000000,38000000,38000000,56000000,56000000,10000000,10000000,8000000,8000000,0,0,8000000,8000000,30000000,30000000,38000000,38000000,10000010,20000030,10000000,10000000,10,10000030
875,858506000,859506000,10000000,10000000,7000000,8000000,634506000,634506000,8000000,8000000,199000000,199000000,207000000,207000000,224000000,225000000,10000000,10000000,7000000,8000000,0,0,8000000,8000000,199000000,199000000,207000000,207000000,10000010,95000030,10000000,10000000,10,85000030
905,885506000,886506000,10000000,10000000,7000000,8000000,634506000,634506000,8000000,8000000,226000000,226000000,234000000,234000000,251000000,252000000,10000000,10000000,7000000,8000000,0,0,8000000,8000000,226000000,226000000,234000000,234000000,10000010,17000010,10000000,10000000,10,7000010
935,775506000,778506000,10000000,10000000,6000000,9000000,634506000,634506000,6000000,6000000,119000000,119000000,125000000,125000000,141000000,144000000,10000000,10000000,6000000,9000000,0,0,6000000,6000000,119000000,119000000,125000000,125000000,10000010,18000020,10000000,10000000,10,8000020
965,1035506000,1036506000,10000000,10000000,47000000,48000000,634506000,634506000,48000000,48000000,296000000,296000000,344000000,344000000,401000000,402000000,10000000,10000000,47000000,48000000,0,0,48000000,48000000,296000000,296000000,344000000,344000000,10000010,14000010,10000000,10000000,10,4000010
995,662506000,3201530000,10000000,10000000,8000000,9000000,634506000,3172530000,9000000,9000000,1000000,1000000,10000000,10000000,28000000,29000000,10000000,10000000,8000000,9000000,0,0,9000000,9000000,1000000,1000000,10000000,10000000,10000010,10000000,10000000,10000000,10,0
1025,682506000,1318012000,10000000,10000000,38000000,39000000,634506000,1269012000,0,0,0,0,0,0,48000000,49000000,10000000,10000000,38000000,39000000,0,0,0,0,0,0,0,0,10000010,10000000,10000000,10000000,10,0
1055,764506000,2036518000,10000000,10000000,17000000,20000000,634506000,1903518000,20000000,20000000,83000000,83000000,103000000,103000000,130000000,133000000,10000000,10000000,17000000,20000000,0,0,20000000,20000000,83000000,83000000,103000000,103000000,10000010,10000000,10000000,10000000,10,0
1085,664506000,665506000,10000000,10000000,20000000,21000000,634506000,634506000,0,0,0,0,0,0,30000000,31000000,10000000,10000000,20000000,21000000,0,0,0,0,0,0,0,0,10000010,10000000,10000000,10000000,10,0
1115,651506000,1921518000,10000000,10000000,7000000,8000000,634506000,1903518000,0,0,0,0,0,0,17000000,18000000,10000000,10000000,7000000,8000000,0,0,0,0,0,0,0,0,10000010,10000000,10000000,10000000,10,0
1145,673506000,3847036000,10000000,10000000,0,1000000,634506000,3807036000,1000000,1000000,28000000,28000000,29000000,29000000,39000000,40000000,10000000,10000000,0,1000000,0,0,1000000,1000000,28000000,28000000,29000000,29000000,10000010,10000000,10000000,10000000,10,0
1175,653506000,661506000,10000000,10000000,9000000,17000000,634506000,634506000,0,0,0,0,0,0,19000000,27000000,10000000,10000000,9000000,17000000,0,0,0,0,0,0,0,0,10000010,10000000,10000000,10000000,10,0
1205,653506000,1923518000,10000000,10000000,9000000,10000000,634506000,1903518000,0,0,0,0,0,0,19000000,20000000,10000000,10000000,9000000,10000000,0,0,0,0,0,0,0,0,10000010,10000000,10000000,10000000,10,0
1235,654506000,665506000,10000000,10000000,10000000,21000000,634506000,634506000,0,0,0,0,0,0,20000000,31000000,10000000,10000000,10000000,21000000,0,0,0,0,0,0,0,0,10000010,10000000,10000000,10000000,10,0
1265,721506000,2627024000,10000000,10000000,17000000,19000000,634506000,2538024000,19000000,19000000,41000000,41000000,60000000,60000000,87000000,89000000,10000000,10000000,17000000,19000000,0,0,19000000,19000000,41000000,41000000,60000000,60000000,10000010,10000000,10000000,10000000,10,0
6,870506000,871506000,10000000,10000000,17000000,18000000,634506000,634506000,18000000,18000000,191000000,191000000,209000000,209000000,236000000,237000000,10000000,10000000,17000000,18000000,0,0,18000000,18000000,191000000,191000000,209000000,209000000,10000010,57000020,10000000,10000000,10,47000020
36,721506000,722506000,10000000,10000000,18000000,19000000,634506000,634506000,19000000,19000000,40000000,40000000,59000000,59000000,87000000,88000000,10000000,10000000,18000000,19000000,0,0,19000000,19000000,40000000,40000000,59000000,59000000,10000010,32000020,10000000,10000000,10,22000020
66,760506000,763506000,10000000,10000000,7000000,10000000,634506000,634506000,7000000,7000000,102000000,102000000,109000000,109000000,126000000,129000000,10000000,10000000,7000000,10000000,0,0,7000000,7000000,102000000,102000000,109000000,109000000,10000010,18000020,10000000,10000000,10,8000020
96,931506000,932506000,10000000,10000000,19000000,20000000,634506000,634506000,20000000,20000000,248000000,248000000,268000000,268000000,297000000,298000000,10000000,10000000,19000000,20000000,0,0,20000000,20000000,248000000,248000000,268000000,268000000,10000010,32000010,10000000,10000000,10,22000010
126,807506000,807506000,10000000,10000000,1000000,1000000,634506000,634506000,1000000,1000000,161000000,161000000,162000000,162000000,173000000,173000000,10000000,10000000,1000000,1000000,0,0,1000000,1000000,161000000,161000000,162000000,162000000,10000010,22000030,10000000,10000000,10,12000030
156,828506000,829506000,10000000,10000000,7000000,8000000,634506000,634506000,8000000,8000000,169000000,169000000,177000000,177000000,194000000,195000000,10000000,10000000,7000000,8000000,0,0,8000000,8000000,169000000,169000000,177000000,177000000,10000010,18000010,10000000,10000000,10,8000010
186,844506000,844506000,10000000,10000000,20000000,20000000,634506000,634506000,20000000,20000000,160000000,160000000,180000000,180000000,210000000,210000000,10000000,10000000,20000000,20000000,0,0,20000000,20000000,160000000,160000000,180000000,180000000,10000010,37000040,10000000,10000000,10,27000040
216,727506000,727506000,10000000,10000000,20000000,20000000,634506000,634506000,20000000,20000000,43000000,43000000,63000000,63000000,93000000,93000000,10000000,10000000,20000000,20000000,0,0,20000000,20000000,43000000,43000000,63000000,63000000,10000010,11000010,10000000,10000000,10,1000010
246,760506000,761506000,10000000,10000000,8000000,9000000,634506000,634506000,9000000,9000000,99000000,99000000,108000000,108000000,126000000,127000000,10000000,10000000,8000000,9000000,0,0,9000000,9000000,99000000,99000000,108000000,108000000,10000010,26000040,10000000,10000000,10,16000040
276,833506000,833506000,10000000,10000000,9000000,9000000,634506000,634506000,9000000,9000000,171000000,171000000,180000000,180000000,199000000,199000000,10000000,10000000,9000000,9000000,0,0,9000000,9000000,171000000,171000000,180000000,180000000,10000010,26000040,10000000,10000000,10,16000040
306,834506000,834506000,10000000,10000000,9000000,9000000,634506000,634506000,9000000,9000000,172000000,172000000,181000000,181000000,200000000,200000000,10000000,10000000,9000000,9000000,0,0,9000000,9000000,172000000,172000000,181000000,181000000,10000010,26000040,10000000,10000000,10,16000040
336,876506000,877506000,10000000,10000000,8000000,9000000,634506000,634506000,9000000,9000000,215000000,215000000,224000000,224000000,242000000,243000000,10000000,10000000,8000000,9000000,0,0,9000000,9000000,215000000,215000000,224000000,224000000,10000010,27000030,10000000,10000000,10,17000030
366,663506000,664506000,10000000,10000000,8000000,9000000,634506000,634506000,8000000,8000000,3000000,3000000,11000000,11000000,29000000,30000000,10000000,10000000,8000000,9000000,0,0,8000000,8000000,3000000,3000000,11000000,11000000,10000010,11000010,10000000,10000000,10,1000010
396,792506000,792506000,10000000,10000000,9000000,9000000,634506000,634506000,9000000,9000000,130000000,130000000,139000000,139000000,158000000,158000000,10000000,10000000,9000000,9000000,0,0,9000000,9000000,130000000,130000000,139000000,139000000,10000010,26000030,10000000,10000000,10,16000030
426,972506000,973506000,10000000,10000000,11000000,12000000,634506000,634506000,12000000,12000000,305000000,305000000,317000000,317000000,338000000,339000000,10000000,10000000,11000000,12000000,0,0,12000000,12000000,305000000,305000000,317000000,317000000,10000010,45000050,10000000,10000000,10,35000050
456,769506000,769506000,10000000,10000000,11000000,11000000,634506000,634506000,11000000,11000000,103000000,103000000,114000000,114000000,135000000,135000000,10000000,10000000,11000000,11000000,0,0,11000000,11000000,103000000,103000000,114000000,114000000,10000010,96000040,10000000,10000000,10,86000040
486,789506000,791506000,10000000,10000000,1000000,3000000,634506000,634506000,3000000,3000000,141000000,141000000,144000000,144000000,155000000,157000000,10000000,10000000,1000000,3000000,0,0,3000000,3000000,141000000,141000000,144000000,144000000,10000010,90000040,10000000,10000000,10,80000040
516,825506000,826506000,10000000,10000000,38000000,39000000,634506000,634506000,39000000,39000000,104000000,104000000,143000000,143000000,191000000,192000000,10000000,10000000,38000000,39000000,0,0,39000000,39000000,104000000,104000000,143000000,143000000,10000010,32000010,10000000,10000000,10,22000010
546,651506000,655506000,10000000,10000000,7000000,11000000,634506000,634506000,0,0,0,0,0,0,17000000,21000000,10000000,10000000,7000000,11000000,0,0,0,0,0,0,0,0,10000010,10000000,10000000,10000000,10,0
576,774506000,775506000,10000000,10000000,9000000,10000000,634506000,634506000,9000000,9000000,112000000,112000000,121000000,121000000,140000000,141000000,10000000,10000000,9000000,10000000,0,0,9000000,9000000,112000000,112000000,121000000,121000000,10000010,29000030,10000000,10000000,10,19000030
606,724506000,732506000,10000000,10000000,1000000,9000000,634506000,634506000,9000000,9000000,70000000,70000000,79000000,79000000,90000000,98000000,10000000,10000000,1000000,9000000,0,0,9000000,9000000,70000000,70000000,79000000,79000000,10000010,21000030,10000000,10000000,10,11000030
636,758506000,759506000,10000000,10000000,9000000,10000000,634506000,634506000,9000000,9000000,96000000,96000000,105000000,105000000,124000000,125000000,10000000,10000000,9000000,10000000,0,0,9000000,9000000,96000000,96000000,105000000,105000000,10000010,103000030,10000000,10000000,10,93000030
666,740506000,744506000,10000000,10000000,6000000,10000000,634506000,634506000,6000000,6000000,84000000,84000000,90000000,90000000,106000000,110000000,10000000,10000000,6000000,10000000,0,0,6000000,6000000,84000000,84000000,90000000,90000000,10000010,15000030,10000000,10000000,10,5000030
696,848506000,849506000,10000000,10000000,17000000,18000000,634506000,634506000,18000000,18000000,169000000,169000000,187000000,187000000,214000000,215000000,10000000,10000000,17000000,18000000,0,0,18000000,18000000,169000000,169000000,187000000,187000000,10000010,31000010,10000000,10000000,10,21000010
726,781506000,783506000,10000000,10000000,18000000,20000000,634506000,634506000,18000000,18000000,101000000,101000000,119000000,119000000,147000000,149000000,10000000,10000000,18000000,20000000,0,0,18000000,18000000,101000000,101000000,119000000,119000000,10000010,73000020,10000000,10000000,10,63000020
756,813506000,814506000,10000000,10000000,0,1000000,634506000,634506000,1000000,1000000,168000000,168000000,169000000,169000000,179000000,180000000,10000000,10000000,0,1000000,0,0,1000000,1000000,168000000,168000000,169000000,169000000,10000010,91000030,10000000,10000000,10,81000030
786,758506000,758506000,10000000,10000000,1000000,1000000,634506000,634506000,1000000,1000000,112000000,112000000,113000000,113000000,124000000,124000000,10000000,10000000,1000000,1000000,0,0,1000000,1000000,112000000,112000000,113000000,113000000,10000010,91000040,10000000,10000000,10,81000040
816,866506000,881506000,10000000,10000000,0,15000000,634506000,634506000,15000000,15000000,207000000,207000000,222000000,222000000,232000000,247000000,10000000,10000000,0,15000000,0,0,15000000,15000000,207000000,207000000,222000000,222000000,10000010,76000020,10000000,10000000,10,66000020
846,690506000,690506000,10000000,10000000,8000000,8000000,634506000,634506000,8000000,8000000,30000000,30000000,38000000,38000000,56000000,56000000,10000000,10000000,8000000,8000000,0,0,8000000,8000000,30000000,30000000,38000000,38000000,10000010,20000030,10000000,10000000,10,10000030
876,880506000,881506000,10000000,10000000,7000000,8000000,634506000,634506000,8000000,8000000,221000000,221000000,229000000,229000000,246000000,247000000,10000000,10000000,7000000,8000000,0,0,8000000,8000000,221000000,221000000,229000000,229000000,10000010,95000030,10000000,10000000,10,85000030
906,894506000,895506000,10000000,10000000,7000000,8000000,634506000,634506000,8000000,8000000,235000000,235000000,243000000,243000000,260000000,261000000,10000000,10000000,7000000,8000000,0,0,8000000,8000000,235000000,235000000,243000000,243000000,10000010,17000010,10000000,10000000,10,7000010
936,708506000,708506000,10000000,10000000,6000000,6000000,634506000,634506000,6000000,6000000,52000000,52000000,58000000,58000000,74000000,74000000,10000000,10000000,6000000,6000000,0,0,6000000,6000000,52000000,52000000,58000000,58000000,10000010,15000010,10000000,10000000,10,5000010
966,981506000,1010506000,10000000,10000000,8000000,37000000,634506000,634506000,37000000,37000000,292000000,292000000,329000000,329000000,347000000,376000000,10000000,10000000,8000000,37000000,0,0,37000000,37000000,292000000,292000000,329000000,329000000,10000010,22000040,10000000,10000000,10,12000040
996,927506000,22519710000,10000000,10000000,0,19000000,634506000,22207710000,9000000,9000000,274000000,274000000,283000000,283000000,293000000,312000000,10000000,10000000,0,19000000,0,0,9000000,9000000,274000000,274000000,283000000,283000000,10000010,88000040,10000000,10000000,10,78000040
1026,1011506000,5475048000,10000000,10000000,17000000,39000000,634506000,5076048000,39000000,39000000,311000000,311000000,350000000,350000000,377000000,399000000,10000000,10000000,17000000,39000000,0,0,39000000,39000000,311000000,311000000,350000000,350000000,10000010,72000010,10000000,10000000,10,62000010
1056,733506000,1370012000,10000000,10000000,18000000,20000000,634506000,1269012000,19000000,19000000,52000000,52000000,71000000,71000000,99000000,101000000,10000000,10000000,18000000,20000000,0,0,19000000,19000000,52000000,52000000,71000000,71000000,10000010,10000000,10000000,10000000,10,0
1086,748506000,4558542000,10000000,10000000,8000000,11000000,634506000,4441542000,11000000,11000000,85000000,85000000,96000000,96000000,114000000,117000000,10000000,10000000,8000000,11000000,0,0,11000000,11000000,85000000,85000000,96000000,96000000,10000010,66000030,10000000,10000000,10,56000030
1116,651506000,1921518000,10000000,10000000,7000000,8000000,634506000,1903518000,0,0,0,0,0,0,17000000,18000000,10000000,10000000,7000000,8000000,0,0,0,0,0,0,0,0,10000010,10000000,10000000,10000000,10,0
1146,673506000,3212530000,10000000,10000000,0,1000000,634506000,3172530000,1000000,1000000,28000000,28000000,29000000,29000000,39000000,40000000,10000000,10000000,0,1000000,0,0,1000000,1000000,28000000,28000000,29000000,29000000,10000010,10000000,10000000,10000000,10,0
1176,782506000,5232048000,10000000,10000000,1000000,9000000,634506000,5076048000,8000000,8000000,129000000,129000000,137000000,137000000,148000000,156000000,10000000,10000000,1000000,9000000,0,0,8000000,8000000,129000000,129000000,137000000,137000000,10000010,43000020,10000000,10000000,10,33000020
1206,653506000,1923518000,10000000,10000000,9000000,10000000,634506000,1903518000,0,0,0,0,0,0,19000000,20000000,10000000,10000000,9000000,10000000,0,0,0,0,0,0,0,0,10000010,10000000,10000000,10000000,10,0
1236,656506000,1933518000,10000000,10000000,1000000,9000000,634506000,1903518000,9000000,9000000,2000000,2000000,11000000,11000000,22000000,30000000,10000000,10000000,1000000,9000000,0,0,9000000,9000000,2000000,2000000,11000000,11000000,10000010,10000000,10000000,10000000,10,0
1266,1030506000,1670012000,10000000,10000000,43000000,48000000,634506000,1269012000,48000000,48000000,295000000,295000000,343000000,343000000,396000000,401000000,10000000,10000000,43000000,48000000,0,0,48000000,48000000,295000000,295000000,343000000,343000000,10000010,10000000,10000000,10000000,10,0
7,955506000,956506000,10000000,10000000,17000000,18000000,634506000,634506000,18000000,18000000,276000000,276000000,294000000,294000000,321000000,322000000,10000000,10000000,17000000,18000000,0,0,18000000,18000000,276000000,276000000,294000000,294000000,10000010,85000030,10000000,10000000,10,75000030
37,773506000,773506000,10000000,10000000,18000000,18000000,634506000,634506000,18000000,18000000,93000000,93000000,111000000,111000000,139000000,139000000,10000000,10000000,18000000,18000000,0,0,18000000,18000000,93000000,93000000,111000000,111000000,10000010,84000030,10000000,10000000,10,74000030
67,875506000,876506000,10000000,10000000,10000000,11000000,634506000,634506000,11000000,11000000,210000000,210000000,221000000,221000000,241000000,242000000,10000000,10000000,10000000,11000000,0,0,11000000,11000000,210000000,210000000,221000000,221000000,10000010,34000030,10000000,10000000,10,24000030
97,931506000,932506000,10000000,10000000,19000000,20000000,634506000,634506000,20000000,20000000,248000000,248000000,268000000,268000000,297000000,298000000,10000000,10000000,19000000,20000000,0,0,20000000,20000000,248000000,248000000,268000000,268000000,10000010,32000010,10000000,10000000,10,22000010
127,729506000,733506000,10000000,10000000,1000000,5000000,634506000,634506000,5000000,5000000,79000000,79000000,84000000,84000000,95000000,99000000,10000000,10000000,1000000,5000000,0,0,5000000,5000000,79000000,79000000,84000000,84000000,10000010,19000030,10000000,10000000,10,9000030
157,805506000,806506000,10000000,10000000,7000000,8000000,634506000,634506000,8000000,8000000,146000000,146000000,154000000,154000000,171000000,172000000,10000000,10000000,7000000,8000000,0,0,8000000,8000000,146000000,146000000,154000000,154000000,10000010,95000030,10000000,10000000,10,85000030
187,803506000,803506000,10000000,10000000,20000000,20000000,634506000,634506000,20000000,20000000,119000000,119000000,139000000,139000000,169000000,169000000,10000000,10000000,20000000,20000000,0,0,20000000,20000000,119000000,119000000,139000000,139000000,10000010,37000040,10000000,10000000,10,27000040
217,727506000,727506000,10000000,10000000,20000000,20000000,634506000,634506000,20000000,20000000,43000000,43000000,63000000,63000000,93000000,93000000,10000000,10000000,20000000,20000000,0,0,20000000,20000000,43000000,43000000,63000000,63000000,10000010,11000010,10000000,10000000,10,1000010
247,789506000,790506000,10000000,10000000,7000000,8000000,634506000,634506000,7000000,7000000,131000000,131000000,138000000,138000000,155000000,156000000,10000000,10000000,7000000,8000000,0,0,7000000,7000000,131000000,131000000,138000000,138000000,10000010,67000040,10000000,10000000,10,57000040
277,834506000,834506000,10000000,10000000,9000000,9000000,634506000,634506000,9000000,9000000,172000000,172000000,181000000,181000000,200000000,200000000,10000000,10000000,9000000,9000000,0,0,9000000,9000000,172000000,172000000,181000000,181000000,10000010,26000040,10000000,10000000,10,16000040
307,809506000,809506000,10000000,10000000,9000000,9000000,634506000,634506000,9000000,9000000,147000000,147000000,156000000,156000000,175000000,175000000,10000000,10000000,9000000,9000000,0,0,9000000,9000000,147000000,147000000,156000000,156000000,10000010,26000040,10000000,10000000,10,16000040
337,802506000,804506000,10000000,10000000,6000000,8000000,634506000,634506000,6000000,6000000,146000000,146000000,152000000,152000000,168000000,170000000,10000000,10000000,6000000,8000000,0,0,6000000,6000000,146000000,146000000,152000000,152000000,10000010,87000030,10000000,10000000,10,77000030
367,663506000,664506000,10000000,10000000,8000000,9000000,634506000,634506000,8000000,8000000,3000000,3000000,11000000,11000000,29000000,30000000,10000000,10000000,8000000,9000000,0,0,8000000,8000000,3000000,3000000,11000000,11000000,10000010,11000010,10000000,10000000,10,1000010
397,792506000,792506000,10000000,10000000,9000000,9000000,634506000,634506000,9000000,9000000,130000000,130000000,139000000,139000000,158000000,158000000,10000000,10000000,9000000,9000000,0,0,9000000,9000000,130000000,130000000,139000000,139000000,10000010,26000030,10000000,10000000,10,16000030
427,772506000,772506000,10000000,10000000,11000000,11000000,634506000,634506000,11000000,11000000,106000000,106000000,117000000,117000000,138000000,138000000,10000000,10000000,11000000,11000000,0,0,11000000,11000000,106000000,106000000,117000000,117000000,10000010,33000020,10000000,10000000,10,23000020
457,751506000,752506000,10000000,10000000,11000000,12000000,634506000,634506000,12000000,12000000,84000000,84000000,96000000,96000000,117000000,118000000,10000000,10000000,11000000,12000000,0,0,12000000,12000000,84000000,84000000,96000000,96000000,10000010,43000020,10000000,10000000,10,33000020
487,922506000,922506000,10000000,10000000,4000000,4000000,634506000,634506000,4000000,4000000,270000000,270000000,274000000,274000000,288000000,288000000,10000000,10000000,4000000,4000000,0,0,4000000,4000000,270000000,270000000,274000000,274000000,10000010,25000040,10000000,10000000,10,15000040
517,909506000,930506000,10000000,10000000,18000000,39000000,634506000,634506000,39000000,39000000,208000000,208000000,247000000,247000000,275000000,296000000,10000000,10000000,18000000,39000000,0,0,39000000,39000000,208000000,208000000,247000000,247000000,10000010,35000040,10000000,10000000,10,25000040
547,856506000,857506000,10000000,10000000,7000000,8000000,634506000,634506000,8000000,8000000,197000000,197000000,205000000,205000000,222000000,223000000,10000000,10000000,7000000,8000000,0,0,8000000,8000000,197000000,197000000,205000000,205000000,10000010,32000030,10000000,10000000,10,22000030
577,887506000,887506000,10000000,10000000,10000000,10000000,634506000,634506000,10000000,10000000,223000000,223000000,233000000,233000000,253000000,253000000,10000000,10000000,10000000,10000000,0,0,10000000,10000000,223000000,223000000,233000000,233000000,10000010,59000020,10000000,10000000,10,49000020
607,776506000,785506000,10000000,10000000,0,9000000,634506000,634506000,9000000,9000000,123000000,123000000,132000000,132000000,142000000,151000000,10000000,10000000,0,9000000,0,0,9000000,9000000,123000000,123000000,132000000,132000000,10000010,22000040,10000000,10000000,10,12000040
637,779506000,781506000,10000000,10000000,7000000,9000000,634506000,634506000,7000000,7000000,121000000,121000000,128000000,128000000,145000000,147000000,10000000,10000000,7000000,9000000,0,0,7000000,7000000,121000000,121000000,128000000,128000000,10000010,93000020,10000000,10000000,10,83000020
667,776506000,776506000,10000000,10000000,6000000,6000000,634506000,634506000,6000000,6000000,120000000,120000000,126000000,126000000,142000000,142000000,10000000,10000000,6000000,6000000,0,0,6000000,6000000,120000000,120000000,126000000,126000000,10000010,30000030,10000000,10000000,10,20000030
697,848506000,849506000,10000000,10000000,17000000,18000000,634506000,634506000,18000000,18000000,169000000,169000000,187000000,187000000,214000000,215000000,10000000,10000000,17000000,18000000,0,0,18000000,18000000,169000000,169000000,187000000,187000000,10000010,31000010,10000000,10000000,10,21000010
727,837506000,837506000,10000000,10000000,6000000,6000000,634506000,634506000,6000000,6000000,181000000,181000000,187000000,187000000,203000000,203000000,10000000,10000000,6000000,6000000,0,0,6000000,6000000,181000000,181000000,187000000,187000000,10000010,92000030,10000000,10000000,10,82000030
757,718506000,727506000,10000000,10000000,1000000,1000000,634506000,634506000,1000000,81000000,72000000,1000000,73000000,82000000,84000000,93000000,10000000,10000000,1000000,1000000,0,0,1000000,81000000,72000000,1000000,73000000,82000000,10000010,91000040,10000000,10000000,10,81000040
787,758506000,758506000,10000000,10000000,1000000,1000000,634506000,634506000,1000000,1000000,112000000,112000000,113000000,113000000,124000000,124000000,10000000,10000000,1000000,1000000,0,0,1000000,1000000,112000000,112000000,113000000,113000000,10000010,91000040,10000000,10000000,10,81000040
817,859506000,860506000,10000000,10000000,0,1000000,634506000,634506000,1000000,1000000,214000000,214000000,215000000,215000000,225000000,226000000,10000000,10000000,0,1000000,0,0,1000000,1000000,214000000,214000000,215000000,215000000,10000010,91000030,10000000,10000000,10,81000030
847,690506000,690506000,10000000,10000000,8000000,8000000,634506000,634506000,8000000,8000000,30000000,30000000,38000000,38000000,56000000,56000000,10000000,10000000,8000000,8000000,0,0,8000000,8000000,30000000,30000000,38000000,38000000,10000010,20000030,10000000,10000000,10,10000030
877,826506000,827506000,10000000,10000000,12000000,13000000,634506000,634506000,12000000,12000000,158000000,158000000,170000000,170000000,192000000,193000000,10000000,10000000,12000000,13000000,0,0,12000000,12000000,158000000,158000000,170000000,170000000,10000010,36000040,10000000,10000000,10,26000040
907,892506000,893506000,10000000,10000000,7000000,8000000,634506000,634506000,8000000,8000000,233000000,233000000,241000000,241000000,258000000,259000000,10000000,10000000,7000000,8000000,0,0,8000000,8000000,233000000,233000000,241000000,241000000,10000010,17000010,10000000,10000000,10,7000010
937,690506000,692506000,10000000,10000000,9000000,11000000,634506000,634506000,9000000,9000000,28000000,28000000,37000000,37000000,56000000,58000000,10000000,10000000,9000000,11000000,0,0,9000000,9000000,28000000,28000000,37000000,37000000,10000010,18000010,10000000,10000000,10,8000010
967,759506000,759506000,10000000,10000000,8000000,8000000,634506000,634506000,8000000,8000000,99000000,99000000,107000000,107000000,125000000,125000000,10000000,10000000,8000000,8000000,0,0,8000000,8000000,99000000,99000000,107000000,107000000,10000010,46000030,10000000,10000000,10,36000030
997,916506000,23773722000,10000000,10000000,5000000,20000000,634506000,23476722000,20000000,20000000,247000000,247000000,267000000,267000000,282000000,297000000,10000000,10000000,5000000,20000000,0,0,20000000,20000000,247000000,247000000,267000000,267000000,10000010,73000040,10000000,10000000,10,63000040
1027,985506000,16919156000,10000000,10000000,9000000,80000000,634506000,16497156000,20000000,20000000,312000000,312000000,332000000,332000000,351000000,422000000,10000000,10000000,9000000,80000000,0,0,20000000,20000000,312000000,312000000,332000000,332000000,10000010,55000030,10000000,10000000,10,45000030
1057,972506000,12411614000,10000000,10000000,1000000,19000000,634506000,12055614000,19000000,19000000,308000000,308000000,327000000,327000000,338000000,356000000,10000000,10000000,1000000,19000000,0,0,19000000,19000000,308000000,308000000,327000000,327000000,10000010,10000000,10000000,10000000,10,0
1087,652506000,1922518000,10000000,10000000,8000000,9000000,634506000,1903518000,0,0,0,0,0,0,18000000,19000000,10000000,10000000,8000000,9000000,0,0,0,0,0,0,0,0,10000010,10000000,10000000,10000000,10,0
1117,651506000,1921518000,10000000,10000000,7000000,8000000,634506000,1903518000,0,0,0,0,0,0,17000000,18000000,10000000,10000000,7000000,8000000,0,0,0,0,0,0,0,0,10000010,10000000,10000000,10000000,10,0
1147,673506000,3847036000,10000000,10000000,0,1000000,634506000,3807036000,1000000,1000000,28000000,28000000,29000000,29000000,39000000,40000000,10000000,10000000,0,1000000,0,0,1000000,1000000,28000000,28000000,29000000,29000000,10000010,10000000,10000000,10000000,10,0
1177,662506000,3201530000,10000000,10000000,8000000,9000000,634506000,3172530000,9000000,9000000,1000000,1000000,10000000,10000000,28000000,29000000,10000000,10000000,8000000,9000000,0,0,9000000,9000000,1000000,1000000,10000000,10000000,10000010,10000000,10000000,10000000,10,0
1207,653506000,1923518000,10000000,10000000,9000000,10000000,634506000,1903518000,0,0,0,0,0,0,19000000,20000000,10000000,10000000,9000000,10000000,0,0,0,0,0,0,0,0,10000010,10000000,10000000,10000000,10,0
1237,679506000,1949518000,10000000,10000000,17000000,18000000,634506000,1903518000,17000000,17000000,1000000,1000000,18000000,18000000,45000000,46000000,10000000,10000000,17000000,18000000,0,0,17000000,17000000,1000000,1000000,18000000,18000000,10000010,10000000,10000000,10000000,10,0
1267,979506000,2278518000,10000000,10000000,7000000,37000000,634506000,1903518000,37000000,37000000,291000000,291000000,328000000,328000000,345000000,375000000,10000000,10000000,7000000,37000000,0,0,37000000,37000000,291000000,291000000,328000000,328000000,10000010,18000020,10000000,10000000,10,8000020
8,822506000,823506000,10000000,10000000,17000000,18000000,634506000,634506000,18000000,18000000,143000000,143000000,161000000,161000000,188000000,189000000,10000000,10000000,17000000,18000000,0,0,18000000,18000000,143000000,143000000,161000000,161000000,10000010,35000030,10000000,10000000,10,25000030
38,746506000,773506000,10000000,10000000,8000000,18000000,634506000,634506000,18000000,81000000,76000000,30000000,94000000,111000000,112000000,139000000,10000000,10000000,8000000,18000000,0,0,18000000,81000000,76000000,30000000,94000000,111000000,10000010,76000030,10000000,10000000,10,66000030
68,738506000,741506000,10000000,10000000,7000000,10000000,634506000,634506000,10000000,10000000,77000000,77000000,87000000,87000000,104000000,107000000,10000000,10000000,7000000,10000000,0,0,10000000,10000000,77000000,77000000,87000000,87000000,10000010,32000020,10000000,10000000,10,22000020
98,931506000,932506000,10000000,10000000,19000000,20000000,634506000,634506000,20000000,20000000,248000000,248000000,268000000,268000000,297000000,298000000,10000000,10000000,19000000,20000000,0,0,20000000,20000000,248000000,248000000,268000000,268000000,10000010,32000010,10000000,10000000,10,22000010
128,800506000,800506000,10000000,10000000,1000000,1000000,634506000,634506000,1000000,1000000,154000000,154000000,155000000,155000000,166000000,166000000,10000000,10000000,1000000,1000000,0,0,1000000,1000000,154000000,154000000,155000000,155000000,10000010,22000030,10000000,10000000,10,12000030
158,748506000,748506000,10000000,10000000,8000000,8000000,634506000,634506000,8000000,8000000,88000000,88000000,96000000,96000000,114000000,114000000,10000000,10000000,8000000,8000000,0,0,8000000,8000000,88000000,88000000,96000000,96000000,10000010,54000030,10000000,10000000,10,44000030
188,844506000,844506000,10000000,10000000,20000000,20000000,634506000,634506000,20000000,20000000,160000000,160000000,180000000,180000000,210000000,210000000,10000000,10000000,20000000,20000000,0,0,20000000,20000000,160000000,160000000,180000000,180000000,10000010,37000040,10000000,10000000,10,27000040
218,797506000,817506000,10000000,10000000,19000000,39000000,634506000,634506000,39000000,39000000,95000000,95000000,134000000,134000000,163000000,183000000,10000000,10000000,19000000,39000000,0,0,39000000,39000000,95000000,95000000,134000000,134000000,10000010,22000020,10000000,10000000,10,12000020
248,828506000,829506000,10000000,10000000,8000000,9000000,634506000,634506000,9000000,9000000,167000000,167000000,176000000,176000000,194000000,195000000,10000000,10000000,8000000,9000000,0,0,9000000,9000000,167000000,167000000,176000000,176000000,10000010,26000040,10000000,10000000,10,16000040
278,768506000,768506000,10000000,10000000,9000000,9000000,634506000,634506000,9000000,9000000,106000000,106000000,115000000,115000000,134000000,134000000,10000000,10000000,9000000,9000000,0,0,9000000,9000000,106000000,106000000,115000000,115000000,10000010,26000040,10000000,10000000,10,16000040
308,834506000,834506000,10000000,10000000,9000000,9000000,634506000,634506000,9000000,9000000,172000000,172000000,181000000,181000000,200000000,200000000,10000000,10000000,9000000,9000000,0,0,9000000,9000000,172000000,172000000,181000000,181000000,10000010,26000040,10000000,10000000,10,16000040
338,903506000,914506000,10000000,10000000,8000000,19000000,634506000,634506000,19000000,19000000,232000000,232000000,251000000,251000000,269000000,280000000,10000000,10000000,8000000,19000000,0,0,19000000,19000000,232000000,232000000,251000000,251000000,10000010,26000030,10000000,10000000,10,16000030
368,663506000,664506000,10000000,10000000,8000000,9000000,634506000,634506000,8000000,8000000,3000000,3000000,11000000,11000000,29000000,30000000,10000000,10000000,8000000,9000000,0,0,8000000,8000000,3000000,3000000,11000000,11000000,10000010,11000010,10000000,10000000,10,1000010
398,792506000,792506000,10000000,10000000,9000000,9000000,634506000,634506000,9000000,9000000,130000000,130000000,139000000,139000000,158000000,158000000,10000000,10000000,9000000,9000000,0,0,9000000,9000000,130000000,130000000,139000000,139000000,10000010,26000030,10000000,10000000,10,16000030
428,887506000,888506000,10000000,10000000,11000000,12000000,634506000,634506000,12000000,12000000,220000000,220000000,232000000,232000000,253000000,254000000,10000000,10000000,11000000,12000000,0,0,12000000,12000000,220000000,220000000,232000000,232000000,10000010,55000040,10000000,10000000,10,45000040
458,797506000,797506000,10000000,10000000,11000000,11000000,634506000,634506000,11000000,11000000,131000000,131000000,142000000,142000000,163000000,163000000,10000000,10000000,11000000,11000000,0,0,11000000,11000000,131000000,131000000,142000000,142000000,10000010,43000020,10000000,10000000,10,33000020
488,732506000,739506000,10000000,10000000,4000000,11000000,634506000,634506000,11000000,11000000,73000000,73000000,84000000,84000000,98000000,105000000,10000000,10000000,4000000,11000000,0,0,11000000,11000000,73000000,73000000,84000000,84000000,10000010,84000050,10000000,10000000,10,74000050
518,932506000,932506000,10000000,10000000,39000000,39000000,634506000,634506000,39000000,39000000,210000000,210000000,249000000,249000000,298000000,298000000,10000000,10000000,39000000,39000000,0,0,39000000,39000000,210000000,210000000,249000000,249000000,10000010,43000020,10000000,10000000,10,33000020
548,747506000,747506000,10000000,10000000,7000000,7000000,634506000,634506000,7000000,7000000,89000000,89000000,96000000,96000000,113000000,113000000,10000000,10000000,7000000,7000000,0,0,7000000,7000000,89000000,89000000,96000000,96000000,10000010,18000010,10000000,10000000,10,8000010
578,972506000,988506000,10000000,10000000,57000000,73000000,634506000,634506000,73000000,73000000,198000000,198000000,271000000,271000000,338000000,354000000,10000000,10000000,57000000,73000000,0,0,73000000,73000000,198000000,198000000,271000000,271000000,10000010,115000030,10000000,10000000,10,105000030
608,864506000,865506000,10000000,10000000,9000000,10000000,634506000,634506000,10000000,10000000,201000000,201000000,211000000,211000000,230000000,231000000,10000000,10000000,9000000,10000000,0,0,10000000,10000000,201000000,201000000,211000000,211000000,10000010,31000040,10000000,10000000,10,21000040
638,763506000,766506000,10000000,10000000,6000000,9000000,634506000,634506000,6000000,6000000,107000000,107000000,113000000,113000000,129000000,132000000,10000000,10000000,6000000,9000000,0,0,6000000,6000000,107000000,107000000,113000000,113000000,10000010,25000020,10000000,10000000,10,15000020
668,776506000,776506000,10000000,10000000,6000000,6000000,634506000,634506000,6000000,6000000,120000000,120000000,126000000,126000000,142000000,142000000,10000000,10000000,6000000,6000000,0,0,6000000,6000000,120000000,120000000,126000000,126000000,10000010,30000030,10000000,10000000,10,20000030
698,848506000,849506000,10000000,10000000,17000000,18000000,634506000,634506000,18000000,18000000,169000000,169000000,187000000,187000000,214000000,215000000,10000000,10000000,17000000,18000000,0,0,18000000,18000000,169000000,169000000,187000000,187000000,10000010,31000010,10000000,10000000,10,21000010
728,842506000,843506000,10000000,10000000,5000000,6000000,634506000,634506000,6000000,6000000,187000000,187000000,193000000,193000000,208000000,209000000,10000000,10000000,5000000,6000000,0,0,6000000,6000000,187000000,187000000,193000000,193000000,10000010,92000040,10000000,10000000,10,82000040
758,719506000,719506000,10000000,10000000,1000000,1000000,634506000,634506000,1000000,1000000,73000000,73000000,74000000,74000000,85000000,85000000,10000000,10000000,1000000,1000000,0,0,1000000,1000000,73000000,73000000,74000000,74000000,10000010,30000030,10000000,10000000,10,20000030
788,812506000,820506000,10000000,10000000,1000000,9000000,634506000,634506000,9000000,9000000,158000000,158000000,167000000,167000000,178000000,186000000,10000000,10000000,1000000,9000000,0,0,9000000,9000000,158000000,158000000,167000000,167000000,10000010,89000030,10000000,10000000,10,79000030
818,644506000,645506000,10000000,10000000,0,1000000,634506000,634506000,0,0,0,0,0,0,10000000,11000000,10000000,10000000,0,1000000,0,0,0,0,0,0,0,0,10000010,10000000,10000000,10000000,10,0
848,982506000,983506000,10000000,10000000,12000000,13000000,634506000,634506000,13000000,13000000,313000000,313000000,326000000,326000000,348000000,349000000,10000000,10000000,12000000,13000000,0,0,13000000,13000000,313000000,313000000,326000000,326000000,10000010,19000010,10000000,10000000,10,9000010
878,787506000,788506000,10000000,10000000,12000000,13000000,634506000,634506000,13000000,13000000,118000000,118000000,131000000,131000000,153000000,154000000,10000000,10000000,12000000,13000000,0,0,13000000,13000000,118000000,118000000,131000000,131000000,10000010,25000040,10000000,10000000,10,15000040
908,773506000,774506000,10000000,10000000,7000000,8000000,634506000,634506000,8000000,8000000,114000000,114000000,122000000,122000000,139000000,140000000,10000000,10000000,7000000,8000000,0,0,8000000,8000000,114000000,114000000,122000000,122000000,10000010,25000030,10000000,10000000,10,15000030
938,794506000,795506000,10000000,10000000,9000000,10000000,634506000,634506000,9000000,9000000,132000000,132000000,141000000,141000000,160000000,161000000,10000000,10000000,9000000,10000000,0,0,9000000,9000000,132000000,132000000,141000000,141000000,10000010,94000030,10000000,10000000,10,84000030
968,683506000,683506000,10000000,10000000,8000000,8000000,634506000,634506000,8000000,8000000,23000000,23000000,31000000,31000000,49000000,49000000,10000000,10000000,8000000,8000000,0,0,8000000,8000000,23000000,23000000,31000000,31000000,10000010,11000010,10000000,10000000,10,1000010
998,944506000,28892770000,10000000,10000000,0,19000000,634506000,28552770000,9000000,20000000,291000000,291000000,300000000,311000000,310000000,340000000,10000000,10000000,0,19000000,0,0,9000000,20000000,291000000,291000000,300000000,311000000,10000010,84000030,10000000,10000000,10,74000030
1028,682506000,1318012000,10000000,10000000,38000000,39000000,634506000,1269012000,0,0,0,0,0,0,48000000,49000000,10000000,10000000,38000000,39000000,0,0,0,0,0,0,0,0,10000010,10000000,10000000,10000000,10,0
1058,975506000,13068120000,10000000,10000000,1000000,38000000,634506000,12690120000,19000000,19000000,311000000,311000000,330000000,330000000,341000000,378000000,10000000,10000000,1000000,38000000,0,0,19000000,19000000,311000000,311000000,330000000,330000000,10000010,20000020,10000000,10000000,10,10000020
1088,785506000,2056518000,10000000,10000000,9000000,11000000,634506000,1903518000,9000000,9000000,123000000,123000000,132000000,132000000,151000000,153000000,10000000,10000000,9000000,11000000,0,0,9000000,9000000,123000000,123000000,132000000,132000000,10000010,44000030,10000000,10000000,10,34000030
1118,976506000,5424048000,10000000,10000000,7000000,13000000,634506000,5076048000,13000000,13000000,312000000,312000000,325000000,325000000,342000000,348000000,10000000,10000000,7000000,13000000,0,0,13000000,13000000,312000000,312000000,325000000,325000000,10000010,10000000,10000000,10000000,10,0
1148,669506000,1305012000,10000000,10000000,12000000,13000000,634506000,1269012000,12000000,12000000,1000000,1000000,13000000,13000000,35000000,36000000,10000000,10000000,12000000,13000000,0,0,12000000,12000000,1000000,1000000,13000000,13000000,10000010,10000000,10000000,10000000,10,0
1178,662506000,3201530000,10000000,10000000,8000000,9000000,634506000,3172530000,9000000,9000000,1000000,1000000,10000000,10000000,28000000,29000000,10000000,10000000,8000000,9000000,0,0,9000000,9000000,1000000,1000000,10000000,10000000,10000010,10000000,10000000,10000000,10,0
1208,653506000,1289012000,10000000,10000000,9000000,10000000,634506000,1269012000,0,0,0,0,0,0,19000000,20000000,10000000,10000000,9000000,10000000,0,0,0,0,0,0,0,0,10000010,10000000,10000000,10000000,10,0
1238,721506000,2627024000,10000000,10000000,17000000,19000000,634506000,2538024000,19000000,19000000,41000000,41000000,60000000,60000000,87000000,89000000,10000000,10000000,17000000,19000000,0,0,19000000,19000000,41000000,41000000,60000000,60000000,10000010,10000000,10000000,10000000,10,0
1268,975506000,1640012000,10000000,10000000,8000000,38000000,634506000,1269012000,38000000,38000000,285000000,285000000,323000000,323000000,341000000,371000000,10000000,10000000,8000000,38000000,0,0,38000000,38000000,285000000,285000000,323000000,323000000,10000010,21000030,10000000,10000000,10,11000030
9,956506000,957506000,10000000,10000000,17000000,18000000,634506000,634506000,18000000,18000000,277000000,277000000,295000000,295000000,322000000,323000000,10000000,10000000,17000000,18000000,0,0,18000000,18000000,277000000,277000000,295000000,295000000,10000010,57000020,10000000,10000000,10,47000020
39,882506000,883506000,10000000,10000000,18000000,19000000,634506000,634506000,19000000,19000000,201000000,201000000,220000000,220000000,248000000,249000000,10000000,10000000,18000000,19000000,0,0,19000000,19000000,201000000,201000000,220000000,220000000,10000010,82000020,10000000,10000000,10,72000020
69,897506000,899506000,10000000,10000000,10000000,12000000,634506000,634506000,12000000,12000000,231000000,231000000,243000000,243000000,263000000,265000000,10000000,10000000,10000000,12000000,0,0,12000000,12000000,231000000,231000000,243000000,243000000,10000010,78000040,10000000,10000000,10,68000040
99,931506000,932506000,10000000,10000000,19000000,20000000,634506000,634506000,20000000,20000000,248000000,248000000,268000000,268000000,297000000,298000000,10000000,10000000,19000000,20000000,0,0,20000000,20000000,248000000,248000000,268000000,268000000,10000010,32000010,10000000,10000000,10,22000010
129,807506000,807506000,10000000,10000000,1000000,1000000,634506000,634506000,1000000,1000000,161000000,161000000,162000000,162000000,173000000,173000000,10000000,10000000,1000000,1000000,0,0,1000000,1000000,161000000,161000000,162000000,162000000,10000010,22000030,10000000,10000000,10,12000030
159,1168506000,1171506000,10000000,10000000,43000000,46000000,634506000,634506000,46000000,46000000,435000000,435000000,481000000,481000000,534000000,537000000,10000000,10000000,43000000,46000000,0,0,46000000,46000000,435000000,435000000,481000000,481000000,10000010,131000060,10000000,10000000,10,121000060
189,759506000,760506000,10000000,10000000,19000000,20000000,634506000,634506000,20000000,20000000,76000000,76000000,96000000,96000000,125000000,126000000,10000000,10000000,19000000,20000000,0,0,20000000,20000000,76000000,76000000,96000000,96000000,10000010,32000010,10000000,10000000,10,22000010
219,904506000,905506000,10000000,10000000,19000000,20000000,634506000,634506000,20000000,20000000,221000000,221000000,241000000,241000000,270000000,271000000,10000000,10000000,19000000,20000000,0,0,20000000,20000000,221000000,221000000,241000000,241000000,10000010,33000020,10000000,10000000,10,23000020
249,828506000,829506000,10000000,10000000,8000000,9000000,634506000,634506000,9000000,9000000,167000000,167000000,176000000,176000000,194000000,195000000,10000000,10000000,8000000,9000000,0,0,9000000,9000000,167000000,167000000,176000000,176000000,10000010,26000040,10000000,10000000,10,16000040
279,834506000,834506000,10000000,10000000,9000000,9000000,634506000,634506000,9000000,9000000,172000000,172000000,181000000,181000000,200000000,200000000,10000000,10000000,9000000,9000000,0,0,9000000,9000000,172000000,172000000,181000000,181000000,10000010,26000040,10000000,10000000,10,16000040
309,901506000,902506000,10000000,10000000,8000000,9000000,634506000,634506000,9000000,9000000,240000000,240000000,249000000,249000000,267000000,268000000,10000000,10000000,8000000,9000000,0,0,9000000,9000000,240000000,240000000,249000000,249000000,10000010,43000020,10000000,10000000,10,33000020
339,901506000,902506000,10000000,10000000,8000000,9000000,634506000,634506000,9000000,9000000,240000000,240000000,249000000,249000000,267000000,268000000,10000000,10000000,8000000,9000000,0,0,9000000,9000000,240000000,240000000,249000000,249000000,10000010,43000020,10000000,10000000,10,33000020
369,663506000,664506000,10000000,10000000,8000000,9000000,634506000,634506000,8000000,8000000,3000000,3000000,11000000,11000000,29000000,30000000,10000000,10000000,8000000,9000000,0,0,8000000,8000000,3000000,3000000,11000000,11000000,10000010,11000010,10000000,10000000,10,1000010
399,977506000,978506000,10000000,10000000,12000000,13000000,634506000,634506000,13000000,13000000,308000000,308000000,321000000,321000000,343000000,344000000,10000000,10000000,12000000,13000000,0,0,13000000,13000000,308000000,308000000,321000000,321000000,10000010,12000010,10000000,10000000,10,2000010
429,827506000,827506000,10000000,10000000,11000000,11000000,634506000,634506000,11000000,11000000,161000000,161000000,172000000,172000000,193000000,193000000,10000000,10000000,11000000,11000000,0,0,11000000,11000000,161000000,161000000,172000000,172000000,10000010,36000040,10000000,10000000,10,26000040
459,959506000,961506000,10000000,10000000,11000000,13000000,634506000,634506000,13000000,13000000,291000000,291000000,304000000,304000000,325000000,327000000,10000000,10000000,11000000,13000000,0,0,13000000,13000000,291000000,291000000,304000000,304000000,10000010,79000050,10000000,10000000,10,69000050
489,760506000,766506000,10000000,10000000,4000000,10000000,634506000,634506000,4000000,4000000,108000000,108000000,112000000,112000000,126000000,132000000,10000000,10000000,4000000,10000000,0,0,4000000,4000000,108000000,108000000,112000000,112000000,10000010,84000050,10000000,10000000,10,74000050
519,1033506000,1034506000,10000000,10000000,38000000,39000000,634506000,634506000,39000000,39000000,312000000,312000000,351000000,351000000,399000000,400000000,10000000,10000000,38000000,39000000,0,0,39000000,39000000,312000000,312000000,351000000,351000000,10000010,93000020,10000000,10000000,10,83000020
549,743506000,749506000,10000000,10000000,1000000,7000000,634506000,634506000,7000000,7000000,91000000,91000000,98000000,98000000,109000000,115000000,10000000,10000000,1000000,7000000,0,0,7000000,7000000,91000000,91000000,98000000,98000000,10000010,28000020,10000000,10000000,10,18000020
579,991506000,992506000,10000000,10000000,57000000,58000000,634506000,634506000,58000000,58000000,232000000,232000000,290000000,290000000,357000000,358000000,10000000,10000000,57000000,58000000,0,0,58000000,58000000,232000000,232000000,290000000,290000000,10000010,115000030,10000000,10000000,10,105000030
609,865506000,866506000,10000000,10000000,9000000,10000000,634506000,634506000,10000000,10000000,202000000,202000000,212000000,212000000,231000000,232000000,10000000,10000000,9000000,10000000,0,0,10000000,10000000,202000000,202000000,212000000,212000000,10000010,31000040,10000000,10000000,10,21000040
639,816506000,817506000,10000000,10000000,9000000,10000000,634506000,634506000,10000000,10000000,153000000,153000000,163000000,163000000,182000000,183000000,10000000,10000000,9000000,10000000,0,0,10000000,10000000,153000000,153000000,163000000,163000000,10000010,93000020,10000000,10000000,10,83000020
669,776506000,776506000,10000000,10000000,6000000,6000000,634506000,634506000,6000000,6000000,120000000,120000000,126000000,126000000,142000000,142000000,10000000,10000000,6000000,6000000,0,0,6000000,6000000,120000000,120000000,126000000,126000000,10000010,20000010,10000000,10000000,10,10000010
699,848506000,849506000,10000000,10000000,17000000,18000000,634506000,634506000,18000000,18000000,169000000,169000000,187000000,187000000,214000000,215000000,10000000,10000000,17000000,18000000,0,0,18000000,18000000,169000000,169000000,187000000,187000000,10000010,31000010,10000000,10000000,10,21000010
729,747506000,748506000,10000000,10000000,5000000,6000000,634506000,634506000,6000000,6000000,92000000,92000000,98000000,98000000,113000000,114000000,10000000,10000000,5000000,6000000,0,0,6000000,6000000,92000000,92000000,98000000,98000000,10000010,24000030,10000000,10000000,10,14000030
759,719506000,719506000,10000000,10000000,1000000,1000000,634506000,634506000,1000000,1000000,73000000,73000000,74000000,74000000,85000000,85000000,10000000,10000000,1000000,1000000,0,0,1000000,1000000,73000000,73000000,74000000,74000000,10000010,30000030,10000000,10000000,10,20000030
789,755506000,755506000,10000000,10000000,1000000,1000000,634506000,634506000,1000000,1000000,109000000,109000000,110000000,110000000,121000000,121000000,10000000,10000000,1000000,1000000,0,0,1000000,1000000,109000000,109000000,110000000,110000000,10000010,91000040,10000000,10000000,10,81000040
819,815506000,822506000,10000000,10000000,0,7000000,634506000,634506000,7000000,7000000,164000000,164000000,171000000,171000000,181000000,188000000,10000000,10000000,0,7000000,0,0,7000000,7000000,164000000,164000000,171000000,171000000,10000010,84000040,10000000,10000000,10,74000040
849,827506000,827506000,10000000,10000000,12000000,12000000,634506000,634506000,12000000,12000000,159000000,159000000,171000000,171000000,193000000,193000000,10000000,10000000,12000000,12000000,0,0,12000000,12000000,159000000,159000000,171000000,171000000,10000010,19000010,10000000,10000000,10,9000010
879,786506000,787506000,10000000,10000000,12000000,13000000,634506000,634506000,13000000,13000000,117000000,117000000,130000000,130000000,152000000,153000000,10000000,10000000,12000000,13000000,0,0,13000000,13000000,117000000,117000000,130000000,130000000,10000010,15000010,10000000,10000000,10,5000010
909,889506000,890506000,10000000,10000000,7000000,8000000,634506000,634506000,8000000,8000000,230000000,230000000,238000000,238000000,255000000,256000000,10000000,10000000,7000000,8000000,0,0,8000000,8000000,230000000,230000000,238000000,238000000,10000010,95000030,10000000,10000000,10,85000030
939,977506000,979506000,10000000,10000000,9000000,11000000,634506000,634506000,11000000,11000000,313000000,313000000,324000000,324000000,343000000,345000000,10000000,10000000,9000000,11000000,0,0,11000000,11000000,313000000,313000000,324000000,324000000,10000010,38000040,10000000,10000000,10,28000040
969,775506000,775506000,10000000,10000000,8000000,8000000,634506000,634506000,8000000,8000000,115000000,115000000,123000000,123000000,141000000,141000000,10000000,10000000,8000000,8000000,0,0,8000000,8000000,115000000,115000000,123000000,123000000,10000010,18000020,10000000,10000000,10,8000020
999,756506000,19810686000,10000000,10000000,1000000,20000000,634506000,19669686000,20000000,20000000,91000000,91000000,111000000,111000000,122000000,141000000,10000000,10000000,1000000,20000000,0,0,20000000,20000000,91000000,91000000,111000000,111000000,10000010,18000020,10000000,10000000,10,8000020
1029,651506000,655506000,10000000,10000000,7000000,11000000,634506000,634506000,0,0,0,0,0,0,17000000,21000000,10000000,10000000,7000000,11000000,0,0,0,0,0,0,0,0,10000010,10000000,10000000,10000000,10,0
1059,654506000,655506000,10000000,10000000,10000000,11000000,634506000,634506000,0,0,0,0,0,0,20000000,21000000,10000000,10000000,10000000,11000000,0,0,0,0,0,0,0,0,10000010,10000000,10000000,10000000,10,0
1089,975506000,4785542000,10000000,10000000,10000000,13000000,634506000,4441542000,13000000,13000000,308000000,308000000,321000000,321000000,341000000,344000000,10000000,10000000,10000000,13000000,0,0,13000000,13000000,308000000,308000000,321000000,321000000,10000010,10000000,10000000,10000000,10,0
1119,808506000,2718024000,10000000,10000000,7000000,13000000,634506000,2538024000,13000000,13000000,144000000,144000000,157000000,157000000,174000000,180000000,10000000,10000000,7000000,13000000,0,0,13000000,13000000,144000000,144000000,157000000,157000000,10000010,10000000,10000000,10000000,10,0
1149,684506000,3223530000,10000000,10000000,7000000,8000000,634506000,3172530000,7000000,7000000,26000000,26000000,33000000,33000000,50000000,51000000,10000000,10000000,7000000,8000000,0,0,7000000,7000000,26000000,26000000,33000000,33000000,10000010,10000000,10000000,10000000,10,0
1179,662506000,3201530000,10000000,10000000,8000000,9000000,634506000,3172530000,9000000,9000000,1000000,1000000,10000000,10000000,28000000,29000000,10000000,10000000,8000000,9000000,0,0,9000000,9000000,1000000,1000000,10000000,10000000,10000010,10000000,10000000,10000000,10,0
1209,653506000,1923518000,10000000,10000000,9000000,10000000,634506000,1903518000,0,0,0,0,0,0,19000000,20000000,10000000,10000000,9000000,10000000,0,0,0,0,0,0,0,0,10000010,10000000,10000000,10000000,10,0
1239,748506000,2018518000,10000000,10000000,46000000,47000000,634506000,1903518000,46000000,46000000,12000000,12000000,58000000,58000000,114000000,115000000,10000000,10000000,46000000,47000000,0,0,46000000,46000000,12000000,12000000,58000000,58000000,10000010,17000040,10000000,10000000,10,7000040
1269,806506000,5884554000,10000000,10000000,7000000,9000000,634506000,5710554000,9000000,9000000,146000000,146000000,155000000,155000000,172000000,174000000,10000000,10000000,7000000,9000000,0,0,9000000,9000000,146000000,146000000,155000000,155000000,10000010,46000030,10000000,10000000,10,36000030
10,852506000,853506000,10000000,10000000,17000000,18000000,634506000,634506000,18000000,18000000,173000000,173000000,191000000,191000000,218000000,219000000,10000000,10000000,17000000,18000000,0,0,18000000,18000000,173000000,173000000,191000000,191000000,10000010,57000020,10000000,10000000,10,47000020
40,662506000,664506000,10000000,10000000,18000000,20000000,634506000,634506000,0,0,0,0,0,0,28000000,30000000,10000000,10000000,18000000,20000000,0,0,0,0,0,0,0,0,10000010,10000000,10000000,10000000,10,0
70,906506000,907506000,10000000,10000000,10000000,11000000,634506000,634506000,11000000,11000000,241000000,241000000,252000000,252000000,272000000,273000000,10000000,10000000,10000000,11000000,0,0,11000000,11000000,241000000,241000000,252000000,252000000,10000010,78000040,10000000,10000000,10,68000040
100,770506000,771506000,10000000,10000000,18000000,19000000,634506000,634506000,18000000,18000000,90000000,90000000,108000000,108000000,136000000,137000000,10000000,10000000,18000000,19000000,0,0,18000000,18000000,90000000,90000000,108000000,108000000,10000010,31000010,10000000,10000000,10,21000010
130,754506000,754506000,10000000,10000000,1000000,1000000,634506000,634506000,1000000,1000000,108000000,108000000,109000000,109000000,120000000,120000000,10000000,10000000,1000000,1000000,0,0,1000000,1000000,108000000,108000000,109000000,109000000,10000010,22000030,10000000,10000000,10,12000030
160,1027506000,1028506000,10000000,10000000,43000000,44000000,634506000,634506000,44000000,44000000,296000000,296000000,340000000,340000000,393000000,394000000,10000000,10000000,43000000,44000000,0,0,44000000,44000000,296000000,296000000,340000000,340000000,10000010,131000060,10000000,10000000,10,121000060
190,849506000,849506000,10000000,10000000,20000000,20000000,634506000,634506000,20000000,20000000,165000000,165000000,185000000,185000000,215000000,215000000,10000000,10000000,20000000,20000000,0,0,20000000,20000000,165000000,165000000,185000000,185000000,10000010,37000050,10000000,10000000,10,27000050
220,978506000,979506000,10000000,10000000,19000000,20000000,634506000,634506000,20000000,20000000,295000000,295000000,315000000,315000000,344000000,345000000,10000000,10000000,19000000,20000000,0,0,20000000,20000000,295000000,295000000,315000000,315000000,10000010,38000040,10000000,10000000,10,28000040
250,725506000,726506000,10000000,10000000,8000000,9000000,634506000,634506000,9000000,9000000,64000000,64000000,73000000,73000000,91000000,92000000,10000000,10000000,8000000,9000000,0,0,9000000,9000000,64000000,64000000,73000000,73000000,10000010,26000030,10000000,10000000,10,16000030
280,834506000,834506000,10000000,10000000,9000000,9000000,634506000,634506000,9000000,9000000,172000000,172000000,181000000,181000000,200000000,200000000,10000000,10000000,9000000,9000000,0,0,9000000,9000000,172000000,172000000,181000000,181000000,10000010,26000040,10000000,10000000,10,16000040
310,899506000,900506000,10000000,10000000,8000000,9000000,634506000,634506000,9000000,9000000,238000000,238000000,247000000,247000000,265000000,266000000,10000000,10000000,8000000,9000000,0,0,9000000,9000000,238000000,238000000,247000000,247000000,10000010,43000020,10000000,10000000,10,33000020
340,901506000,902506000,10000000,10000000,8000000,9000000,634506000,634506000,9000000,9000000,240000000,240000000,249000000,249000000,267000000,268000000,10000000,10000000,8000000,9000000,0,0,9000000,9000000,240000000,240000000,249000000,249000000,10000010,43000020,10000000,10000000,10,33000020
370,663506000,664506000,10000000,10000000,8000000,9000000,634506000,634506000,8000000,8000000,3000000,3000000,11000000,11000000,29000000,30000000,10000000,10000000,8000000,9000000,0,0,8000000,8000000,3000000,3000000,11000000,11000000,10000010,11000010,10000000,10000000,10,1000010
400,978506000,979506000,10000000,10000000,12000000,13000000,634506000,634506000,13000000,13000000,309000000,309000000,322000000,322000000,344000000,345000000,10000000,10000000,12000000,13000000,0,0,13000000,13000000,309000000,309000000,322000000,322000000,10000010,12000010,10000000,10000000,10,2000010
430,847506000,847506000,10000000,10000000,11000000,11000000,634506000,634506000,11000000,11000000,181000000,181000000,192000000,192000000,213000000,213000000,10000000,10000000,11000000,11000000,0,0,11000000,11000000,181000000,181000000,192000000,192000000,10000010,36000040,10000000,10000000,10,26000040
460,735506000,738506000,10000000,10000000,8000000,11000000,634506000,634506000,11000000,11000000,72000000,72000000,83000000,83000000,101000000,104000000,10000000,10000000,8000000,11000000,0,0,11000000,11000000,72000000,72000000,83000000,83000000,10000010,76000040,10000000,10000000,10,66000040
490,648506000,649506000,10000000,10000000,4000000,5000000,634506000,634506000,0,0,0,0,0,0,14000000,15000000,10000000,10000000,4000000,5000000,0,0,0,0,0,0,0,0,10000010,10000000,10000000,10000000,10,0
520,1033506000,1034506000,10000000,10000000,38000000,39000000,634506000,634506000,39000000,39000000,312000000,312000000,351000000,351000000,399000000,400000000,10000000,10000000,38000000,39000000,0,0,39000000,39000000,312000000,312000000,351000000,351000000,10000010,93000020,10000000,10000000,10,83000020
550,818506000,819506000,10000000,10000000,7000000,8000000,634506000,634506000,8000000,8000000,159000000,159000000,167000000,167000000,184000000,185000000,10000000,10000000,7000000,8000000,0,0,8000000,8000000,159000000,159000000,167000000,167000000,10000010,20000030,10000000,10000000,10,10000030
580,992506000,993506000,10000000,10000000,57000000,58000000,634506000,634506000,58000000,58000000,233000000,233000000,291000000,291000000,358000000,359000000,10000000,10000000,57000000,58000000,0,0,58000000,58000000,233000000,233000000,291000000,291000000,10000010,115000030,10000000,10000000,10,105000030
610,865506000,866506000,10000000,10000000,9000000,10000000,634506000,634506000,10000000,10000000,202000000,202000000,212000000,212000000,231000000,232000000,10000000,10000000,9000000,10000000,0,0,10000000,10000000,202000000,202000000,212000000,212000000,10000010,31000040,10000000,10000000,10,21000040
640,751506000,810506000,10000000,10000000,9000000,19000000,634506000,634506000,19000000,80000000,79000000,67000000,98000000,147000000,117000000,176000000,10000000,10000000,9000000,19000000,0,0,19000000,80000000,79000000,67000000,98000000,147000000,10000010,82000020,10000000,10000000,10,72000020
670,777506000,777506000,10000000,10000000,6000000,6000000,634506000,634506000,6000000,6000000,121000000,121000000,127000000,127000000,143000000,143000000,10000000,10000000,6000000,6000000,0,0,6000000,6000000,121000000,121000000,127000000,127000000,10000010,30000030,10000000,10000000,10,20000030
700,848506000,849506000,10000000,10000000,17000000,18000000,634506000,634506000,18000000,18000000,169000000,169000000,187000000,187000000,214000000,215000000,10000000,10000000,17000000,18000000,0,0,18000000,18000000,169000000,169000000,187000000,187000000,10000010,31000010,10000000,10000000,10,21000010
730,878506000,878506000,10000000,10000000,6000000,6000000,634506000,634506000,6000000,6000000,222000000,222000000,228000000,228000000,244000000,244000000,10000000,10000000,6000000,6000000,0,0,6000000,6000000,222000000,222000000,228000000,228000000,10000010,92000030,10000000,10000000,10,82000030
760,712506000,712506000,10000000,10000000,1000000,1000000,634506000,634506000,1000000,1000000,66000000,66000000,67000000,67000000,78000000,78000000,10000000,10000000,1000000,1000000,0,0,1000000,1000000,66000000,66000000,67000000,67000000,10000010,30000030,10000000,10000000,10,20000030
790,755506000,755506000,10000000,10000000,1000000,1000000,634506000,634506000,1000000,1000000,109000000,109000000,110000000,110000000,121000000,121000000,10000000,10000000,1000000,1000000,0,0,1000000,1000000,109000000,109000000,110000000,110000000,10000010,91000040,10000000,10000000,10,81000040
820,859506000,860506000,10000000,10000000,0,1000000,634506000,634506000,1000000,1000000,214000000,214000000,215000000,215000000,225000000,226000000,10000000,10000000,0,1000000,0,0,1000000,1000000,214000000,214000000,215000000,215000000,10000010,91000030,10000000,10000000,10,81000030
850,904506000,905506000,10000000,10000000,12000000,13000000,634506000,634506000,13000000,13000000,235000000,235000000,248000000,248000000,270000000,271000000,10000000,10000000,12000000,13000000,0,0,13000000,13000000,235000000,235000000,248000000,248000000,10000010,19000010,10000000,10000000,10,9000010
880,969506000,970506000,10000000,10000000,15000000,16000000,634506000,634506000,16000000,16000000,294000000,294000000,310000000,310000000,335000000,336000000,10000000,10000000,15000000,16000000,0,0,16000000,16000000,294000000,294000000,310000000,310000000,10000010,38000040,10000000,10000000,10,28000040
910,662506000,662506000,10000000,10000000,8000000,8000000,634506000,634506000,8000000,8000000,2000000,2000000,10000000,10000000,28000000,28000000,10000000,10000000,8000000,8000000,0,0,8000000,8000000,2000000,2000000,10000000,10000000,10000010,11000010,10000000,10000000,10,1000010
940,891506000,891506000,10000000,10000000,9000000,9000000,634506000,634506000,9000000,9000000,229000000,229000000,238000000,238000000,257000000,257000000,10000000,10000000,9000000,9000000,0,0,9000000,9000000,229000000,229000000,238000000,238000000,10000010,26000040,10000000,10000000,10,16000040
970,775506000,775506000,10000000,10000000,8000000,8000000,634506000,634506000,8000000,8000000,115000000,115000000,123000000,123000000,141000000,141000000,10000000,10000000,8000000,8000000,0,0,8000000,8000000,115000000,115000000,123000000,123000000,10000010,18000020,10000000,10000000,10,8000020
1000,900506000,20589192000,10000000,10000000,1000000,20000000,634506000,20304192000,20000000,20000000,235000000,235000000,255000000,255000000,266000000,285000000,10000000,10000000,1000000,20000000,0,0,20000000,20000000,235000000,235000000,255000000,255000000,10000010,25000050,10000000,10000000,10,15000050
1030,870506000,12937120000,10000000,10000000,1000000,12000000,634506000,12690120000,8000000,8000000,217000000,217000000,225000000,225000000,236000000,247000000,10000000,10000000,1000000,12000000,0,0,8000000,8000000,217000000,217000000,225000000,225000000,10000010,27000030,10000000,10000000,10,17000030
1060,653506000,1923518000,10000000,10000000,9000000,10000000,634506000,1903518000,0,0,0,0,0,0,19000000,20000000,10000000,10000000,9000000,10000000,0,0,0,0,0,0,0,0,10000010,10000000,10000000,10000000,10,0
1090,973506000,4149036000,10000000,10000000,10000000,13000000,634506000,3807036000,13000000,13000000,306000000,306000000,319000000,319000000,339000000,342000000,10000000,10000000,10000000,13000000,0,0,13000000,13000000,306000000,306000000,319000000,319000000,10000010,10000000,10000000,10000000,10,0
1120,762506000,5209048000,10000000,10000000,8000000,13000000,634506000,5076048000,12000000,12000000,98000000,98000000,110000000,110000000,128000000,133000000,10000000,10000000,8000000,13000000,0,0,12000000,12000000,98000000,98000000,110000000,110000000,10000010,32000020,10000000,10000000,10,22000020
1150,824506000,7808072000,10000000,10000000,7000000,11000000,634506000,7614072000,8000000,8000000,165000000,165000000,173000000,173000000,190000000,194000000,10000000,10000000,7000000,11000000,0,0,8000000,8000000,165000000,165000000,173000000,173000000,10000010,93000020,10000000,10000000,10,83000020
1180,662506000,3201530000,10000000,10000000,8000000,9000000,634506000,3172530000,9000000,9000000,1000000,1000000,10000000,10000000,28000000,29000000,10000000,10000000,8000000,9000000,0,0,9000000,9000000,1000000,1000000,10000000,10000000,10000010,10000000,10000000,10000000,10,0
1210,653506000,1923518000,10000000,10000000,9000000,10000000,634506000,1903518000,0,0,0,0,0,0,19000000,20000000,10000000,10000000,9000000,10000000,0,0,0,0,0,0,0,0,10000010,10000000,10000000,10000000,10,0
1240,1042506000,2956024000,10000000,10000000,38000000,48000000,634506000,2538024000,48000000,48000000,312000000,312000000,360000000,360000000,408000000,418000000,10000000,10000000,38000000,48000000,0,0,48000000,48000000,312000000,312000000,360000000,360000000,10000010,42000040,10000000,10000000,10,32000040
1270,684506000,2589024000,10000000,10000000,7000000,8000000,634506000,2538024000,7000000,7000000,26000000,26000000,33000000,33000000,50000000,51000000,10000000,10000000,7000000,8000000,0,0,7000000,7000000,26000000,26000000,33000000,33000000,10000010,10000000,10000000,10000000,10,0
11,796506000,812506000,10000000,10000000,1000000,17000000,634506000,634506000,17000000,17000000,134000000,134000000,151000000,151000000,162000000,178000000,10000000,10000000,1000000,17000000,0,0,17000000,17000000,134000000,134000000,151000000,151000000,10000010,19000030,10000000,10000000,10,9000030
41,788506000,788506000,10000000,10000000,18000000,18000000,634506000,634506000,18000000,18000000,108000000,108000000,126000000,126000000,154000000,154000000,10000000,10000000,18000000,18000000,0,0,18000000,18000000,108000000,108000000,126000000,126000000,10000010,25000020,10000000,10000000,10,15000020
71,897506000,899506000,10000000,10000000,10000000,12000000,634506000,634506000,12000000,12000000,231000000,231000000,243000000,243000000,263000000,265000000,10000000,10000000,10000000,12000000,0,0,12000000,12000000,231000000,231000000,243000000,243000000,10000010,78000040,10000000,10000000,10,68000040
101,765506000,767506000,10000000,10000000,18000000,20000000,634506000,634506000,18000000,18000000,85000000,85000000,103000000,103000000,131000000,133000000,10000000,10000000,18000000,20000000,0,0,18000000,18000000,85000000,85000000,103000000,103000000,10000010,31000030,10000000,10000000,10,21000030
131,706506000,713506000,10000000,10000000,1000000,8000000,634506000,634506000,1000000,1000000,60000000,60000000,61000000,61000000,72000000,79000000,10000000,10000000,1000000,8000000,0,0,1000000,1000000,60000000,60000000,61000000,61000000,10000010,22000020,10000000,10000000,10,12000020
161,1047506000,1051506000,10000000,10000000,43000000,47000000,634506000,634506000,47000000,47000000,313000000,313000000,360000000,360000000,413000000,417000000,10000000,10000000,43000000,47000000,0,0,47000000,47000000,313000000,313000000,360000000,360000000,10000010,47000040,10000000,10000000,10,37000040
191,890506000,890506000,10000000,10000000,20000000,20000000,634506000,634506000,20000000,20000000,206000000,206000000,226000000,226000000,256000000,256000000,10000000,10000000,20000000,20000000,0,0,20000000,20000000,206000000,206000000,226000000,226000000,10000010,61000030,10000000,10000000,10,51000030
221,903506000,904506000,10000000,10000000,19000000,20000000,634506000,634506000,20000000,20000000,220000000,220000000,240000000,240000000,269000000,270000000,10000000,10000000,19000000,20000000,0,0,20000000,20000000,220000000,220000000,240000000,240000000,10000010,32000010,10000000,10000000,10,22000010
251,775506000,777506000,10000000,10000000,6000000,8000000,634506000,634506000,6000000,6000000,119000000,119000000,125000000,125000000,141000000,143000000,10000000,10000000,6000000,8000000,0,0,6000000,6000000,119000000,119000000,125000000,125000000,10000010,25000020,10000000,10000000,10,15000020
281,737506000,737506000,10000000,10000000,9000000,9000000,634506000,634506000,9000000,9000000,75000000,75000000,84000000,84000000,103000000,103000000,10000000,10000000,9000000,9000000,0,0,9000000,9000000,75000000,75000000,84000000,84000000,10000010,25000020,10000000,10000000,10,15000020
311,901506000,902506000,10000000,10000000,8000000,9000000,634506000,634506000,9000000,9000000,240000000,240000000,249000000,249000000,267000000,268000000,10000000,10000000,8000000,9000000,0,0,9000000,9000000,240000000,240000000,249000000,249000000,10000010,43000020,10000000,10000000,10,33000020
341,901506000,902506000,10000000,10000000,8000000,9000000,634506000,634506000,9000000,9000000,240000000,240000000,249000000,249000000,267000000,268000000,10000000,10000000,8000000,9000000,0,0,9000000,9000000,240000000,240000000,249000000,249000000,10000010,43000020,10000000,10000000,10,33000020
371,663506000,664506000,10000000,10000000,8000000,9000000,634506000,634506000,8000000,8000000,3000000,3000000,11000000,11000000,29000000,30000000,10000000,10000000,8000000,9000000,0,0,8000000,8000000,3000000,3000000,11000000,11000000,10000010,11000010,10000000,10000000,10,1000010
401,976506000,977506000,10000000,10000000,12000000,13000000,634506000,634506000,13000000,13000000,307000000,307000000,320000000,320000000,342000000,343000000,10000000,10000000,12000000,13000000,0,0,13000000,13000000,307000000,307000000,320000000,320000000,10000010,12000010,10000000,10000000,10,2000010
431,765506000,766506000,10000000,10000000,10000000,11000000,634506000,634506000,11000000,11000000,100000000,100000000,111000000,111000000,131000000,132000000,10000000,10000000,10000000,11000000,0,0,11000000,11000000,100000000,100000000,111000000,111000000,10000010,36000040,10000000,10000000,10,26000040
461,759506000,759506000,10000000,10000000,11000000,11000000,634506000,634506000,11000000,11000000,93000000,93000000,104000000,104000000,125000000,125000000,10000000,10000000,11000000,11000000,0,0,11000000,11000000,93000000,93000000,104000000,104000000,10000010,43000020,10000000,10000000,10,33000020
491,922506000,922506000,10000000,10000000,4000000,4000000,634506000,634506000,4000000,4000000,270000000,270000000,274000000,274000000,288000000,288000000,10000000,10000000,4000000,4000000,0,0,4000000,4000000,270000000,270000000,274000000,274000000,10000010,25000040,10000000,10000000,10,15000040
521,793506000,812506000,10000000,10000000,19000000,38000000,634506000,634506000,38000000,38000000,92000000,92000000,130000000,130000000,159000000,178000000,10000000,10000000,19000000,38000000,0,0,38000000,38000000,92000000,92000000,130000000,130000000,10000010,72000010,10000000,10000000,10,62000010
551,878506000,879506000,10000000,10000000,7000000,8000000,634506000,634506000,8000000,8000000,219000000,219000000,227000000,227000000,244000000,245000000,10000000,10000000,7000000,8000000,0,0,8000000,8000000,219000000,219000000,227000000,227000000,10000010,32000030,10000000,10000000,10,22000030
581,1033506000,1061506000,10000000,10000000,57000000,85000000,634506000,634506000,85000000,85000000,247000000,247000000,332000000,332000000,399000000,427000000,10000000,10000000,57000000,85000000,0,0,85000000,85000000,247000000,247000000,332000000,332000000,10000010,116000030,10000000,10000000,10,106000030
611,865506000,866506000,10000000,10000000,9000000,10000000,634506000,634506000,10000000,10000000,202000000,202000000,212000000,212000000,231000000,232000000,10000000,10000000,9000000,10000000,0,0,10000000,10000000,202000000,202000000,212000000,212000000,10000010,31000040,10000000,10000000,10,21000040
641,848506000,849506000,10000000,10000000,9000000,10000000,634506000,634506000,10000000,10000000,185000000,185000000,195000000,195000000,214000000,215000000,10000000,10000000,9000000,10000000,0,0,10000000,10000000,185000000,185000000,195000000,195000000,10000010,93000020,10000000,10000000,10,83000020
671,867506000,868506000,10000000,10000000,6000000,7000000,634506000,634506000,7000000,7000000,210000000,210000000,217000000,217000000,233000000,234000000,10000000,10000000,6000000,7000000,0,0,7000000,7000000,210000000,210000000,217000000,217000000,10000010,30000030,10000000,10000000,10,20000030
701,848506000,849506000,10000000,10000000,17000000,18000000,634506000,634506000,18000000,18000000,169000000,169000000,187000000,187000000,214000000,215000000,10000000,10000000,17000000,18000000,0,0,18000000,18000000,169000000,169000000,187000000,187000000,10000010,31000010,10000000,10000000,10,21000010
731,796506000,796506000,10000000,10000000,6000000,6000000,634506000,634506000,6000000,6000000,140000000,140000000,146000000,146000000,162000000,162000000,10000000,10000000,6000000,6000000,0,0,6000000,6000000,140000000,140000000,146000000,146000000,10000010,22000020,10000000,10000000,10,12000020
761,719506000,719506000,10000000,10000000,1000000,1000000,634506000,634506000,1000000,1000000,73000000,73000000,74000000,74000000,85000000,85000000,10000000,10000000,1000000,1000000,0,0,1000000,1000000,73000000,73000000,74000000,74000000,10000010,30000030,10000000,10000000,10,20000030
791,705506000,727506000,10000000,10000000,1000000,1000000,634506000,634506000,1000000,81000000,59000000,1000000,60000000,82000000,71000000,93000000,10000000,10000000,1000000,1000000,0,0,1000000,81000000,59000000,1000000,60000000,82000000,10000010,91000040,10000000,10000000,10,81000040
821,859506000,860506000,10000000,10000000,0,1000000,634506000,634506000,1000000,1000000,214000000,214000000,215000000,215000000,225000000,226000000,10000000,10000000,0,1000000,0,0,1000000,1000000,214000000,214000000,215000000,215000000,10000010,91000030,10000000,10000000,10,81000030
851,777506000,778506000,10000000,10000000,12000000,13000000,634506000,634506000,13000000,13000000,108000000,108000000,121000000,121000000,143000000,144000000,10000000,10000000,12000000,13000000,0,0,13000000,13000000,108000000,108000000,121000000,121000000,10000010,19000010,10000000,10000000,10,9000010
881,971506000,972506000,10000000,10000000,15000000,16000000,634506000,634506000,16000000,16000000,296000000,296000000,312000000,312000000,337000000,338000000,10000000,10000000,15000000,16000000,0,0,16000000,16000000,296000000,296000000,312000000,312000000,10000010,38000040,10000000,10000000,10,28000040
911,660506000,661506000,10000000,10000000,16000000,17000000,634506000,634506000,0,0,0,0,0,0,26000000,27000000,10000000,10000000,16000000,17000000,0,0,0,0,0,0,0,0,10000010,10000000,10000000,10000000,10,0
941,941506000,942506000,10000000,10000000,9000000,10000000,634506000,634506000,10000000,10000000,278000000,278000000,288000000,288000000,307000000,308000000,10000000,10000000,9000000,10000000,0,0,10000000,10000000,278000000,278000000,288000000,288000000,10000010,37000040,10000000,10000000,10,27000040
971,741506000,741506000,10000000,10000000,11000000,11000000,634506000,634506000,11000000,11000000,75000000,75000000,86000000,86000000,107000000,107000000,10000000,10000000,11000000,11000000,0,0,11000000,11000000,75000000,75000000,86000000,86000000,10000010,12000010,10000000,10000000,10,2000010
1001,975506000,4785542000,10000000,10000000,10000000,13000000,634506000,4441542000,13000000,13000000,308000000,308000000,321000000,321000000,341000000,344000000,10000000,10000000,10000000,13000000,0,0,13000000,13000000,308000000,308000000,321000000,321000000,10000010,10000000,10000000,10000000,10,0
1031,818506000,4038036000,10000000,10000000,10000000,57000000,634506000,3807036000,57000000,57000000,107000000,107000000,164000000,164000000,184000000,231000000,10000000,10000000,10000000,57000000,0,0,57000000,57000000,107000000,107000000,164000000,164000000,10000010,38000010,10000000,10000000,10,28000010
1061,781506000,4596542000,10000000,10000000,1000000,9000000,634506000,4441542000,8000000,8000000,128000000,128000000,136000000,136000000,147000000,155000000,10000000,10000000,1000000,9000000,0,0,8000000,8000000,128000000,128000000,136000000,136000000,10000010,43000020,10000000,10000000,10,33000020
1091,971506000,3512530000,10000000,10000000,10000000,13000000,634506000,3172530000,13000000,13000000,304000000,304000000,317000000,317000000,337000000,340000000,10000000,10000000,10000000,13000000,0,0,13000000,13000000,304000000,304000000,317000000,317000000,10000010,10000000,10000000,10000000,10,0
1121,652506000,653506000,10000000,10000000,8000000,9000000,634506000,634506000,0,0,0,0,0,0,18000000,19000000,10000000,10000000,8000000,9000000,0,0,0,0,0,0,0,0,10000010,10000000,10000000,10000000,10,0
1151,921506000,9814590000,10000000,10000000,0,10000000,634506000,9517590000,8000000,8000000,269000000,269000000,277000000,277000000,287000000,297000000,10000000,10000000,0,10000000,0,0,8000000,8000000,269000000,269000000,277000000,277000000,10000010,90000040,10000000,10000000,10,80000040
1181,662506000,3201530000,10000000,10000000,8000000,9000000,634506000,3172530000,9000000,9000000,1000000,1000000,10000000,10000000,28000000,29000000,10000000,10000000,8000000,9000000,0,0,9000000,9000000,1000000,1000000,10000000,10000000,10000010,10000000,10000000,10000000,10,0
1211,653506000,1923518000,10000000,10000000,9000000,10000000,634506000,1903518000,0,0,0,0,0,0,19000000,20000000,10000000,10000000,9000000,10000000,0,0,0,0,0,0,0,0,10000010,10000000,10000000,10000000,10,0
1241,700506000,1336012000,10000000,10000000,8000000,9000000,634506000,1269012000,9000000,9000000,39000000,39000000,48000000,48000000,66000000,67000000,10000000,10000000,8000000,9000000,0,0,9000000,9000000,39000000,39000000,48000000,48000000,10000010,10000000,10000000,10000000,10,0
1271,721506000,2627024000,10000000,10000000,17000000,19000000,634506000,2538024000,19000000,19000000,41000000,41000000,60000000,60000000,87000000,89000000,10000000,10000000,17000000,19000000,0,0,19000000,19000000,41000000,41000000,60000000,60000000,10000010,10000000,10000000,10000000,10,0
12,994506000,995506000,10000000,10000000,19000000,20000000,634506000,634506000,20000000,20000000,311000000,311000000,331000000,331000000,360000000,361000000,10000000,10000000,19000000,20000000,0,0,20000000,20000000,311000000,311000000,331000000,331000000,10000010,33000020,10000000,10000000,10,23000020
42,661506000,662506000,10000000,10000000,17000000,18000000,634506000,634506000,0,0,0,0,0,0,27000000,28000000,10000000,10000000,17000000,18000000,0,0,0,0,0,0,0,0,10000010,10000000,10000000,10000000,10,0
72,906506000,907506000,10000000,10000000,10000000,11000000,634506000,634506000,11000000,11000000,241000000,241000000,252000000,252000000,272000000,273000000,10000000,10000000,10000000,11000000,0,0,11000000,11000000,241000000,241000000,252000000,252000000,10000010,78000040,10000000,10000000,10,68000040
102,771506000,771506000,10000000,10000000,18000000,18000000,634506000,634506000,18000000,18000000,91000000,91000000,109000000,109000000,137000000,137000000,10000000,10000000,18000000,18000000,0,0,18000000,18000000,91000000,91000000,109000000,109000000,10000010,57000020,10000000,10000000,10,47000020
132,807506000,807506000,10000000,10000000,1000000,1000000,634506000,634506000,1000000,1000000,161000000,161000000,162000000,162000000,173000000,173000000,10000000,10000000,1000000,1000000,0,0,1000000,1000000,161000000,161000000,162000000,162000000,10000010,22000030,10000000,10000000,10,12000030
162,724506000,752506000,10000000,10000000,9000000,37000000,634506000,634506000,37000000,37000000,34000000,34000000,71000000,71000000,90000000,118000000,10000000,10000000,9000000,37000000,0,0,37000000,37000000,34000000,34000000,71000000,71000000,10000010,20000040,10000000,10000000,10,10000040
192,891506000,891506000,10000000,10000000,20000000,20000000,634506000,634506000,20000000,20000000,207000000,207000000,227000000,227000000,257000000,257000000,10000000,10000000,20000000,20000000,0,0,20000000,20000000,207000000,207000000,227000000,227000000,10000010,61000030,10000000,10000000,10,51000030
222,903506000,904506000,10000000,10000000,19000000,20000000,634506000,634506000,20000000,20000000,220000000,220000000,240000000,240000000,269000000,270000000,10000000,10000000,19000000,20000000,0,0,20000000,20000000,220000000,220000000,240000000,240000000,10000010,32000010,10000000,10000000,10,22000010
252,787506000,789506000,10000000,10000000,6000000,8000000,634506000,634506000,6000000,6000000,131000000,131000000,137000000,137000000,153000000,155000000,10000000,10000000,6000000,8000000,0,0,6000000,6000000,131000000,131000000,137000000,137000000,10000010,27000030,10000000,10000000,10,17000030
282,856506000,856506000,10000000,10000000,9000000,9000000,634506000,634506000,9000000,9000000,194000000,194000000,203000000,203000000,222000000,222000000,10000000,10000000,9000000,9000000,0,0,9000000,9000000,194000000,194000000,203000000,203000000,10000010,26000040,10000000,10000000,10,16000040
312,835506000,836506000,10000000,10000000,8000000,9000000,634506000,634506000,9000000,9000000,174000000,174000000,183000000,183000000,201000000,202000000,10000000,10000000,8000000,9000000,0,0,9000000,9000000,174000000,174000000,183000000,183000000,10000010,66000030,10000000,10000000,10,56000030
342,901506000,902506000,10000000,10000000,8000000,9000000,634506000,634506000,9000000,9000000,240000000,240000000,249000000,249000000,267000000,268000000,10000000,10000000,8000000,9000000,0,0,9000000,9000000,240000000,240000000,249000000,249000000,10000010,43000020,10000000,10000000,10,33000020
372,792506000,792506000,10000000,10000000,9000000,9000000,634506000,634506000,9000000,9000000,130000000,130000000,139000000,139000000,158000000,158000000,10000000,10000000,9000000,9000000,0,0,9000000,9000000,130000000,130000000,139000000,139000000,10000010,26000030,10000000,10000000,10,16000030
402,837506000,838506000,10000000,10000000,11000000,12000000,634506000,634506000,12000000,12000000,170000000,170000000,182000000,182000000,203000000,204000000,10000000,10000000,11000000,12000000,0,0,12000000,12000000,170000000,170000000,182000000,182000000,10000010,36000040,10000000,10000000,10,26000040
432,846506000,846506000,10000000,10000000,11000000,11000000,634506000,634506000,11000000,11000000,180000000,180000000,191000000,191000000,212000000,212000000,10000000,10000000,11000000,11000000,0,0,11000000,11000000,180000000,180000000,191000000,191000000,10000010,36000040,10000000,10000000,10,26000040
462,760506000,760506000,10000000,10000000,11000000,11000000,634506000,634506000,11000000,11000000,94000000,94000000,105000000,105000000,126000000,126000000,10000000,10000000,11000000,11000000,0,0,11000000,11000000,94000000,94000000,105000000,105000000,10000010,43000020,10000000,10000000,10,33000020
492,908506000,908506000,10000000,10000000,4000000,4000000,634506000,634506000,4000000,4000000,256000000,256000000,260000000,260000000,274000000,274000000,10000000,10000000,4000000,4000000,0,0,4000000,4000000,256000000,256000000,260000000,260000000,10000010,83000040,10000000,10000000,10,73000040
522,827506000,848506000,10000000,10000000,17000000,38000000,634506000,634506000,38000000,38000000,128000000,128000000,166000000,166000000,193000000,214000000,10000000,10000000,17000000,38000000,0,0,38000000,38000000,128000000,128000000,166000000,166000000,10000010,36000040,10000000,10000000,10,26000040
552,878506000,879506000,10000000,10000000,7000000,8000000,634506000,634506000,8000000,8000000,219000000,219000000,227000000,227000000,244000000,245000000,10000000,10000000,7000000,8000000,0,0,8000000,8000000,219000000,219000000,227000000,227000000,10000010,32000030,10000000,10000000,10,22000030
582,748506000,750506000,10000000,10000000,44000000,46000000,634506000,634506000,46000000,46000000,14000000,14000000,60000000,60000000,114000000,116000000,10000000,10000000,44000000,46000000,0,0,46000000,46000000,14000000,14000000,60000000,60000000,10000010,47000060,10000000,10000000,10,37000060
612,865506000,866506000,10000000,10000000,9000000,10000000,634506000,634506000,10000000,10000000,202000000,202000000,212000000,212000000,231000000,232000000,10000000,10000000,9000000,10000000,0,0,10000000,10000000,202000000,202000000,212000000,212000000,10000010,31000040,10000000,10000000,10,21000040
642,816506000,817506000,10000000,10000000,9000000,10000000,634506000,634506000,10000000,10000000,153000000,153000000,163000000,163000000,182000000,183000000,10000000,10000000,9000000,10000000,0,0,10000000,10000000,153000000,153000000,163000000,163000000,10000010,93000020,10000000,10000000,10,83000020
672,791506000,792506000,10000000,10000000,5000000,6000000,634506000,634506000,6000000,6000000,136000000,136000000,142000000,142000000,157000000,158000000,10000000,10000000,5000000,6000000,0,0,6000000,6000000,136000000,136000000,142000000,142000000,10000010,92000040,10000000,10000000,10,82000040
702,808506000,809506000,10000000,10000000,17000000,18000000,634506000,634506000,18000000,18000000,129000000,129000000,147000000,147000000,174000000,175000000,10000000,10000000,17000000,18000000,0,0,18000000,18000000,129000000,129000000,147000000,147000000,10000010,31000010,10000000,10000000,10,21000010
732,836506000,836506000,10000000,10000000,6000000,6000000,634506000,634506000,6000000,6000000,180000000,180000000,186000000,186000000,202000000,202000000,10000000,10000000,6000000,6000000,0,0,6000000,6000000,180000000,180000000,186000000,186000000,10000010,92000030,10000000,10000000,10,82000030
762,719506000,719506000,10000000,10000000,1000000,1000000,634506000,634506000,1000000,1000000,73000000,73000000,74000000,74000000,85000000,85000000,10000000,10000000,1000000,1000000,0,0,1000000,1000000,73000000,73000000,74000000,74000000,10000010,30000030,10000000,10000000,10,20000030
792,758506000,758506000,10000000,10000000,1000000,1000000,634506000,634506000,1000000,1000000,112000000,112000000,113000000,113000000,124000000,124000000,10000000,10000000,1000000,1000000,0,0,1000000,1000000,112000000,112000000,113000000,113000000,10000010,91000040,10000000,10000000,10,81000040
822,859506000,860506000,10000000,10000000,0,1000000,634506000,634506000,1000000,1000000,214000000,214000000,215000000,215000000,225000000,226000000,10000000,10000000,0,1000000,0,0,1000000,1000000,214000000,214000000,215000000,215000000,10000010,91000030,10000000,10000000,10,81000030
852,903506000,904506000,10000000,10000000,12000000,13000000,634506000,634506000,13000000,13000000,234000000,234000000,247000000,247000000,269000000,270000000,10000000,10000000,12000000,13000000,0,0,13000000,13000000,234000000,234000000,247000000,247000000,10000010,19000010,10000000,10000000,10,9000010
882,844506000,845506000,10000000,10000000,15000000,16000000,634506000,634506000,16000000,16000000,169000000,169000000,185000000,185000000,210000000,211000000,10000000,10000000,15000000,16000000,0,0,16000000,16000000,169000000,169000000,185000000,185000000,10000010,38000050,10000000,10000000,10,28000050
912,660506000,661506000,10000000,10000000,16000000,17000000,634506000,634506000,0,0,0,0,0,0,26000000,27000000,10000000,10000000,16000000,17000000,0,0,0,0,0,0,0,0,10000010,10000000,10000000,10000000,10,0
942,762506000,763506000,10000000,10000000,8000000,9000000,634506000,634506000,9000000,9000000,101000000,101000000,110000000,110000000,128000000,129000000,10000000,10000000,8000000,9000000,0,0,9000000,9000000,101000000,101000000,110000000,110000000,10000010,48000050,10000000,10000000,10,38000050
972,868506000,895506000,10000000,10000000,58000000,85000000,634506000,634506000,85000000,85000000,81000000,81000000,166000000,166000000,234000000,261000000,10000000,10000000,58000000,85000000,0,0,85000000,85000000,81000000,81000000,166000000,166000000,10000010,116000020,10000000,10000000,10,106000020
1002,681506000,4489542000,10000000,10000000,12000000,13000000,634506000,4441542000,13000000,13000000,12000000,12000000,25000000,25000000,47000000,48000000,10000000,10000000,12000000,13000000,0,0,13000000,13000000,12000000,12000000,25000000,25000000,10000010,10000000,10000000,10000000,10,0
1032,661506000,1931518000,10000000,10000000,17000000,18000000,634506000,1903518000,0,0,0,0,0,0,27000000,28000000,10000000,10000000,17000000,18000000,0,0,0,0,0,0,0,0,10000010,10000000,10000000,10000000,10,0
1062,722506000,5173048000,10000000,10000000,0,9000000,634506000,5076048000,9000000,9000000,69000000,69000000,78000000,78000000,88000000,97000000,10000000,10000000,0,9000000,0,0,9000000,9000000,69000000,69000000,78000000,78000000,10000010,10000000,10000000,10000000,10,0
1092,975506000,4785542000,10000000,10000000,10000000,13000000,634506000,4441542000,13000000,13000000,308000000,308000000,321000000,321000000,341000000,344000000,10000000,10000000,10000000,13000000,0,0,13000000,13000000,308000000,308000000,321000000,321000000,10000010,10000000,10000000,10000000,10,0
1122,651506000,1921518000,10000000,10000000,7000000,8000000,634506000,1903518000,0,0,0,0,0,0,17000000,18000000,10000000,10000000,7000000,8000000,0,0,0,0,0,0,0,0,10000010,10000000,10000000,10000000,10,0
1152,684506000,3858036000,10000000,10000000,7000000,8000000,634506000,3807036000,7000000,7000000,26000000,26000000,33000000,33000000,50000000,51000000,10000000,10000000,7000000,8000000,0,0,7000000,7000000,26000000,26000000,33000000,33000000,10000010,10000000,10000000,10000000,10,0
1182,662506000,3201530000,10000000,10000000,8000000,9000000,634506000,3172530000,9000000,9000000,1000000,1000000,10000000,10000000,28000000,29000000,10000000,10000000,8000000,9000000,0,0,9000000,9000000,1000000,1000000,10000000,10000000,10000010,10000000,10000000,10000000,10,0
1212,652506000,1288012000,10000000,10000000,8000000,9000000,634506000,1269012000,0,0,0,0,0,0,18000000,19000000,10000000,10000000,8000000,9000000,0,0,0,0,0,0,0,0,10000010,10000000,10000000,10000000,10,0
1242,801506000,3342530000,10000000,10000000,8000000,11000000,634506000,3172530000,9000000,9000000,140000000,140000000,149000000,149000000,167000000,170000000,10000000,10000000,8000000,11000000,0,0,9000000,9000000,140000000,140000000,149000000,149000000,10000010,26000020,10000000,10000000,10,16000020
1272,721506000,2627024000,10000000,10000000,17000000,19000000,634506000,2538024000,19000000,19000000,41000000,41000000,60000000,60000000,87000000,89000000,10000000,10000000,17000000,19000000,0,0,19000000,19000000,41000000,41000000,60000000,60000000,10000010,10000000,10000000,10000000,10,0
13,932506000,933506000,10000000,10000000,19000000,20000000,634506000,634506000,20000000,20000000,249000000,249000000,269000000,269000000,298000000,299000000,10000000,10000000,19000000,20000000,0,0,20000000,20000000,249000000,249000000,269000000,269000000,10000010,32000010,10000000,10000000,10,22000010
43,846506000,847506000,10000000,10000000,17000000,18000000,634506000,634506000,18000000,18000000,167000000,167000000,185000000,185000000,212000000,213000000,10000000,10000000,17000000,18000000,0,0,18000000,18000000,167000000,167000000,185000000,185000000,10000010,39000040,10000000,10000000,10,29000040
73,906506000,907506000,10000000,10000000,10000000,11000000,634506000,634506000,11000000,11000000,241000000,241000000,252000000,252000000,272000000,273000000,10000000,10000000,10000000,11000000,0,0,11000000,11000000,241000000,241000000,252000000,252000000,10000010,78000040,10000000,10000000,10,68000040
103,757506000,764506000,10000000,10000000,11000000,18000000,634506000,634506000,18000000,18000000,84000000,84000000,102000000,102000000,123000000,130000000,10000000,10000000,11000000,18000000,0,0,18000000,18000000,84000000,84000000,102000000,102000000,10000010,85000040,10000000,10000000,10,75000040
133,807506000,807506000,10000000,10000000,1000000,1000000,634506000,634506000,1000000,1000000,161000000,161000000,162000000,162000000,173000000,173000000,10000000,10000000,1000000,1000000,0,0,1000000,1000000,161000000,161000000,162000000,162000000,10000010,22000030,10000000,10000000,10,12000030
163,724506000,752506000,10000000,10000000,9000000,37000000,634506000,634506000,37000000,37000000,34000000,34000000,71000000,71000000,90000000,118000000,10000000,10000000,9000000,37000000,0,0,37000000,37000000,34000000,34000000,71000000,71000000,10000010,16000030,10000000,10000000,10,6000030
193,891506000,891506000,10000000,10000000,20000000,20000000,634506000,634506000,20000000,20000000,207000000,207000000,227000000,227000000,257000000,257000000,10000000,10000000,20000000,20000000,0,0,20000000,20000000,207000000,207000000,227000000,227000000,10000010,61000030,10000000,10000000,10,51000030
223,786506000,805506000,10000000,10000000,19000000,38000000,634506000,634506000,38000000,38000000,85000000,85000000,123000000,123000000,152000000,171000000,10000000,10000000,19000000,38000000,0,0,38000000,38000000,85000000,85000000,123000000,123000000,10000010,22000020,10000000,10000000,10,12000020
253,734506000,742506000,10000000,10000000,0,8000000,634506000,634506000,8000000,8000000,82000000,82000000,90000000,90000000,100000000,108000000,10000000,10000000,0,8000000,0,0,8000000,8000000,82000000,82000000,90000000,90000000,10000010,21000010,10000000,10000000,10,11000010
283,820506000,820506000,10000000,10000000,9000000,9000000,634506000,634506000,9000000,9000000,158000000,158000000,167000000,167000000,186000000,186000000,10000000,10000000,9000000,9000000,0,0,9000000,9000000,158000000,158000000,167000000,167000000,10000010,26000040,10000000,10000000,10,16000040
313,706506000,713506000,10000000,10000000,1000000,8000000,634506000,634506000,1000000,1000000,60000000,60000000,61000000,61000000,72000000,79000000,10000000,10000000,1000000,8000000,0,0,1000000,1000000,60000000,60000000,61000000,61000000,10000010,22000020,10000000,10000000,10,12000020
343,706506000,713506000,10000000,10000000,1000000,8000000,634506000,634506000,1000000,1000000,60000000,60000000,61000000,61000000,72000000,79000000,10000000,10000000,1000000,8000000,0,0,1000000,1000000,60000000,60000000,61000000,61000000,10000010,22000020,10000000,10000000,10,12000020
373,791506000,791506000,10000000,10000000,9000000,9000000,634506000,634506000,9000000,9000000,129000000,129000000,138000000,138000000,157000000,157000000,10000000,10000000,9000000,9000000,0,0,9000000,9000000,129000000,129000000,138000000,138000000,10000010,26000030,10000000,10000000,10,16000030
403,976506000,977506000,10000000,10000000,12000000,13000000,634506000,634506000,13000000,13000000,307000000,307000000,320000000,320000000,342000000,343000000,10000000,10000000,12000000,13000000,0,0,13000000,13000000,307000000,307000000,320000000,320000000,10000010,12000010,10000000,10000000,10,2000010
433,837506000,838506000,10000000,10000000,11000000,12000000,634506000,634506000,12000000,12000000,170000000,170000000,182000000,182000000,203000000,204000000,10000000,10000000,11000000,12000000,0,0,12000000,12000000,170000000,170000000,182000000,182000000,10000010,36000040,10000000,10000000,10,26000040
463,720506000,722506000,10000000,10000000,9000000,11000000,634506000,634506000,9000000,9000000,58000000,58000000,67000000,67000000,86000000,88000000,10000000,10000000,9000000,11000000,0,0,9000000,9000000,58000000,58000000,67000000,67000000,10000010,27000030,10000000,10000000,10,17000030
493,922506000,922506000,10000000,10000000,4000000,4000000,634506000,634506000,4000000,4000000,270000000,270000000,274000000,274000000,288000000,288000000,10000000,10000000,4000000,4000000,0,0,4000000,4000000,270000000,270000000,274000000,274000000,10000010,25000040,10000000,10000000,10,15000040
523,806506000,826506000,10000000,10000000,18000000,38000000,634506000,634506000,38000000,38000000,106000000,106000000,144000000,144000000,172000000,192000000,10000000,10000000,18000000,38000000,0,0,38000000,38000000,106000000,106000000,144000000,144000000,10000010,72000010,10000000,10000000,10,62000010
553,800506000,805506000,10000000,10000000,7000000,12000000,634506000,634506000,12000000,12000000,137000000,137000000,149000000,149000000,166000000,171000000,10000000,10000000,7000000,12000000,0,0,12000000,12000000,137000000,137000000,149000000,149000000,10000010,33000030,10000000,10000000,10,23000030
583,1035506000,1036506000,10000000,10000000,46000000,47000000,634506000,634506000,47000000,47000000,298000000,298000000,345000000,345000000,401000000,402000000,10000000,10000000,46000000,47000000,0,0,47000000,47000000,298000000,298000000,345000000,345000000,10000010,49000050,10000000,10000000,10,39000050
613,865506000,866506000,10000000,10000000,9000000,10000000,634506000,634506000,10000000,10000000,202000000,202000000,212000000,212000000,231000000,232000000,10000000,10000000,9000000,10000000,0,0,10000000,10000000,202000000,202000000,212000000,212000000,10000010,31000040,10000000,10000000,10,21000040
643,816506000,817506000,10000000,10000000,9000000,10000000,634506000,634506000,10000000,10000000,153000000,153000000,163000000,163000000,182000000,183000000,10000000,10000000,9000000,10000000,0,0,10000000,10000000,153000000,153000000,163000000,163000000,10000010,93000020,10000000,10000000,10,83000020
673,736506000,736506000,10000000,10000000,6000000,6000000,634506000,634506000,6000000,6000000,80000000,80000000,86000000,86000000,102000000,102000000,10000000,10000000,6000000,6000000,0,0,6000000,6000000,80000000,80000000,86000000,86000000,10000010,20000010,10000000,10000000,10,10000010
703,848506000,849506000,10000000,10000000,17000000,18000000,634506000,634506000,18000000,18000000,169000000,169000000,187000000,187000000,214000000,215000000,10000000,10000000,17000000,18000000,0,0,18000000,18000000,169000000,169000000,187000000,187000000,10000010,31000010,10000000,10000000,10,21000010
733,836506000,836506000,10000000,10000000,6000000,6000000,634506000,634506000,6000000,6000000,180000000,180000000,186000000,186000000,202000000,202000000,10000000,10000000,6000000,6000000,0,0,6000000,6000000,180000000,180000000,186000000,186000000,10000010,22000020,10000000,10000000,10,12000020
763,719506000,719506000,10000000,10000000,1000000,1000000,634506000,634506000,1000000,1000000,73000000,73000000,74000000,74000000,85000000,85000000,10000000,10000000,1000000,1000000,0,0,1000000,1000000,73000000,73000000,74000000,74000000,10000010,30000030,10000000,10000000,10,20000030
793,758506000,758506000,10000000,10000000,1000000,1000000,634506000,634506000,1000000,1000000,112000000,112000000,113000000,113000000,124000000,124000000,10000000,10000000,1000000,1000000,0,0,1000000,1000000,112000000,112000000,113000000,113000000,10000010,91000040,10000000,10000000,10,81000040
823,859506000,860506000,10000000,10000000,0,1000000,634506000,634506000,1000000,1000000,214000000,214000000,215000000,215000000,225000000,226000000,10000000,10000000,0,1000000,0,0,1000000,1000000,214000000,214000000,215000000,215000000,10000010,91000030,10000000,10000000,10,81000030
853,691506000,697506000,10000000,10000000,2000000,8000000,634506000,634506000,8000000,8000000,37000000,37000000,45000000,45000000,57000000,63000000,10000000,10000000,2000000,8000000,0,0,8000000,8000000,37000000,37000000,45000000,45000000,10000010,17000030,10000000,10000000,10,7000030
883,1060506000,1060506000,10000000,10000000,81000000,81000000,634506000,634506000,81000000,81000000,254000000,254000000,335000000,335000000,426000000,426000000,10000000,10000000,81000000,81000000,0,0,81000000,81000000,254000000,254000000,335000000,335000000,10000010,142000030,10000000,10000000,10,132000030
913,654506000,665506000,10000000,10000000,10000000,21000000,634506000,634506000,0,0,0,0,0,0,20000000,31000000,10000000,10000000,10000000,21000000,0,0,0,0,0,0,0,0,10000010,10000000,10000000,10000000,10,0
943,859506000,859506000,10000000,10000000,8000000,8000000,634506000,634506000,8000000,8000000,199000000,199000000,207000000,207000000,225000000,225000000,10000000,10000000,8000000,8000000,0,0,8000000,8000000,199000000,199000000,207000000,207000000,10000010,54000030,10000000,10000000,10,44000030
973,939506000,7302566000,10000000,10000000,1000000,19000000,634506000,6979566000,18000000,18000000,276000000,276000000,294000000,294000000,305000000,323000000,10000000,10000000,1000000,19000000,0,0,18000000,18000000,276000000,276000000,294000000,294000000,10000010,78000020,10000000,10000000,10,68000020
1003,680506000,3854036000,10000000,10000000,12000000,13000000,634506000,3807036000,13000000,13000000,11000000,11000000,24000000,24000000,46000000,47000000,10000000,10000000,12000000,13000000,0,0,13000000,13000000,11000000,11000000,24000000,24000000,10000010,10000000,10000000,10000000,10,0
1033,876506000,8507578000,10000000,10000000,1000000,18000000,634506000,8248578000,10000000,10000000,221000000,221000000,231000000,231000000,242000000,259000000,10000000,10000000,1000000,18000000,0,0,10000000,10000000,221000000,221000000,231000000,231000000,10000010,78000020,10000000,10000000,10,68000020
1063,687506000,3226530000,10000000,10000000,19000000,20000000,634506000,3172530000,20000000,20000000,4000000,4000000,24000000,24000000,53000000,54000000,10000000,10000000,19000000,20000000,0,0,20000000,20000000,4000000,4000000,24000000,24000000,10000010,10000000,10000000,10000000,10,0
1093,975506000,4785542000,10000000,10000000,10000000,13000000,634506000,4441542000,13000000,13000000,308000000,308000000,321000000,321000000,341000000,344000000,10000000,10000000,10000000,13000000,0,0,13000000,13000000,308000000,308000000,321000000,321000000,10000010,10000000,10000000,10000000,10,0
1123,651506000,1921518000,10000000,10000000,7000000,8000000,634506000,1903518000,0,0,0,0,0,0,17000000,18000000,10000000,10000000,7000000,8000000,0,0,0,0,0,0,0,0,10000010,10000000,10000000,10000000,10,0
1153,660506000,661506000,10000000,10000000,16000000,17000000,634506000,634506000,0,0,0,0,0,0,26000000,27000000,10000000,10000000,16000000,17000000,0,0,0,0,0,0,0,0,10000010,10000000,10000000,10000000,10,0
1183,662506000,3201530000,10000000,10000000,8000000,9000000,634506000,3172530000,9000000,9000000,1000000,1000000,10000000,10000000,28000000,29000000,10000000,10000000,8000000,9000000,0,0,9000000,9000000,1000000,1000000,10000000,10000000,10000010,10000000,10000000,10000000,10,0
1213,645506000,646506000,10000000,10000000,1000000,2000000,634506000,634506000,0,0,0,0,0,0,11000000,12000000,10000000,10000000,1000000,2000000,0,0,0,0,0,0,0,0,10000010,10000000,10000000,10000000,10,0
1243,709506000,1346012000,10000000,10000000,11000000,13000000,634506000,1269012000,13000000,13000000,41000000,41000000,54000000,54000000,75000000,77000000,10000000,10000000,11000000,13000000,0,0,13000000,13000000,41000000,41000000,54000000,54000000,10000010,43000020,10000000,10000000,10,33000020
1273,748506000,3289530000,10000000,10000000,17000000,20000000,634506000,3172530000,19000000,19000000,68000000,68000000,87000000,87000000,114000000,117000000,10000000,10000000,17000000,20000000,0,0,19000000,19000000,68000000,68000000,87000000,87000000,10000010,72000010,10000000,10000000,10,62000010
14,719506000,719506000,10000000,10000000,19000000,19000000,634506000,634506000,19000000,19000000,37000000,37000000,56000000,56000000,85000000,85000000,10000000,10000000,19000000,19000000,0,0,19000000,19000000,37000000,37000000,56000000,56000000,10000010,32000010,10000000,10000000,10,22000010
44,967506000,968506000,10000000,10000000,17000000,18000000,634506000,634506000,18000000,18000000,288000000,288000000,306000000,306000000,333000000,334000000,10000000,10000000,17000000,18000000,0,0,18000000,18000000,288000000,288000000,306000000,306000000,10000010,71000050,10000000,10000000,10,61000050
74,871506000,872506000,10000000,10000000,10000000,11000000,634506000,634506000,11000000,11000000,206000000,206000000,217000000,217000000,237000000,238000000,10000000,10000000,10000000,11000000,0,0,11000000,11000000,206000000,206000000,217000000,217000000,10000010,44000040,10000000,10000000,10,34000040
104,775506000,775506000,10000000,10000000,18000000,18000000,634506000,634506000,18000000,18000000,95000000,95000000,113000000,113000000,141000000,141000000,10000000,10000000,18000000,18000000,0,0,18000000,18000000,95000000,95000000,113000000,113000000,10000010,83000030,10000000,10000000,10,73000030
134,807506000,807506000,10000000,10000000,1000000,1000000,634506000,634506000,1000000,1000000,161000000,161000000,162000000,162000000,173000000,173000000,10000000,10000000,1000000,1000000,0,0,1000000,1000000,161000000,161000000,162000000,162000000,10000010,22000030,10000000,10000000,10,12000030
164,777506000,779506000,10000000,10000000,9000000,11000000,634506000,634506000,9000000,9000000,115000000,115000000,124000000,124000000,143000000,145000000,10000000,10000000,9000000,11000000,0,0,9000000,9000000,115000000,115000000,124000000,124000000,10000010,40000010,10000000,10000000,10,30000010
194,932506000,943506000,10000000,10000000,9000000,20000000,634506000,634506000,20000000,20000000,259000000,259000000,279000000,279000000,298000000,309000000,10000000,10000000,9000000,20000000,0,0,20000000,20000000,259000000,259000000,279000000,279000000,10000010,29000040,10000000,10000000,10,19000040
224,903506000,904506000,10000000,10000000,19000000,20000000,634506000,634506000,20000000,20000000,220000000,220000000,240000000,240000000,269000000,270000000,10000000,10000000,19000000,20000000,0,0,20000000,20000000,220000000,220000000,240000000,240000000,10000010,32000010,10000000,10000000,10,22000010
254,808506000,809506000,10000000,10000000,8000000,9000000,634506000,634506000,9000000,9000000,147000000,147000000,156000000,156000000,174000000,175000000,10000000,10000000,8000000,9000000,0,0,9000000,9000000,147000000,147000000,156000000,156000000,10000010,26000040,10000000,10000000,10,16000040
284,737506000,737506000,10000000,10000000,9000000,9000000,634506000,634506000,9000000,9000000,75000000,75000000,84000000,84000000,103000000,103000000,10000000,10000000,9000000,9000000,0,0,9000000,9000000,75000000,75000000,84000000,84000000,10000010,23000030,10000000,10000000,10,13000030
314,796506000,806506000,10000000,10000000,8000000,10000000,634506000,634506000,10000000,73000000,134000000,79000000,144000000,152000000,162000000,172000000,10000000,10000000,8000000,10000000,0,0,10000000,73000000,134000000,79000000,144000000,152000000,10000010,87000030,10000000,10000000,10,77000030
344,901506000,902506000,10000000,10000000,8000000,9000000,634506000,634506000,9000000,9000000,240000000,240000000,249000000,249000000,267000000,268000000,10000000,10000000,8000000,9000000,0,0,9000000,9000000,240000000,240000000,249000000,249000000,10000010,43000020,10000000,10000000,10,33000020
374,792506000,792506000,10000000,10000000,9000000,9000000,634506000,634506000,9000000,9000000,130000000,130000000,139000000,139000000,158000000,158000000,10000000,10000000,9000000,9000000,0,0,9000000,9000000,130000000,130000000,139000000,139000000,10000010,26000030,10000000,10000000,10,16000030
404,751506000,752506000,10000000,10000000,11000000,12000000,634506000,634506000,12000000,12000000,84000000,84000000,96000000,96000000,117000000,118000000,10000000,10000000,11000000,12000000,0,0,12000000,12000000,84000000,84000000,96000000,96000000,10000010,43000020,10000000,10000000,10,33000020
434,847506000,847506000,10000000,10000000,11000000,11000000,634506000,634506000,11000000,11000000,181000000,181000000,192000000,192000000,213000000,213000000,10000000,10000000,11000000,11000000,0,0,11000000,11000000,181000000,181000000,192000000,192000000,10000010,36000040,10000000,10000000,10,26000040
464,751506000,752506000,10000000,10000000,11000000,12000000,634506000,634506000,12000000,12000000,84000000,84000000,96000000,96000000,117000000,118000000,10000000,10000000,11000000,12000000,0,0,12000000,12000000,84000000,84000000,96000000,96000000,10000010,43000020,10000000,10000000,10,33000020
494,922506000,922506000,10000000,10000000,4000000,4000000,634506000,634506000,4000000,4000000,270000000,270000000,274000000,274000000,288000000,288000000,10000000,10000000,4000000,4000000,0,0,4000000,4000000,270000000,270000000,274000000,274000000,10000010,25000040,10000000,10000000,10,15000040
524,995506000,997506000,10000000,10000000,18000000,20000000,634506000,634506000,20000000,20000000,313000000,313000000,333000000,333000000,361000000,363000000,10000000,10000000,18000000,20000000,0,0,20000000,20000000,313000000,313000000,333000000,333000000,10000010,36000040,10000000,10000000,10,26000040
554,878506000,879506000,10000000,10000000,7000000,8000000,634506000,634506000,8000000,8000000,219000000,219000000,227000000,227000000,244000000,245000000,10000000,10000000,7000000,8000000,0,0,8000000,8000000,219000000,219000000,227000000,227000000,10000010,32000030,10000000,10000000,10,22000030
584,690506000,695506000,10000000,10000000,46000000,51000000,634506000,634506000,0,0,0,0,0,0,56000000,61000000,10000000,10000000,46000000,51000000,0,0,0,0,0,0,0,0,10000010,10000000,10000000,10000000,10,0
614,865506000,866506000,10000000,10000000,9000000,10000000,634506000,634506000,10000000,10000000,202000000,202000000,212000000,212000000,231000000,232000000,10000000,10000000,9000000,10000000,0,0,10000000,10000000,202000000,202000000,212000000,212000000,10000010,31000040,10000000,10000000,10,21000040
644,816506000,817506000,10000000,10000000,9000000,10000000,634506000,634506000,10000000,10000000,153000000,153000000,163000000,163000000,182000000,183000000,10000000,10000000,9000000,10000000,0,0,10000000,10000000,153000000,153000000,163000000,163000000,10000010,93000020,10000000,10000000,10,83000020
674,764506000,764506000,10000000,10000000,6000000,6000000,634506000,634506000,6000000,6000000,108000000,108000000,114000000,114000000,130000000,130000000,10000000,10000000,6000000,6000000,0,0,6000000,6000000,108000000,108000000,114000000,114000000,10000010,20000010,10000000,10000000,10,10000010
704,848506000,849506000,10000000,10000000,17000000,18000000,634506000,634506000,18000000,18000000,169000000,169000000,187000000,187000000,214000000,215000000,10000000,10000000,17000000,18000000,0,0,18000000,18000000,169000000,169000000,187000000,187000000,10000010,31000010,10000000,10000000,10,21000010
734,837506000,837506000,10000000,10000000,6000000,6000000,634506000,634506000,6000000,6000000,181000000,181000000,187000000,187000000,203000000,203000000,10000000,10000000,6000000,6000000,0,0,6000000,6000000,181000000,181000000,187000000,187000000,10000010,92000030,10000000,10000000,10,82000030
764,716506000,716506000,10000000,10000000,1000000,1000000,634506000,634506000,1000000,1000000,70000000,70000000,71000000,71000000,82000000,82000000,10000000,10000000,1000000,1000000,0,0,1000000,1000000,70000000,70000000,71000000,71000000,10000010,30000030,10000000,10000000,10,20000030
794,755506000,755506000,10000000,10000000,1000000,1000000,634506000,634506000,1000000,1000000,109000000,109000000,110000000,110000000,121000000,121000000,10000000,10000000,1000000,1000000,0,0,1000000,1000000,109000000,109000000,110000000,110000000,10000010,91000040,10000000,10000000,10,81000040
824,859506000,860506000,10000000,10000000,0,1000000,634506000,634506000,1000000,1000000,214000000,214000000,215000000,215000000,225000000,226000000,10000000,10000000,0,1000000,0,0,1000000,1000000,214000000,214000000,215000000,215000000,10000010,91000030,10000000,10000000,10,81000030
854,790506000,791506000,10000000,10000000,8000000,9000000,634506000,634506000,8000000,8000000,130000000,130000000,138000000,138000000,156000000,157000000,10000000,10000000,8000000,9000000,0,0,8000000,8000000,130000000,130000000,138000000,138000000,10000010,44000030,10000000,10000000,10,34000030
884,819506000,819506000,10000000,10000000,16000000,16000000,634506000,634506000,16000000,16000000,143000000,143000000,159000000,159000000,185000000,185000000,10000000,10000000,16000000,16000000,0,0,16000000,16000000,143000000,143000000,159000000,159000000,10000010,35000030,10000000,10000000,10,25000030
914,1031506000,1033506000,10000000,10000000,41000000,43000000,634506000,634506000,43000000,44000000,303000000,302000000,346000000,346000000,397000000,399000000,10000000,10000000,41000000,43000000,0,0,43000000,44000000,303000000,302000000,346000000,346000000,10000010,125000080,10000000,10000000,10,115000080
944,859506000,859506000,10000000,10000000,8000000,8000000,634506000,634506000,8000000,8000000,199000000,199000000,207000000,207000000,225000000,225000000,10000000,10000000,8000000,8000000,0,0,8000000,8000000,199000000,199000000,207000000,207000000,10000010,54000030,10000000,10000000,10,44000030
974,982506000,16240650000,10000000,10000000,8000000,38000000,634506000,15862650000,20000000,20000000,310000000,310000000,330000000,330000000,348000000,378000000,10000000,10000000,8000000,38000000,0,0,20000000,20000000,310000000,310000000,330000000,330000000,10000010,57000020,10000000,10000000,10,47000020
1004,682506000,5125048000,10000000,10000000,12000000,13000000,634506000,5076048000,13000000,13000000,13000000,13000000,26000000,26000000,48000000,49000000,10000000,10000000,12000000,13000000,0,0,13000000,13000000,13000000,13000000,26000000,26000000,10000010,10000000,10000000,10000000,10,0
1034,661506000,1931518000,10000000,10000000,17000000,18000000,634506000,1903518000,0,0,0,0,0,0,27000000,28000000,10000000,10000000,17000000,18000000,0,0,0,0,0,0,0,0,10000010,10000000,10000000,10000000,10,0
1064,663506000,1299012000,10000000,10000000,19000000,20000000,634506000,1269012000,0,0,0,0,0,0,29000000,30000000,10000000,10000000,19000000,20000000,0,0,0,0,0,0,0,0,10000010,10000000,10000000,10000000,10,0
1094,975506000,4785542000,10000000,10000000,10000000,13000000,634506000,4441542000,13000000,13000000,308000000,308000000,321000000,321000000,341000000,344000000,10000000,10000000,10000000,13000000,0,0,13000000,13000000,308000000,308000000,321000000,321000000,10000010,10000000,10000000,10000000,10,0
1124,651506000,1921518000,10000000,10000000,7000000,8000000,634506000,1903518000,0,0,0,0,0,0,17000000,18000000,10000000,10000000,7000000,8000000,0,0,0,0,0,0,0,0,10000010,10000000,10000000,10000000,10,0
1154,659506000,2565024000,10000000,10000000,15000000,17000000,634506000,2538024000,0,0,0,0,0,0,25000000,27000000,10000000,10000000,15000000,17000000,0,0,0,0,0,0,0,0,10000010,10000000,10000000,10000000,10,0
1184,662506000,3201530000,10000000,10000000,8000000,9000000,634506000,3172530000,9000000,9000000,1000000,1000000,10000000,10000000,28000000,29000000,10000000,10000000,8000000,9000000,0,0,9000000,9000000,1000000,1000000,10000000,10000000,10000010,10000000,10000000,10000000,10,0
1214,1031506000,1669012000,10000000,10000000,41000000,44000000,634506000,1269012000,44000000,44000000,302000000,302000000,346000000,346000000,397000000,400000000,10000000,10000000,41000000,44000000,0,0,44000000,44000000,302000000,302000000,346000000,346000000,10000010,125000080,10000000,10000000,10,115000080
1244,655506000,1292012000,10000000,10000000,11000000,13000000,634506000,1269012000,0,0,0,0,0,0,21000000,23000000,10000000,10000000,11000000,13000000,0,0,0,0,0,0,0,0,10000010,10000000,10000000,10000000,10,0
1274,721506000,2627024000,10000000,10000000,17000000,19000000,634506000,2538024000,19000000,19000000,41000000,41000000,60000000,60000000,87000000,89000000,10000000,10000000,17000000,19000000,0,0,19000000,19000000,41000000,41000000,60000000,60000000,10000010,10000000,10000000,10000000,10,0
15,933506000,934506000,10000000,10000000,19000000,20000000,634506000,634506000,20000000,20000000,250000000,250000000,270000000,270000000,299000000,300000000,10000000,10000000,19000000,20000000,0,0,20000000,20000000,250000000,250000000,270000000,270000000,10000010,61000030,10000000,10000000,10,51000030
45,758506000,765506000,10000000,10000000,10000000,17000000,634506000,634506000,17000000,17000000,87000000,87000000,104000000,104000000,124000000,131000000,10000000,10000000,10000000,17000000,0,0,17000000,17000000,87000000,87000000,104000000,104000000,10000010,50000010,10000000,10000000,10,40000010
75,794506000,795506000,10000000,10000000,10000000,11000000,634506000,634506000,11000000,11000000,129000000,129000000,140000000,140000000,160000000,161000000,10000000,10000000,10000000,11000000,0,0,11000000,11000000,129000000,129000000,140000000,140000000,10000010,44000040,10000000,10000000,10,34000040
105,749506000,749506000,10000000,10000000,18000000,18000000,634506000,634506000,18000000,18000000,69000000,69000000,87000000,87000000,115000000,115000000,10000000,10000000,18000000,18000000,0,0,18000000,18000000,69000000,69000000,87000000,87000000,10000010,35000020,10000000,10000000,10,25000020
135,867506000,870506000,10000000,10000000,1000000,4000000,634506000,634506000,4000000,4000000,218000000,218000000,222000000,222000000,233000000,236000000,10000000,10000000,1000000,4000000,0,0,4000000,4000000,218000000,218000000,222000000,222000000,10000010,29000030,10000000,10000000,10,19000030
165,946506000,948506000,10000000,10000000,7000000,9000000,634506000,634506000,9000000,9000000,286000000,286000000,295000000,295000000,312000000,314000000,10000000,10000000,7000000,9000000,0,0,9000000,9000000,286000000,286000000,295000000,295000000,10000010,91000040,10000000,10000000,10,81000040
195,890506000,890506000,10000000,10000000,20000000,20000000,634506000,634506000,20000000,20000000,206000000,206000000,226000000,226000000,256000000,256000000,10000000,10000000,20000000,20000000,0,0,20000000,20000000,206000000,206000000,226000000,226000000,10000010,61000030,10000000,10000000,10,51000030
225,903506000,904506000,10000000,10000000,19000000,20000000,634506000,634506000,20000000,20000000,220000000,220000000,240000000,240000000,269000000,270000000,10000000,10000000,19000000,20000000,0,0,20000000,20000000,220000000,220000000,240000000,240000000,10000010,32000010,10000000,10000000,10,22000010
255,880506000,881506000,10000000,10000000,8000000,9000000,634506000,634506000,9000000,9000000,219000000,219000000,228000000,228000000,246000000,247000000,10000000,10000000,8000000,9000000,0,0,9000000,9000000,219000000,219000000,228000000,228000000,10000010,26000040,10000000,10000000,10,16000040
285,834506000,834506000,10000000,10000000,9000000,9000000,634506000,634506000,9000000,9000000,172000000,172000000,181000000,181000000,200000000,200000000,10000000,10000000,9000000,9000000,0,0,9000000,9000000,172000000,172000000,181000000,181000000,10000010,26000040,10000000,10000000,10,16000040
315,901506000,902506000,10000000,10000000,8000000,9000000,634506000,634506000,9000000,9000000,240000000,240000000,249000000,249000000,267000000,268000000,10000000,10000000,8000000,9000000,0,0,9000000,9000000,240000000,240000000,249000000,249000000,10000010,43000020,10000000,10000000,10,33000020
345,901506000,902506000,10000000,10000000,8000000,9000000,634506000,634506000,9000000,9000000,240000000,240000000,249000000,249000000,267000000,268000000,10000000,10000000,8000000,9000000,0,0,9000000,9000000,240000000,240000000,249000000,249000000,10000010,43000020,10000000,10000000,10,33000020
375,749506000,749506000,10000000,10000000,9000000,9000000,634506000,634506000,9000000,9000000,87000000,87000000,96000000,96000000,115000000,115000000,10000000,10000000,9000000,9000000,0,0,9000000,9000000,87000000,87000000,96000000,96000000,10000010,26000030,10000000,10000000,10,16000030
405,977506000,978506000,10000000,10000000,12000000,13000000,634506000,634506000,13000000,13000000,308000000,308000000,321000000,321000000,343000000,344000000,10000000,10000000,12000000,13000000,0,0,13000000,13000000,308000000,308000000,321000000,321000000,10000010,12000010,10000000,10000000,10,2000010
435,837506000,838506000,10000000,10000000,11000000,12000000,634506000,634506000,12000000,12000000,170000000,170000000,182000000,182000000,203000000,204000000,10000000,10000000,11000000,12000000,0,0,12000000,12000000,170000000,170000000,182000000,182000000,10000010,36000040,10000000,10000000,10,26000040
465,760506000,760506000,10000000,10000000,11000000,11000000,634506000,634506000,11000000,11000000,94000000,94000000,105000000,105000000,126000000,126000000,10000000,10000000,11000000,11000000,0,0,11000000,11000000,94000000,94000000,105000000,105000000,10000010,43000020,10000000,10000000,10,33000020
495,1010506000,1011506000,10000000,10000000,37000000,38000000,634506000,634506000,38000000,38000000,291000000,291000000,329000000,329000000,376000000,377000000,10000000,10000000,37000000,38000000,0,0,38000000,38000000,291000000,291000000,329000000,329000000,10000010,46000040,10000000,10000000,10,36000040
525,817506000,817506000,10000000,10000000,18000000,18000000,634506000,634506000,18000000,18000000,137000000,137000000,155000000,155000000,183000000,183000000,10000000,10000000,18000000,18000000,0,0,18000000,18000000,137000000,137000000,155000000,155000000,10000010,72000010,10000000,10000000,10,62000010
555,878506000,879506000,10000000,10000000,7000000,8000000,634506000,634506000,8000000,8000000,219000000,219000000,227000000,227000000,244000000,245000000,10000000,10000000,7000000,8000000,0,0,8000000,8000000,219000000,219000000,227000000,227000000,10000010,32000030,10000000,10000000,10,22000030
585,1034506000,1035506000,10000000,10000000,43000000,44000000,634506000,634506000,44000000,44000000,303000000,303000000,347000000,347000000,400000000,401000000,10000000,10000000,43000000,44000000,0,0,44000000,44000000,303000000,303000000,347000000,347000000,10000010,127000090,10000000,10000000,10,117000090
615,895506000,896506000,10000000,10000000,9000000,10000000,634506000,634506000,10000000,10000000,232000000,232000000,242000000,242000000,261000000,262000000,10000000,10000000,9000000,10000000,0,0,10000000,10000000,232000000,232000000,242000000,242000000,10000010,93000020,10000000,10000000,10,83000020
645,816506000,817506000,10000000,10000000,9000000,10000000,634506000,634506000,10000000,10000000,153000000,153000000,163000000,163000000,182000000,183000000,10000000,10000000,9000000,10000000,0,0,10000000,10000000,153000000,153000000,163000000,163000000,10000010,93000020,10000000,10000000,10,83000020
675,764506000,764506000,10000000,10000000,6000000,6000000,634506000,634506000,6000000,6000000,108000000,108000000,114000000,114000000,130000000,130000000,10000000,10000000,6000000,6000000,0,0,6000000,6000000,108000000,108000000,114000000,114000000,10000010,22000020,10000000,10000000,10,12000020
705,851506000,852506000,10000000,10000000,17000000,18000000,634506000,634506000,18000000,18000000,172000000,172000000,190000000,190000000,217000000,218000000,10000000,10000000,17000000,18000000,0,0,18000000,18000000,172000000,172000000,190000000,190000000,10000010,31000010,10000000,10000000,10,21000010
735,650506000,652506000,10000000,10000000,6000000,8000000,634506000,634506000,0,0,0,0,0,0,16000000,18000000,10000000,10000000,6000000,8000000,0,0,0,0,0,0,0,0,10000010,10000000,10000000,10000000,10,0
765,679506000,679506000,10000000,10000000,1000000,1000000,634506000,634506000,1000000,1000000,33000000,33000000,34000000,34000000,45000000,45000000,10000000,10000000,1000000,1000000,0,0,1000000,1000000,33000000,33000000,34000000,34000000,10000010,21000030,10000000,10000000,10,11000030
795,778506000,778506000,10000000,10000000,1000000,1000000,634506000,634506000,1000000,1000000,132000000,132000000,133000000,133000000,144000000,144000000,10000000,10000000,1000000,1000000,0,0,1000000,1000000,132000000,132000000,133000000,133000000,10000010,28000020,10000000,10000000,10,18000020
825,856506000,857506000,10000000,10000000,0,1000000,634506000,634506000,1000000,1000000,211000000,211000000,212000000,212000000,222000000,223000000,10000000,10000000,0,1000000,0,0,1000000,1000000,211000000,211000000,212000000,212000000,10000010,91000030,10000000,10000000,10,81000030
855,982506000,983506000,10000000,10000000,12000000,13000000,634506000,634506000,13000000,13000000,313000000,313000000,326000000,326000000,348000000,349000000,10000000,10000000,12000000,13000000,0,0,13000000,13000000,313000000,313000000,326000000,326000000,10000010,19000010,10000000,10000000,10,9000010
885,821506000,821506000,10000000,10000000,16000000,16000000,634506000,634506000,16000000,16000000,145000000,145000000,161000000,161000000,187000000,187000000,10000000,10000000,16000000,16000000,0,0,16000000,16000000,145000000,145000000,161000000,161000000,10000010,35000030,10000000,10000000,10,25000030
915,876506000,877506000,10000000,10000000,18000000,19000000,634506000,634506000,18000000,18000000,196000000,196000000,214000000,214000000,242000000,243000000,10000000,10000000,18000000,19000000,0,0,18000000,18000000,196000000,196000000,214000000,214000000,10000010,72000010,10000000,10000000,10,62000010
945,799506000,799506000,10000000,10000000,8000000,8000000,634506000,634506000,8000000,8000000,139000000,139000000,147000000,147000000,165000000,165000000,10000000,10000000,8000000,8000000,0,0,8000000,8000000,139000000,139000000,147000000,147000000,10000010,54000030,10000000,10000000,10,44000030
975,870506000,4689542000,10000000,10000000,8000000,20000000,634506000,4441542000,19000000,19000000,199000000,199000000,218000000,218000000,236000000,248000000,10000000,10000000,8000000,20000000,0,0,19000000,19000000,199000000,199000000,218000000,218000000,10000010,82000020,10000000,10000000,10,72000020
1005,982506000,16221650000,10000000,10000000,7000000,18000000,634506000,15862650000,13000000,13000000,318000000,318000000,331000000,331000000,348000000,359000000,10000000,10000000,7000000,18000000,0,0,13000000,13000000,318000000,318000000,331000000,331000000,10000010,85000040,10000000,10000000,10,75000040
1035,1093506000,4334036000,10000000,10000000,17000000,85000000,634506000,3807036000,73000000,73000000,359000000,359000000,432000000,432000000,459000000,527000000,10000000,10000000,17000000,85000000,0,0,73000000,73000000,359000000,359000000,432000000,432000000,10000010,76000030,10000000,10000000,10,66000030
1065,687506000,3861036000,10000000,10000000,19000000,20000000,634506000,3807036000,20000000,20000000,4000000,4000000,24000000,24000000,53000000,54000000,10000000,10000000,19000000,20000000,0,0,20000000,20000000,4000000,4000000,24000000,24000000,10000010,10000000,10000000,10000000,10,0
1095,843506000,3383530000,10000000,10000000,11000000,13000000,634506000,3172530000,13000000,13000000,175000000,175000000,188000000,188000000,209000000,211000000,10000000,10000000,11000000,13000000,0,0,13000000,13000000,175000000,175000000,188000000,188000000,10000010,10000000,10000000,10000000,10,0
1125,960506000,13114120000,10000000,10000000,0,10000000,634506000,12690120000,8000000,37000000,308000000,367000000,316000000,404000000,326000000,424000000,10000000,10000000,0,10000000,0,0,8000000,37000000,308000000,367000000,316000000,404000000,10000010,90000040,10000000,10000000,10,80000040
1155,678506000,1314012000,10000000,10000000,10000000,11000000,634506000,1269012000,11000000,11000000,13000000,13000000,24000000,24000000,44000000,45000000,10000000,10000000,10000000,11000000,0,0,11000000,11000000,13000000,13000000,24000000,24000000,10000010,10000000,10000000,10000000,10,0
1185,662506000,3201530000,10000000,10000000,8000000,9000000,634506000,3172530000,9000000,9000000,1000000,1000000,10000000,10000000,28000000,29000000,10000000,10000000,8000000,9000000,0,0,9000000,9000000,1000000,1000000,10000000,10000000,10000010,10000000,10000000,10000000,10,0
1215,679506000,1949518000,10000000,10000000,17000000,18000000,634506000,1903518000,17000000,17000000,1000000,1000000,18000000,18000000,45000000,46000000,10000000,10000000,17000000,18000000,0,0,17000000,17000000,1000000,1000000,18000000,18000000,10000010,10000000,10000000,10000000,10,0
1245,653506000,654506000,10000000,10000000,9000000,10000000,634506000,634506000,0,0,0,0,0,0,19000000,20000000,10000000,10000000,9000000,10000000,0,0,0,0,0,0,0,0,10000010,10000000,10000000,10000000,10,0
1275,721506000,2627024000,10000000,10000000,17000000,19000000,634506000,2538024000,19000000,19000000,41000000,41000000,60000000,60000000,87000000,89000000,10000000,10000000,17000000,19000000,0,0,19000000,19000000,41000000,41000000,60000000,60000000,10000010,10000000,10000000,10000000,10,0
16,932506000,933506000,10000000,10000000,19000000,20000000,634506000,634506000,20000000,20000000,249000000,249000000,269000000,269000000,298000000,299000000,10000000,10000000,19000000,20000000,0,0,20000000,20000000,249000000,249000000,269000000,269000000,10000010,32000010,10000000,10000000,10,22000010
46,933506000,934506000,10000000,10000000,17000000,18000000,634506000,634506000,18000000,18000000,254000000,254000000,272000000,272000000,299000000,300000000,10000000,10000000,17000000,18000000,0,0,18000000,18000000,254000000,254000000,272000000,272000000,10000010,78000020,10000000,10000000,10,68000020
76,906506000,907506000,10000000,10000000,10000000,11000000,634506000,634506000,11000000,11000000,241000000,241000000,252000000,252000000,272000000,273000000,10000000,10000000,10000000,11000000,0,0,11000000,11000000,241000000,241000000,252000000,252000000,10000010,78000040,10000000,10000000,10,68000040
106,821506000,821506000,10000000,10000000,18000000,18000000,634506000,634506000,18000000,18000000,141000000,141000000,159000000,159000000,187000000,187000000,10000000,10000000,18000000,18000000,0,0,18000000,18000000,141000000,141000000,159000000,159000000,10000010,35000040,10000000,10000000,10,25000040
136,730506000,738506000,10000000,10000000,1000000,9000000,634506000,634506000,9000000,9000000,76000000,76000000,85000000,85000000,96000000,104000000,10000000,10000000,1000000,9000000,0,0,9000000,9000000,76000000,76000000,85000000,85000000,10000010,21000030,10000000,10000000,10,11000030
166,844506000,844506000,10000000,10000000,20000000,20000000,634506000,634506000,20000000,20000000,160000000,160000000,180000000,180000000,210000000,210000000,10000000,10000000,20000000,20000000,0,0,20000000,20000000,160000000,160000000,180000000,180000000,10000010,37000040,10000000,10000000,10,27000040
196,890506000,890506000,10000000,10000000,20000000,20000000,634506000,634506000,20000000,20000000,206000000,206000000,226000000,226000000,256000000,256000000,10000000,10000000,20000000,20000000,0,0,20000000,20000000,206000000,206000000,226000000,226000000,10000010,61000030,10000000,10000000,10,51000030
226,959506000,960506000,10000000,10000000,19000000,20000000,634506000,634506000,20000000,20000000,276000000,276000000,296000000,296000000,325000000,326000000,10000000,10000000,19000000,20000000,0,0,20000000,20000000,276000000,276000000,296000000,296000000,10000010,32000010,10000000,10000000,10,22000010
256,828506000,829506000,10000000,10000000,8000000,9000000,634506000,634506000,9000000,9000000,167000000,167000000,176000000,176000000,194000000,195000000,10000000,10000000,8000000,9000000,0,0,9000000,9000000,167000000,167000000,176000000,176000000,10000010,26000040,10000000,10000000,10,16000040
286,769506000,773506000,10000000,10000000,5000000,9000000,634506000,634506000,5000000,5000000,115000000,115000000,120000000,120000000,135000000,139000000,10000000,10000000,5000000,9000000,0,0,5000000,5000000,115000000,115000000,120000000,120000000,10000010,27000030,10000000,10000000,10,17000030
316,901506000,902506000,10000000,10000000,8000000,9000000,634506000,634506000,9000000,9000000,240000000,240000000,249000000,249000000,267000000,268000000,10000000,10000000,8000000,9000000,0,0,9000000,9000000,240000000,240000000,249000000,249000000,10000010,43000020,10000000,10000000,10,33000020
346,663506000,664506000,10000000,10000000,8000000,9000000,634506000,634506000,8000000,8000000,3000000,3000000,11000000,11000000,29000000,30000000,10000000,10000000,8000000,9000000,0,0,8000000,8000000,3000000,3000000,11000000,11000000,10000010,11000010,10000000,10000000,10,1000010
376,792506000,792506000,10000000,10000000,9000000,9000000,634506000,634506000,9000000,9000000,130000000,130000000,139000000,139000000,158000000,158000000,10000000,10000000,9000000,9000000,0,0,9000000,9000000,130000000,130000000,139000000,139000000,10000010,26000030,10000000,10000000,10,16000030
406,976506000,977506000,10000000,10000000,12000000,13000000,634506000,634506000,13000000,13000000,307000000,307000000,320000000,320000000,342000000,343000000,10000000,10000000,12000000,13000000,0,0,13000000,13000000,307000000,307000000,320000000,320000000,10000010,12000010,10000000,10000000,10,2000010
436,837506000,838506000,10000000,10000000,11000000,12000000,634506000,634506000,12000000,12000000,170000000,170000000,182000000,182000000,203000000,204000000,10000000,10000000,11000000,12000000,0,0,12000000,12000000,170000000,170000000,182000000,182000000,10000010,36000040,10000000,10000000,10,26000040
466,751506000,752506000,10000000,10000000,11000000,12000000,634506000,634506000,12000000,12000000,84000000,84000000,96000000,96000000,117000000,118000000,10000000,10000000,11000000,12000000,0,0,12000000,12000000,84000000,84000000,96000000,96000000,10000010,43000020,10000000,10000000,10,33000020
496,1008506000,1011506000,10000000,10000000,37000000,40000000,634506000,634506000,40000000,40000000,287000000,287000000,327000000,327000000,374000000,377000000,10000000,10000000,37000000,40000000,0,0,40000000,40000000,287000000,287000000,327000000,327000000,10000010,40000010,10000000,10000000,10,30000010
526,888506000,889506000,10000000,10000000,18000000,19000000,634506000,634506000,19000000,19000000,207000000,207000000,226000000,226000000,254000000,255000000,10000000,10000000,18000000,19000000,0,0,19000000,19000000,207000000,207000000,226000000,226000000,10000010,72000010,10000000,10000000,10,62000010
556,878506000,879506000,10000000,10000000,7000000,8000000,634506000,634506000,8000000,8000000,219000000,219000000,227000000,227000000,244000000,245000000,10000000,10000000,7000000,8000000,0,0,8000000,8000000,219000000,219000000,227000000,227000000,10000010,32000030,10000000,10000000,10,22000030
586,1039506000,1042506000,10000000,10000000,44000000,47000000,634506000,634506000,47000000,47000000,304000000,304000000,351000000,351000000,405000000,408000000,10000000,10000000,44000000,47000000,0,0,47000000,47000000,304000000,304000000,351000000,351000000,10000010,48000050,10000000,10000000,10,38000050
616,816506000,817506000,10000000,10000000,9000000,10000000,634506000,634506000,10000000,10000000,153000000,153000000,163000000,163000000,182000000,183000000,10000000,10000000,9000000,10000000,0,0,10000000,10000000,153000000,153000000,163000000,163000000,10000010,93000020,10000000,10000000,10,83000020
646,849506000,849506000,10000000,10000000,10000000,10000000,634506000,634506000,10000000,10000000,185000000,185000000,195000000,195000000,215000000,215000000,10000000,10000000,10000000,10000000,0,0,10000000,10000000,185000000,185000000,195000000,195000000,10000010,52000020,10000000,10000000,10,42000020
676,767506000,771506000,10000000,10000000,6000000,10000000,634506000,634506000,6000000,6000000,111000000,111000000,117000000,117000000,133000000,137000000,10000000,10000000,6000000,10000000,0,0,6000000,6000000,111000000,111000000,117000000,117000000,10000010,16000040,10000000,10000000,10,6000040
706,783506000,799506000,10000000,10000000,1000000,17000000,634506000,634506000,17000000,17000000,121000000,121000000,138000000,138000000,149000000,165000000,10000000,10000000,1000000,17000000,0,0,17000000,17000000,121000000,121000000,138000000,138000000,10000010,32000020,10000000,10000000,10,22000020
736,927506000,928506000,10000000,10000000,6000000,7000000,634506000,634506000,7000000,7000000,270000000,270000000,277000000,277000000,293000000,294000000,10000000,10000000,6000000,7000000,0,0,7000000,7000000,270000000,270000000,277000000,277000000,10000010,48000030,10000000,10000000,10,38000030
766,719506000,719506000,10000000,10000000,1000000,1000000,634506000,634506000,1000000,1000000,73000000,73000000,74000000,74000000,85000000,85000000,10000000,10000000,1000000,1000000,0,0,1000000,1000000,73000000,73000000,74000000,74000000,10000010,30000030,10000000,10000000,10,20000030
796,781506000,781506000,10000000,10000000,1000000,1000000,634506000,634506000,1000000,1000000,135000000,135000000,136000000,136000000,147000000,147000000,10000000,10000000,1000000,1000000,0,0,1000000,1000000,135000000,135000000,136000000,136000000,10000010,28000020,10000000,10000000,10,18000020
826,806506000,807506000,10000000,10000000,0,1000000,634506000,634506000,1000000,1000000,161000000,161000000,162000000,162000000,172000000,173000000,10000000,10000000,0,1000000,0,0,1000000,1000000,161000000,161000000,162000000,162000000,10000010,91000030,10000000,10000000,10,81000030
856,827506000,827506000,10000000,10000000,12000000,12000000,634506000,634506000,12000000,12000000,159000000,159000000,171000000,171000000,193000000,193000000,10000000,10000000,12000000,12000000,0,0,12000000,12000000,159000000,159000000,171000000,171000000,10000010,19000010,10000000,10000000,10,9000010
886,731506000,731506000,10000000,10000000,2000000,2000000,634506000,634506000,2000000,2000000,83000000,83000000,85000000,85000000,97000000,97000000,10000000,10000000,2000000,2000000,0,0,2000000,2000000,83000000,83000000,85000000,85000000,10000010,17000020,10000000,10000000,10,7000020
916,907506000,907506000,10000000,10000000,19000000,19000000,634506000,634506000,19000000,19000000,225000000,225000000,244000000,244000000,273000000,273000000,10000000,10000000,19000000,19000000,0,0,19000000,19000000,225000000,225000000,244000000,244000000,10000010,72000010,10000000,10000000,10,62000010
946,901506000,902506000,10000000,10000000,8000000,9000000,634506000,634506000,9000000,9000000,240000000,240000000,249000000,249000000,267000000,268000000,10000000,10000000,8000000,9000000,0,0,9000000,9000000,240000000,240000000,249000000,249000000,10000010,55000040,10000000,10000000,10,45000040
976,983506000,8035072000,10000000,10000000,9000000,81000000,634506000,7614072000,57000000,57000000,273000000,273000000,330000000,330000000,349000000,421000000,10000000,10000000,9000000,81000000,0,0,57000000,57000000,273000000,273000000,330000000,330000000,10000010,62000050,10000000,10000000,10,52000050
1006,682506000,5125048000,10000000,10000000,12000000,13000000,634506000,5076048000,13000000,13000000,13000000,13000000,26000000,26000000,48000000,49000000,10000000,10000000,12000000,13000000,0,0,13000000,13000000,13000000,13000000,26000000,26000000,10000010,10000000,10000000,10000000,10,0
1036,1030506000,2942024000,10000000,10000000,43000000,51000000,634506000,2538024000,47000000,47000000,296000000,296000000,343000000,343000000,396000000,404000000,10000000,10000000,43000000,51000000,0,0,47000000,47000000,296000000,296000000,343000000,343000000,10000010,46000050,10000000,10000000,10,36000050
1066,687506000,3861036000,10000000,10000000,19000000,20000000,634506000,3807036000,20000000,20000000,4000000,4000000,24000000,24000000,53000000,54000000,10000000,10000000,19000000,20000000,0,0,20000000,20000000,4000000,4000000,24000000,24000000,10000010,10000000,10000000,10000000,10,0
1096,673506000,3847036000,10000000,10000000,0,1000000,634506000,3807036000,1000000,1000000,28000000,28000000,29000000,29000000,39000000,40000000,10000000,10000000,0,1000000,0,0,1000000,1000000,28000000,28000000,29000000,29000000,10000010,10000000,10000000,10000000,10,0
1126,787506000,3966036000,10000000,10000000,7000000,13000000,634506000,3807036000,13000000,13000000,123000000,123000000,136000000,136000000,153000000,159000000,10000000,10000000,7000000,13000000,0,0,13000000,13000000,123000000,123000000,136000000,136000000,10000010,20000030,10000000,10000000,10,10000030
1156,653506000,1289012000,10000000,10000000,9000000,10000000,634506000,1269012000,0,0,0,0,0,0,19000000,20000000,10000000,10000000,9000000,10000000,0,0,0,0,0,0,0,0,10000010,10000000,10000000,10000000,10,0
1186,662506000,3201530000,10000000,10000000,8000000,9000000,634506000,3172530000,9000000,9000000,1000000,1000000,10000000,10000000,28000000,29000000,10000000,10000000,8000000,9000000,0,0,9000000,9000000,1000000,1000000,10000000,10000000,10000010,10000000,10000000,10000000,10,0
1216,721506000,2627024000,10000000,10000000,17000000,19000000,634506000,2538024000,19000000,19000000,41000000,41000000,60000000,60000000,87000000,89000000,10000000,10000000,17000000,19000000,0,0,19000000,19000000,41000000,41000000,60000000,60000000,10000010,10000000,10000000,10000000,10,0
1246,652506000,1288012000,10000000,10000000,8000000,9000000,634506000,1269012000,0,0,0,0,0,0,18000000,19000000,10000000,10000000,8000000,9000000,0,0,0,0,0,0,0,0,10000010,10000000,10000000,10000000,10,0
1276,738506000,1375012000,10000000,10000000,9000000,11000000,634506000,1269012000,11000000,11000000,74000000,74000000,85000000,85000000,104000000,106000000,10000000,10000000,9000000,11000000,0,0,11000000,11000000,74000000,74000000,85000000,85000000,10000010,10000000,10000000,10000000,10,0
17,801506000,820506000,10000000,10000000,19000000,38000000,634506000,634506000,38000000,38000000,100000000,100000000,138000000,138000000,167000000,186000000,10000000,10000000,19000000,38000000,0,0,38000000,38000000,100000000,100000000,138000000,138000000,10000010,29000030,10000000,10000000,10,19000030
47,827506000,829506000,10000000,10000000,15000000,17000000,634506000,634506000,17000000,17000000,151000000,151000000,168000000,168000000,193000000,195000000,10000000,10000000,15000000,17000000,0,0,17000000,17000000,151000000,151000000,168000000,168000000,10000010,74000010,10000000,10000000,10,64000010
77,897506000,898506000,10000000,10000000,10000000,11000000,634506000,634506000,11000000,11000000,232000000,232000000,243000000,243000000,263000000,264000000,10000000,10000000,10000000,11000000,0,0,11000000,11000000,232000000,232000000,243000000,243000000,10000010,78000040,10000000,10000000,10,68000040
107,745506000,749506000,10000000,10000000,18000000,18000000,634506000,634506000,18000000,85000000,65000000,2000000,83000000,87000000,111000000,115000000,10000000,10000000,18000000,18000000,0,0,18000000,85000000,65000000,2000000,83000000,87000000,10000010,78000020,10000000,10000000,10,68000020
137,804506000,804506000,10000000,10000000,1000000,1000000,634506000,634506000,1000000,1000000,158000000,158000000,159000000,159000000,170000000,170000000,10000000,10000000,1000000,1000000,0,0,1000000,1000000,158000000,158000000,159000000,159000000,10000010,22000030,10000000,10000000,10,12000030
167,890506000,890506000,10000000,10000000,20000000,20000000,634506000,634506000,20000000,20000000,206000000,206000000,226000000,226000000,256000000,256000000,10000000,10000000,20000000,20000000,0,0,20000000,20000000,206000000,206000000,226000000,226000000,10000010,61000030,10000000,10000000,10,51000030
197,890506000,890506000,10000000,10000000,20000000,20000000,634506000,634506000,20000000,20000000,206000000,206000000,226000000,226000000,256000000,256000000,10000000,10000000,20000000,20000000,0,0,20000000,20000000,206000000,206000000,226000000,226000000,10000010,61000030,10000000,10000000,10,51000030
227,721506000,731506000,10000000,10000000,9000000,19000000,634506000,634506000,9000000,9000000,59000000,59000000,68000000,68000000,87000000,97000000,10000000,10000000,9000000,19000000,0,0,9000000,9000000,59000000,59000000,68000000,68000000,10000010,33000020,10000000,10000000,10,23000020
257,822506000,823506000,10000000,10000000,8000000,9000000,634506000,634506000,9000000,9000000,161000000,161000000,170000000,170000000,188000000,189000000,10000000,10000000,8000000,9000000,0,0,9000000,9000000,161000000,161000000,170000000,170000000,10000010,21000010,10000000,10000000,10,11000010
287,828506000,828506000,10000000,10000000,9000000,9000000,634506000,634506000,9000000,9000000,166000000,166000000,175000000,175000000,194000000,194000000,10000000,10000000,9000000,9000000,0,0,9000000,9000000,166000000,166000000,175000000,175000000,10000010,26000040,10000000,10000000,10,16000040
317,790506000,791506000,10000000,10000000,8000000,9000000,634506000,634506000,9000000,9000000,129000000,129000000,138000000,138000000,156000000,157000000,10000000,10000000,8000000,9000000,0,0,9000000,9000000,129000000,129000000,138000000,138000000,10000010,83000040,10000000,10000000,10,73000040
347,663506000,664506000,10000000,10000000,8000000,9000000,634506000,634506000,8000000,8000000,3000000,3000000,11000000,11000000,29000000,30000000,10000000,10000000,8000000,9000000,0,0,8000000,8000000,3000000,3000000,11000000,11000000,10000010,11000010,10000000,10000000,10,1000010
377,792506000,792506000,10000000,10000000,9000000,9000000,634506000,634506000,9000000,9000000,130000000,130000000,139000000,139000000,158000000,158000000,10000000,10000000,9000000,9000000,0,0,9000000,9000000,130000000,130000000,139000000,139000000,10000010,26000030,10000000,10000000,10,16000030
407,977506000,978506000,10000000,10000000,12000000,13000000,634506000,634506000,13000000,13000000,308000000,308000000,321000000,321000000,343000000,344000000,10000000,10000000,12000000,13000000,0,0,13000000,13000000,308000000,308000000,321000000,321000000,10000010,12000010,10000000,10000000,10,2000010
437,975506000,977506000,10000000,10000000,11000000,13000000,634506000,634506000,13000000,13000000,307000000,307000000,320000000,320000000,341000000,343000000,10000000,10000000,11000000,13000000,0,0,13000000,13000000,307000000,307000000,320000000,320000000,10000010,106000050,10000000,10000000,10,96000050
467,760506000,760506000,10000000,10000000,11000000,11000000,634506000,634506000,11000000,11000000,94000000,94000000,105000000,105000000,126000000,126000000,10000000,10000000,11000000,11000000,0,0,11000000,11000000,94000000,94000000,105000000,105000000,10000010,43000020,10000000,10000000,10,33000020
497,681506000,685506000,10000000,10000000,37000000,41000000,634506000,634506000,0,0,0,0,0,0,47000000,51000000,10000000,10000000,37000000,41000000,0,0,0,0,0,0,0,0,10000010,10000000,10000000,10000000,10,0
527,744506000,772506000,10000000,10000000,9000000,18000000,634506000,634506000,18000000,80000000,73000000,30000000,91000000,110000000,110000000,138000000,10000000,10000000,9000000,18000000,0,0,18000000,80000000,73000000,30000000,91000000,110000000,10000010,72000010,10000000,10000000,10,62000010
557,878506000,879506000,10000000,10000000,7000000,8000000,634506000,634506000,8000000,8000000,219000000,219000000,227000000,227000000,244000000,245000000,10000000,10000000,7000000,8000000,0,0,8000000,8000000,219000000,219000000,227000000,227000000,10000010,32000030,10000000,10000000,10,22000030
587,751506000,751506000,10000000,10000000,47000000,47000000,634506000,634506000,47000000,47000000,13000000,13000000,60000000,60000000,117000000,117000000,10000000,10000000,47000000,47000000,0,0,47000000,47000000,13000000,13000000,60000000,60000000,10000010,47000030,10000000,10000000,10,37000030
617,849506000,849506000,10000000,10000000,10000000,10000000,634506000,634506000,10000000,10000000,185000000,185000000,195000000,195000000,215000000,215000000,10000000,10000000,10000000,10000000,0,0,10000000,10000000,185000000,185000000,195000000,195000000,10000010,52000020,10000000,10000000,10,42000020
647,849506000,849506000,10000000,10000000,10000000,10000000,634506000,634506000,10000000,10000000,185000000,185000000,195000000,195000000,215000000,215000000,10000000,10000000,10000000,10000000,0,0,10000000,10000000,185000000,185000000,195000000,195000000,10000010,52000020,10000000,10000000,10,42000020
677,763506000,763506000,10000000,10000000,6000000,6000000,634506000,634506000,6000000,6000000,107000000,107000000,113000000,113000000,129000000,129000000,10000000,10000000,6000000,6000000,0,0,6000000,6000000,107000000,107000000,113000000,113000000,10000010,20000010,10000000,10000000,10,10000010
707,939506000,940506000,10000000,10000000,17000000,18000000,634506000,634506000,18000000,18000000,260000000,260000000,278000000,278000000,305000000,306000000,10000000,10000000,17000000,18000000,0,0,18000000,18000000,260000000,260000000,278000000,278000000,10000010,31000010,10000000,10000000,10,21000010
737,650506000,652506000,10000000,10000000,6000000,8000000,634506000,634506000,0,0,0,0,0,0,16000000,18000000,10000000,10000000,6000000,8000000,0,0,0,0,0,0,0,0,10000010,10000000,10000000,10000000,10,0
767,719506000,719506000,10000000,10000000,1000000,1000000,634506000,634506000,1000000,1000000,73000000,73000000,74000000,74000000,85000000,85000000,10000000,10000000,1000000,1000000,0,0,1000000,1000000,73000000,73000000,74000000,74000000,10000010,30000030,10000000,10000000,10,20000030
797,974506000,975506000,10000000,10000000,1000000,2000000,634506000,634506000,2000000,2000000,327000000,327000000,329000000,329000000,340000000,341000000,10000000,10000000,1000000,2000000,0,0,2000000,2000000,327000000,327000000,329000000,329000000,10000010,68000030,10000000,10000000,10,58000030
827,859506000,860506000,10000000,10000000,0,1000000,634506000,634506000,1000000,1000000,214000000,214000000,215000000,215000000,225000000,226000000,10000000,10000000,0,1000000,0,0,1000000,1000000,214000000,214000000,215000000,215000000,10000010,91000030,10000000,10000000,10,81000030
857,904506000,905506000,10000000,10000000,12000000,13000000,634506000,634506000,13000000,13000000,235000000,235000000,248000000,248000000,270000000,271000000,10000000,10000000,12000000,13000000,0,0,13000000,13000000,235000000,235000000,248000000,248000000,10000010,19000010,10000000,10000000,10,9000010
887,737506000,737506000,10000000,10000000,9000000,9000000,634506000,634506000,9000000,9000000,75000000,75000000,84000000,84000000,103000000,103000000,10000000,10000000,9000000,9000000,0,0,9000000,9000000,75000000,75000000,84000000,84000000,10000010,36000030,10000000,10000000,10,26000030
917,876506000,877506000,10000000,10000000,18000000,19000000,634506000,634506000,18000000,18000000,196000000,196000000,214000000,214000000,242000000,243000000,10000000,10000000,18000000,19000000,0,0,18000000,18000000,196000000,196000000,214000000,214000000,10000010,72000010,10000000,10000000,10,62000010
947,797506000,797506000,10000000,10000000,8000000,8000000,634506000,634506000,8000000,8000000,137000000,137000000,145000000,145000000,163000000,163000000,10000000,10000000,8000000,8000000,0,0,8000000,8000000,137000000,137000000,145000000,145000000,10000010,54000030,10000000,10000000,10,44000030
977,968506000,17475662000,10000000,10000000,7000000,17000000,634506000,17131662000,11000000,11000000,306000000,306000000,317000000,317000000,334000000,344000000,10000000,10000000,7000000,17000000,0,0,11000000,11000000,306000000,306000000,317000000,317000000,10000010,75000030,10000000,10000000,10,65000030
1007,954506000,16189650000,10000000,10000000,8000000,15000000,634506000,15862650000,13000000,13000000,289000000,289000000,302000000,302000000,320000000,327000000,10000000,10000000,8000000,15000000,0,0,13000000,13000000,289000000,289000000,302000000,302000000,10000010,76000040,10000000,10000000,10,66000040
1037,746506000,1384012000,10000000,10000000,43000000,46000000,634506000,1269012000,46000000,46000000,13000000,13000000,59000000,59000000,112000000,115000000,10000000,10000000,43000000,46000000,0,0,46000000,46000000,13000000,13000000,59000000,59000000,10000010,46000050,10000000,10000000,10,36000050
1067,687506000,3861036000,10000000,10000000,19000000,20000000,634506000,3807036000,20000000,20000000,4000000,4000000,24000000,24000000,53000000,54000000,10000000,10000000,19000000,20000000,0,0,20000000,20000000,4000000,4000000,24000000,24000000,10000010,10000000,10000000,10000000,10,0
1097,760506000,13459626000,10000000,10000000,0,9000000,634506000,13324626000,8000000,8000000,108000000,108000000,116000000,116000000,126000000,135000000,10000000,10000000,0,9000000,0,0,8000000,8000000,108000000,108000000,116000000,116000000,10000010,83000040,10000000,10000000,10,73000040
1127,700506000,1389012000,10000000,10000000,4000000,18000000,634506000,1269012000,17000000,81000000,35000000,11000000,52000000,92000000,66000000,120000000,10000000,10000000,4000000,18000000,0,0,17000000,81000000,35000000,11000000,52000000,92000000,10000010,78000020,10000000,10000000,10,68000020
1157,654506000,656506000,10000000,10000000,10000000,12000000,634506000,634506000,0,0,0,0,0,0,20000000,22000000,10000000,10000000,10000000,12000000,0,0,0,0,0,0,0,0,10000010,10000000,10000000,10000000,10,0
1187,662506000,3201530000,10000000,10000000,8000000,9000000,634506000,3172530000,9000000,9000000,1000000,1000000,10000000,10000000,28000000,29000000,10000000,10000000,8000000,9000000,0,0,9000000,9000000,1000000,1000000,10000000,10000000,10000010,10000000,10000000,10000000,10,0
1217,662506000,663506000,10000000,10000000,18000000,19000000,634506000,634506000,0,0,0,0,0,0,28000000,29000000,10000000,10000000,18000000,19000000,0,0,0,0,0,0,0,0,10000010,10000000,10000000,10000000,10,0
1247,664506000,665506000,10000000,10000000,20000000,21000000,634506000,634506000,0,0,0,0,0,0,30000000,31000000,10000000,10000000,20000000,21000000,0,0,0,0,0,0,0,0,10000010,10000000,10000000,10000000,10,0
1277,653506000,1289012000,10000000,10000000,9000000,10000000,634506000,1269012000,0,0,0,0,0,0,19000000,20000000,10000000,10000000,9000000,10000000,0,0,0,0,0,0,0,0,10000010,10000000,10000000,10000000,10,0
18,793506000,794506000,10000000,10000000,19000000,20000000,634506000,634506000,20000000,20000000,110000000,110000000,130000000,130000000,159000000,160000000,10000000,10000000,19000000,20000000,0,0,20000000,20000000,110000000,110000000,130000000,130000000,10000010,33000020,10000000,10000000,10,23000020
48,827506000,891506000,10000000,10000000,17000000,81000000,634506000,634506000,81000000,81000000,85000000,85000000,166000000,166000000,193000000,257000000,10000000,10000000,17000000,81000000,0,0,81000000,81000000,85000000,85000000,166000000,166000000,10000010,78000020,10000000,10000000,10,68000020
78,897506000,899506000,10000000,10000000,10000000,12000000,634506000,634506000,12000000,12000000,231000000,231000000,243000000,243000000,263000000,265000000,10000000,10000000,10000000,12000000,0,0,12000000,12000000,231000000,231000000,243000000,243000000,10000010,78000040,10000000,10000000,10,68000040
108,851506000,851506000,10000000,10000000,18000000,18000000,634506000,634506000,18000000,18000000,171000000,171000000,189000000,189000000,217000000,217000000,10000000,10000000,18000000,18000000,0,0,18000000,18000000,171000000,171000000,189000000,189000000,10000010,57000020,10000000,10000000,10,47000020
138,807506000,807506000,10000000,10000000,1000000,1000000,634506000,634506000,1000000,1000000,161000000,161000000,162000000,162000000,173000000,173000000,10000000,10000000,1000000,1000000,0,0,1000000,1000000,161000000,161000000,162000000,162000000,10000010,22000030,10000000,10000000,10,12000030
168,727506000,727506000,10000000,10000000,20000000,20000000,634506000,634506000,20000000,20000000,43000000,43000000,63000000,63000000,93000000,93000000,10000000,10000000,20000000,20000000,0,0,20000000,20000000,43000000,43000000,63000000,63000000,10000010,11000010,10000000,10000000,10,1000010
198,782506000,783506000,10000000,10000000,19000000,20000000,634506000,634506000,19000000,19000000,100000000,100000000,119000000,119000000,148000000,149000000,10000000,10000000,19000000,20000000,0,0,19000000,19000000,100000000,100000000,119000000,119000000,10000010,61000030,10000000,10000000,10,51000030
228,959506000,960506000,10000000,10000000,19000000,20000000,634506000,634506000,20000000,20000000,276000000,276000000,296000000,296000000,325000000,326000000,10000000,10000000,19000000,20000000,0,0,20000000,20000000,276000000,276000000,296000000,296000000,10000010,32000010,10000000,10000000,10,22000010
258,933506000,934506000,10000000,10000000,8000000,9000000,634506000,634506000,9000000,9000000,272000000,272000000,281000000,281000000,299000000,300000000,10000000,10000000,8000000,9000000,0,0,9000000,9000000,272000000,272000000,281000000,281000000,10000010,95000050,10000000,10000000,10,85000050
288,843506000,843506000,10000000,10000000,9000000,9000000,634506000,634506000,9000000,9000000,181000000,181000000,190000000,190000000,209000000,209000000,10000000,10000000,9000000,9000000,0,0,9000000,9000000,181000000,181000000,190000000,190000000,10000010,26000040,10000000,10000000,10,16000040
318,713506000,721506000,10000000,10000000,0,8000000,634506000,634506000,8000000,8000000,61000000,61000000,69000000,69000000,79000000,87000000,10000000,10000000,0,8000000,0,0,8000000,8000000,61000000,61000000,69000000,69000000,10000010,22000020,10000000,10000000,10,12000020
348,663506000,664506000,10000000,10000000,8000000,9000000,634506000,634506000,8000000,8000000,3000000,3000000,11000000,11000000,29000000,30000000,10000000,10000000,8000000,9000000,0,0,8000000,8000000,3000000,3000000,11000000,11000000,10000010,11000010,10000000,10000000,10,1000010
378,732506000,733506000,10000000,10000000,9000000,10000000,634506000,634506000,9000000,9000000,70000000,70000000,79000000,79000000,98000000,99000000,10000000,10000000,9000000,10000000,0,0,9000000,9000000,70000000,70000000,79000000,79000000,10000010,22000020,10000000,10000000,10,12000020
408,977506000,978506000,10000000,10000000,12000000,13000000,634506000,634506000,13000000,13000000,308000000,308000000,321000000,321000000,343000000,344000000,10000000,10000000,12000000,13000000,0,0,13000000,13000000,308000000,308000000,321000000,321000000,10000010,12000010,10000000,10000000,10,2000010
438,837506000,838506000,10000000,10000000,11000000,12000000,634506000,634506000,12000000,12000000,170000000,170000000,182000000,182000000,203000000,204000000,10000000,10000000,11000000,12000000,0,0,12000000,12000000,170000000,170000000,182000000,182000000,10000010,36000040,10000000,10000000,10,26000040
468,760506000,760506000,10000000,10000000,11000000,11000000,634506000,634506000,11000000,11000000,94000000,94000000,105000000,105000000,126000000,126000000,10000000,10000000,11000000,11000000,0,0,11000000,11000000,94000000,94000000,105000000,105000000,10000010,43000020,10000000,10000000,10,33000020
498,975506000,1004506000,10000000,10000000,8000000,37000000,634506000,634506000,37000000,37000000,286000000,286000000,323000000,323000000,341000000,370000000,10000000,10000000,8000000,37000000,0,0,37000000,37000000,286000000,286000000,323000000,323000000,10000010,38000050,10000000,10000000,10,28000050
528,910506000,910506000,10000000,10000000,18000000,18000000,634506000,634506000,18000000,18000000,230000000,230000000,248000000,248000000,276000000,276000000,10000000,10000000,18000000,18000000,0,0,18000000,18000000,230000000,230000000,248000000,248000000,10000010,36000040,10000000,10000000,10,26000040
558,825506000,826506000,10000000,10000000,7000000,8000000,634506000,634506000,8000000,8000000,166000000,166000000,174000000,174000000,191000000,192000000,10000000,10000000,7000000,8000000,0,0,8000000,8000000,166000000,166000000,174000000,174000000,10000010,25000020,10000000,10000000,10,15000020
588,753506000,753506000,10000000,10000000,8000000,8000000,634506000,634506000,8000000,8000000,93000000,93000000,101000000,101000000,119000000,119000000,10000000,10000000,8000000,8000000,0,0,8000000,8000000,93000000,93000000,101000000,101000000,10000010,18000020,10000000,10000000,10,8000020
618,895506000,896506000,10000000,10000000,9000000,10000000,634506000,634506000,10000000,10000000,232000000,232000000,242000000,242000000,261000000,262000000,10000000,10000000,9000000,10000000,0,0,10000000,10000000,232000000,232000000,242000000,242000000,10000010,93000020,10000000,10000000,10,83000020
648,801506000,802506000,10000000,10000000,10000000,11000000,634506000,634506000,11000000,11000000,136000000,136000000,147000000,147000000,167000000,168000000,10000000,10000000,10000000,11000000,0,0,11000000,11000000,136000000,136000000,147000000,147000000,10000010,104000040,10000000,10000000,10,94000040
678,763506000,763506000,10000000,10000000,6000000,6000000,634506000,634506000,6000000,6000000,107000000,107000000,113000000,113000000,129000000,129000000,10000000,10000000,6000000,6000000,0,0,6000000,6000000,107000000,107000000,113000000,113000000,10000010,20000010,10000000,10000000,10,10000010
708,851506000,852506000,10000000,10000000,17000000,18000000,634506000,634506000,18000000,18000000,172000000,172000000,190000000,190000000,217000000,218000000,10000000,10000000,17000000,18000000,0,0,18000000,18000000,172000000,172000000,190000000,190000000,10000010,31000010,10000000,10000000,10,21000010
738,745506000,750506000,10000000,10000000,0,5000000,634506000,634506000,5000000,5000000,96000000,96000000,101000000,101000000,111000000,116000000,10000000,10000000,0,5000000,0,0,5000000,5000000,96000000,96000000,101000000,101000000,10000010,54000050,10000000,10000000,10,44000050
768,719506000,719506000,10000000,10000000,1000000,1000000,634506000,634506000,1000000,1000000,73000000,73000000,74000000,74000000,85000000,85000000,10000000,10000000,1000000,1000000,0,0,1000000,1000000,73000000,73000000,74000000,74000000,10000010,30000030,10000000,10000000,10,20000030
798,875506000,876506000,10000000,10000000,1000000,2000000,634506000,634506000,2000000,2000000,228000000,228000000,230000000,230000000,241000000,242000000,10000000,10000000,1000000,2000000,0,0,2000000,2000000,228000000,228000000,230000000,230000000,10000010,68000030,10000000,10000000,10,58000030
828,856506000,857506000,10000000,10000000,0,1000000,634506000,634506000,1000000,1000000,211000000,211000000,212000000,212000000,222000000,223000000,10000000,10000000,0,1000000,0,0,1000000,1000000,211000000,211000000,212000000,212000000,10000010,91000030,10000000,10000000,10,81000030
858,777506000,778506000,10000000,10000000,12000000,13000000,634506000,634506000,13000000,13000000,108000000,108000000,121000000,121000000,143000000,144000000,10000000,10000000,12000000,13000000,0,0,13000000,13000000,108000000,108000000,121000000,121000000,10000010,19000010,10000000,10000000,10,9000010
888,977506000,979506000,10000000,10000000,9000000,11000000,634506000,634506000,11000000,11000000,313000000,313000000,324000000,324000000,343000000,345000000,10000000,10000000,9000000,11000000,0,0,11000000,11000000,313000000,313000000,324000000,324000000,10000010,76000040,10000000,10000000,10,66000040
918,876506000,877506000,10000000,10000000,18000000,19000000,634506000,634506000,18000000,18000000,196000000,196000000,214000000,214000000,242000000,243000000,10000000,10000000,18000000,19000000,0,0,18000000,18000000,196000000,196000000,214000000,214000000,10000010,72000010,10000000,10000000,10,62000010
948,762506000,762506000,10000000,10000000,12000000,12000000,634506000,634506000,12000000,12000000,94000000,94000000,106000000,106000000,128000000,128000000,10000000,10000000,12000000,12000000,0,0,12000000,12000000,94000000,94000000,106000000,106000000,10000010,44000030,10000000,10000000,10,34000030
978,980506000,14970638000,10000000,10000000,8000000,39000000,634506000,14593638000,20000000,20000000,308000000,308000000,328000000,328000000,346000000,377000000,10000000,10000000,8000000,39000000,0,0,20000000,20000000,308000000,308000000,328000000,328000000,10000010,18000020,10000000,10000000,10,8000020
1008,661506000,662506000,10000000,10000000,17000000,18000000,634506000,634506000,0,0,0,0,0,0,27000000,28000000,10000000,10000000,17000000,18000000,0,0,0,0,0,0,0,0,10000010,10000000,10000000,10000000,10,0
1038,747506000,2019518000,10000000,10000000,44000000,47000000,634506000,1903518000,47000000,47000000,12000000,12000000,59000000,59000000,113000000,116000000,10000000,10000000,44000000,47000000,0,0,47000000,47000000,12000000,12000000,59000000,59000000,10000010,44000020,10000000,10000000,10,34000020
1068,687506000,3861036000,10000000,10000000,19000000,20000000,634506000,3807036000,20000000,20000000,4000000,4000000,24000000,24000000,53000000,54000000,10000000,10000000,19000000,20000000,0,0,20000000,20000000,4000000,4000000,24000000,24000000,10000010,10000000,10000000,10000000,10,0
1098,821506000,7810072000,10000000,10000000,0,9000000,634506000,7614072000,9000000,9000000,168000000,168000000,177000000,177000000,187000000,196000000,10000000,10000000,0,9000000,0,0,9000000,9000000,168000000,168000000,177000000,177000000,10000010,91000030,10000000,10000000,10,81000030
1128,955506000,3510530000,10000000,10000000,0,17000000,634506000,3172530000,16000000,16000000,295000000,295000000,311000000,311000000,321000000,338000000,10000000,10000000,0,17000000,0,0,16000000,16000000,295000000,295000000,311000000,311000000,10000010,74000010,10000000,10000000,10,64000010
1158,653506000,1289012000,10000000,10000000,9000000,10000000,634506000,1269012000,0,0,0,0,0,0,19000000,20000000,10000000,10000000,9000000,10000000,0,0,0,0,0,0,0,0,10000010,10000000,10000000,10000000,10,0
1188,657506000,3196530000,10000000,10000000,5000000,6000000,634506000,3172530000,6000000,6000000,2000000,2000000,8000000,8000000,23000000,24000000,10000000,10000000,5000000,6000000,0,0,6000000,6000000,2000000,2000000,8000000,8000000,10000010,10000000,10000000,10000000,10,0
1218,649506000,1285012000,10000000,10000000,5000000,6000000,634506000,1269012000,0,0,0,0,0,0,15000000,16000000,10000000,10000000,5000000,6000000,0,0,0,0,0,0,0,0,10000010,10000000,10000000,10000000,10,0
1248,651506000,1921518000,10000000,10000000,7000000,8000000,634506000,1903518000,0,0,0,0,0,0,17000000,18000000,10000000,10000000,7000000,8000000,0,0,0,0,0,0,0,0,10000010,10000000,10000000,10000000,10,0
1278,776506000,3951036000,10000000,10000000,7000000,9000000,634506000,3807036000,9000000,9000000,116000000,116000000,125000000,125000000,142000000,144000000,10000000,10000000,7000000,9000000,0,0,9000000,9000000,116000000,116000000,125000000,125000000,10000010,47000040,10000000,10000000,10,37000040
19,932506000,933506000,10000000,10000000,19000000,20000000,634506000,634506000,20000000,20000000,249000000,249000000,269000000,269000000,298000000,299000000,10000000,10000000,19000000,20000000,0,0,20000000,20000000,249000000,249000000,269000000,269000000,10000010,32000010,10000000,10000000,10,22000010
49,717506000,725506000,10000000,10000000,9000000,17000000,634506000,634506000,9000000,9000000,55000000,55000000,64000000,64000000,83000000,91000000,10000000,10000000,9000000,17000000,0,0,9000000,9000000,55000000,55000000,64000000,64000000,10000010,42000040,10000000,10000000,10,32000040
79,992506000,993506000,10000000,10000000,19000000,20000000,634506000,634506000,20000000,20000000,309000000,309000000,329000000,329000000,358000000,359000000,10000000,10000000,19000000,20000000,0,0,20000000,20000000,309000000,309000000,329000000,329000000,10000010,33000020,10000000,10000000,10,23000020
109,826506000,827506000,10000000,10000000,17000000,18000000,634506000,634506000,17000000,17000000,148000000,148000000,165000000,165000000,192000000,193000000,10000000,10000000,17000000,18000000,0,0,17000000,17000000,148000000,148000000,165000000,165000000,10000010,32000040,10000000,10000000,10,22000040
139,754506000,754506000,10000000,10000000,1000000,1000000,634506000,634506000,1000000,1000000,108000000,108000000,109000000,109000000,120000000,120000000,10000000,10000000,1000000,1000000,0,0,1000000,1000000,108000000,108000000,109000000,109000000,10000010,22000030,10000000,10000000,10,12000030
169,903506000,904506000,10000000,10000000,19000000,20000000,634506000,634506000,20000000,20000000,220000000,220000000,240000000,240000000,269000000,270000000,10000000,10000000,19000000,20000000,0,0,20000000,20000000,220000000,220000000,240000000,240000000,10000010,32000010,10000000,10000000,10,22000010
199,860506000,860506000,10000000,10000000,20000000,20000000,634506000,634506000,20000000,20000000,176000000,176000000,196000000,196000000,226000000,226000000,10000000,10000000,20000000,20000000,0,0,20000000,20000000,176000000,176000000,196000000,196000000,10000010,60000040,10000000,10000000,10,50000040
229,740506000,750506000,10000000,10000000,9000000,19000000,634506000,634506000,19000000,19000000,68000000,68000000,87000000,87000000,106000000,116000000,10000000,10000000,9000000,19000000,0,0,19000000,19000000,68000000,68000000,87000000,87000000,10000010,16000030,10000000,10000000,10,6000030
259,880506000,881506000,10000000,10000000,8000000,9000000,634506000,634506000,9000000,9000000,219000000,219000000,228000000,228000000,246000000,247000000,10000000,10000000,8000000,9000000,0,0,9000000,9000000,219000000,219000000,228000000,228000000,10000010,26000040,10000000,10000000,10,16000040
289,834506000,834506000,10000000,10000000,9000000,9000000,634506000,634506000,9000000,9000000,172000000,172000000,181000000,181000000,200000000,200000000,10000000,10000000,9000000,9000000,0,0,9000000,9000000,172000000,172000000,181000000,181000000,10000010,26000040,10000000,10000000,10,16000040
319,923506000,924506000,10000000,10000000,8000000,9000000,634506000,634506000,9000000,9000000,262000000,262000000,271000000,271000000,289000000,290000000,10000000,10000000,8000000,9000000,0,0,9000000,9000000,262000000,262000000,271000000,271000000,10000010,27000030,10000000,10000000,10,17000030
349,664506000,665506000,10000000,10000000,8000000,9000000,634506000,634506000,8000000,8000000,4000000,4000000,12000000,12000000,30000000,31000000,10000000,10000000,8000000,9000000,0,0,8000000,8000000,4000000,4000000,12000000,12000000,10000010,11000010,10000000,10000000,10,1000010
379,792506000,792506000,10000000,10000000,9000000,9000000,634506000,634506000,9000000,9000000,130000000,130000000,139000000,139000000,158000000,158000000,10000000,10000000,9000000,9000000,0,0,9000000,9000000,130000000,130000000,139000000,139000000,10000010,26000030,10000000,10000000,10,16000030
409,845506000,845506000,10000000,10000000,13000000,13000000,634506000,634506000,13000000,13000000,175000000,175000000,188000000,188000000,211000000,211000000,10000000,10000000,13000000,13000000,0,0,13000000,13000000,175000000,175000000,188000000,188000000,10000010,12000010,10000000,10000000,10,2000010
439,847506000,847506000,10000000,10000000,11000000,11000000,634506000,634506000,11000000,11000000,181000000,181000000,192000000,192000000,213000000,213000000,10000000,10000000,11000000,11000000,0,0,11000000,11000000,181000000,181000000,192000000,192000000,10000010,36000040,10000000,10000000,10,26000040
469,751506000,752506000,10000000,10000000,11000000,12000000,634506000,634506000,12000000,12000000,84000000,84000000,96000000,96000000,117000000,118000000,10000000,10000000,11000000,12000000,0,0,12000000,12000000,84000000,84000000,96000000,96000000,10000010,43000020,10000000,10000000,10,33000020
499,736506000,738506000,10000000,10000000,38000000,40000000,634506000,634506000,40000000,40000000,14000000,14000000,54000000,54000000,102000000,104000000,10000000,10000000,38000000,40000000,0,0,40000000,40000000,14000000,14000000,54000000,54000000,10000010,21000030,10000000,10000000,10,11000030
529,817506000,817506000,10000000,10000000,18000000,18000000,634506000,634506000,18000000,18000000,137000000,137000000,155000000,155000000,183000000,183000000,10000000,10000000,18000000,18000000,0,0,18000000,18000000,137000000,137000000,155000000,155000000,10000010,72000010,10000000,10000000,10,62000010
559,878506000,879506000,10000000,10000000,7000000,8000000,634506000,634506000,8000000,8000000,219000000,219000000,227000000,227000000,244000000,245000000,10000000,10000000,7000000,8000000,0,0,8000000,8000000,219000000,219000000,227000000,227000000,10000010,32000030,10000000,10000000,10,22000030
589,971506000,972506000,10000000,10000000,7000000,8000000,634506000,634506000,8000000,8000000,312000000,312000000,320000000,320000000,337000000,338000000,10000000,10000000,7000000,8000000,0,0,8000000,8000000,312000000,312000000,320000000,320000000,10000010,36000040,10000000,10000000,10,26000040
619,791506000,791506000,10000000,10000000,9000000,9000000,634506000,634506000,9000000,9000000,129000000,129000000,138000000,138000000,157000000,157000000,10000000,10000000,9000000,9000000,0,0,9000000,9000000,129000000,129000000,138000000,138000000,10000010,35000040,10000000,10000000,10,25000040
649,795506000,795506000,10000000,10000000,10000000,10000000,634506000,634506000,10000000,10000000,131000000,131000000,141000000,141000000,161000000,161000000,10000000,10000000,10000000,10000000,0,0,10000000,10000000,131000000,131000000,141000000,141000000,10000010,52000020,10000000,10000000,10,42000020
679,763506000,763506000,10000000,10000000,6000000,6000000,634506000,634506000,6000000,6000000,107000000,107000000,113000000,113000000,129000000,129000000,10000000,10000000,6000000,6000000,0,0,6000000,6000000,107000000,107000000,113000000,113000000,10000010,20000010,10000000,10000000,10,10000010
709,939506000,940506000,10000000,10000000,17000000,18000000,634506000,634506000,18000000,18000000,260000000,260000000,278000000,278000000,305000000,306000000,10000000,10000000,17000000,18000000,0,0,18000000,18000000,260000000,260000000,278000000,278000000,10000010,31000010,10000000,10000000,10,21000010
739,841506000,842506000,10000000,10000000,5000000,6000000,634506000,634506000,6000000,6000000,186000000,186000000,192000000,192000000,207000000,208000000,10000000,10000000,5000000,6000000,0,0,6000000,6000000,186000000,186000000,192000000,192000000,10000010,92000040,10000000,10000000,10,82000040
769,716506000,716506000,10000000,10000000,1000000,1000000,634506000,634506000,1000000,1000000,70000000,70000000,71000000,71000000,82000000,82000000,10000000,10000000,1000000,1000000,0,0,1000000,1000000,70000000,70000000,71000000,71000000,10000010,30000030,10000000,10000000,10,20000030
799,793506000,794506000,10000000,10000000,0,1000000,634506000,634506000,1000000,1000000,148000000,148000000,149000000,149000000,159000000,160000000,10000000,10000000,0,1000000,0,0,1000000,1000000,148000000,148000000,149000000,149000000,10000010,27000020,10000000,10000000,10,17000020
829,859506000,860506000,10000000,10000000,0,1000000,634506000,634506000,1000000,1000000,214000000,214000000,215000000,215000000,225000000,226000000,10000000,10000000,0,1000000,0,0,1000000,1000000,214000000,214000000,215000000,215000000,10000010,91000030,10000000,10000000,10,81000030
859,903506000,904506000,10000000,10000000,12000000,13000000,634506000,634506000,13000000,13000000,234000000,234000000,247000000,247000000,269000000,270000000,10000000,10000000,12000000,13000000,0,0,13000000,13000000,234000000,234000000,247000000,247000000,10000010,19000010,10000000,10000000,10,9000010
889,852506000,852506000,10000000,10000000,9000000,9000000,634506000,634506000,9000000,9000000,190000000,190000000,199000000,199000000,218000000,218000000,10000000,10000000,9000000,9000000,0,0,9000000,9000000,190000000,190000000,199000000,199000000,10000010,38000040,10000000,10000000,10,28000040
919,876506000,877506000,10000000,10000000,18000000,19000000,634506000,634506000,18000000,18000000,196000000,196000000,214000000,214000000,242000000,243000000,10000000,10000000,18000000,19000000,0,0,18000000,18000000,196000000,196000000,214000000,214000000,10000010,72000010,10000000,10000000,10,62000010
949,817506000,818506000,10000000,10000000,11000000,12000000,634506000,634506000,12000000,12000000,150000000,150000000,162000000,162000000,183000000,184000000,10000000,10000000,11000000,12000000,0,0,12000000,12000000,150000000,150000000,162000000,162000000,10000010,54000030,10000000,10000000,10,44000030
979,767506000,4583542000,10000000,10000000,11000000,20000000,634506000,4441542000,18000000,18000000,94000000,94000000,112000000,112000000,133000000,142000000,10000000,10000000,11000000,20000000,0,0,18000000,18000000,94000000,94000000,112000000,112000000,10000010,83000030,10000000,10000000,10,73000030
1009,662506000,3201530000,10000000,10000000,8000000,9000000,634506000,3172530000,9000000,9000000,1000000,1000000,10000000,10000000,28000000,29000000,10000000,10000000,8000000,9000000,0,0,9000000,9000000,1000000,1000000,10000000,10000000,10000010,10000000,10000000,10000000,10,0
1039,690506000,695506000,10000000,10000000,46000000,51000000,634506000,634506000,0,0,0,0,0,0,56000000,61000000,10000000,10000000,46000000,51000000,0,0,0,0,0,0,0,0,10000010,10000000,10000000,10000000,10,0
1069,663506000,1933518000,10000000,10000000,19000000,20000000,634506000,1903518000,0,0,0,0,0,0,29000000,30000000,10000000,10000000,19000000,20000000,0,0,0,0,0,0,0,0,10000010,10000000,10000000,10000000,10,0
1099,810506000,15421144000,10000000,10000000,0,17000000,634506000,15228144000,9000000,9000000,157000000,157000000,166000000,166000000,176000000,193000000,10000000,10000000,0,17000000,0,0,9000000,9000000,157000000,157000000,166000000,166000000,10000010,75000040,10000000,10000000,10,65000040
1129,798506000,1497012000,10000000,10000000,17000000,81000000,634506000,1269012000,81000000,81000000,56000000,56000000,137000000,137000000,164000000,228000000,10000000,10000000,17000000,81000000,0,0,81000000,81000000,56000000,56000000,137000000,137000000,10000010,78000020,10000000,10000000,10,68000020
1159,653506000,1289012000,10000000,10000000,9000000,10000000,634506000,1269012000,0,0,0,0,0,0,19000000,20000000,10000000,10000000,9000000,10000000,0,0,0,0,0,0,0,0,10000010,10000000,10000000,10000000,10,0
1189,673506000,3215530000,10000000,10000000,5000000,9000000,634506000,3172530000,9000000,9000000,15000000,15000000,24000000,24000000,39000000,43000000,10000000,10000000,5000000,9000000,0,0,9000000,9000000,15000000,15000000,24000000,24000000,10000010,10000000,10000000,10000000,10,0
1219,649506000,651506000,10000000,10000000,5000000,7000000,634506000,634506000,0,0,0,0,0,0,15000000,17000000,10000000,10000000,5000000,7000000,0,0,0,0,0,0,0,0,10000010,10000000,10000000,10000000,10,0
1249,651506000,1921518000,10000000,10000000,7000000,8000000,634506000,1903518000,0,0,0,0,0,0,17000000,18000000,10000000,10000000,7000000,8000000,0,0,0,0,0,0,0,0,10000010,10000000,10000000,10000000,10,0
1279,699506000,1336012000,10000000,10000000,9000000,11000000,634506000,1269012000,11000000,11000000,35000000,35000000,46000000,46000000,65000000,67000000,10000000,10000000,9000000,11000000,0,0,11000000,11000000,35000000,35000000,46000000,46000000,10000010,10000000,10000000,10000000,10,0
20,932506000,933506000,10000000,10000000,19000000,20000000,634506000,634506000,20000000,20000000,249000000,249000000,269000000,269000000,298000000,299000000,10000000,10000000,19000000,20000000,0,0,20000000,20000000,249000000,249000000,269000000,269000000,10000010,32000010,10000000,10000000,10,22000010
50,967506000,968506000,10000000,10000000,17000000,18000000,634506000,634506000,18000000,18000000,288000000,288000000,306000000,306000000,333000000,334000000,10000000,10000000,17000000,18000000,0,0,18000000,18000000,288000000,288000000,306000000,306000000,10000010,71000050,10000000,10000000,10,61000050
80,931506000,932506000,10000000,10000000,19000000,20000000,634506000,634506000,20000000,20000000,248000000,248000000,268000000,268000000,297000000,298000000,10000000,10000000,19000000,20000000,0,0,20000000,20000000,248000000,248000000,268000000,268000000,10000010,32000010,10000000,10000000,10,22000010
110,662506000,663506000,10000000,10000000,18000000,19000000,634506000,634506000,0,0,0,0,0,0,28000000,29000000,10000000,10000000,18000000,19000000,0,0,0,0,0,0,0,0,10000010,10000000,10000000,10000000,10,0
140,804506000,804506000,10000000,10000000,1000000,1000000,634506000,634506000,1000000,1000000,158000000,158000000,159000000,159000000,170000000,170000000,10000000,10000000,1000000,1000000,0,0,1000000,1000000,158000000,158000000,159000000,159000000,10000010,22000030,10000000,10000000,10,12000030
170,764506000,765506000,10000000,10000000,19000000,20000000,634506000,634506000,20000000,20000000,81000000,81000000,101000000,101000000,130000000,131000000,10000000,10000000,19000000,20000000,0,0,20000000,20000000,81000000,81000000,101000000,101000000,10000010,33000020,10000000,10000000,10,23000020
200,890506000,890506000,10000000,10000000,20000000,20000000,634506000,634506000,20000000,20000000,206000000,206000000,226000000,226000000,256000000,256000000,10000000,10000000,20000000,20000000,0,0,20000000,20000000,206000000,206000000,226000000,226000000,10000010,61000030,10000000,10000000,10,51000030
230,904506000,905506000,10000000,10000000,19000000,20000000,634506000,634506000,20000000,20000000,221000000,221000000,241000000,241000000,270000000,271000000,10000000,10000000,19000000,20000000,0,0,20000000,20000000,221000000,221000000,241000000,241000000,10000010,33000020,10000000,10000000,10,23000020
260,828506000,829506000,10000000,10000000,8000000,9000000,634506000,634506000,9000000,9000000,167000000,167000000,176000000,176000000,194000000,195000000,10000000,10000000,8000000,9000000,0,0,9000000,9000000,167000000,167000000,176000000,176000000,10000010,26000040,10000000,10000000,10,16000040
290,834506000,834506000,10000000,10000000,9000000,9000000,634506000,634506000,9000000,9000000,172000000,172000000,181000000,181000000,200000000,200000000,10000000,10000000,9000000,9000000,0,0,9000000,9000000,172000000,172000000,181000000,181000000,10000010,26000040,10000000,10000000,10,16000040
320,878506000,879506000,10000000,10000000,8000000,9000000,634506000,634506000,9000000,9000000,217000000,217000000,226000000,226000000,244000000,245000000,10000000,10000000,8000000,9000000,0,0,9000000,9000000,217000000,217000000,226000000,226000000,10000010,83000040,10000000,10000000,10,73000040
350,663506000,664506000,10000000,10000000,8000000,9000000,634506000,634506000,8000000,8000000,3000000,3000000,11000000,11000000,29000000,30000000,10000000,10000000,8000000,9000000,0,0,8000000,8000000,3000000,3000000,11000000,11000000,10000010,11000010,10000000,10000000,10,1000010
380,761506000,764506000,10000000,10000000,6000000,9000000,634506000,634506000,6000000,6000000,105000000,105000000,111000000,111000000,127000000,130000000,10000000,10000000,6000000,9000000,0,0,6000000,6000000,105000000,105000000,111000000,111000000,10000010,27000030,10000000,10000000,10,17000030
410,977506000,978506000,10000000,10000000,12000000,13000000,634506000,634506000,13000000,13000000,308000000,308000000,321000000,321000000,343000000,344000000,10000000,10000000,12000000,13000000,0,0,13000000,13000000,308000000,308000000,321000000,321000000,10000010,12000010,10000000,10000000,10,2000010
440,837506000,838506000,10000000,10000000,11000000,12000000,634506000,634506000,12000000,12000000,170000000,170000000,182000000,182000000,203000000,204000000,10000000,10000000,11000000,12000000,0,0,12000000,12000000,170000000,170000000,182000000,182000000,10000010,36000040,10000000,10000000,10,26000040
470,751506000,752506000,10000000,10000000,11000000,12000000,634506000,634506000,12000000,12000000,84000000,84000000,96000000,96000000,117000000,118000000,10000000,10000000,11000000,12000000,0,0,12000000,12000000,84000000,84000000,96000000,96000000,10000010,43000020,10000000,10000000,10,33000020
500,1335506000,1338506000,10000000,10000000,38000000,41000000,634506000,634506000,41000000,41000000,612000000,612000000,653000000,653000000,701000000,704000000,10000000,10000000,38000000,41000000,0,0,41000000,41000000,612000000,612000000,653000000,653000000,10000010,122000070,10000000,10000000,10,112000070
530,910506000,910506000,10000000,10000000,18000000,18000000,634506000,634506000,18000000,18000000,230000000,230000000,248000000,248000000,276000000,276000000,10000000,10000000,18000000,18000000,0,0,18000000,18000000,230000000,230000000,248000000,248000000,10000010,36000040,10000000,10000000,10,26000040
560,878506000,879506000,10000000,10000000,7000000,8000000,634506000,634506000,8000000,8000000,219000000,219000000,227000000,227000000,244000000,245000000,10000000,10000000,7000000,8000000,0,0,8000000,8000000,219000000,219000000,227000000,227000000,10000010,32000030,10000000,10000000,10,22000030
590,789506000,790506000,10000000,10000000,8000000,9000000,634506000,634506000,8000000,8000000,129000000,129000000,137000000,137000000,155000000,156000000,10000000,10000000,8000000,9000000,0,0,8000000,8000000,129000000,129000000,137000000,137000000,10000010,44000030,10000000,10000000,10,34000030
620,845506000,846506000,10000000,10000000,9000000,10000000,634506000,634506000,10000000,10000000,182000000,182000000,192000000,192000000,211000000,212000000,10000000,10000000,9000000,10000000,0,0,10000000,10000000,182000000,182000000,192000000,192000000,10000010,53000030,10000000,10000000,10,43000030
650,957506000,958506000,10000000,10000000,10000000,11000000,634506000,634506000,11000000,11000000,292000000,292000000,303000000,303000000,323000000,324000000,10000000,10000000,10000000,11000000,0,0,11000000,11000000,292000000,292000000,303000000,303000000,10000010,96000050,10000000,10000000,10,86000050
680,764506000,764506000,10000000,10000000,6000000,6000000,634506000,634506000,6000000,6000000,108000000,108000000,114000000,114000000,130000000,130000000,10000000,10000000,6000000,6000000,0,0,6000000,6000000,108000000,108000000,114000000,114000000,10000010,20000010,10000000,10000000,10,10000010
710,851506000,852506000,10000000,10000000,17000000,18000000,634506000,634506000,18000000,18000000,172000000,172000000,190000000,190000000,217000000,218000000,10000000,10000000,17000000,18000000,0,0,18000000,18000000,172000000,172000000,190000000,190000000,10000010,31000010,10000000,10000000,10,21000010
740,840506000,841506000,10000000,10000000,5000000,6000000,634506000,634506000,6000000,6000000,185000000,185000000,191000000,191000000,206000000,207000000,10000000,10000000,5000000,6000000,0,0,6000000,6000000,185000000,185000000,191000000,191000000,10000010,92000040,10000000,10000000,10,82000040
770,716506000,716506000,10000000,10000000,1000000,1000000,634506000,634506000,1000000,1000000,70000000,70000000,71000000,71000000,82000000,82000000,10000000,10000000,1000000,1000000,0,0,1000000,1000000,70000000,70000000,71000000,71000000,10000010,30000030,10000000,10000000,10,20000030
800,875506000,876506000,10000000,10000000,1000000,2000000,634506000,634506000,2000000,2000000,228000000,228000000,230000000,230000000,241000000,242000000,10000000,10000000,1000000,2000000,0,0,2000000,2000000,228000000,228000000,230000000,230000000,10000010,68000030,10000000,10000000,10,58000030
830,856506000,857506000,10000000,10000000,0,1000000,634506000,634506000,1000000,1000000,211000000,211000000,212000000,212000000,222000000,223000000,10000000,10000000,0,1000000,0,0,1000000,1000000,211000000,211000000,212000000,212000000,10000010,91000030,10000000,10000000,10,81000030
860,810506000,815506000,10000000,10000000,8000000,13000000,634506000,634506000,13000000,13000000,145000000,145000000,158000000,158000000,176000000,181000000,10000000,10000000,8000000,13000000,0,0,13000000,13000000,145000000,145000000,158000000,158000000,10000010,12000020,10000000,10000000,10,2000020
890,902506000,903506000,10000000,10000000,9000000,10000000,634506000,634506000,10000000,10000000,239000000,239000000,249000000,249000000,268000000,269000000,10000000,10000000,9000000,10000000,0,0,10000000,10000000,239000000,239000000,249000000,249000000,10000010,76000040,10000000,10000000,10,66000040
920,876506000,877506000,10000000,10000000,18000000,19000000,634506000,634506000,18000000,18000000,196000000,196000000,214000000,214000000,242000000,243000000,10000000,10000000,18000000,19000000,0,0,18000000,18000000,196000000,196000000,214000000,214000000,10000010,72000010,10000000,10000000,10,62000010
950,801506000,802506000,10000000,10000000,11000000,12000000,634506000,634506000,12000000,12000000,134000000,134000000,146000000,146000000,167000000,168000000,10000000,10000000,11000000,12000000,0,0,12000000,12000000,134000000,134000000,146000000,146000000,10000010,35000040,10000000,10000000,10,25000040
980,661506000,1297012000,10000000,10000000,17000000,18000000,634506000,1269012000,0,0,0,0,0,0,27000000,28000000,10000000,10000000,17000000,18000000,0,0,0,0,0,0,0,0,10000010,10000000,10000000,10000000,10,0
1010,647506000,1283012000,10000000,10000000,3000000,4000000,634506000,1269012000,0,0,0,0,0,0,13000000,14000000,10000000,10000000,3000000,4000000,0,0,0,0,0,0,0,0,10000010,10000000,10000000,10000000,10,0
1040,651506000,1287012000,10000000,10000000,7000000,8000000,634506000,1269012000,0,0,0,0,0,0,17000000,18000000,10000000,10000000,7000000,8000000,0,0,0,0,0,0,0,0,10000010,10000000,10000000,10000000,10,0
1070,692506000,1972518000,10000000,10000000,8000000,19000000,634506000,1903518000,19000000,19000000,21000000,21000000,40000000,40000000,58000000,69000000,10000000,10000000,8000000,19000000,0,0,19000000,19000000,21000000,21000000,40000000,40000000,10000010,10000000,10000000,10000000,10,0
1100,972506000,18748674000,10000000,10000000,0,10000000,634506000,18400674000,2000000,2000000,326000000,326000000,328000000,328000000,338000000,348000000,10000000,10000000,0,10000000,0,0,2000000,2000000,326000000,326000000,328000000,328000000,10000010,59000020,10000000,10000000,10,49000020
1130,809506000,3359530000,10000000,10000000,5000000,17000000,634506000,3172530000,16000000,16000000,144000000,144000000,160000000,160000000,175000000,187000000,10000000,10000000,5000000,17000000,0,0,16000000,16000000,144000000,144000000,160000000,160000000,10000010,76000030,10000000,10000000,10,66000030
1160,653506000,1289012000,10000000,10000000,9000000,10000000,634506000,1269012000,0,0,0,0,0,0,19000000,20000000,10000000,10000000,9000000,10000000,0,0,0,0,0,0,0,0,10000010,10000000,10000000,10000000,10,0
1190,657506000,2562024000,10000000,10000000,5000000,6000000,634506000,2538024000,6000000,6000000,2000000,2000000,8000000,8000000,23000000,24000000,10000000,10000000,5000000,6000000,0,0,6000000,6000000,2000000,2000000,8000000,8000000,10000010,10000000,10000000,10000000,10,0
1220,939506000,2225518000,10000000,10000000,57000000,74000000,634506000,1903518000,74000000,74000000,164000000,164000000,238000000,238000000,305000000,322000000,10000000,10000000,57000000,74000000,0,0,74000000,74000000,164000000,164000000,238000000,238000000,10000010,114000020,10000000,10000000,10,104000020
1250,684506000,2589024000,10000000,10000000,7000000,8000000,634506000,2538024000,7000000,7000000,26000000,26000000,33000000,33000000,50000000,51000000,10000000,10000000,7000000,8000000,0,0,7000000,7000000,26000000,26000000,33000000,33000000,10000010,10000000,10000000,10000000,10,0
1280,752506000,1391012000,10000000,10000000,44000000,48000000,634506000,1269012000,47000000,47000000,17000000,17000000,64000000,64000000,118000000,122000000,10000000,10000000,44000000,48000000,0,0,47000000,47000000,17000000,17000000,64000000,64000000,10000010,10000000,10000000,10000000,10,0
21,932506000,933506000,10000000,10000000,19000000,20000000,634506000,634506000,20000000,20000000,249000000,249000000,269000000,269000000,298000000,299000000,10000000,10000000,19000000,20000000,0,0,20000000,20000000,249000000,249000000,269000000,269000000,10000010,32000010,10000000,10000000,10,22000010
51,807506000,808506000,10000000,10000000,16000000,17000000,634506000,634506000,16000000,16000000,131000000,131000000,147000000,147000000,173000000,174000000,10000000,10000000,16000000,17000000,0,0,16000000,16000000,131000000,131000000,147000000,147000000,10000010,76000030,10000000,10000000,10,66000030
81,810506000,830506000,10000000,10000000,19000000,39000000,634506000,634506000,39000000,39000000,108000000,108000000,147000000,147000000,176000000,196000000,10000000,10000000,19000000,39000000,0,0,39000000,39000000,108000000,108000000,147000000,147000000,10000010,29000030,10000000,10000000,10,19000030
111,826506000,827506000,10000000,10000000,17000000,18000000,634506000,634506000,17000000,17000000,148000000,148000000,165000000,165000000,192000000,193000000,10000000,10000000,17000000,18000000,0,0,17000000,17000000,148000000,148000000,165000000,165000000,10000010,32000040,10000000,10000000,10,22000040
141,807506000,807506000,10000000,10000000,1000000,1000000,634506000,634506000,1000000,1000000,161000000,161000000,162000000,162000000,173000000,173000000,10000000,10000000,1000000,1000000,0,0,1000000,1000000,161000000,161000000,162000000,162000000,10000010,22000030,10000000,10000000,10,12000030
171,917506000,917506000,10000000,10000000,20000000,20000000,634506000,634506000,20000000,20000000,233000000,233000000,253000000,253000000,283000000,283000000,10000000,10000000,20000000,20000000,0,0,20000000,20000000,233000000,233000000,253000000,253000000,10000010,37000040,10000000,10000000,10,27000040
201,664506000,665506000,10000000,10000000,20000000,21000000,634506000,634506000,0,0,0,0,0,0,30000000,31000000,10000000,10000000,20000000,21000000,0,0,0,0,0,0,0,0,10000010,10000000,10000000,10000000,10,0
231,902506000,913506000,10000000,10000000,8000000,19000000,634506000,634506000,19000000,19000000,231000000,231000000,250000000,250000000,268000000,279000000,10000000,10000000,8000000,19000000,0,0,19000000,19000000,231000000,231000000,250000000,250000000,10000010,32000010,10000000,10000000,10,22000010
261,828506000,829506000,10000000,10000000,8000000,9000000,634506000,634506000,9000000,9000000,167000000,167000000,176000000,176000000,194000000,195000000,10000000,10000000,8000000,9000000,0,0,9000000,9000000,167000000,167000000,176000000,176000000,10000010,26000040,10000000,10000000,10,16000040
291,801506000,803506000,10000000,10000000,7000000,9000000,634506000,634506000,7000000,7000000,143000000,143000000,150000000,150000000,167000000,169000000,10000000,10000000,7000000,9000000,0,0,7000000,7000000,143000000,143000000,150000000,150000000,10000010,84000030,10000000,10000000,10,74000030
321,706506000,713506000,10000000,10000000,1000000,8000000,634506000,634506000,1000000,1000000,60000000,60000000,61000000,61000000,72000000,79000000,10000000,10000000,1000000,8000000,0,0,1000000,1000000,60000000,60000000,61000000,61000000,10000010,22000020,10000000,10000000,10,12000020
351,663506000,664506000,10000000,10000000,8000000,9000000,634506000,634506000,8000000,8000000,3000000,3000000,11000000,11000000,29000000,30000000,10000000,10000000,8000000,9000000,0,0,8000000,8000000,3000000,3000000,11000000,11000000,10000010,11000010,10000000,10000000,10,1000010
381,792506000,792506000,10000000,10000000,9000000,9000000,634506000,634506000,9000000,9000000,130000000,130000000,139000000,139000000,158000000,158000000,10000000,10000000,9000000,9000000,0,0,9000000,9000000,130000000,130000000,139000000,139000000,10000010,26000030,10000000,10000000,10,16000030
411,978506000,979506000,10000000,10000000,12000000,13000000,634506000,634506000,13000000,13000000,309000000,309000000,322000000,322000000,344000000,345000000,10000000,10000000,12000000,13000000,0,0,13000000,13000000,309000000,309000000,322000000,322000000,10000010,12000010,10000000,10000000,10,2000010
441,971506000,973506000,10000000,10000000,11000000,13000000,634506000,634506000,13000000,13000000,303000000,303000000,316000000,316000000,337000000,339000000,10000000,10000000,11000000,13000000,0,0,13000000,13000000,303000000,303000000,316000000,316000000,10000010,106000050,10000000,10000000,10,96000050
471,760506000,760506000,10000000,10000000,11000000,11000000,634506000,634506000,11000000,11000000,94000000,94000000,105000000,105000000,126000000,126000000,10000000,10000000,11000000,11000000,0,0,11000000,11000000,94000000,94000000,105000000,105000000,10000010,43000020,10000000,10000000,10,33000020
501,829506000,835506000,10000000,10000000,38000000,44000000,634506000,634506000,44000000,44000000,103000000,103000000,147000000,147000000,195000000,201000000,10000000,10000000,38000000,44000000,0,0,44000000,44000000,103000000,103000000,147000000,147000000,10000010,42000040,10000000,10000000,10,32000040
531,817506000,817506000,10000000,10000000,18000000,18000000,634506000,634506000,18000000,18000000,137000000,137000000,155000000,155000000,183000000,183000000,10000000,10000000,18000000,18000000,0,0,18000000,18000000,137000000,137000000,155000000,155000000,10000010,72000010,10000000,10000000,10,62000010
561,876506000,877506000,10000000,10000000,7000000,8000000,634506000,634506000,8000000,8000000,217000000,217000000,225000000,225000000,242000000,243000000,10000000,10000000,7000000,8000000,0,0,8000000,8000000,217000000,217000000,225000000,225000000,10000010,32000030,10000000,10000000,10,22000030
591,880506000,881506000,10000000,10000000,7000000,8000000,634506000,634506000,8000000,8000000,221000000,221000000,229000000,229000000,246000000,247000000,10000000,10000000,7000000,8000000,0,0,8000000,8000000,221000000,221000000,229000000,229000000,10000010,33000030,10000000,10000000,10,23000030
621,806506000,807506000,10000000,10000000,8000000,9000000,634506000,634506000,8000000,8000000,146000000,146000000,154000000,154000000,172000000,173000000,10000000,10000000,8000000,9000000,0,0,8000000,8000000,146000000,146000000,154000000,154000000,10000010,93000020,10000000,10000000,10,83000020
651,782506000,782506000,10000000,10000000,10000000,10000000,634506000,634506000,10000000,10000000,118000000,118000000,128000000,128000000,148000000,148000000,10000000,10000000,10000000,10000000,0,0,10000000,10000000,118000000,118000000,128000000,128000000,10000010,52000020,10000000,10000000,10,42000020
681,854506000,855506000,10000000,10000000,6000000,7000000,634506000,634506000,7000000,7000000,197000000,197000000,204000000,204000000,220000000,221000000,10000000,10000000,6000000,7000000,0,0,7000000,7000000,197000000,197000000,204000000,204000000,10000010,20000010,10000000,10000000,10,10000010
711,851506000,852506000,10000000,10000000,17000000,18000000,634506000,634506000,18000000,18000000,172000000,172000000,190000000,190000000,217000000,218000000,10000000,10000000,17000000,18000000,0,0,18000000,18000000,172000000,172000000,190000000,190000000,10000010,31000010,10000000,10000000,10,21000010
741,883506000,884506000,10000000,10000000,5000000,6000000,634506000,634506000,6000000,6000000,228000000,228000000,234000000,234000000,249000000,250000000,10000000,10000000,5000000,6000000,0,0,6000000,6000000,228000000,228000000,234000000,234000000,10000010,92000040,10000000,10000000,10,82000040
771,653506000,653506000,10000000,10000000,1000000,1000000,634506000,634506000,1000000,1000000,7000000,7000000,8000000,8000000,19000000,19000000,10000000,10000000,1000000,1000000,0,0,1000000,1000000,7000000,7000000,8000000,8000000,10000010,11000010,10000000,10000000,10,1000010
801,781506000,781506000,10000000,10000000,1000000,1000000,634506000,634506000,1000000,1000000,135000000,135000000,136000000,136000000,147000000,147000000,10000000,10000000,1000000,1000000,0,0,1000000,1000000,135000000,135000000,136000000,136000000,10000010,28000020,10000000,10000000,10,18000020
831,699506000,699506000,10000000,10000000,10000000,10000000,634506000,634506000,10000000,10000000,35000000,35000000,45000000,45000000,65000000,65000000,10000000,10000000,10000000,10000000,0,0,10000000,10000000,35000000,35000000,45000000,45000000,10000010,21000020,10000000,10000000,10,11000020
861,767506000,768506000,10000000,10000000,11000000,12000000,634506000,634506000,12000000,12000000,100000000,100000000,112000000,112000000,133000000,134000000,10000000,10000000,11000000,12000000,0,0,12000000,12000000,100000000,100000000,112000000,112000000,10000010,22000030,10000000,10000000,10,12000030
891,817506000,817506000,10000000,10000000,8000000,8000000,634506000,634506000,8000000,8000000,157000000,157000000,165000000,165000000,183000000,183000000,10000000,10000000,8000000,8000000,0,0,8000000,8000000,157000000,157000000,165000000,165000000,10000010,16000030,10000000,10000000,10,6000030
921,876506000,877506000,10000000,10000000,18000000,19000000,634506000,634506000,18000000,18000000,196000000,196000000,214000000,214000000,242000000,243000000,10000000,10000000,18000000,19000000,0,0,18000000,18000000,196000000,196000000,214000000,214000000,10000010,72000010,10000000,10000000,10,62000010
951,849506000,850506000,10000000,10000000,12000000,13000000,634506000,634506000,13000000,13000000,180000000,180000000,193000000,193000000,215000000,216000000,10000000,10000000,12000000,13000000,0,0,13000000,13000000,180000000,180000000,193000000,193000000,10000010,35000040,10000000,10000000,10,25000040
981,848506000,5927554000,10000000,10000000,17000000,20000000,634506000,5710554000,18000000,18000000,169000000,169000000,187000000,187000000,214000000,217000000,10000000,10000000,17000000,20000000,0,0,18000000,18000000,169000000,169000000,187000000,187000000,10000010,50000010,10000000,10000000,10,40000010
1011,917506000,7272566000,10000000,10000000,0,10000000,634506000,6979566000,4000000,4000000,269000000,269000000,273000000,273000000,283000000,293000000,10000000,10000000,0,10000000,0,0,4000000,4000000,269000000,269000000,273000000,273000000,10000010,90000040,10000000,10000000,10,80000040
1041,751506000,2657024000,10000000,10000000,7000000,9000000,634506000,2538024000,8000000,8000000,92000000,92000000,100000000,100000000,117000000,119000000,10000000,10000000,7000000,9000000,0,0,8000000,8000000,92000000,92000000,100000000,100000000,10000010,11000010,10000000,10000000,10,1000010
1071,663506000,1933518000,10000000,10000000,19000000,20000000,634506000,1903518000,0,0,0,0,0,0,29000000,30000000,10000000,10000000,19000000,20000000,0,0,0,0,0,0,0,0,10000010,10000000,10000000,10000000,10,0
1101,864506000,18660674000,10000000,10000000,0,15000000,634506000,18400674000,15000000,16000000,205000000,219000000,220000000,235000000,230000000,260000000,10000000,10000000,0,15000000,0,0,15000000,16000000,205000000,219000000,220000000,235000000,10000010,76000020,10000000,10000000,10,66000020
1131,673506000,3212530000,10000000,10000000,0,1000000,634506000,3172530000,1000000,1000000,28000000,28000000,29000000,29000000,39000000,40000000,10000000,10000000,0,1000000,0,0,1000000,1000000,28000000,28000000,29000000,29000000,10000010,10000000,10000000,10000000,10,0
1161,653506000,1289012000,10000000,10000000,9000000,10000000,634506000,1269012000,0,0,0,0,0,0,19000000,20000000,10000000,10000000,9000000,10000000,0,0,0,0,0,0,0,0,10000010,10000000,10000000,10000000,10,0
1191,658506000,1928518000,10000000,10000000,6000000,7000000,634506000,1903518000,6000000,6000000,2000000,2000000,8000000,8000000,24000000,25000000,10000000,10000000,6000000,7000000,0,0,6000000,6000000,2000000,2000000,8000000,8000000,10000010,10000000,10000000,10000000,10,0
1221,853506000,1544012000,10000000,10000000,18000000,74000000,634506000,1269012000,73000000,73000000,118000000,118000000,191000000,191000000,219000000,275000000,10000000,10000000,18000000,74000000,0,0,73000000,73000000,118000000,118000000,191000000,191000000,10000010,73000020,10000000,10000000,10,63000020
1251,757506000,3299530000,10000000,10000000,7000000,11000000,634506000,3172530000,11000000,11000000,95000000,95000000,106000000,106000000,123000000,127000000,10000000,10000000,7000000,11000000,0,0,11000000,11000000,95000000,95000000,106000000,106000000,10000010,35000030,10000000,10000000,10,25000030
1281,805506000,1442012000,10000000,10000000,11000000,13000000,634506000,1269012000,13000000,13000000,137000000,137000000,150000000,150000000,171000000,173000000,10000000,10000000,11000000,13000000,0,0,13000000,13000000,137000000,137000000,150000000,150000000,10000010,55000040,10000000,10000000,10,45000040
22,988506000,989506000,10000000,10000000,19000000,20000000,634506000,634506000,20000000,20000000,305000000,305000000,325000000,325000000,354000000,355000000,10000000,10000000,19000000,20000000,0,0,20000000,20000000,305000000,305000000,325000000,325000000,10000010,32000010,10000000,10000000,10,22000010
52,988506000,1028506000,10000000,10000000,17000000,57000000,634506000,634506000,57000000,57000000,270000000,270000000,327000000,327000000,354000000,394000000,10000000,10000000,17000000,57000000,0,0,57000000,57000000,270000000,270000000,327000000,327000000,10000010,76000030,10000000,10000000,10,66000030
82,719506000,719506000,10000000,10000000,19000000,19000000,634506000,634506000,19000000,19000000,37000000,37000000,56000000,56000000,85000000,85000000,10000000,10000000,19000000,19000000,0,0,19000000,19000000,37000000,37000000,56000000,56000000,10000010,32000010,10000000,10000000,10,22000010
112,727506000,737506000,10000000,10000000,18000000,20000000,634506000,634506000,18000000,57000000,47000000,16000000,65000000,73000000,93000000,103000000,10000000,10000000,18000000,20000000,0,0,18000000,57000000,47000000,16000000,65000000,73000000,10000010,57000020,10000000,10000000,10,47000020
142,804506000,804506000,10000000,10000000,1000000,1000000,634506000,634506000,1000000,1000000,158000000,158000000,159000000,159000000,170000000,170000000,10000000,10000000,1000000,1000000,0,0,1000000,1000000,158000000,158000000,159000000,159000000,10000010,22000030,10000000,10000000,10,12000030
172,845506000,845506000,10000000,10000000,20000000,20000000,634506000,634506000,20000000,20000000,161000000,161000000,181000000,181000000,211000000,211000000,10000000,10000000,20000000,20000000,0,0,20000000,20000000,161000000,161000000,181000000,181000000,10000010,37000040,10000000,10000000,10,27000040
202,890506000,890506000,10000000,10000000,20000000,20000000,634506000,634506000,20000000,20000000,206000000,206000000,226000000,226000000,256000000,256000000,10000000,10000000,20000000,20000000,0,0,20000000,20000000,206000000,206000000,226000000,226000000,10000010,61000030,10000000,10000000,10,51000030
232,738506000,738506000,10000000,10000000,19000000,19000000,634506000,634506000,19000000,19000000,56000000,56000000,75000000,75000000,104000000,104000000,10000000,10000000,19000000,19000000,0,0,19000000,19000000,56000000,56000000,75000000,75000000,10000010,32000010,10000000,10000000,10,22000010
262,755506000,755506000,10000000,10000000,8000000,8000000,634506000,634506000,8000000,8000000,95000000,95000000,103000000,103000000,121000000,121000000,10000000,10000000,8000000,8000000,0,0,8000000,8000000,95000000,95000000,103000000,103000000,10000010,83000040,10000000,10000000,10,73000040
292,781506000,782506000,10000000,10000000,8000000,9000000,634506000,634506000,9000000,9000000,120000000,120000000,129000000,129000000,147000000,148000000,10000000,10000000,8000000,9000000,0,0,9000000,9000000,120000000,120000000,129000000,129000000,10000010,83000040,10000000,10000000,10,73000040
322,953506000,954506000,10000000,10000000,8000000,9000000,634506000,634506000,9000000,9000000,292000000,292000000,301000000,301000000,319000000,320000000,10000000,10000000,8000000,9000000,0,0,9000000,9000000,292000000,292000000,301000000,301000000,10000010,43000020,10000000,10000000,10,33000020
352,678506000,680506000,10000000,10000000,6000000,8000000,634506000,634506000,8000000,8000000,20000000,20000000,28000000,28000000,44000000,46000000,10000000,10000000,6000000,8000000,0,0,8000000,8000000,20000000,20000000,28000000,28000000,10000010,12000020,10000000,10000000,10,2000020
382,820506000,824506000,10000000,10000000,9000000,13000000,634506000,634506000,13000000,13000000,154000000,154000000,167000000,167000000,186000000,190000000,10000000,10000000,9000000,13000000,0,0,13000000,13000000,154000000,154000000,167000000,167000000,10000010,30000040,10000000,10000000,10,20000040
412,978506000,979506000,10000000,10000000,12000000,13000000,634506000,634506000,13000000,13000000,309000000,309000000,322000000,322000000,344000000,345000000,10000000,10000000,12000000,13000000,0,0,13000000,13000000,309000000,309000000,322000000,322000000,10000010,12000010,10000000,10000000,10,2000010
442,847506000,847506000,10000000,10000000,11000000,11000000,634506000,634506000,11000000,11000000,181000000,181000000,192000000,192000000,213000000,213000000,10000000,10000000,11000000,11000000,0,0,11000000,11000000,181000000,181000000,192000000,192000000,10000010,36000040,10000000,10000000,10,26000040
472,745506000,745506000,10000000,10000000,11000000,11000000,634506000,634506000,11000000,11000000,79000000,79000000,90000000,90000000,111000000,111000000,10000000,10000000,11000000,11000000,0,0,11000000,11000000,79000000,79000000,90000000,90000000,10000010,43000020,10000000,10000000,10,33000020
502,1005506000,1006506000,10000000,10000000,37000000,38000000,634506000,634506000,38000000,38000000,286000000,286000000,324000000,324000000,371000000,372000000,10000000,10000000,37000000,38000000,0,0,38000000,38000000,286000000,286000000,324000000,324000000,10000010,48000040,10000000,10000000,10,38000040
532,817506000,817506000,10000000,10000000,18000000,18000000,634506000,634506000,18000000,18000000,137000000,137000000,155000000,155000000,183000000,183000000,10000000,10000000,18000000,18000000,0,0,18000000,18000000,137000000,137000000,155000000,155000000,10000010,72000010,10000000,10000000,10,62000010
562,800506000,805506000,10000000,10000000,7000000,12000000,634506000,634506000,12000000,12000000,137000000,137000000,149000000,149000000,166000000,171000000,10000000,10000000,7000000,12000000,0,0,12000000,12000000,137000000,137000000,149000000,149000000,10000010,33000030,10000000,10000000,10,23000030
592,914506000,915506000,10000000,10000000,7000000,8000000,634506000,634506000,8000000,8000000,255000000,255000000,263000000,263000000,280000000,281000000,10000000,10000000,7000000,8000000,0,0,8000000,8000000,255000000,255000000,263000000,263000000,10000010,36000040,10000000,10000000,10,26000040
622,781506000,782506000,10000000,10000000,9000000,10000000,634506000,634506000,10000000,10000000,118000000,118000000,128000000,128000000,147000000,148000000,10000000,10000000,9000000,10000000,0,0,10000000,10000000,118000000,118000000,128000000,128000000,10000010,53000030,10000000,10000000,10,43000030
652,771506000,771506000,10000000,10000000,10000000,10000000,634506000,634506000,10000000,10000000,107000000,107000000,117000000,117000000,137000000,137000000,10000000,10000000,10000000,10000000,0,0,10000000,10000000,107000000,107000000,117000000,117000000,10000010,52000020,10000000,10000000,10,42000020
682,796506000,797506000,10000000,10000000,5000000,6000000,634506000,634506000,6000000,6000000,141000000,141000000,147000000,147000000,162000000,163000000,10000000,10000000,5000000,6000000,0,0,6000000,6000000,141000000,141000000,147000000,147000000,10000010,92000040,10000000,10000000,10,82000040
712,851506000,852506000,10000000,10000000,17000000,18000000,634506000,634506000,18000000,18000000,172000000,172000000,190000000,190000000,217000000,218000000,10000000,10000000,17000000,18000000,0,0,18000000,18000000,172000000,172000000,190000000,190000000,10000010,31000010,10000000,10000000,10,21000010
742,842506000,843506000,10000000,10000000,5000000,6000000,634506000,634506000,6000000,6000000,187000000,187000000,193000000,193000000,208000000,209000000,10000000,10000000,5000000,6000000,0,0,6000000,6000000,187000000,187000000,193000000,193000000,10000010,92000040,10000000,10000000,10,82000040
772,774506000,774506000,10000000,10000000,1000000,1000000,634506000,634506000,1000000,1000000,128000000,128000000,129000000,129000000,140000000,140000000,10000000,10000000,1000000,1000000,0,0,1000000,1000000,128000000,128000000,129000000,129000000,10000010,28000020,10000000,10000000,10,18000020
802,875506000,876506000,10000000,10000000,1000000,2000000,634506000,634506000,2000000,2000000,228000000,228000000,230000000,230000000,241000000,242000000,10000000,10000000,1000000,2000000,0,0,2000000,2000000,228000000,228000000,230000000,230000000,10000010,68000030,10000000,10000000,10,58000030
832,803506000,803506000,10000000,10000000,10000000,10000000,634506000,634506000,10000000,10000000,139000000,139000000,149000000,149000000,169000000,169000000,10000000,10000000,10000000,10000000,0,0,10000000,10000000,139000000,139000000,149000000,149000000,10000010,35000030,10000000,10000000,10,25000030
862,757506000,757506000,10000000,10000000,11000000,11000000,634506000,634506000,11000000,11000000,91000000,91000000,102000000,102000000,123000000,123000000,10000000,10000000,11000000,11000000,0,0,11000000,11000000,91000000,91000000,102000000,102000000,10000010,21000020,10000000,10000000,10,11000020
892,893506000,894506000,10000000,10000000,7000000,8000000,634506000,634506000,8000000,8000000,234000000,234000000,242000000,242000000,259000000,260000000,10000000,10000000,7000000,8000000,0,0,8000000,8000000,234000000,234000000,242000000,242000000,10000010,17000010,10000000,10000000,10,7000010
922,876506000,877506000,10000000,10000000,18000000,19000000,634506000,634506000,18000000,18000000,196000000,196000000,214000000,214000000,242000000,243000000,10000000,10000000,18000000,19000000,0,0,18000000,18000000,196000000,196000000,214000000,214000000,10000010,72000010,10000000,10000000,10,62000010
952,956506000,957506000,10000000,10000000,73000000,74000000,634506000,634506000,74000000,74000000,165000000,165000000,239000000,239000000,322000000,323000000,10000000,10000000,73000000,74000000,0,0,74000000,74000000,165000000,165000000,239000000,239000000,10000010,130000030,10000000,10000000,10,120000030
982,661506000,1297012000,10000000,10000000,17000000,18000000,634506000,1269012000,0,0,0,0,0,0,27000000,28000000,10000000,10000000,17000000,18000000,0,0,0,0,0,0,0,0,10000010,10000000,10000000,10000000,10,0
1012,917506000,7272566000,10000000,10000000,1000000,11000000,634506000,6979566000,4000000,4000000,268000000,268000000,272000000,272000000,283000000,293000000,10000000,10000000,1000000,11000000,0,0,4000000,4000000,268000000,268000000,272000000,272000000,10000010,83000040,10000000,10000000,10,73000040
1042,996506000,12428614000,10000000,10000000,1000000,12000000,634506000,12055614000,8000000,8000000,343000000,343000000,351000000,351000000,362000000,373000000,10000000,10000000,1000000,12000000,0,0,8000000,8000000,343000000,343000000,351000000,351000000,10000010,29000040,10000000,10000000,10,19000040
1072,738506000,3922036000,10000000,10000000,8000000,19000000,634506000,3807036000,19000000,19000000,67000000,67000000,86000000,86000000,104000000,115000000,10000000,10000000,8000000,19000000,0,0,19000000,19000000,67000000,67000000,86000000,86000000,10000010,10000000,10000000,10000000,10,0
1102,673506000,3847036000,10000000,10000000,0,1000000,634506000,3807036000,1000000,1000000,28000000,28000000,29000000,29000000,39000000,40000000,10000000,10000000,0,1000000,0,0,1000000,1000000,28000000,28000000,29000000,29000000,10000010,10000000,10000000,10000000,10,0
1132,688506000,1964518000,10000000,10000000,1000000,8000000,634506000,1903518000,8000000,8000000,35000000,35000000,43000000,43000000,54000000,61000000,10000000,10000000,1000000,8000000,0,0,8000000,8000000,35000000,35000000,43000000,43000000,10000010,11000010,10000000,10000000,10,1000010
1162,653506000,1934518000,10000000,10000000,9000000,21000000,634506000,1903518000,0,0,0,0,0,0,19000000,31000000,10000000,10000000,9000000,21000000,0,0,0,0,0,0,0,0,10000010,10000000,10000000,10000000,10,0
1192,706506000,3883036000,10000000,10000000,5000000,9000000,634506000,3807036000,6000000,6000000,51000000,51000000,57000000,57000000,72000000,76000000,10000000,10000000,5000000,9000000,0,0,6000000,6000000,51000000,51000000,57000000,57000000,10000010,10000000,10000000,10000000,10,0
1222,786506000,2109518000,10000000,10000000,19000000,73000000,634506000,1903518000,57000000,57000000,66000000,66000000,123000000,123000000,152000000,206000000,10000000,10000000,19000000,73000000,0,0,57000000,57000000,66000000,66000000,123000000,123000000,10000010,10000000,10000000,10000000,10,0
1252,655506000,657506000,10000000,10000000,11000000,13000000,634506000,634506000,0,0,0,0,0,0,21000000,23000000,10000000,10000000,11000000,13000000,0,0,0,0,0,0,0,0,10000010,10000000,10000000,10000000,10,0
1282,828506000,2163518000,10000000,10000000,19000000,85000000,634506000,1903518000,85000000,85000000,80000000,80000000,165000000,165000000,194000000,260000000,10000000,10000000,19000000,85000000,0,0,85000000,85000000,80000000,80000000,165000000,165000000,10000010,72000010,10000000,10000000,10,62000010
23,988506000,989506000,10000000,10000000,19000000,20000000,634506000,634506000,20000000,20000000,305000000,305000000,325000000,325000000,354000000,355000000,10000000,10000000,19000000,20000000,0,0,20000000,20000000,305000000,305000000,325000000,325000000,10000010,32000010,10000000,10000000,10,22000010
53,798506000,798506000,10000000,10000000,10000000,10000000,634506000,634506000,10000000,10000000,134000000,134000000,144000000,144000000,164000000,164000000,10000000,10000000,10000000,10000000,0,0,10000000,10000000,134000000,134000000,144000000,144000000,10000010,35000040,10000000,10000000,10,25000040
83,794506000,795506000,10000000,10000000,19000000,20000000,634506000,634506000,20000000,20000000,111000000,111000000,131000000,131000000,160000000,161000000,10000000,10000000,19000000,20000000,0,0,20000000,20000000,111000000,111000000,131000000,131000000,10000010,33000020,10000000,10000000,10,23000020
113,788506000,788506000,10000000,10000000,18000000,18000000,634506000,634506000,18000000,18000000,108000000,108000000,126000000,126000000,154000000,154000000,10000000,10000000,18000000,18000000,0,0,18000000,18000000,108000000,108000000,126000000,126000000,10000010,34000030,10000000,10000000,10,24000030
143,836506000,838506000,10000000,10000000,8000000,10000000,634506000,634506000,10000000,10000000,174000000,174000000,184000000,184000000,202000000,204000000,10000000,10000000,8000000,10000000,0,0,10000000,10000000,174000000,174000000,184000000,184000000,10000010,96000040,10000000,10000000,10,86000040
173,844506000,844506000,10000000,10000000,20000000,20000000,634506000,634506000,20000000,20000000,160000000,160000000,180000000,180000000,210000000,210000000,10000000,10000000,20000000,20000000,0,0,20000000,20000000,160000000,160000000,180000000,180000000,10000010,37000040,10000000,10000000,10,27000040
203,890506000,890506000,10000000,10000000,20000000,20000000,634506000,634506000,20000000,20000000,206000000,206000000,226000000,226000000,256000000,256000000,10000000,10000000,20000000,20000000,0,0,20000000,20000000,206000000,206000000,226000000,226000000,10000010,61000030,10000000,10000000,10,51000030
233,903506000,904506000,10000000,10000000,19000000,20000000,634506000,634506000,20000000,20000000,220000000,220000000,240000000,240000000,269000000,270000000,10000000,10000000,19000000,20000000,0,0,20000000,20000000,220000000,220000000,240000000,240000000,10000010,32000010,10000000,10000000,10,22000010
263,828506000,829506000,10000000,10000000,8000000,9000000,634506000,634506000,9000000,9000000,167000000,167000000,176000000,176000000,194000000,195000000,10000000,10000000,8000000,9000000,0,0,9000000,9000000,167000000,167000000,176000000,176000000,10000010,26000040,10000000,10000000,10,16000040
293,785506000,788506000,10000000,10000000,6000000,9000000,634506000,634506000,6000000,6000000,129000000,129000000,135000000,135000000,151000000,154000000,10000000,10000000,6000000,9000000,0,0,6000000,6000000,129000000,129000000,135000000,135000000,10000010,27000030,10000000,10000000,10,17000030
323,901506000,902506000,10000000,10000000,8000000,9000000,634506000,634506000,9000000,9000000,240000000,240000000,249000000,249000000,267000000,268000000,10000000,10000000,8000000,9000000,0,0,9000000,9000000,240000000,240000000,249000000,249000000,10000010,43000020,10000000,10000000,10,33000020
353,663506000,664506000,10000000,10000000,8000000,9000000,634506000,634506000,8000000,8000000,3000000,3000000,11000000,11000000,29000000,30000000,10000000,10000000,8000000,9000000,0,0,8000000,8000000,3000000,3000000,11000000,11000000,10000010,11000010,10000000,10000000,10,1000010
383,776506000,776506000,10000000,10000000,9000000,9000000,634506000,634506000,9000000,9000000,114000000,114000000,123000000,123000000,142000000,142000000,10000000,10000000,9000000,9000000,0,0,9000000,9000000,114000000,114000000,123000000,123000000,10000010,26000030,10000000,10000000,10,16000030
413,978506000,979506000,10000000,10000000,12000000,13000000,634506000,634506000,13000000,13000000,309000000,309000000,322000000,322000000,344000000,345000000,10000000,10000000,12000000,13000000,0,0,13000000,13000000,309000000,309000000,322000000,322000000,10000010,12000010,10000000,10000000,10,2000010
443,847506000,847506000,10000000,10000000,11000000,11000000,634506000,634506000,11000000,11000000,181000000,181000000,192000000,192000000,213000000,213000000,10000000,10000000,11000000,11000000,0,0,11000000,11000000,181000000,181000000,192000000,192000000,10000010,36000040,10000000,10000000,10,26000040
473,760506000,760506000,10000000,10000000,11000000,11000000,634506000,634506000,11000000,11000000,94000000,94000000,105000000,105000000,126000000,126000000,10000000,10000000,11000000,11000000,0,0,11000000,11000000,94000000,94000000,105000000,105000000,10000010,43000020,10000000,10000000,10,33000020
503,682506000,686506000,10000000,10000000,38000000,42000000,634506000,634506000,0,0,0,0,0,0,48000000,52000000,10000000,10000000,38000000,42000000,0,0,0,0,0,0,0,0,10000010,10000000,10000000,10000000,10,0
533,817506000,817506000,10000000,10000000,18000000,18000000,634506000,634506000,18000000,18000000,137000000,137000000,155000000,155000000,183000000,183000000,10000000,10000000,18000000,18000000,0,0,18000000,18000000,137000000,137000000,155000000,155000000,10000010,72000010,10000000,10000000,10,62000010
563,826506000,826506000,10000000,10000000,18000000,18000000,634506000,634506000,18000000,18000000,146000000,146000000,164000000,164000000,192000000,192000000,10000000,10000000,18000000,18000000,0,0,18000000,18000000,146000000,146000000,164000000,164000000,10000010,50000010,10000000,10000000,10,40000010
593,934506000,935506000,10000000,10000000,7000000,8000000,634506000,634506000,8000000,8000000,275000000,275000000,283000000,283000000,300000000,301000000,10000000,10000000,7000000,8000000,0,0,8000000,8000000,275000000,275000000,283000000,283000000,10000010,36000040,10000000,10000000,10,26000040
623,789506000,791506000,10000000,10000000,7000000,9000000,634506000,634506000,7000000,7000000,131000000,131000000,138000000,138000000,155000000,157000000,10000000,10000000,7000000,9000000,0,0,7000000,7000000,131000000,131000000,138000000,138000000,10000010,93000020,10000000,10000000,10,83000020
653,849506000,849506000,10000000,10000000,10000000,10000000,634506000,634506000,10000000,10000000,185000000,185000000,195000000,195000000,215000000,215000000,10000000,10000000,10000000,10000000,0,0,10000000,10000000,185000000,185000000,195000000,195000000,10000010,52000020,10000000,10000000,10,42000020
683,727506000,727506000,10000000,10000000,6000000,6000000,634506000,634506000,6000000,6000000,71000000,71000000,77000000,77000000,93000000,93000000,10000000,10000000,6000000,6000000,0,0,6000000,6000000,71000000,71000000,77000000,77000000,10000010,20000010,10000000,10000000,10,10000010
713,851506000,852506000,10000000,10000000,17000000,18000000,634506000,634506000,18000000,18000000,172000000,172000000,190000000,190000000,217000000,218000000,10000000,10000000,17000000,18000000,0,0,18000000,18000000,172000000,172000000,190000000,190000000,10000010,31000010,10000000,10000000,10,21000010
743,649506000,651506000,10000000,10000000,5000000,7000000,634506000,634506000,0,0,0,0,0,0,15000000,17000000,10000000,10000000,5000000,7000000,0,0,0,0,0,0,0,0,10000010,10000000,10000000,10000000,10,0
773,852506000,853506000,10000000,10000000,0,1000000,634506000,634506000,1000000,1000000,207000000,207000000,208000000,208000000,218000000,219000000,10000000,10000000,0,1000000,0,0,1000000,1000000,207000000,207000000,208000000,208000000,10000010,91000030,10000000,10000000,10,81000030
803,781506000,781506000,10000000,10000000,1000000,1000000,634506000,634506000,1000000,1000000,135000000,135000000,136000000,136000000,147000000,147000000,10000000,10000000,1000000,1000000,0,0,1000000,1000000,135000000,135000000,136000000,136000000,10000010,28000020,10000000,10000000,10,18000020
833,734506000,754506000,10000000,10000000,4000000,18000000,634506000,634506000,18000000,81000000,68000000,11000000,86000000,92000000,100000000,120000000,10000000,10000000,4000000,18000000,0,0,18000000,81000000,68000000,11000000,86000000,92000000,10000010,79000030,10000000,10000000,10,69000030
863,759506000,762506000,10000000,10000000,8000000,11000000,634506000,634506000,11000000,11000000,96000000,96000000,107000000,107000000,125000000,128000000,10000000,10000000,8000000,11000000,0,0,11000000,11000000,96000000,96000000,107000000,107000000,10000010,36000040,10000000,10000000,10,26000040
893,662506000,662506000,10000000,10000000,8000000,8000000,634506000,634506000,8000000,8000000,2000000,2000000,10000000,10000000,28000000,28000000,10000000,10000000,8000000,8000000,0,0,8000000,8000000,2000000,2000000,10000000,10000000,10000010,11000010,10000000,10000000,10,1000010
923,876506000,877506000,10000000,10000000,18000000,19000000,634506000,634506000,18000000,18000000,196000000,196000000,214000000,214000000,242000000,243000000,10000000,10000000,18000000,19000000,0,0,18000000,18000000,196000000,196000000,214000000,214000000,10000010,72000010,10000000,10000000,10,62000010
953,776506000,791506000,10000000,10000000,58000000,73000000,634506000,634506000,73000000,73000000,1000000,1000000,74000000,74000000,142000000,157000000,10000000,10000000,58000000,73000000,0,0,73000000,73000000,1000000,1000000,74000000,74000000,10000010,10000000,10000000,10000000,10,0
983,819506000,3358530000,10000000,10000000,17000000,18000000,634506000,3172530000,18000000,18000000,140000000,140000000,158000000,158000000,185000000,186000000,10000000,10000000,17000000,18000000,0,0,18000000,18000000,140000000,140000000,158000000,158000000,10000010,33000030,10000000,10000000,10,23000030
1013,977506000,3548530000,10000000,10000000,8000000,41000000,634506000,3172530000,40000000,40000000,285000000,285000000,325000000,325000000,343000000,376000000,10000000,10000000,8000000,41000000,0,0,40000000,40000000,285000000,285000000,325000000,325000000,10000010,21000030,10000000,10000000,10,11000030
1043,696506000,1966518000,10000000,10000000,10000000,11000000,634506000,1903518000,11000000,11000000,31000000,31000000,42000000,42000000,62000000,63000000,10000000,10000000,10000000,11000000,0,0,11000000,11000000,31000000,31000000,42000000,42000000,10000010,10000000,10000000,10000000,10,0
1073,687506000,3226530000,10000000,10000000,19000000,20000000,634506000,3172530000,20000000,20000000,4000000,4000000,24000000,24000000,53000000,54000000,10000000,10000000,19000000,20000000,0,0,20000000,20000000,4000000,4000000,24000000,24000000,10000010,10000000,10000000,10000000,10,0
1103,735506000,4549542000,10000000,10000000,3000000,10000000,634506000,4441542000,3000000,3000000,85000000,85000000,88000000,88000000,101000000,108000000,10000000,10000000,3000000,10000000,0,0,3000000,3000000,85000000,85000000,88000000,88000000,10000010,27000030,10000000,10000000,10,17000030
1133,645506000,1281012000,10000000,10000000,1000000,2000000,634506000,1269012000,0,0,0,0,0,0,11000000,12000000,10000000,10000000,1000000,2000000,0,0,0,0,0,0,0,0,10000010,10000000,10000000,10000000,10,0
1163,653506000,1289012000,10000000,10000000,9000000,10000000,634506000,1269012000,0,0,0,0,0,0,19000000,20000000,10000000,10000000,9000000,10000000,0,0,0,0,0,0,0,0,10000010,10000000,10000000,10000000,10,0
1193,644506000,645506000,10000000,10000000,0,1000000,634506000,634506000,0,0,0,0,0,0,10000000,11000000,10000000,10000000,0,1000000,0,0,0,0,0,0,0,0,10000010,10000000,10000000,10000000,10,0
1223,890506000,4066036000,10000000,10000000,10000000,13000000,634506000,3807036000,13000000,13000000,223000000,223000000,236000000,236000000,256000000,259000000,10000000,10000000,10000000,13000000,0,0,13000000,13000000,223000000,223000000,236000000,236000000,10000010,78000040,10000000,10000000,10,68000040
1253,1032506000,1672012000,10000000,10000000,41000000,46000000,634506000,1269012000,46000000,47000000,301000000,300000000,347000000,347000000,398000000,403000000,10000000,10000000,41000000,46000000,0,0,46000000,47000000,301000000,300000000,347000000,347000000,10000010,125000080,10000000,10000000,10,115000080
1283,701506000,1364012000,10000000,10000000,57000000,85000000,634506000,1269012000,0,0,0,0,0,0,67000000,95000000,10000000,10000000,57000000,85000000,0,0,0,0,0,0,0,0,10000010,10000000,10000000,10000000,10,0
24,933506000,934506000,10000000,10000000,19000000,20000000,634506000,634506000,20000000,20000000,250000000,250000000,270000000,270000000,299000000,300000000,10000000,10000000,19000000,20000000,0,0,20000000,20000000,250000000,250000000,270000000,270000000,10000010,61000030,10000000,10000000,10,51000030
54,897506000,899506000,10000000,10000000,10000000,12000000,634506000,634506000,12000000,12000000,231000000,231000000,243000000,243000000,263000000,265000000,10000000,10000000,10000000,12000000,0,0,12000000,12000000,231000000,231000000,243000000,243000000,10000010,78000040,10000000,10000000,10,68000040
84,986506000,987506000,10000000,10000000,19000000,20000000,634506000,634506000,20000000,20000000,303000000,303000000,323000000,323000000,352000000,353000000,10000000,10000000,19000000,20000000,0,0,20000000,20000000,303000000,303000000,323000000,323000000,10000010,32000010,10000000,10000000,10,22000010
114,804506000,804506000,10000000,10000000,1000000,1000000,634506000,634506000,1000000,1000000,158000000,158000000,159000000,159000000,170000000,170000000,10000000,10000000,1000000,1000000,0,0,1000000,1000000,158000000,158000000,159000000,159000000,10000010,22000030,10000000,10000000,10,12000030
144,990506000,1024506000,10000000,10000000,10000000,43000000,634506000,634506000,43000000,48000000,293000000,289000000,336000000,337000000,356000000,390000000,10000000,10000000,10000000,43000000,0,0,43000000,48000000,293000000,289000000,336000000,337000000,10000010,98000050,10000000,10000000,10,88000050
174,844506000,844506000,10000000,10000000,20000000,20000000,634506000,634506000,20000000,20000000,160000000,160000000,180000000,180000000,210000000,210000000,10000000,10000000,20000000,20000000,0,0,20000000,20000000,160000000,160000000,180000000,180000000,10000010,37000040,10000000,10000000,10,27000040
204,890506000,890506000,10000000,10000000,20000000,20000000,634506000,634506000,20000000,20000000,206000000,206000000,226000000,226000000,256000000,256000000,10000000,10000000,20000000,20000000,0,0,20000000,20000000,206000000,206000000,226000000,226000000,10000010,61000030,10000000,10000000,10,51000030
234,873506000,874506000,10000000,10000000,19000000,20000000,634506000,634506000,20000000,20000000,190000000,190000000,210000000,210000000,239000000,240000000,10000000,10000000,19000000,20000000,0,0,20000000,20000000,190000000,190000000,210000000,210000000,10000010,32000010,10000000,10000000,10,22000010
264,828506000,829506000,10000000,10000000,8000000,9000000,634506000,634506000,9000000,9000000,167000000,167000000,176000000,176000000,194000000,195000000,10000000,10000000,8000000,9000000,0,0,9000000,9000000,167000000,167000000,176000000,176000000,10000010,26000040,10000000,10000000,10,16000040
294,834506000,834506000,10000000,10000000,9000000,9000000,634506000,634506000,9000000,9000000,172000000,172000000,181000000,181000000,200000000,200000000,10000000,10000000,9000000,9000000,0,0,9000000,9000000,172000000,172000000,181000000,181000000,10000010,26000040,10000000,10000000,10,16000040
324,896506000,897506000,10000000,10000000,8000000,9000000,634506000,634506000,9000000,9000000,235000000,235000000,244000000,244000000,262000000,263000000,10000000,10000000,8000000,9000000,0,0,9000000,9000000,235000000,235000000,244000000,244000000,10000010,43000020,10000000,10000000,10,33000020
354,663506000,664506000,10000000,10000000,8000000,9000000,634506000,634506000,8000000,8000000,3000000,3000000,11000000,11000000,29000000,30000000,10000000,10000000,8000000,9000000,0,0,8000000,8000000,3000000,3000000,11000000,11000000,10000010,11000010,10000000,10000000,10,1000010
384,801506000,801506000,10000000,10000000,9000000,9000000,634506000,634506000,9000000,9000000,139000000,139000000,148000000,148000000,167000000,167000000,10000000,10000000,9000000,9000000,0,0,9000000,9000000,139000000,139000000,148000000,148000000,10000010,26000030,10000000,10000000,10,16000030
414,846506000,846506000,10000000,10000000,13000000,13000000,634506000,634506000,13000000,13000000,176000000,176000000,189000000,189000000,212000000,212000000,10000000,10000000,13000000,13000000,0,0,13000000,13000000,176000000,176000000,189000000,189000000,10000010,12000010,10000000,10000000,10,2000010
444,847506000,847506000,10000000,10000000,11000000,11000000,634506000,634506000,11000000,11000000,181000000,181000000,192000000,192000000,213000000,213000000,10000000,10000000,11000000,11000000,0,0,11000000,11000000,181000000,181000000,192000000,192000000,10000010,36000040,10000000,10000000,10,26000040
474,791506000,792506000,10000000,10000000,11000000,12000000,634506000,634506000,12000000,12000000,124000000,124000000,136000000,136000000,157000000,158000000,10000000,10000000,11000000,12000000,0,0,12000000,12000000,124000000,124000000,136000000,136000000,10000010,43000020,10000000,10000000,10,33000020
504,1013506000,1016506000,10000000,10000000,37000000,40000000,634506000,634506000,40000000,40000000,292000000,292000000,332000000,332000000,379000000,382000000,10000000,10000000,37000000,40000000,0,0,40000000,40000000,292000000,292000000,332000000,332000000,10000010,48000040,10000000,10000000,10,38000040
534,817506000,817506000,10000000,10000000,18000000,18000000,634506000,634506000,18000000,18000000,137000000,137000000,155000000,155000000,183000000,183000000,10000000,10000000,18000000,18000000,0,0,18000000,18000000,137000000,137000000,155000000,155000000,10000010,72000010,10000000,10000000,10,62000010
564,802506000,810506000,10000000,10000000,10000000,18000000,634506000,634506000,18000000,18000000,130000000,130000000,148000000,148000000,168000000,176000000,10000000,10000000,10000000,18000000,0,0,18000000,18000000,130000000,130000000,148000000,148000000,10000010,50000010,10000000,10000000,10,40000010
594,730506000,730506000,10000000,10000000,7000000,7000000,634506000,634506000,7000000,7000000,72000000,72000000,79000000,79000000,96000000,96000000,10000000,10000000,7000000,7000000,0,0,7000000,7000000,72000000,72000000,79000000,79000000,10000010,18000020,10000000,10000000,10,8000020
624,747506000,748506000,10000000,10000000,9000000,10000000,634506000,634506000,10000000,10000000,84000000,84000000,94000000,94000000,113000000,114000000,10000000,10000000,9000000,10000000,0,0,10000000,10000000,84000000,84000000,94000000,94000000,10000010,34000030,10000000,10000000,10,24000030
654,781506000,788506000,10000000,10000000,10000000,17000000,634506000,634506000,17000000,17000000,110000000,110000000,127000000,127000000,147000000,154000000,10000000,10000000,10000000,17000000,0,0,17000000,17000000,110000000,110000000,127000000,127000000,10000010,15000030,10000000,10000000,10,5000030
684,650506000,656506000,10000000,10000000,6000000,12000000,634506000,634506000,0,0,0,0,0,0,16000000,22000000,10000000,10000000,6000000,12000000,0,0,0,0,0,0,0,0,10000010,10000000,10000000,10000000,10,0
714,851506000,852506000,10000000,10000000,17000000,18000000,634506000,634506000,18000000,18000000,172000000,172000000,190000000,190000000,217000000,218000000,10000000,10000000,17000000,18000000,0,0,18000000,18000000,172000000,172000000,190000000,190000000,10000010,31000010,10000000,10000000,10,21000010
744,790506000,791506000,10000000,10000000,5000000,6000000,634506000,634506000,6000000,6000000,135000000,135000000,141000000,141000000,156000000,157000000,10000000,10000000,5000000,6000000,0,0,6000000,6000000,135000000,135000000,141000000,141000000,10000010,92000040,10000000,10000000,10,82000040
774,751506000,751506000,10000000,10000000,1000000,1000000,634506000,634506000,1000000,1000000,105000000,105000000,106000000,106000000,117000000,117000000,10000000,10000000,1000000,1000000,0,0,1000000,1000000,105000000,105000000,106000000,106000000,10000010,91000040,10000000,10000000,10,81000040
804,781506000,781506000,10000000,10000000,1000000,1000000,634506000,634506000,1000000,1000000,135000000,135000000,136000000,136000000,147000000,147000000,10000000,10000000,1000000,1000000,0,0,1000000,1000000,135000000,135000000,136000000,136000000,10000010,28000020,10000000,10000000,10,18000020
834,729506000,733506000,10000000,10000000,8000000,12000000,634506000,634506000,12000000,12000000,65000000,65000000,77000000,77000000,95000000,99000000,10000000,10000000,8000000,12000000,0,0,12000000,12000000,65000000,65000000,77000000,77000000,10000010,20000030,10000000,10000000,10,10000030
864,655506000,657506000,10000000,10000000,11000000,13000000,634506000,634506000,0,0,0,0,0,0,21000000,23000000,10000000,10000000,11000000,13000000,0,0,0,0,0,0,0,0,10000010,10000000,10000000,10000000,10,0
894,817506000,817506000,10000000,10000000,8000000,8000000,634506000,634506000,8000000,8000000,157000000,157000000,165000000,165000000,183000000,183000000,10000000,10000000,8000000,8000000,0,0,8000000,8000000,157000000,157000000,165000000,165000000,10000010,16000030,10000000,10000000,10,6000030
924,876506000,877506000,10000000,10000000,18000000,19000000,634506000,634506000,18000000,18000000,196000000,196000000,214000000,214000000,242000000,243000000,10000000,10000000,18000000,19000000,0,0,18000000,18000000,196000000,196000000,214000000,214000000,10000010,72000010,10000000,10000000,10,62000010
954,892506000,894506000,10000000,10000000,11000000,13000000,634506000,634506000,13000000,13000000,224000000,224000000,237000000,237000000,258000000,260000000,10000000,10000000,11000000,13000000,0,0,13000000,13000000,224000000,224000000,237000000,237000000,10000010,79000050,10000000,10000000,10,69000050
984,959506000,19377180000,10000000,10000000,0,17000000,634506000,19035180000,2000000,2000000,313000000,313000000,315000000,315000000,325000000,342000000,10000000,10000000,0,17000000,0,0,2000000,2000000,313000000,313000000,315000000,315000000,10000010,77000020,10000000,10000000,10,67000020
1014,1330506000,4510036000,10000000,10000000,37000000,44000000,634506000,3807036000,41000000,41000000,608000000,608000000,649000000,649000000,696000000,703000000,10000000,10000000,37000000,44000000,0,0,41000000,41000000,608000000,608000000,649000000,649000000,10000010,121000060,10000000,10000000,10,111000060
1044,653506000,655506000,10000000,10000000,9000000,11000000,634506000,634506000,0,0,0,0,0,0,19000000,21000000,10000000,10000000,9000000,11000000,0,0,0,0,0,0,0,0,10000010,10000000,10000000,10000000,10,0
1074,837506000,4656542000,10000000,10000000,8000000,20000000,634506000,4441542000,20000000,20000000,165000000,165000000,185000000,185000000,203000000,215000000,10000000,10000000,8000000,20000000,0,0,20000000,20000000,165000000,165000000,185000000,185000000,10000010,10000000,10000000,10000000,10,0
1104,647506000,1283012000,10000000,10000000,3000000,4000000,634506000,1269012000,0,0,0,0,0,0,13000000,14000000,10000000,10000000,3000000,4000000,0,0,0,0,0,0,0,0,10000010,10000000,10000000,10000000,10,0
1134,645506000,1281012000,10000000,10000000,1000000,2000000,634506000,1269012000,0,0,0,0,0,0,11000000,12000000,10000000,10000000,1000000,2000000,0,0,0,0,0,0,0,0,10000010,10000000,10000000,10000000,10,0
1164,662506000,3201530000,10000000,10000000,8000000,9000000,634506000,3172530000,9000000,9000000,1000000,1000000,10000000,10000000,28000000,29000000,10000000,10000000,8000000,9000000,0,0,9000000,9000000,1000000,1000000,10000000,10000000,10000010,10000000,10000000,10000000,10,0
1194,652506000,1288012000,10000000,10000000,8000000,9000000,634506000,1269012000,0,0,0,0,0,0,18000000,19000000,10000000,10000000,8000000,9000000,0,0,0,0,0,0,0,0,10000010,10000000,10000000,10000000,10,0
1224,696506000,1966518000,10000000,10000000,10000000,11000000,634506000,1903518000,11000000,11000000,31000000,31000000,42000000,42000000,62000000,63000000,10000000,10000000,10000000,11000000,0,0,11000000,11000000,31000000,31000000,42000000,42000000,10000010,10000000,10000000,10000000,10,0
1254,1034506000,1674012000,10000000,10000000,42000000,47000000,634506000,1269012000,47000000,47000000,301000000,301000000,348000000,348000000,400000000,405000000,10000000,10000000,42000000,47000000,0,0,47000000,47000000,301000000,301000000,348000000,348000000,10000010,126000090,10000000,10000000,10,116000090
1284,651506000,1287012000,10000000,10000000,7000000,8000000,634506000,1269012000,0,0,0,0,0,0,17000000,18000000,10000000,10000000,7000000,8000000,0,0,0,0,0,0,0,0,10000010,10000000,10000000,10000000,10,0
25,882506000,893506000,10000000,10000000,8000000,19000000,634506000,634506000,19000000,19000000,211000000,211000000,230000000,230000000,248000000,259000000,10000000,10000000,8000000,19000000,0,0,19000000,19000000,211000000,211000000,230000000,230000000,10000010,32000010,10000000,10000000,10,22000010
55,906506000,907506000,10000000,10000000,10000000,11000000,634506000,634506000,11000000,11000000,241000000,241000000,252000000,252000000,272000000,273000000,10000000,10000000,10000000,11000000,0,0,11000000,11000000,241000000,241000000,252000000,252000000,10000010,78000040,10000000,10000000,10,68000040
85,986506000,987506000,10000000,10000000,19000000,20000000,634506000,634506000,20000000,20000000,303000000,303000000,323000000,323000000,352000000,353000000,10000000,10000000,19000000,20000000,0,0,20000000,20000000,303000000,303000000,323000000,323000000,10000010,32000010,10000000,10000000,10,22000010
115,804506000,804506000,10000000,10000000,1000000,1000000,634506000,634506000,1000000,1000000,158000000,158000000,159000000,159000000,170000000,170000000,10000000,10000000,1000000,1000000,0,0,1000000,1000000,158000000,158000000,159000000,159000000,10000010,22000030,10000000,10000000,10,12000030
145,776506000,777506000,10000000,10000000,9000000,10000000,634506000,634506000,9000000,9000000,114000000,114000000,123000000,123000000,142000000,143000000,10000000,10000000,9000000,10000000,0,0,9000000,9000000,114000000,114000000,123000000,123000000,10000010,50000050,10000000,10000000,10,40000050
175,844506000,844506000,10000000,10000000,20000000,20000000,634506000,634506000,20000000,20000000,160000000,160000000,180000000,180000000,210000000,210000000,10000000,10000000,20000000,20000000,0,0,20000000,20000000,160000000,160000000,180000000,180000000,10000010,37000040,10000000,10000000,10,27000040
205,862506000,863506000,10000000,10000000,19000000,20000000,634506000,634506000,20000000,20000000,179000000,179000000,199000000,199000000,228000000,229000000,10000000,10000000,19000000,20000000,0,0,20000000,20000000,179000000,179000000,199000000,199000000,10000010,33000020,10000000,10000000,10,23000020
235,903506000,904506000,10000000,10000000,19000000,20000000,634506000,634506000,20000000,20000000,220000000,220000000,240000000,240000000,269000000,270000000,10000000,10000000,19000000,20000000,0,0,20000000,20000000,220000000,220000000,240000000,240000000,10000010,32000010,10000000,10000000,10,22000010
265,828506000,829506000,10000000,10000000,8000000,9000000,634506000,634506000,9000000,9000000,167000000,167000000,176000000,176000000,194000000,195000000,10000000,10000000,8000000,9000000,0,0,9000000,9000000,167000000,167000000,176000000,176000000,10000010,26000040,10000000,10000000,10,16000040
295,814506000,817506000,10000000,10000000,9000000,12000000,634506000,634506000,12000000,12000000,149000000,149000000,161000000,161000000,180000000,183000000,10000000,10000000,9000000,12000000,0,0,12000000,12000000,149000000,149000000,161000000,161000000,10000010,29000020,10000000,10000000,10,19000020
325,910506000,911506000,10000000,10000000,8000000,9000000,634506000,634506000,9000000,9000000,249000000,249000000,258000000,258000000,276000000,277000000,10000000,10000000,8000000,9000000,0,0,9000000,9000000,249000000,249000000,258000000,258000000,10000010,26000030,10000000,10000000,10,16000030
355,663506000,664506000,10000000,10000000,8000000,9000000,634506000,634506000,8000000,8000000,3000000,3000000,11000000,11000000,29000000,30000000,10000000,10000000,8000000,9000000,0,0,8000000,8000000,3000000,3000000,11000000,11000000,10000010,11000010,10000000,10000000,10,1000010
385,653506000,661506000,10000000,10000000,9000000,17000000,634506000,634506000,0,0,0,0,0,0,19000000,27000000,10000000,10000000,9000000,17000000,0,0,0,0,0,0,0,0,10000010,10000000,10000000,10000000,10,0
415,978506000,979506000,10000000,10000000,12000000,13000000,634506000,634506000,13000000,13000000,309000000,309000000,322000000,322000000,344000000,345000000,10000000,10000000,12000000,13000000,0,0,13000000,13000000,309000000,309000000,322000000,322000000,10000010,12000010,10000000,10000000,10,2000010
445,976506000,977506000,10000000,10000000,12000000,13000000,634506000,634506000,13000000,13000000,307000000,307000000,320000000,320000000,342000000,343000000,10000000,10000000,12000000,13000000,0,0,13000000,13000000,307000000,307000000,320000000,320000000,10000010,12000010,10000000,10000000,10,2000010
475,922506000,923506000,10000000,10000000,3000000,4000000,634506000,634506000,4000000,4000000,271000000,271000000,275000000,275000000,288000000,289000000,10000000,10000000,3000000,4000000,0,0,4000000,4000000,271000000,271000000,275000000,275000000,10000010,93000050,10000000,10000000,10,83000050
505,1031506000,1032506000,10000000,10000000,40000000,41000000,634506000,634506000,41000000,41000000,306000000,306000000,347000000,347000000,397000000,398000000,10000000,10000000,40000000,41000000,0,0,41000000,41000000,306000000,306000000,347000000,347000000,10000010,124000070,10000000,10000000,10,114000070
535,817506000,817506000,10000000,10000000,18000000,18000000,634506000,634506000,18000000,18000000,137000000,137000000,155000000,155000000,183000000,183000000,10000000,10000000,18000000,18000000,0,0,18000000,18000000,137000000,137000000,155000000,155000000,10000010,72000010,10000000,10000000,10,62000010
565,826506000,826506000,10000000,10000000,18000000,18000000,634506000,634506000,18000000,18000000,146000000,146000000,164000000,164000000,192000000,192000000,10000000,10000000,18000000,18000000,0,0,18000000,18000000,146000000,146000000,164000000,164000000,10000010,50000010,10000000,10000000,10,40000010
595,934506000,935506000,10000000,10000000,7000000,8000000,634506000,634506000,8000000,8000000,275000000,275000000,283000000,283000000,300000000,301000000,10000000,10000000,7000000,8000000,0,0,8000000,8000000,275000000,275000000,283000000,283000000,10000010,36000040,10000000,10000000,10,26000040
625,895506000,896506000,10000000,10000000,9000000,10000000,634506000,634506000,10000000,10000000,232000000,232000000,242000000,242000000,261000000,262000000,10000000,10000000,9000000,10000000,0,0,10000000,10000000,232000000,232000000,242000000,242000000,10000010,93000020,10000000,10000000,10,83000020
655,861506000,862506000,10000000,10000000,9000000,10000000,634506000,634506000,9000000,9000000,199000000,199000000,208000000,208000000,227000000,228000000,10000000,10000000,9000000,10000000,0,0,9000000,9000000,199000000,199000000,208000000,208000000,10000010,35000040,10000000,10000000,10,25000040
685,841506000,842506000,10000000,10000000,5000000,6000000,634506000,634506000,6000000,6000000,186000000,186000000,192000000,192000000,207000000,208000000,10000000,10000000,5000000,6000000,0,0,6000000,6000000,186000000,186000000,192000000,192000000,10000010,92000040,10000000,10000000,10,82000040
715,851506000,852506000,10000000,10000000,17000000,18000000,634506000,634506000,18000000,18000000,172000000,172000000,190000000,190000000,217000000,218000000,10000000,10000000,17000000,18000000,0,0,18000000,18000000,172000000,172000000,190000000,190000000,10000010,31000010,10000000,10000000,10,21000010
745,709506000,775506000,10000000,10000000,5000000,16000000,634506000,634506000,16000000,81000000,44000000,34000000,60000000,115000000,75000000,141000000,10000000,10000000,5000000,16000000,0,0,16000000,81000000,44000000,34000000,60000000,115000000,10000010,78000040,10000000,10000000,10,68000040
775,645506000,646506000,10000000,10000000,1000000,2000000,634506000,634506000,0,0,0,0,0,0,11000000,12000000,10000000,10000000,1000000,2000000,0,0,0,0,0,0,0,0,10000010,10000000,10000000,10000000,10,0
805,781506000,781506000,10000000,10000000,1000000,1000000,634506000,634506000,1000000,1000000,135000000,135000000,136000000,136000000,147000000,147000000,10000000,10000000,1000000,1000000,0,0,1000000,1000000,135000000,135000000,136000000,136000000,10000010,28000020,10000000,10000000,10,18000020
835,723506000,723506000,10000000,10000000,8000000,8000000,634506000,634506000,8000000,8000000,63000000,63000000,71000000,71000000,89000000,89000000,10000000,10000000,8000000,8000000,0,0,8000000,8000000,63000000,63000000,71000000,71000000,10000010,22000020,10000000,10000000,10,12000020
865,884506000,885506000,10000000,10000000,7000000,8000000,634506000,634506000,8000000,8000000,225000000,225000000,233000000,233000000,250000000,251000000,10000000,10000000,7000000,8000000,0,0,8000000,8000000,225000000,225000000,233000000,233000000,10000010,95000030,10000000,10000000,10,85000030
895,818506000,818506000,10000000,10000000,8000000,8000000,634506000,634506000,8000000,8000000,158000000,158000000,166000000,166000000,184000000,184000000,10000000,10000000,8000000,8000000,0,0,8000000,8000000,158000000,158000000,166000000,166000000,10000010,16000030,10000000,10000000,10,6000030
925,835506000,874506000,10000000,10000000,19000000,58000000,634506000,634506000,58000000,58000000,114000000,114000000,172000000,172000000,201000000,240000000,10000000,10000000,19000000,58000000,0,0,58000000,58000000,114000000,114000000,172000000,172000000,10000010,72000010,10000000,10000000,10,62000010
955,655506000,657506000,10000000,10000000,11000000,13000000,634506000,634506000,0,0,0,0,0,0,21000000,23000000,10000000,10000000,11000000,13000000,0,0,0,0,0,0,0,0,10000010,10000000,10000000,10000000,10,0
985,663506000,1299012000,10000000,10000000,19000000,20000000,634506000,1269012000,0,0,0,0,0,0,29000000,30000000,10000000,10000000,19000000,20000000,0,0,0,0,0,0,0,0,10000010,10000000,10000000,10000000,10,0
1015,1027506000,2935024000,10000000,10000000,37000000,41000000,634506000,2538024000,41000000,41000000,305000000,305000000,346000000,346000000,393000000,397000000,10000000,10000000,37000000,41000000,0,0,41000000,41000000,305000000,305000000,346000000,346000000,10000010,121000060,10000000,10000000,10,111000060
1045,854506000,8485578000,10000000,10000000,0,17000000,634506000,8248578000,10000000,10000000,200000000,200000000,210000000,210000000,220000000,237000000,10000000,10000000,0,17000000,0,0,10000000,10000000,200000000,200000000,210000000,210000000,10000010,22000030,10000000,10000000,10,12000030
1075,687506000,3861036000,10000000,10000000,19000000,20000000,634506000,3807036000,20000000,20000000,4000000,4000000,24000000,24000000,53000000,54000000,10000000,10000000,19000000,20000000,0,0,20000000,20000000,4000000,4000000,24000000,24000000,10000010,10000000,10000000,10000000,10,0
1105,647506000,648506000,10000000,10000000,3000000,4000000,634506000,634506000,0,0,0,0,0,0,13000000,14000000,10000000,10000000,3000000,4000000,0,0,0,0,0,0,0,0,10000010,10000000,10000000,10000000,10,0
1135,673506000,3212530000,10000000,10000000,0,1000000,634506000,3172530000,1000000,1000000,28000000,28000000,29000000,29000000,39000000,40000000,10000000,10000000,0,1000000,0,0,1000000,1000000,28000000,28000000,29000000,29000000,10000010,10000000,10000000,10000000,10,0
1165,662506000,3201530000,10000000,10000000,8000000,9000000,634506000,3172530000,9000000,9000000,1000000,1000000,10000000,10000000,28000000,29000000,10000000,10000000,8000000,9000000,0,0,9000000,9000000,1000000,1000000,10000000,10000000,10000010,10000000,10000000,10000000,10,0
1195,968506000,5420048000,10000000,10000000,1000000,11000000,634506000,5076048000,11000000,11000000,312000000,312000000,323000000,323000000,334000000,344000000,10000000,10000000,1000000,11000000,0,0,11000000,11000000,312000000,312000000,323000000,323000000,10000010,48000050,10000000,10000000,10,38000050
1225,696506000,1966518000,10000000,10000000,10000000,11000000,634506000,1903518000,11000000,11000000,31000000,31000000,42000000,42000000,62000000,63000000,10000000,10000000,10000000,11000000,0,0,11000000,11000000,31000000,31000000,42000000,42000000,10000010,10000000,10000000,10000000,10,0
1255,655506000,657506000,10000000,10000000,11000000,13000000,634506000,634506000,0,0,0,0,0,0,21000000,23000000,10000000,10000000,11000000,13000000,0,0,0,0,0,0,0,0,10000010,10000000,10000000,10000000,10,0
1285,651506000,1287012000,10000000,10000000,7000000,8000000,634506000,1269012000,0,0,0,0,0,0,17000000,18000000,10000000,10000000,7000000,8000000,0,0,0,0,0,0,0,0,10000010,10000000,10000000,10000000,10,0
26,774506000,775506000,10000000,10000000,19000000,20000000,634506000,634506000,20000000,20000000,91000000,91000000,111000000,111000000,140000000,141000000,10000000,10000000,19000000,20000000,0,0,20000000,20000000,91000000,91000000,111000000,111000000,10000010,32000010,10000000,10000000,10,22000010
56,654506000,655506000,10000000,10000000,10000000,11000000,634506000,634506000,0,0,0,0,0,0,20000000,21000000,10000000,10000000,10000000,11000000,0,0,0,0,0,0,0,0,10000010,10000000,10000000,10000000,10,0
86,931506000,932506000,10000000,10000000,19000000,20000000,634506000,634506000,20000000,20000000,248000000,248000000,268000000,268000000,297000000,298000000,10000000,10000000,19000000,20000000,0,0,20000000,20000000,248000000,248000000,268000000,268000000,10000010,32000010,10000000,10000000,10,22000010
116,765506000,771506000,10000000,10000000,1000000,7000000,634506000,634506000,7000000,7000000,113000000,113000000,120000000,120000000,131000000,137000000,10000000,10000000,1000000,7000000,0,0,7000000,7000000,113000000,113000000,120000000,120000000,10000010,30000040,10000000,10000000,10,20000040
146,803506000,810506000,10000000,10000000,1000000,8000000,634506000,634506000,8000000,8000000,150000000,150000000,158000000,158000000,169000000,176000000,10000000,10000000,1000000,8000000,0,0,8000000,8000000,150000000,150000000,158000000,158000000,10000010,68000030,10000000,10000000,10,58000030
176,739506000,751506000,10000000,10000000,8000000,20000000,634506000,634506000,20000000,20000000,67000000,67000000,87000000,87000000,105000000,117000000,10000000,10000000,8000000,20000000,0,0,20000000,20000000,67000000,67000000,87000000,87000000,10000010,33000020,10000000,10000000,10,23000020
206,727506000,727506000,10000000,10000000,20000000,20000000,634506000,634506000,20000000,20000000,43000000,43000000,63000000,63000000,93000000,93000000,10000000,10000000,20000000,20000000,0,0,20000000,20000000,43000000,43000000,63000000,63000000,10000010,11000010,10000000,10000000,10,1000010
236,903506000,904506000,10000000,10000000,19000000,20000000,634506000,634506000,20000000,20000000,220000000,220000000,240000000,240000000,269000000,270000000,10000000,10000000,19000000,20000000,0,0,20000000,20000000,220000000,220000000,240000000,240000000,10000010,32000010,10000000,10000000,10,22000010
266,713506000,714506000,10000000,10000000,8000000,9000000,634506000,634506000,8000000,8000000,53000000,53000000,61000000,61000000,79000000,80000000,10000000,10000000,8000000,9000000,0,0,8000000,8000000,53000000,53000000,61000000,61000000,10000010,25000030,10000000,10000000,10,15000030
296,814506000,817506000,10000000,10000000,9000000,12000000,634506000,634506000,12000000,12000000,149000000,149000000,161000000,161000000,180000000,183000000,10000000,10000000,9000000,12000000,0,0,12000000,12000000,149000000,149000000,161000000,161000000,10000010,29000020,10000000,10000000,10,19000020
326,704506000,711506000,10000000,10000000,1000000,8000000,634506000,634506000,1000000,1000000,58000000,58000000,59000000,59000000,70000000,77000000,10000000,10000000,1000000,8000000,0,0,1000000,1000000,58000000,58000000,59000000,59000000,10000010,22000020,10000000,10000000,10,12000020
356,663506000,664506000,10000000,10000000,8000000,9000000,634506000,634506000,8000000,8000000,3000000,3000000,11000000,11000000,29000000,30000000,10000000,10000000,8000000,9000000,0,0,8000000,8000000,3000000,3000000,11000000,11000000,10000010,11000010,10000000,10000000,10,1000010
386,788506000,788506000,10000000,10000000,9000000,9000000,634506000,634506000,9000000,9000000,126000000,126000000,135000000,135000000,154000000,154000000,10000000,10000000,9000000,9000000,0,0,9000000,9000000,126000000,126000000,135000000,135000000,10000010,26000030,10000000,10000000,10,16000030
416,974506000,975506000,10000000,10000000,12000000,13000000,634506000,634506000,13000000,13000000,305000000,305000000,318000000,318000000,340000000,341000000,10000000,10000000,12000000,13000000,0,0,13000000,13000000,305000000,305000000,318000000,318000000,10000010,12000010,10000000,10000000,10,2000010
446,975506000,976506000,10000000,10000000,12000000,13000000,634506000,634506000,13000000,13000000,306000000,306000000,319000000,319000000,341000000,342000000,10000000,10000000,12000000,13000000,0,0,13000000,13000000,306000000,306000000,319000000,319000000,10000010,12000010,10000000,10000000,10,2000010
476,922506000,922506000,10000000,10000000,4000000,4000000,634506000,634506000,4000000,4000000,270000000,270000000,274000000,274000000,288000000,288000000,10000000,10000000,4000000,4000000,0,0,4000000,4000000,270000000,270000000,274000000,274000000,10000010,25000040,10000000,10000000,10,15000040
506,969506000,998506000,10000000,10000000,8000000,37000000,634506000,634506000,37000000,37000000,280000000,280000000,317000000,317000000,335000000,364000000,10000000,10000000,8000000,37000000,0,0,37000000,37000000,280000000,280000000,317000000,317000000,10000010,13000010,10000000,10000000,10,3000010
536,762506000,763506000,10000000,10000000,17000000,18000000,634506000,634506000,18000000,18000000,83000000,83000000,101000000,101000000,128000000,129000000,10000000,10000000,17000000,18000000,0,0,18000000,18000000,83000000,83000000,101000000,101000000,10000010,31000010,10000000,10000000,10,21000010
566,827506000,866506000,10000000,10000000,18000000,57000000,634506000,634506000,57000000,57000000,108000000,108000000,165000000,165000000,193000000,232000000,10000000,10000000,18000000,57000000,0,0,57000000,57000000,108000000,108000000,165000000,165000000,10000010,38000010,10000000,10000000,10,28000010
596,934506000,935506000,10000000,10000000,7000000,8000000,634506000,634506000,8000000,8000000,275000000,275000000,283000000,283000000,300000000,301000000,10000000,10000000,7000000,8000000,0,0,8000000,8000000,275000000,275000000,283000000,283000000,10000010,36000040,10000000,10000000,10,26000040
626,895506000,896506000,10000000,10000000,9000000,10000000,634506000,634506000,10000000,10000000,232000000,232000000,242000000,242000000,261000000,262000000,10000000,10000000,9000000,10000000,0,0,10000000,10000000,232000000,232000000,242000000,242000000,10000010,93000020,10000000,10000000,10,83000020
656,786506000,788506000,10000000,10000000,8000000,10000000,634506000,634506000,8000000,8000000,126000000,126000000,134000000,134000000,152000000,154000000,10000000,10000000,8000000,10000000,0,0,8000000,8000000,126000000,126000000,134000000,134000000,10000010,94000030,10000000,10000000,10,84000030
686,836506000,836506000,10000000,10000000,6000000,6000000,634506000,634506000,6000000,6000000,180000000,180000000,186000000,186000000,202000000,202000000,10000000,10000000,6000000,6000000,0,0,6000000,6000000,180000000,180000000,186000000,186000000,10000010,92000030,10000000,10000000,10,82000030
716,851506000,852506000,10000000,10000000,17000000,18000000,634506000,634506000,18000000,18000000,172000000,172000000,190000000,190000000,217000000,218000000,10000000,10000000,17000000,18000000,0,0,18000000,18000000,172000000,172000000,190000000,190000000,10000010,31000010,10000000,10000000,10,21000010
746,750506000,750506000,10000000,10000000,9000000,9000000,634506000,634506000,9000000,9000000,88000000,88000000,97000000,97000000,116000000,116000000,10000000,10000000,9000000,9000000,0,0,9000000,9000000,88000000,88000000,97000000,97000000,10000010,26000040,10000000,10000000,10,16000040
776,824506000,832506000,10000000,10000000,1000000,9000000,634506000,634506000,9000000,9000000,170000000,170000000,179000000,179000000,190000000,198000000,10000000,10000000,1000000,9000000,0,0,9000000,9000000,170000000,170000000,179000000,179000000,10000010,92000040,10000000,10000000,10,82000040
806,781506000,781506000,10000000,10000000,1000000,1000000,634506000,634506000,1000000,1000000,135000000,135000000,136000000,136000000,147000000,147000000,10000000,10000000,1000000,1000000,0,0,1000000,1000000,135000000,135000000,136000000,136000000,10000010,28000020,10000000,10000000,10,18000020
836,690506000,690506000,10000000,10000000,8000000,8000000,634506000,634506000,8000000,8000000,30000000,30000000,38000000,38000000,56000000,56000000,10000000,10000000,8000000,8000000,0,0,8000000,8000000,30000000,30000000,38000000,38000000,10000010,20000030,10000000,10000000,10,10000030
866,884506000,885506000,10000000,10000000,7000000,8000000,634506000,634506000,8000000,8000000,225000000,225000000,233000000,233000000,250000000,251000000,10000000,10000000,7000000,8000000,0,0,8000000,8000000,225000000,225000000,233000000,233000000,10000010,95000030,10000000,10000000,10,85000030
896,810506000,810506000,10000000,10000000,8000000,8000000,634506000,634506000,8000000,8000000,150000000,150000000,158000000,158000000,176000000,176000000,10000000,10000000,8000000,8000000,0,0,8000000,8000000,150000000,150000000,158000000,158000000,10000010,13000010,10000000,10000000,10,3000010
926,816506000,817506000,10000000,10000000,18000000,19000000,634506000,634506000,18000000,18000000,136000000,136000000,154000000,154000000,182000000,183000000,10000000,10000000,18000000,19000000,0,0,18000000,18000000,136000000,136000000,154000000,154000000,10000010,72000010,10000000,10000000,10,62000010
956,1070506000,1071506000,10000000,10000000,80000000,81000000,634506000,634506000,81000000,81000000,265000000,265000000,346000000,346000000,436000000,437000000,10000000,10000000,80000000,81000000,0,0,81000000,81000000,265000000,265000000,346000000,346000000,10000010,143000040,10000000,10000000,10,133000040
986,987506000,2927024000,10000000,10000000,8000000,43000000,634506000,2538024000,43000000,48000000,292000000,288000000,335000000,336000000,353000000,389000000,10000000,10000000,8000000,43000000,0,0,43000000,48000000,292000000,288000000,335000000,336000000,10000010,96000040,10000000,10000000,10,86000040
1016,681506000,685506000,10000000,10000000,37000000,41000000,634506000,634506000,0,0,0,0,0,0,47000000,51000000,10000000,10000000,37000000,41000000,0,0,0,0,0,0,0,0,10000010,10000000,10000000,10000000,10,0
1046,653506000,1923518000,10000000,10000000,9000000,10000000,634506000,1903518000,0,0,0,0,0,0,19000000,20000000,10000000,10000000,9000000,10000000,0,0,0,0,0,0,0,0,10000010,10000000,10000000,10000000,10,0
1076,780506000,4589542000,10000000,10000000,18000000,20000000,634506000,4441542000,18000000,18000000,100000000,100000000,118000000,118000000,146000000,148000000,10000000,10000000,18000000,20000000,0,0,18000000,18000000,100000000,100000000,118000000,118000000,10000010,73000020,10000000,10000000,10,63000020
1106,732506000,2021518000,10000000,10000000,3000000,18000000,634506000,1903518000,18000000,81000000,67000000,9000000,85000000,90000000,98000000,118000000,10000000,10000000,3000000,18000000,0,0,18000000,81000000,67000000,9000000,85000000,90000000,10000010,79000030,10000000,10000000,10,69000030
1136,645506000,1281012000,10000000,10000000,1000000,2000000,634506000,1269012000,0,0,0,0,0,0,11000000,12000000,10000000,10000000,1000000,2000000,0,0,0,0,0,0,0,0,10000010,10000000,10000000,10000000,10,0
1166,1029506000,1667012000,10000000,10000000,40000000,43000000,634506000,1269012000,43000000,44000000,302000000,301000000,345000000,345000000,395000000,398000000,10000000,10000000,40000000,43000000,0,0,43000000,44000000,302000000,301000000,345000000,345000000,10000010,124000070,10000000,10000000,10,114000070
1196,895506000,5980554000,10000000,10000000,1000000,10000000,634506000,5710554000,9000000,9000000,241000000,241000000,250000000,250000000,261000000,270000000,10000000,10000000,1000000,10000000,0,0,9000000,9000000,241000000,241000000,250000000,250000000,10000010,49000030,10000000,10000000,10,39000030
1226,696506000,2603024000,10000000,10000000,10000000,13000000,634506000,2538024000,11000000,11000000,31000000,31000000,42000000,42000000,62000000,65000000,10000000,10000000,10000000,13000000,0,0,11000000,11000000,31000000,31000000,42000000,42000000,10000010,10000000,10000000,10000000,10,0
1256,721506000,2627024000,10000000,10000000,17000000,19000000,634506000,2538024000,19000000,19000000,41000000,41000000,60000000,60000000,87000000,89000000,10000000,10000000,17000000,19000000,0,0,19000000,19000000,41000000,41000000,60000000,60000000,10000010,10000000,10000000,10000000,10,0
1286,662506000,664506000,10000000,10000000,18000000,20000000,634506000,634506000,0,0,0,0,0,0,28000000,30000000,10000000,10000000,18000000,20000000,0,0,0,0,0,0,0,0,10000010,10000000,10000000,10000000,10,0
27,862506000,873506000,10000000,10000000,8000000,19000000,634506000,634506000,19000000,19000000,191000000,191000000,210000000,210000000,228000000,239000000,10000000,10000000,8000000,19000000,0,0,19000000,19000000,191000000,191000000,210000000,210000000,10000010,33000020,10000000,10000000,10,23000020
57,897506000,899506000,10000000,10000000,10000000,12000000,634506000,634506000,12000000,12000000,231000000,231000000,243000000,243000000,263000000,265000000,10000000,10000000,10000000,12000000,0,0,12000000,12000000,231000000,231000000,243000000,243000000,10000010,78000040,10000000,10000000,10,68000040
87,717506000,727506000,10000000,10000000,9000000,19000000,634506000,634506000,9000000,9000000,55000000,55000000,64000000,64000000,83000000,93000000,10000000,10000000,9000000,19000000,0,0,9000000,9000000,55000000,55000000,64000000,64000000,10000010,32000010,10000000,10000000,10,22000010
117,732506000,732506000,10000000,10000000,1000000,1000000,634506000,634506000,1000000,1000000,86000000,86000000,87000000,87000000,98000000,98000000,10000000,10000000,1000000,1000000,0,0,1000000,1000000,86000000,86000000,87000000,87000000,10000010,29000030,10000000,10000000,10,19000030
147,762506000,762506000,10000000,10000000,8000000,8000000,634506000,634506000,8000000,8000000,102000000,102000000,110000000,110000000,128000000,128000000,10000000,10000000,8000000,8000000,0,0,8000000,8000000,102000000,102000000,110000000,110000000,10000010,35000030,10000000,10000000,10,25000030
177,912506000,923506000,10000000,10000000,9000000,20000000,634506000,634506000,20000000,20000000,239000000,239000000,259000000,259000000,278000000,289000000,10000000,10000000,9000000,20000000,0,0,20000000,20000000,239000000,239000000,259000000,259000000,10000010,27000030,10000000,10000000,10,17000030
207,727506000,727506000,10000000,10000000,20000000,20000000,634506000,634506000,20000000,20000000,43000000,43000000,63000000,63000000,93000000,93000000,10000000,10000000,20000000,20000000,0,0,20000000,20000000,43000000,43000000,63000000,63000000,10000010,11000010,10000000,10000000,10,1000010
237,903506000,904506000,10000000,10000000,19000000,20000000,634506000,634506000,20000000,20000000,220000000,220000000,240000000,240000000,269000000,270000000,10000000,10000000,19000000,20000000,0,0,20000000,20000000,220000000,220000000,240000000,240000000,10000010,32000010,10000000,10000000,10,22000010
267,828506000,829506000,10000000,10000000,8000000,9000000,634506000,634506000,9000000,9000000,167000000,167000000,176000000,176000000,194000000,195000000,10000000,10000000,8000000,9000000,0,0,9000000,9000000,167000000,167000000,176000000,176000000,10000010,26000040,10000000,10000000,10,16000040
297,666506000,667506000,10000000,10000000,8000000,9000000,634506000,634506000,8000000,8000000,6000000,6000000,14000000,14000000,32000000,33000000,10000000,10000000,8000000,9000000,0,0,8000000,8000000,6000000,6000000,14000000,14000000,10000010,12000010,10000000,10000000,10,2000010
327,953506000,954506000,10000000,10000000,8000000,9000000,634506000,634506000,9000000,9000000,292000000,292000000,301000000,301000000,319000000,320000000,10000000,10000000,8000000,9000000,0,0,9000000,9000000,292000000,292000000,301000000,301000000,10000010,43000020,10000000,10000000,10,33000020
357,663506000,664506000,10000000,10000000,8000000,9000000,634506000,634506000,8000000,8000000,3000000,3000000,11000000,11000000,29000000,30000000,10000000,10000000,8000000,9000000,0,0,8000000,8000000,3000000,3000000,11000000,11000000,10000010,11000010,10000000,10000000,10,1000010
387,792506000,792506000,10000000,10000000,9000000,9000000,634506000,634506000,9000000,9000000,130000000,130000000,139000000,139000000,158000000,158000000,10000000,10000000,9000000,9000000,0,0,9000000,9000000,130000000,130000000,139000000,139000000,10000010,26000030,10000000,10000000,10,16000030
417,975506000,976506000,10000000,10000000,12000000,13000000,634506000,634506000,13000000,13000000,306000000,306000000,319000000,319000000,341000000,342000000,10000000,10000000,12000000,13000000,0,0,13000000,13000000,306000000,306000000,319000000,319000000,10000010,12000010,10000000,10000000,10,2000010
447,974506000,975506000,10000000,10000000,12000000,13000000,634506000,634506000,13000000,13000000,305000000,305000000,318000000,318000000,340000000,341000000,10000000,10000000,12000000,13000000,0,0,13000000,13000000,305000000,305000000,318000000,318000000,10000010,12000010,10000000,10000000,10,2000010
477,736506000,743506000,10000000,10000000,3000000,10000000,634506000,634506000,3000000,3000000,86000000,86000000,89000000,89000000,102000000,109000000,10000000,10000000,3000000,10000000,0,0,3000000,3000000,86000000,86000000,89000000,89000000,10000010,28000030,10000000,10000000,10,18000030
507,953506000,974506000,10000000,10000000,7000000,8000000,634506000,634506000,8000000,37000000,294000000,285000000,302000000,322000000,319000000,340000000,10000000,10000000,7000000,8000000,0,0,8000000,37000000,294000000,285000000,302000000,322000000,10000010,46000030,10000000,10000000,10,36000030
537,817506000,817506000,10000000,10000000,18000000,18000000,634506000,634506000,18000000,18000000,137000000,137000000,155000000,155000000,183000000,183000000,10000000,10000000,18000000,18000000,0,0,18000000,18000000,137000000,137000000,155000000,155000000,10000010,72000010,10000000,10000000,10,62000010
567,681506000,681506000,10000000,10000000,18000000,18000000,634506000,634506000,18000000,18000000,1000000,1000000,19000000,19000000,47000000,47000000,10000000,10000000,18000000,18000000,0,0,18000000,18000000,1000000,1000000,19000000,19000000,10000010,10000000,10000000,10000000,10,0
597,934506000,935506000,10000000,10000000,7000000,8000000,634506000,634506000,8000000,8000000,275000000,275000000,283000000,283000000,300000000,301000000,10000000,10000000,7000000,8000000,0,0,8000000,8000000,275000000,275000000,283000000,283000000,10000010,36000040,10000000,10000000,10,26000040
627,895506000,896506000,10000000,10000000,9000000,10000000,634506000,634506000,10000000,10000000,232000000,232000000,242000000,242000000,261000000,262000000,10000000,10000000,9000000,10000000,0,0,10000000,10000000,232000000,232000000,242000000,242000000,10000010,93000020,10000000,10000000,10,83000020
657,849506000,849506000,10000000,10000000,10000000,10000000,634506000,634506000,10000000,10000000,185000000,185000000,195000000,195000000,215000000,215000000,10000000,10000000,10000000,10000000,0,0,10000000,10000000,185000000,185000000,195000000,195000000,10000010,52000020,10000000,10000000,10,42000020
687,767506000,768506000,10000000,10000000,19000000,20000000,634506000,634506000,20000000,20000000,84000000,84000000,104000000,104000000,133000000,134000000,10000000,10000000,19000000,20000000,0,0,20000000,20000000,84000000,84000000,104000000,104000000,10000010,12000010,10000000,10000000,10,2000010
717,811506000,812506000,10000000,10000000,17000000,18000000,634506000,634506000,18000000,18000000,132000000,132000000,150000000,150000000,177000000,178000000,10000000,10000000,17000000,18000000,0,0,18000000,18000000,132000000,132000000,150000000,150000000,10000010,31000010,10000000,10000000,10,21000010
747,787506000,789506000,10000000,10000000,9000000,11000000,634506000,634506000,9000000,9000000,125000000,125000000,134000000,134000000,153000000,155000000,10000000,10000000,9000000,11000000,0,0,9000000,9000000,125000000,125000000,134000000,134000000,10000010,67000040,10000000,10000000,10,57000040
777,653506000,653506000,10000000,10000000,1000000,1000000,634506000,634506000,1000000,1000000,7000000,7000000,8000000,8000000,19000000,19000000,10000000,10000000,1000000,1000000,0,0,1000000,1000000,7000000,7000000,8000000,8000000,10000010,11000010,10000000,10000000,10,1000010
807,795506000,803506000,10000000,10000000,1000000,9000000,634506000,634506000,9000000,9000000,141000000,141000000,150000000,150000000,161000000,169000000,10000000,10000000,1000000,9000000,0,0,9000000,9000000,141000000,141000000,150000000,150000000,10000010,68000030,10000000,10000000,10,58000030
837,690506000,690506000,10000000,10000000,8000000,8000000,634506000,634506000,8000000,8000000,30000000,30000000,38000000,38000000,56000000,56000000,10000000,10000000,8000000,8000000,0,0,8000000,8000000,30000000,30000000,38000000,38000000,10000010,20000030,10000000,10000000,10,10000030
867,885506000,886506000,10000000,10000000,7000000,8000000,634506000,634506000,8000000,8000000,226000000,226000000,234000000,234000000,251000000,252000000,10000000,10000000,7000000,8000000,0,0,8000000,8000000,226000000,226000000,234000000,234000000,10000010,95000030,10000000,10000000,10,85000030
897,818506000,818506000,10000000,10000000,8000000,8000000,634506000,634506000,8000000,8000000,158000000,158000000,166000000,166000000,184000000,184000000,10000000,10000000,8000000,8000000,0,0,8000000,8000000,158000000,158000000,166000000,166000000,10000010,16000030,10000000,10000000,10,6000030
927,835506000,874506000,10000000,10000000,19000000,58000000,634506000,634506000,58000000,58000000,114000000,114000000,172000000,172000000,201000000,240000000,10000000,10000000,19000000,58000000,0,0,58000000,58000000,114000000,114000000,172000000,172000000,10000010,72000010,10000000,10000000,10,62000010
957,1039506000,1040506000,10000000,10000000,46000000,47000000,634506000,634506000,47000000,47000000,302000000,302000000,349000000,349000000,405000000,406000000,10000000,10000000,46000000,47000000,0,0,47000000,47000000,302000000,302000000,349000000,349000000,10000010,130000100,10000000,10000000,10,120000100
987,928506000,9186084000,10000000,10000000,1000000,10000000,634506000,8883084000,9000000,9000000,274000000,274000000,283000000,283000000,294000000,303000000,10000000,10000000,1000000,10000000,0,0,9000000,9000000,274000000,274000000,283000000,283000000,10000010,91000040,10000000,10000000,10,81000040
1017,973506000,2490518000,10000000,10000000,7000000,37000000,634506000,1903518000,37000000,40000000,285000000,500000000,322000000,540000000,339000000,587000000,10000000,10000000,7000000,37000000,0,0,37000000,40000000,285000000,500000000,322000000,540000000,10000010,37000040,10000000,10000000,10,27000040
1047,947506000,11110602000,10000000,10000000,7000000,18000000,634506000,10786602000,10000000,10000000,286000000,286000000,296000000,296000000,313000000,324000000,10000000,10000000,7000000,18000000,0,0,10000000,10000000,286000000,286000000,296000000,296000000,10000010,74000030,10000000,10000000,10,64000030
1077,687506000,3861036000,10000000,10000000,19000000,20000000,634506000,3807036000,20000000,20000000,4000000,4000000,24000000,24000000,53000000,54000000,10000000,10000000,19000000,20000000,0,0,20000000,20000000,4000000,4000000,24000000,24000000,10000010,10000000,10000000,10000000,10,0
1107,647506000,1283012000,10000000,10000000,3000000,4000000,634506000,1269012000,0,0,0,0,0,0,13000000,14000000,10000000,10000000,3000000,4000000,0,0,0,0,0,0,0,0,10000010,10000000,10000000,10000000,10,0
1137,673506000,3212530000,10000000,10000000,0,1000000,634506000,3172530000,1000000,1000000,28000000,28000000,29000000,29000000,39000000,40000000,10000000,10000000,0,1000000,0,0,1000000,1000000,28000000,28000000,29000000,29000000,10000010,10000000,10000000,10000000,10,0
1167,729506000,1365012000,10000000,10000000,1000000,2000000,634506000,1269012000,2000000,2000000,82000000,82000000,84000000,84000000,95000000,96000000,10000000,10000000,1000000,2000000,0,0,2000000,2000000,82000000,82000000,84000000,84000000,10000010,10000000,10000000,10000000,10,0
1197,697506000,1973518000,10000000,10000000,4000000,11000000,634506000,1903518000,4000000,4000000,45000000,45000000,49000000,49000000,63000000,70000000,10000000,10000000,4000000,11000000,0,0,4000000,4000000,45000000,45000000,49000000,49000000,10000010,10000000,10000000,10000000,10,0
1227,696506000,1966518000,10000000,10000000,10000000,11000000,634506000,1903518000,11000000,11000000,31000000,31000000,42000000,42000000,62000000,63000000,10000000,10000000,10000000,11000000,0,0,11000000,11000000,31000000,31000000,42000000,42000000,10000010,10000000,10000000,10000000,10,0
1257,652506000,1289012000,10000000,10000000,8000000,10000000,634506000,1269012000,0,0,0,0,0,0,18000000,20000000,10000000,10000000,8000000,10000000,0,0,0,0,0,0,0,0,10000010,10000000,10000000,10000000,10,0
1287,682506000,686506000,10000000,10000000,38000000,42000000,634506000,634506000,0,0,0,0,0,0,48000000,52000000,10000000,10000000,38000000,42000000,0,0,0,0,0,0,0,0,10000010,10000000,10000000,10000000,10,0
28,767506000,767506000,10000000,10000000,19000000,19000000,634506000,634506000,19000000,19000000,85000000,85000000,104000000,104000000,133000000,133000000,10000000,10000000,19000000,19000000,0,0,19000000,19000000,85000000,85000000,104000000,104000000,10000010,32000010,10000000,10000000,10,22000010
58,971506000,972506000,10000000,10000000,10000000,11000000,634506000,634506000,11000000,11000000,306000000,306000000,317000000,317000000,337000000,338000000,10000000,10000000,10000000,11000000,0,0,11000000,11000000,306000000,306000000,317000000,317000000,10000010,56000040,10000000,10000000,10,46000040
88,775506000,776506000,10000000,10000000,19000000,20000000,634506000,634506000,20000000,20000000,92000000,92000000,112000000,112000000,141000000,142000000,10000000,10000000,19000000,20000000,0,0,20000000,20000000,92000000,92000000,112000000,112000000,10000010,32000010,10000000,10000000,10,22000010
118,959506000,960506000,10000000,10000000,1000000,2000000,634506000,634506000,2000000,2000000,312000000,312000000,314000000,314000000,325000000,326000000,10000000,10000000,1000000,2000000,0,0,2000000,2000000,312000000,312000000,314000000,314000000,10000010,92000030,10000000,10000000,10,82000030
148,762506000,762506000,10000000,10000000,8000000,8000000,634506000,634506000,8000000,8000000,102000000,102000000,110000000,110000000,128000000,128000000,10000000,10000000,8000000,8000000,0,0,8000000,8000000,102000000,102000000,110000000,110000000,10000010,35000030,10000000,10000000,10,25000030
178,844506000,844506000,10000000,10000000,20000000,20000000,634506000,634506000,20000000,20000000,160000000,160000000,180000000,180000000,210000000,210000000,10000000,10000000,20000000,20000000,0,0,20000000,20000000,160000000,160000000,180000000,180000000,10000010,37000040,10000000,10000000,10,27000040
208,727506000,727506000,10000000,10000000,20000000,20000000,634506000,634506000,20000000,20000000,43000000,43000000,63000000,63000000,93000000,93000000,10000000,10000000,20000000,20000000,0,0,20000000,20000000,43000000,43000000,63000000,63000000,10000010,11000010,10000000,10000000,10,1000010
238,828506000,829506000,10000000,10000000,8000000,9000000,634506000,634506000,9000000,9000000,167000000,167000000,176000000,176000000,194000000,195000000,10000000,10000000,8000000,9000000,0,0,9000000,9000000,167000000,167000000,176000000,176000000,10000010,26000040,10000000,10000000,10,16000040
268,666506000,666506000,10000000,10000000,8000000,8000000,634506000,634506000,8000000,8000000,6000000,6000000,14000000,14000000,32000000,32000000,10000000,10000000,8000000,8000000,0,0,8000000,8000000,6000000,6000000,14000000,14000000,10000010,11000010,10000000,10000000,10,1000010
298,834506000,834506000,10000000,10000000,9000000,9000000,634506000,634506000,9000000,9000000,172000000,172000000,181000000,181000000,200000000,200000000,10000000,10000000,9000000,9000000,0,0,9000000,9000000,172000000,172000000,181000000,181000000,10000010,26000040,10000000,10000000,10,16000040
328,901506000,902506000,10000000,10000000,8000000,9000000,634506000,634506000,9000000,9000000,240000000,240000000,249000000,249000000,267000000,268000000,10000000,10000000,8000000,9000000,0,0,9000000,9000000,240000000,240000000,249000000,249000000,10000010,43000020,10000000,10000000,10,33000020
358,663506000,664506000,10000000,10000000,8000000,9000000,634506000,634506000,8000000,8000000,3000000,3000000,11000000,11000000,29000000,30000000,10000000,10000000,8000000,9000000,0,0,8000000,8000000,3000000,3000000,11000000,11000000,10000010,11000010,10000000,10000000,10,1000010
388,792506000,792506000,10000000,10000000,9000000,9000000,634506000,634506000,9000000,9000000,130000000,130000000,139000000,139000000,158000000,158000000,10000000,10000000,9000000,9000000,0,0,9000000,9000000,130000000,130000000,139000000,139000000,10000010,26000030,10000000,10000000,10,16000030
418,976506000,977506000,10000000,10000000,12000000,13000000,634506000,634506000,13000000,13000000,307000000,307000000,320000000,320000000,342000000,343000000,10000000,10000000,12000000,13000000,0,0,13000000,13000000,307000000,307000000,320000000,320000000,10000010,12000010,10000000,10000000,10,2000010
448,976506000,977506000,10000000,10000000,12000000,13000000,634506000,634506000,13000000,13000000,307000000,307000000,320000000,320000000,342000000,343000000,10000000,10000000,12000000,13000000,0,0,13000000,13000000,307000000,307000000,320000000,320000000,10000010,12000010,10000000,10000000,10,2000010
478,922506000,923506000,10000000,10000000,3000000,4000000,634506000,634506000,4000000,4000000,271000000,271000000,275000000,275000000,288000000,289000000,10000000,10000000,3000000,4000000,0,0,4000000,4000000,271000000,271000000,275000000,275000000,10000010,93000050,10000000,10000000,10,83000050
508,974506000,1003506000,10000000,10000000,8000000,37000000,634506000,634506000,37000000,37000000,285000000,285000000,322000000,322000000,340000000,369000000,10000000,10000000,8000000,37000000,0,0,37000000,37000000,285000000,285000000,322000000,322000000,10000010,20000040,10000000,10000000,10,10000040
538,817506000,817506000,10000000,10000000,18000000,18000000,634506000,634506000,18000000,18000000,137000000,137000000,155000000,155000000,183000000,183000000,10000000,10000000,18000000,18000000,0,0,18000000,18000000,137000000,137000000,155000000,155000000,10000010,72000010,10000000,10000000,10,62000010
568,812506000,821506000,10000000,10000000,1000000,10000000,634506000,634506000,10000000,10000000,157000000,157000000,167000000,167000000,178000000,187000000,10000000,10000000,1000000,10000000,0,0,10000000,10000000,157000000,157000000,167000000,167000000,10000010,59000020,10000000,10000000,10,49000020
598,872506000,873506000,10000000,10000000,7000000,8000000,634506000,634506000,8000000,8000000,213000000,213000000,221000000,221000000,238000000,239000000,10000000,10000000,7000000,8000000,0,0,8000000,8000000,213000000,213000000,221000000,221000000,10000010,33000030,10000000,10000000,10,23000030
628,927506000,928506000,10000000,10000000,9000000,10000000,634506000,634506000,10000000,10000000,264000000,264000000,274000000,274000000,293000000,294000000,10000000,10000000,9000000,10000000,0,0,10000000,10000000,264000000,264000000,274000000,274000000,10000010,93000020,10000000,10000000,10,83000020
658,849506000,849506000,10000000,10000000,10000000,10000000,634506000,634506000,10000000,10000000,185000000,185000000,195000000,195000000,215000000,215000000,10000000,10000000,10000000,10000000,0,0,10000000,10000000,185000000,185000000,195000000,195000000,10000010,52000020,10000000,10000000,10,42000020
688,989506000,991506000,10000000,10000000,17000000,19000000,634506000,634506000,19000000,19000000,309000000,309000000,328000000,328000000,355000000,357000000,10000000,10000000,17000000,19000000,0,0,19000000,19000000,309000000,309000000,328000000,328000000,10000010,31000010,10000000,10000000,10,21000010
718,851506000,852506000,10000000,10000000,17000000,18000000,634506000,634506000,18000000,18000000,172000000,172000000,190000000,190000000,217000000,218000000,10000000,10000000,17000000,18000000,0,0,18000000,18000000,172000000,172000000,190000000,190000000,10000010,31000010,10000000,10000000,10,21000010
748,742506000,742506000,10000000,10000000,11000000,11000000,634506000,634506000,11000000,11000000,76000000,76000000,87000000,87000000,108000000,108000000,10000000,10000000,11000000,11000000,0,0,11000000,11000000,76000000,76000000,87000000,87000000,10000010,55000040,10000000,10000000,10,45000040
778,653506000,653506000,10000000,10000000,1000000,1000000,634506000,634506000,1000000,1000000,7000000,7000000,8000000,8000000,19000000,19000000,10000000,10000000,1000000,1000000,0,0,1000000,1000000,7000000,7000000,8000000,8000000,10000010,11000010,10000000,10000000,10,1000010
808,778506000,778506000,10000000,10000000,1000000,1000000,634506000,634506000,1000000,1000000,132000000,132000000,133000000,133000000,144000000,144000000,10000000,10000000,1000000,1000000,0,0,1000000,1000000,132000000,132000000,133000000,133000000,10000010,28000020,10000000,10000000,10,18000020
838,690506000,690506000,10000000,10000000,8000000,8000000,634506000,634506000,8000000,8000000,30000000,30000000,38000000,38000000,56000000,56000000,10000000,10000000,8000000,8000000,0,0,8000000,8000000,30000000,30000000,38000000,38000000,10000010,20000030,10000000,10000000,10,10000030
868,874506000,875506000,10000000,10000000,7000000,8000000,634506000,634506000,8000000,8000000,215000000,215000000,223000000,223000000,240000000,241000000,10000000,10000000,7000000,8000000,0,0,8000000,8000000,215000000,215000000,223000000,223000000,10000010,95000030,10000000,10000000,10,85000030
898,816506000,816506000,10000000,10000000,8000000,8000000,634506000,634506000,8000000,8000000,156000000,156000000,164000000,164000000,182000000,182000000,10000000,10000000,8000000,8000000,0,0,8000000,8000000,156000000,156000000,164000000,164000000,10000010,16000030,10000000,10000000,10,6000030
928,876506000,877506000,10000000,10000000,18000000,19000000,634506000,634506000,18000000,18000000,196000000,196000000,214000000,214000000,242000000,243000000,10000000,10000000,18000000,19000000,0,0,18000000,18000000,196000000,196000000,214000000,214000000,10000010,72000010,10000000,10000000,10,62000010
958,1049506000,1053506000,10000000,10000000,44000000,48000000,634506000,634506000,48000000,48000000,313000000,313000000,361000000,361000000,415000000,419000000,10000000,10000000,44000000,48000000,0,0,48000000,48000000,313000000,313000000,361000000,361000000,10000010,48000050,10000000,10000000,10,38000050
988,1013506000,2954024000,10000000,10000000,10000000,47000000,634506000,2538024000,47000000,47000000,312000000,312000000,359000000,359000000,379000000,416000000,10000000,10000000,10000000,47000000,0,0,47000000,47000000,312000000,312000000,359000000,359000000,10000010,98000050,10000000,10000000,10,88000050
1018,983506000,2919024000,10000000,10000000,8000000,40000000,634506000,2538024000,40000000,40000000,291000000,291000000,331000000,331000000,349000000,381000000,10000000,10000000,8000000,40000000,0,0,40000000,40000000,291000000,291000000,331000000,331000000,10000010,19000030,10000000,10000000,10,9000030
1048,843506000,10374096000,10000000,10000000,6000000,19000000,634506000,10152096000,10000000,10000000,183000000,183000000,193000000,193000000,209000000,222000000,10000000,10000000,6000000,19000000,0,0,10000000,10000000,183000000,183000000,193000000,193000000,10000010,82000020,10000000,10000000,10,72000020
1078,687506000,3861036000,10000000,10000000,19000000,20000000,634506000,3807036000,20000000,20000000,4000000,4000000,24000000,24000000,53000000,54000000,10000000,10000000,19000000,20000000,0,0,20000000,20000000,4000000,4000000,24000000,24000000,10000010,10000000,10000000,10000000,10,0
1108,647506000,1283012000,10000000,10000000,3000000,4000000,634506000,1269012000,0,0,0,0,0,0,13000000,14000000,10000000,10000000,3000000,4000000,0,0,0,0,0,0,0,0,10000010,10000000,10000000,10000000,10,0
1138,673506000,3212530000,10000000,10000000,0,1000000,634506000,3172530000,1000000,1000000,28000000,28000000,29000000,29000000,39000000,40000000,10000000,10000000,0,1000000,0,0,1000000,1000000,28000000,28000000,29000000,29000000,10000010,10000000,10000000,10000000,10,0
1168,721506000,2627024000,10000000,10000000,17000000,19000000,634506000,2538024000,19000000,19000000,41000000,41000000,60000000,60000000,87000000,89000000,10000000,10000000,17000000,19000000,0,0,19000000,19000000,41000000,41000000,60000000,60000000,10000010,10000000,10000000,10000000,10,0
1198,788506000,3967036000,10000000,10000000,4000000,10000000,634506000,3807036000,9000000,9000000,131000000,131000000,140000000,140000000,154000000,160000000,10000000,10000000,4000000,10000000,0,0,9000000,9000000,131000000,131000000,140000000,140000000,10000010,93000020,10000000,10000000,10,83000020
1228,696506000,1966518000,10000000,10000000,10000000,11000000,634506000,1903518000,11000000,11000000,31000000,31000000,42000000,42000000,62000000,63000000,10000000,10000000,10000000,11000000,0,0,11000000,11000000,31000000,31000000,42000000,42000000,10000010,10000000,10000000,10000000,10,0
1258,721506000,2627024000,10000000,10000000,17000000,19000000,634506000,2538024000,19000000,19000000,41000000,41000000,60000000,60000000,87000000,89000000,10000000,10000000,17000000,19000000,0,0,19000000,19000000,41000000,41000000,60000000,60000000,10000010,10000000,10000000,10000000,10,0
29,932506000,933506000,10000000,10000000,19000000,20000000,634506000,634506000,20000000,20000000,249000000,249000000,269000000,269000000,298000000,299000000,10000000,10000000,19000000,20000000,0,0,20000000,20000000,249000000,249000000,269000000,269000000,10000010,32000010,10000000,10000000,10,22000010
59,757506000,760506000,10000000,10000000,7000000,10000000,634506000,634506000,10000000,10000000,96000000,96000000,106000000,106000000,123000000,126000000,10000000,10000000,7000000,10000000,0,0,10000000,10000000,96000000,96000000,106000000,106000000,10000010,41000030,10000000,10000000,10,31000030
89,882506000,893506000,10000000,10000000,8000000,19000000,634506000,634506000,19000000,19000000,211000000,211000000,230000000,230000000,248000000,259000000,10000000,10000000,8000000,19000000,0,0,19000000,19000000,211000000,211000000,230000000,230000000,10000010,32000010,10000000,10000000,10,22000010
119,927506000,928506000,10000000,10000000,1000000,2000000,634506000,634506000,2000000,2000000,280000000,280000000,282000000,282000000,293000000,294000000,10000000,10000000,1000000,2000000,0,0,2000000,2000000,280000000,280000000,282000000,282000000,10000010,92000030,10000000,10000000,10,82000030
149,936506000,937506000,10000000,10000000,8000000,9000000,634506000,634506000,9000000,9000000,275000000,275000000,284000000,284000000,302000000,303000000,10000000,10000000,8000000,9000000,0,0,9000000,9000000,275000000,275000000,284000000,284000000,10000010,75000040,10000000,10000000,10,65000040
179,664506000,666506000,10000000,10000000,20000000,22000000,634506000,634506000,0,0,0,0,0,0,30000000,32000000,10000000,10000000,20000000,22000000,0,0,0,0,0,0,0,0,10000010,10000000,10000000,10000000,10,0
209,727506000,727506000,10000000,10000000,20000000,20000000,634506000,634506000,20000000,20000000,43000000,43000000,63000000,63000000,93000000,93000000,10000000,10000000,20000000,20000000,0,0,20000000,20000000,43000000,43000000,63000000,63000000,10000010,11000010,10000000,10000000,10,1000010
239,834506000,834506000,10000000,10000000,9000000,9000000,634506000,634506000,9000000,9000000,172000000,172000000,181000000,181000000,200000000,200000000,10000000,10000000,9000000,9000000,0,0,9000000,9000000,172000000,172000000,181000000,181000000,10000010,26000040,10000000,10000000,10,16000040
269,828506000,829506000,10000000,10000000,8000000,9000000,634506000,634506000,9000000,9000000,167000000,167000000,176000000,176000000,194000000,195000000,10000000,10000000,8000000,9000000,0,0,9000000,9000000,167000000,167000000,176000000,176000000,10000010,26000040,10000000,10000000,10,16000040
299,834506000,834506000,10000000,10000000,9000000,9000000,634506000,634506000,9000000,9000000,172000000,172000000,181000000,181000000,200000000,200000000,10000000,10000000,9000000,9000000,0,0,9000000,9000000,172000000,172000000,181000000,181000000,10000010,26000040,10000000,10000000,10,16000040
329,901506000,902506000,10000000,10000000,8000000,9000000,634506000,634506000,9000000,9000000,240000000,240000000,249000000,249000000,267000000,268000000,10000000,10000000,8000000,9000000,0,0,9000000,9000000,240000000,240000000,249000000,249000000,10000010,43000020,10000000,10000000,10,33000020
359,934506000,936506000,10000000,10000000,8000000,10000000,634506000,634506000,8000000,8000000,274000000,274000000,282000000,282000000,300000000,302000000,10000000,10000000,8000000,10000000,0,0,8000000,8000000,274000000,274000000,282000000,282000000,10000010,34000030,10000000,10000000,10,24000030
389,714506000,722506000,10000000,10000000,1000000,9000000,634506000,634506000,9000000,9000000,60000000,60000000,69000000,69000000,80000000,88000000,10000000,10000000,1000000,9000000,0,0,9000000,9000000,60000000,60000000,69000000,69000000,10000010,22000020,10000000,10000000,10,12000020
419,976506000,977506000,10000000,10000000,12000000,13000000,634506000,634506000,13000000,13000000,307000000,307000000,320000000,320000000,342000000,343000000,10000000,10000000,12000000,13000000,0,0,13000000,13000000,307000000,307000000,320000000,320000000,10000010,12000010,10000000,10000000,10,2000010
449,976506000,977506000,10000000,10000000,12000000,13000000,634506000,634506000,13000000,13000000,307000000,307000000,320000000,320000000,342000000,343000000,10000000,10000000,12000000,13000000,0,0,13000000,13000000,307000000,307000000,320000000,320000000,10000010,12000010,10000000,10000000,10,2000010
479,647506000,648506000,10000000,10000000,3000000,4000000,634506000,634506000,0,0,0,0,0,0,13000000,14000000,10000000,10000000,3000000,4000000,0,0,0,0,0,0,0,0,10000010,10000000,10000000,10000000,10,0
509,960506000,961506000,10000000,10000000,7000000,8000000,634506000,634506000,8000000,8000000,301000000,301000000,309000000,309000000,326000000,327000000,10000000,10000000,7000000,8000000,0,0,8000000,8000000,301000000,301000000,309000000,309000000,10000010,91000040,10000000,10000000,10,81000040
539,990506000,1046506000,10000000,10000000,18000000,74000000,634506000,634506000,74000000,74000000,254000000,254000000,328000000,328000000,356000000,412000000,10000000,10000000,18000000,74000000,0,0,74000000,74000000,254000000,254000000,328000000,328000000,10000010,74000030,10000000,10000000,10,64000030
569,887506000,887506000,10000000,10000000,10000000,10000000,634506000,634506000,10000000,10000000,223000000,223000000,233000000,233000000,253000000,253000000,10000000,10000000,10000000,10000000,0,0,10000000,10000000,223000000,223000000,233000000,233000000,10000010,59000020,10000000,10000000,10,49000020
599,934506000,935506000,10000000,10000000,7000000,8000000,634506000,634506000,8000000,8000000,275000000,275000000,283000000,283000000,300000000,301000000,10000000,10000000,7000000,8000000,0,0,8000000,8000000,275000000,275000000,283000000,283000000,10000010,36000040,10000000,10000000,10,26000040
629,895506000,896506000,10000000,10000000,9000000,10000000,634506000,634506000,10000000,10000000,232000000,232000000,242000000,242000000,261000000,262000000,10000000,10000000,9000000,10000000,0,0,10000000,10000000,232000000,232000000,242000000,242000000,10000010,93000020,10000000,10000000,10,83000020
659,849506000,849506000,10000000,10000000,10000000,10000000,634506000,634506000,10000000,10000000,185000000,185000000,195000000,195000000,215000000,215000000,10000000,10000000,10000000,10000000,0,0,10000000,10000000,185000000,185000000,195000000,195000000,10000010,52000020,10000000,10000000,10,42000020
689,992506000,994506000,10000000,10000000,17000000,19000000,634506000,634506000,19000000,19000000,312000000,312000000,331000000,331000000,358000000,360000000,10000000,10000000,17000000,19000000,0,0,19000000,19000000,312000000,312000000,331000000,331000000,10000010,32000020,10000000,10000000,10,22000020
719,851506000,852506000,10000000,10000000,17000000,18000000,634506000,634506000,18000000,18000000,172000000,172000000,190000000,190000000,217000000,218000000,10000000,10000000,17000000,18000000,0,0,18000000,18000000,172000000,172000000,190000000,190000000,10000010,31000010,10000000,10000000,10,21000010
749,716506000,716506000,10000000,10000000,1000000,1000000,634506000,634506000,1000000,1000000,70000000,70000000,71000000,71000000,82000000,82000000,10000000,10000000,1000000,1000000,0,0,1000000,1000000,70000000,70000000,71000000,71000000,10000010,30000030,10000000,10000000,10,20000030
779,653506000,653506000,10000000,10000000,1000000,1000000,634506000,634506000,1000000,1000000,7000000,7000000,8000000,8000000,19000000,19000000,10000000,10000000,1000000,1000000,0,0,1000000,1000000,7000000,7000000,8000000,8000000,10000010,11000010,10000000,10000000,10,1000010
809,728506000,728506000,10000000,10000000,1000000,1000000,634506000,634506000,1000000,1000000,82000000,82000000,83000000,83000000,94000000,94000000,10000000,10000000,1000000,1000000,0,0,1000000,1000000,82000000,82000000,83000000,83000000,10000010,28000020,10000000,10000000,10,18000020
839,690506000,690506000,10000000,10000000,8000000,8000000,634506000,634506000,8000000,8000000,30000000,30000000,38000000,38000000,56000000,56000000,10000000,10000000,8000000,8000000,0,0,8000000,8000000,30000000,30000000,38000000,38000000,10000010,20000030,10000000,10000000,10,10000030
869,952506000,953506000,10000000,10000000,7000000,8000000,634506000,634506000,8000000,8000000,293000000,293000000,301000000,301000000,318000000,319000000,10000000,10000000,7000000,8000000,0,0,8000000,8000000,293000000,293000000,301000000,301000000,10000010,91000040,10000000,10000000,10,81000040
899,742506000,743506000,10000000,10000000,7000000,8000000,634506000,634506000,8000000,8000000,83000000,83000000,91000000,91000000,108000000,109000000,10000000,10000000,7000000,8000000,0,0,8000000,8000000,83000000,83000000,91000000,91000000,10000010,17000010,10000000,10000000,10,7000010
929,876506000,877506000,10000000,10000000,18000000,19000000,634506000,634506000,18000000,18000000,196000000,196000000,214000000,214000000,242000000,243000000,10000000,10000000,18000000,19000000,0,0,18000000,18000000,196000000,196000000,214000000,214000000,10000010,72000010,10000000,10000000,10,62000010
959,803506000,803506000,10000000,10000000,9000000,9000000,634506000,634506000,9000000,9000000,141000000,141000000,150000000,150000000,169000000,169000000,10000000,10000000,9000000,9000000,0,0,9000000,9000000,141000000,141000000,150000000,150000000,10000010,17000040,10000000,10000000,10,7000040
989,773506000,3341530000,10000000,10000000,7000000,37000000,634506000,3172530000,10000000,10000000,112000000,112000000,122000000,122000000,139000000,169000000,10000000,10000000,7000000,37000000,0,0,10000000,10000000,112000000,112000000,122000000,122000000,10000010,20000040,10000000,10000000,10,10000040
1019,972506000,2271518000,10000000,10000000,7000000,37000000,634506000,1903518000,37000000,37000000,284000000,284000000,321000000,321000000,338000000,368000000,10000000,10000000,7000000,37000000,0,0,37000000,37000000,284000000,284000000,321000000,321000000,10000010,20000040,10000000,10000000,10,10000040
1049,954506000,12384614000,10000000,10000000,8000000,17000000,634506000,12055614000,11000000,11000000,291000000,291000000,302000000,302000000,320000000,329000000,10000000,10000000,8000000,17000000,0,0,11000000,11000000,291000000,291000000,302000000,302000000,10000010,84000040,10000000,10000000,10,74000040
1079,687506000,3861036000,10000000,10000000,19000000,20000000,634506000,3807036000,20000000,20000000,4000000,4000000,24000000,24000000,53000000,54000000,10000000,10000000,19000000,20000000,0,0,20000000,20000000,4000000,4000000,24000000,24000000,10000010,10000000,10000000,10000000,10,0
1109,647506000,1283012000,10000000,10000000,3000000,4000000,634506000,1269012000,0,0,0,0,0,0,13000000,14000000,10000000,10000000,3000000,4000000,0,0,0,0,0,0,0,0,10000010,10000000,10000000,10000000,10,0
1139,673506000,3212530000,10000000,10000000,0,1000000,634506000,3172530000,1000000,1000000,28000000,28000000,29000000,29000000,39000000,40000000,10000000,10000000,0,1000000,0,0,1000000,1000000,28000000,28000000,29000000,29000000,10000010,10000000,10000000,10000000,10,0
1169,928506000,13055120000,10000000,10000000,9000000,80000000,634506000,12690120000,80000000,80000000,195000000,195000000,275000000,275000000,294000000,365000000,10000000,10000000,9000000,80000000,0,0,80000000,80000000,195000000,195000000,275000000,275000000,10000010,49000050,10000000,10000000,10,39000050
1199,648506000,649506000,10000000,10000000,4000000,5000000,634506000,634506000,0,0,0,0,0,0,14000000,15000000,10000000,10000000,4000000,5000000,0,0,0,0,0,0,0,0,10000010,10000000,10000000,10000000,10,0
1229,696506000,1966518000,10000000,10000000,10000000,11000000,634506000,1903518000,11000000,11000000,31000000,31000000,42000000,42000000,62000000,63000000,10000000,10000000,10000000,11000000,0,0,11000000,11000000,31000000,31000000,42000000,42000000,10000010,10000000,10000000,10000000,10,0
1259,669506000,2574024000,10000000,10000000,12000000,13000000,634506000,2538024000,12000000,12000000,1000000,1000000,13000000,13000000,35000000,36000000,10000000,10000000,12000000,13000000,0,0,12000000,12000000,1000000,1000000,13000000,13000000,10000010,10000000,10000000,10000000,10,0
30,902506000,903506000,10000000,10000000,19000000,20000000,634506000,634506000,20000000,20000000,219000000,219000000,239000000,239000000,268000000,269000000,10000000,10000000,19000000,20000000,0,0,20000000,20000000,219000000,219000000,239000000,239000000,10000010,60000040,10000000,10000000,10,50000040
60,897506000,899506000,10000000,10000000,10000000,12000000,634506000,634506000,12000000,12000000,231000000,231000000,243000000,243000000,263000000,265000000,10000000,10000000,10000000,12000000,0,0,12000000,12000000,231000000,231000000,243000000,243000000,10000010,78000040,10000000,10000000,10,68000040
90,861506000,872506000,10000000,10000000,8000000,19000000,634506000,634506000,19000000,19000000,190000000,190000000,209000000,209000000,227000000,238000000,10000000,10000000,8000000,19000000,0,0,19000000,19000000,190000000,190000000,209000000,209000000,10000010,33000020,10000000,10000000,10,23000020
120,739506000,740506000,10000000,10000000,0,1000000,634506000,634506000,1000000,1000000,94000000,94000000,95000000,95000000,105000000,106000000,10000000,10000000,0,1000000,0,0,1000000,1000000,94000000,94000000,95000000,95000000,10000010,50000040,10000000,10000000,10,40000040
150,763506000,763506000,10000000,10000000,8000000,8000000,634506000,634506000,8000000,8000000,103000000,103000000,111000000,111000000,129000000,129000000,10000000,10000000,8000000,8000000,0,0,8000000,8000000,103000000,103000000,111000000,111000000,10000010,35000030,10000000,10000000,10,25000030
180,664506000,665506000,10000000,10000000,20000000,21000000,634506000,634506000,0,0,0,0,0,0,30000000,31000000,10000000,10000000,20000000,21000000,0,0,0,0,0,0,0,0,10000010,10000000,10000000,10000000,10,0
210,727506000,727506000,10000000,10000000,20000000,20000000,634506000,634506000,20000000,20000000,43000000,43000000,63000000,63000000,93000000,93000000,10000000,10000000,20000000,20000000,0,0,20000000,20000000,43000000,43000000,63000000,63000000,10000010,11000010,10000000,10000000,10,1000010
240,901506000,902506000,10000000,10000000,8000000,9000000,634506000,634506000,9000000,9000000,240000000,240000000,249000000,249000000,267000000,268000000,10000000,10000000,8000000,9000000,0,0,9000000,9000000,240000000,240000000,249000000,249000000,10000010,43000020,10000000,10000000,10,33000020
270,828506000,829506000,10000000,10000000,8000000,9000000,634506000,634506000,9000000,9000000,167000000,167000000,176000000,176000000,194000000,195000000,10000000,10000000,8000000,9000000,0,0,9000000,9000000,167000000,167000000,176000000,176000000,10000010,26000040,10000000,10000000,10,16000040
300,834506000,834506000,10000000,10000000,9000000,9000000,634506000,634506000,9000000,9000000,172000000,172000000,181000000,181000000,200000000,200000000,10000000,10000000,9000000,9000000,0,0,9000000,9000000,172000000,172000000,181000000,181000000,10000010,26000040,10000000,10000000,10,16000040
330,924506000,926506000,10000000,10000000,8000000,10000000,634506000,634506000,10000000,10000000,262000000,262000000,272000000,272000000,290000000,292000000,10000000,10000000,8000000,10000000,0,0,10000000,10000000,262000000,262000000,272000000,272000000,10000010,27000030,10000000,10000000,10,17000030
360,663506000,664506000,10000000,10000000,8000000,9000000,634506000,634506000,8000000,8000000,3000000,3000000,11000000,11000000,29000000,30000000,10000000,10000000,8000000,9000000,0,0,8000000,8000000,3000000,3000000,11000000,11000000,10000010,11000010,10000000,10000000,10,1000010
390,792506000,792506000,10000000,10000000,9000000,9000000,634506000,634506000,9000000,9000000,130000000,130000000,139000000,139000000,158000000,158000000,10000000,10000000,9000000,9000000,0,0,9000000,9000000,130000000,130000000,139000000,139000000,10000010,26000030,10000000,10000000,10,16000030
420,976506000,977506000,10000000,10000000,12000000,13000000,634506000,634506000,13000000,13000000,307000000,307000000,320000000,320000000,342000000,343000000,10000000,10000000,12000000,13000000,0,0,13000000,13000000,307000000,307000000,320000000,320000000,10000010,12000010,10000000,10000000,10,2000010
450,976506000,977506000,10000000,10000000,12000000,13000000,634506000,634506000,13000000,13000000,307000000,307000000,320000000,320000000,342000000,343000000,10000000,10000000,12000000,13000000,0,0,13000000,13000000,307000000,307000000,320000000,320000000,10000010,12000010,10000000,10000000,10,2000010
480,695506000,696506000,10000000,10000000,3000000,4000000,634506000,634506000,4000000,4000000,44000000,44000000,48000000,48000000,61000000,62000000,10000000,10000000,3000000,4000000,0,0,4000000,4000000,44000000,44000000,48000000,48000000,10000010,20000020,10000000,10000000,10,10000020
510,769506000,769506000,10000000,10000000,8000000,8000000,634506000,634506000,8000000,8000000,109000000,109000000,117000000,117000000,135000000,135000000,10000000,10000000,8000000,8000000,0,0,8000000,8000000,109000000,109000000,117000000,117000000,10000010,49000050,10000000,10000000,10,39000050
540,790506000,790506000,10000000,10000000,18000000,18000000,634506000,634506000,18000000,18000000,110000000,110000000,128000000,128000000,156000000,156000000,10000000,10000000,18000000,18000000,0,0,18000000,18000000,110000000,110000000,128000000,128000000,10000010,72000010,10000000,10000000,10,62000010
570,654506000,656506000,10000000,10000000,10000000,12000000,634506000,634506000,0,0,0,0,0,0,20000000,22000000,10000000,10000000,10000000,12000000,0,0,0,0,0,0,0,0,10000010,10000000,10000000,10000000,10,0
600,934506000,935506000,10000000,10000000,7000000,8000000,634506000,634506000,8000000,8000000,275000000,275000000,283000000,283000000,300000000,301000000,10000000,10000000,7000000,8000000,0,0,8000000,8000000,275000000,275000000,283000000,283000000,10000010,36000040,10000000,10000000,10,26000040
630,895506000,896506000,10000000,10000000,9000000,10000000,634506000,634506000,10000000,10000000,232000000,232000000,242000000,242000000,261000000,262000000,10000000,10000000,9000000,10000000,0,0,10000000,10000000,232000000,232000000,242000000,242000000,10000010,93000020,10000000,10000000,10,83000020
660,781506000,788506000,10000000,10000000,10000000,17000000,634506000,634506000,17000000,17000000,110000000,110000000,127000000,127000000,147000000,154000000,10000000,10000000,10000000,17000000,0,0,17000000,17000000,110000000,110000000,127000000,127000000,10000010,32000020,10000000,10000000,10,22000020
690,848506000,849506000,10000000,10000000,17000000,18000000,634506000,634506000,18000000,18000000,169000000,169000000,187000000,187000000,214000000,215000000,10000000,10000000,17000000,18000000,0,0,18000000,18000000,169000000,169000000,187000000,187000000,10000010,31000010,10000000,10000000,10,21000010
720,724506000,732506000,10000000,10000000,1000000,9000000,634506000,634506000,9000000,9000000,70000000,70000000,79000000,79000000,90000000,98000000,10000000,10000000,1000000,9000000,0,0,9000000,9000000,70000000,70000000,79000000,79000000,10000010,11000010,10000000,10000000,10,1000010
750,653506000,653506000,10000000,10000000,1000000,1000000,634506000,634506000,1000000,1000000,7000000,7000000,8000000,8000000,19000000,19000000,10000000,10000000,1000000,1000000,0,0,1000000,1000000,7000000,7000000,8000000,8000000,10000010,11000010,10000000,10000000,10,1000010
780,755506000,755506000,10000000,10000000,1000000,1000000,634506000,634506000,1000000,1000000,109000000,109000000,110000000,110000000,121000000,121000000,10000000,10000000,1000000,1000000,0,0,1000000,1000000,109000000,109000000,110000000,110000000,10000010,91000040,10000000,10000000,10,81000040
810,781506000,781506000,10000000,10000000,1000000,1000000,634506000,634506000,1000000,1000000,135000000,135000000,136000000,136000000,147000000,147000000,10000000,10000000,1000000,1000000,0,0,1000000,1000000,135000000,135000000,136000000,136000000,10000010,28000020,10000000,10000000,10,18000020
840,690506000,690506000,10000000,10000000,8000000,8000000,634506000,634506000,8000000,8000000,30000000,30000000,38000000,38000000,56000000,56000000,10000000,10000000,8000000,8000000,0,0,8000000,8000000,30000000,30000000,38000000,38000000,10000010,20000030,10000000,10000000,10,10000030
870,885506000,886506000,10000000,10000000,7000000,8000000,634506000,634506000,8000000,8000000,226000000,226000000,234000000,234000000,251000000,252000000,10000000,10000000,7000000,8000000,0,0,8000000,8000000,226000000,226000000,234000000,234000000,10000010,95000030,10000000,10000000,10,85000030
900,826506000,826506000,10000000,10000000,8000000,8000000,634506000,634506000,8000000,8000000,166000000,166000000,174000000,174000000,192000000,192000000,10000000,10000000,8000000,8000000,0,0,8000000,8000000,166000000,166000000,174000000,174000000,10000010,95000030,10000000,10000000,10,85000030
930,939506000,1000506000,10000000,10000000,19000000,80000000,634506000,634506000,80000000,80000000,196000000,196000000,276000000,276000000,305000000,366000000,10000000,10000000,19000000,80000000,0,0,80000000,80000000,196000000,196000000,276000000,276000000,10000010,82000020,10000000,10000000,10,72000020
960,778506000,779506000,10000000,10000000,8000000,9000000,634506000,634506000,9000000,9000000,117000000,117000000,126000000,126000000,144000000,145000000,10000000,10000000,8000000,9000000,0,0,9000000,9000000,117000000,117000000,126000000,126000000,10000010,16000030,10000000,10000000,10,6000030
990,687506000,3861036000,10000000,10000000,19000000,20000000,634506000,3807036000,20000000,20000000,4000000,4000000,24000000,24000000,53000000,54000000,10000000,10000000,19000000,20000000,0,0,20000000,20000000,4000000,4000000,24000000,24000000,10000010,10000000,10000000,10000000,10,0
1020,655506000,659506000,10000000,10000000,11000000,15000000,634506000,634506000,0,0,0,0,0,0,21000000,25000000,10000000,10000000,11000000,15000000,0,0,0,0,0,0,0,0,10000010,10000000,10000000,10000000,10,0
1050,650506000,1287012000,10000000,10000000,6000000,8000000,634506000,1269012000,0,0,0,0,0,0,16000000,18000000,10000000,10000000,6000000,8000000,0,0,0,0,0,0,0,0,10000010,10000000,10000000,10000000,10,0
1080,657506000,2562024000,10000000,10000000,5000000,6000000,634506000,2538024000,6000000,6000000,2000000,2000000,8000000,8000000,23000000,24000000,10000000,10000000,5000000,6000000,0,0,6000000,6000000,2000000,2000000,8000000,8000000,10000010,10000000,10000000,10000000,10,0
1110,733506000,10256096000,10000000,10000000,7000000,12000000,634506000,10152096000,11000000,11000000,71000000,71000000,82000000,82000000,99000000,104000000,10000000,10000000,7000000,12000000,0,0,11000000,11000000,71000000,71000000,82000000,82000000,10000010,17000010,10000000,10000000,10,7000010
1140,673506000,3212530000,10000000,10000000,0,1000000,634506000,3172530000,1000000,1000000,28000000,28000000,29000000,29000000,39000000,40000000,10000000,10000000,0,1000000,0,0,1000000,1000000,28000000,28000000,29000000,29000000,10000010,10000000,10000000,10000000,10,0
1170,930506000,5375048000,10000000,10000000,8000000,11000000,634506000,5076048000,8000000,8000000,270000000,270000000,278000000,278000000,296000000,299000000,10000000,10000000,8000000,11000000,0,0,8000000,8000000,270000000,270000000,278000000,278000000,10000010,28000040,10000000,10000000,10,18000040
1200,655506000,1291012000,10000000,10000000,11000000,12000000,634506000,1269012000,0,0,0,0,0,0,21000000,22000000,10000000,10000000,11000000,12000000,0,0,0,0,0,0,0,0,10000010,10000000,10000000,10000000,10,0
1230,815506000,3355530000,10000000,10000000,10000000,12000000,634506000,3172530000,12000000,12000000,149000000,149000000,161000000,161000000,181000000,183000000,10000000,10000000,10000000,12000000,0,0,12000000,12000000,149000000,149000000,161000000,161000000,10000010,94000030,10000000,10000000,10,84000030
1260,666506000,3209530000,10000000,10000000,8000000,13000000,634506000,3172530000,12000000,12000000,2000000,2000000,14000000,14000000,32000000,37000000,10000000,10000000,8000000,13000000,0,0,12000000,12000000,2000000,2000000,14000000,14000000,10000010,11000010,10000000,10000000,10,1000010
