,ssdn_lo,ssdn_hi,ssdn_detection_lo,ssdn_detection_hi,ssdn_notification_lo,ssdn_notification_hi,ssdn_computation_lo,ssdn_computation_hi,ssdn_transference_lo,ssdn_transference_hi,ssdn_installation_lo,ssdn_installation_hi,ssdn_update_lo,ssdn_update_hi,pcsdn_lo,pcsdn_hi,pcsdn_detection_lo,pcsdn_detection_hi,pcsdn_notification_lo,pcsdn_notification_hi,pcsdn_computation_lo,pcsdn_computation_hi,pcsdn_transference_lo,pcsdn_transference_hi,pcsdn_installation_lo,pcsdn_installation_hi,pcsdn_update_lo,pcsdn_update_hi,felix_lo,felix_hi,felix_detection_lo,felix_detection_hi,felix_coordination_lo,felix_coordination_hi
1,464058000,464883000,10000000,10000000,2919000,3744000,263395000,263395000,3744000,3744000,184000000,184000000,187744000,187744000,200663000,201488000,10000000,10000000,2919000,3744000,0,0,3744000,3744000,184000000,184000000,187744000,187744000,10000010,11650020,10000000,10000000,10,1650020
31,473155000,644075000,10000000,10000000,13135000,14625000,263395000,263395000,14625000,17055000,172000000,339000000,186625000,356055000,209760000,380680000,10000000,10000000,13135000,14625000,0,0,14625000,17055000,172000000,339000000,186625000,356055000,10000010,14278060,10000000,10000000,10,4278060
61,380596000,380909000,10000000,10000000,10944000,11257000,263395000,263395000,11257000,11257000,85000000,85000000,96257000,96257000,117201000,117514000,10000000,10000000,10944000,11257000,0,0,11257000,11257000,85000000,85000000,96257000,96257000,10000010,22063070,10000000,10000000,10,12063070
91,468970000,469123000,10000000,10000000,3711000,3864000,263395000,263395000,3864000,3864000,188000000,188000000,191864000,191864000,205575000,205728000,10000000,10000000,3711000,3864000,0,0,3864000,3864000,188000000,188000000,191864000,191864000,10000010,14682130,10000000,10000000,10,4682130
121,467348000,467703000,10000000,10000000,1299000,1654000,263395000,263395000,1654000,1654000,191000000,191000000,192654000,192654000,203953000,204308000,10000000,10000000,1299000,1654000,0,0,1654000,1654000,191000000,191000000,192654000,192654000,10000010,13228120,10000000,10000000,10,3228120
151,291604000,292222000,10000000,10000000,18209000,18827000,263395000,263395000,0,0,0,0,0,0,28209000,28827000,10000000,10000000,18209000,18827000,0,0,0,0,0,0,0,0,10000010,10000000,10000000,10000000,10,0
181,460114000,602470000,10000000,10000000,15549000,16170000,263395000,263395000,16170000,17905000,155000000,295000000,171170000,312905000,196719000,339075000,10000000,10000000,15549000,16170000,0,0,16170000,17905000,155000000,295000000,171170000,312905000,10000010,15446070,10000000,10000000,10,5446070
211,284113000,284170000,10000000,10000000,10718000,10775000,263395000,263395000,0,0,0,0,0,0,20718000,20775000,10000000,10000000,10718000,10775000,0,0,0,0,0,0,0,0,10000010,10000000,10000000,10000000,10,0
241,276252000,276674000,10000000,10000000,2857000,3279000,263395000,263395000,0,0,0,0,0,0,12857000,13279000,10000000,10000000,2857000,3279000,0,0,0,0,0,0,0,0,10000010,10000000,10000000,10000000,10,0
271,275170000,538998000,10000000,10000000,1775000,2208000,263395000,526790000,0,0,0,0,0,0,11775000,12208000,10000000,10000000,1775000,2208000,0,0,0,0,0,0,0,0,10000010,10000000,10000000,10000000,10,0
301,446342000,710374000,10000000,10000000,3155000,3792000,263395000,526790000,3792000,3792000,166000000,166000000,169792000,169792000,182947000,183584000,10000000,10000000,3155000,3792000,0,0,3792000,3792000,166000000,166000000,169792000,169792000,10000010,14355140,10000000,10000000,10,4355140
331,471783000,999465000,10000000,10000000,13748000,14640000,263395000,790185000,14640000,14640000,170000000,170000000,184640000,184640000,208388000,209280000,10000000,10000000,13748000,14640000,0,0,14640000,14640000,170000000,170000000,184640000,184640000,10000010,25225120,10000000,10000000,10,15225120
361,475005000,738770000,10000000,10000000,4120000,4490000,263395000,526790000,4490000,4490000,193000000,193000000,197490000,197490000,211610000,211980000,10000000,10000000,4120000,4490000,0,0,4490000,4490000,193000000,193000000,197490000,197490000,10000010,10825010,10000000,10000000,10,825010
391,279423000,807038000,10000000,10000000,978000,1803000,263395000,790185000,1050000,1050000,4000000,4000000,5050000,5050000,16028000,16853000,10000000,10000000,978000,1803000,0,0,1050000,1050000,4000000,4000000,5050000,5050000,10000010,10000000,10000000,10000000,10,0
421,273933000,801988000,10000000,10000000,538000,1803000,263395000,790185000,0,0,0,0,0,0,10538000,11803000,10000000,10000000,538000,1803000,0,0,0,0,0,0,0,0,10000010,10000000,10000000,10000000,10,0
2,463802000,464233000,10000000,10000000,2488000,2919000,263395000,263395000,2919000,2919000,185000000,185000000,187919000,187919000,200407000,200838000,10000000,10000000,2488000,2919000,0,0,2919000,2919000,185000000,185000000,187919000,187919000,10000010,11950020,10000000,10000000,10,1950020
32,450016000,596739000,10000000,10000000,12486000,13135000,263395000,263395000,13135000,18209000,151000000,292000000,164135000,310209000,186621000,333344000,10000000,10000000,12486000,13135000,0,0,13135000,18209000,151000000,292000000,164135000,310209000,10000010,15074070,10000000,10000000,10,5074070
62,376814000,437514000,10000000,10000000,10475000,10944000,263395000,263395000,10944000,11175000,82000000,142000000,92944000,153175000,113419000,174119000,10000000,10000000,10475000,10944000,0,0,10944000,11175000,82000000,142000000,92944000,153175000,10000010,22215100,10000000,10000000,10,12215100
92,477337000,477539000,10000000,10000000,15370000,15572000,263395000,263395000,15572000,15572000,173000000,173000000,188572000,188572000,213942000,214144000,10000000,10000000,15370000,15572000,0,0,15572000,15572000,173000000,173000000,188572000,188572000,10000010,15112070,10000000,10000000,10,5112070
122,447644000,619016000,10000000,10000000,950000,1299000,263395000,263395000,1299000,2322000,172000000,342000000,173299000,344322000,184249000,355621000,10000000,10000000,950000,1299000,0,0,1299000,2322000,172000000,342000000,173299000,344322000,10000010,12879110,10000000,10000000,10,2879110
152,347739000,347813000,10000000,10000000,18135000,18209000,263395000,263395000,18209000,18209000,38000000,38000000,56209000,56209000,84344000,84418000,10000000,10000000,18135000,18209000,0,0,18209000,18209000,38000000,38000000,56209000,56209000,10000010,18629120,10000000,10000000,10,8629120
182,473743000,600849000,10000000,10000000,14799000,15549000,263395000,263395000,15549000,17905000,170000000,294000000,185549000,311905000,210348000,337454000,10000000,10000000,14799000,15549000,0,0,15549000,17905000,170000000,294000000,185549000,311905000,10000010,15699080,10000000,10000000,10,5699080
212,420521000,429027000,10000000,10000000,9310000,17816000,263395000,263395000,17816000,17816000,120000000,120000000,137816000,137816000,157126000,165632000,10000000,10000000,9310000,17816000,0,0,17816000,17816000,120000000,120000000,137816000,137816000,10000010,18772010,10000000,10000000,10,8772010
242,275818000,276252000,10000000,10000000,2423000,2857000,263395000,263395000,0,0,0,0,0,0,12423000,12857000,10000000,10000000,2423000,2857000,0,0,0,0,0,0,0,0,10000010,10000000,10000000,10000000,10,0
272,464027000,1054753000,10000000,10000000,1775000,2857000,263395000,790185000,2857000,3711000,186000000,248000000,188857000,251711000,200632000,264568000,10000000,10000000,1775000,2857000,0,0,2857000,3711000,186000000,248000000,188857000,251711000,10000010,13704140,10000000,10000000,10,3704140
302,467572000,731518000,10000000,10000000,3313000,3864000,263395000,526790000,3864000,3864000,187000000,187000000,190864000,190864000,204177000,204728000,10000000,10000000,3313000,3864000,0,0,3864000,3864000,187000000,187000000,190864000,190864000,10000010,14284120,10000000,10000000,10,4284120
332,471462000,735966000,10000000,10000000,12979000,14088000,263395000,526790000,14088000,14088000,171000000,171000000,185088000,185088000,208067000,209176000,10000000,10000000,12979000,14088000,0,0,14088000,14088000,171000000,171000000,185088000,185088000,10000010,24456110,10000000,10000000,10,14456110
362,473730000,737550000,10000000,10000000,4065000,4270000,263395000,526790000,4270000,4490000,192000000,192000000,196270000,196490000,210335000,210760000,10000000,10000000,4065000,4270000,0,0,4270000,4490000,192000000,192000000,196270000,196490000,10000010,11045020,10000000,10000000,10,1045020
392,432481000,960921000,10000000,10000000,10718000,12368000,263395000,790185000,12368000,12368000,136000000,136000000,148368000,148368000,169086000,170736000,10000000,10000000,10718000,12368000,0,0,12368000,12368000,136000000,136000000,148368000,148368000,10000010,22195080,10000000,10000000,10,12195080
422,290745000,291138000,10000000,10000000,17350000,17743000,263395000,263395000,0,0,0,0,0,0,27350000,27743000,10000000,10000000,17350000,17743000,0,0,0,0,0,0,0,0,10000010,10000000,10000000,10000000,10,0
3,462170000,464235000,10000000,10000000,2215000,3560000,263395000,263395000,3560000,4280000,183000000,183000000,186560000,187280000,198775000,200840000,10000000,10000000,2215000,3560000,0,0,3560000,4280000,183000000,183000000,186560000,187280000,10000010,10720020,10000000,10000000,10,720020
33,286009000,286343000,10000000,10000000,12614000,12948000,263395000,263395000,0,0,0,0,0,0,22614000,22948000,10000000,10000000,12614000,12948000,0,0,0,0,0,0,0,0,10000010,10000000,10000000,10000000,10,0
63,430643000,431345000,10000000,10000000,9773000,10475000,263395000,263395000,10475000,10475000,137000000,137000000,147475000,147475000,167248000,167950000,10000000,10000000,9773000,10475000,0,0,10475000,10475000,137000000,137000000,147475000,147475000,10000010,21513110,10000000,10000000,10,11513110
93,475738000,476337000,10000000,10000000,14973000,15370000,263395000,263395000,15370000,15572000,172000000,172000000,187370000,187572000,212343000,212942000,10000000,10000000,14973000,15370000,0,0,15370000,15572000,172000000,172000000,187370000,187572000,10000010,14753070,10000000,10000000,10,4753070
123,288035000,288149000,10000000,10000000,14640000,14754000,263395000,263395000,0,0,0,0,0,0,24640000,24754000,10000000,10000000,14640000,14754000,0,0,0,0,0,0,0,0,10000010,10000000,10000000,10000000,10,0
153,495435000,495665000,10000000,10000000,17905000,18135000,263395000,263395000,18135000,18135000,186000000,186000000,204135000,204135000,232040000,232270000,10000000,10000000,17905000,18135000,0,0,18135000,18135000,186000000,186000000,204135000,204135000,10000010,18399110,10000000,10000000,10,8399110
183,481819000,599099000,10000000,10000000,14625000,14799000,263395000,263395000,14799000,17905000,179000000,293000000,193799000,310905000,218424000,335704000,10000000,10000000,14625000,14799000,0,0,14799000,17905000,179000000,293000000,193799000,310905000,10000010,15768070,10000000,10000000,10,5768070
213,409130000,409245000,10000000,10000000,9310000,9425000,263395000,263395000,9425000,9425000,117000000,117000000,126425000,126425000,145735000,145850000,10000000,10000000,9310000,9425000,0,0,9425000,9425000,117000000,117000000,126425000,126425000,10000010,22838060,10000000,10000000,10,12838060
243,376984000,385027000,10000000,10000000,9773000,17816000,263395000,263395000,17816000,17816000,76000000,76000000,93816000,93816000,113589000,121632000,10000000,10000000,9773000,17816000,0,0,17816000,17816000,76000000,76000000,93816000,93816000,10000010,10000000,10000000,10000000,10,0
273,452469000,717343000,10000000,10000000,1299000,1775000,263395000,526790000,1775000,2778000,176000000,176000000,177775000,178778000,189074000,190553000,10000000,10000000,1299000,1775000,0,0,1775000,2778000,176000000,176000000,177775000,178778000,10000010,13228120,10000000,10000000,10,3228120
303,308898000,572446000,10000000,10000000,3711000,3864000,263395000,526790000,3792000,3792000,28000000,28000000,31792000,31792000,45503000,45656000,10000000,10000000,3711000,3864000,0,0,3792000,3792000,28000000,28000000,31792000,31792000,10000010,13569080,10000000,10000000,10,3569080
333,366620000,631334000,10000000,10000000,12453000,13772000,263395000,526790000,13772000,13772000,67000000,67000000,80772000,80772000,103225000,104544000,10000000,10000000,12453000,13772000,0,0,13772000,13772000,67000000,67000000,80772000,80772000,10000010,22453060,10000000,10000000,10,12453060
363,283524000,547744000,10000000,10000000,3744000,4569000,263395000,526790000,4385000,4385000,2000000,2000000,6385000,6385000,20129000,20954000,10000000,10000000,3744000,4569000,0,0,4385000,4385000,2000000,2000000,6385000,6385000,10000010,10000000,10000000,10000000,10,0
393,324683000,852737000,10000000,10000000,13516000,14780000,263395000,790185000,13772000,13772000,24000000,24000000,37772000,37772000,61288000,62552000,10000000,10000000,13516000,14780000,0,0,13772000,13772000,24000000,24000000,37772000,37772000,10000010,15788080,10000000,10000000,10,5788080
423,314239000,842350000,10000000,10000000,16422000,17743000,263395000,790185000,16422000,16422000,8000000,8000000,24422000,24422000,50844000,52165000,10000000,10000000,16422000,17743000,0,0,16422000,16422000,8000000,8000000,24422000,24422000,10000010,10000000,10000000,10000000,10,0
4,291699000,291883000,10000000,10000000,3560000,3744000,263395000,263395000,3744000,3744000,11000000,11000000,14744000,14744000,28304000,28488000,10000000,10000000,3560000,3744000,0,0,3744000,3744000,11000000,11000000,14744000,14744000,10000010,11461020,10000000,10000000,10,1461020
34,445881000,446301000,10000000,10000000,12033000,12453000,263395000,263395000,12453000,12453000,148000000,148000000,160453000,160453000,182486000,182906000,10000000,10000000,12033000,12453000,0,0,12453000,12453000,148000000,148000000,160453000,160453000,10000010,23773120,10000000,10000000,10,13773120
64,416209000,417545000,10000000,10000000,9239000,10575000,263395000,263395000,10575000,10575000,123000000,123000000,133575000,133575000,152814000,154150000,10000000,10000000,9239000,10575000,0,0,10575000,10575000,123000000,123000000,133575000,133575000,10000010,10600010,10000000,10000000,10,600010
94,337137000,341774000,10000000,10000000,15572000,16170000,263395000,263395000,16170000,18209000,32000000,34000000,48170000,52209000,73742000,78379000,10000000,10000000,15572000,16170000,0,0,16170000,18209000,32000000,34000000,48170000,52209000,10000010,15314080,10000000,10000000,10,5314080
124,326335000,326675000,10000000,10000000,14300000,14640000,263395000,263395000,14640000,14640000,24000000,24000000,38640000,38640000,62940000,63280000,10000000,10000000,14300000,14640000,0,0,14640000,14640000,24000000,24000000,38640000,38640000,10000010,17771110,10000000,10000000,10,7771110
154,479041000,479149000,10000000,10000000,17269000,17377000,263395000,263395000,17377000,17377000,171000000,171000000,188377000,188377000,215646000,215754000,10000000,10000000,17269000,17377000,0,0,17377000,17377000,171000000,171000000,188377000,188377000,10000010,18169110,10000000,10000000,10,8169110
184,400973000,401253000,10000000,10000000,1649000,1929000,263395000,263395000,1929000,1929000,124000000,124000000,125929000,125929000,137578000,137858000,10000000,10000000,1649000,1929000,0,0,1929000,1929000,124000000,124000000,125929000,125929000,10000010,25801140,10000000,10000000,10,15801140
214,334243000,378130000,10000000,10000000,538000,9310000,263395000,263395000,9310000,9425000,51000000,86000000,60310000,95425000,70848000,114735000,10000000,10000000,538000,9310000,0,0,9310000,9425000,51000000,86000000,60310000,95425000,10000010,18506010,10000000,10000000,10,8506010
244,462627000,727278000,10000000,10000000,2488000,3744000,263395000,526790000,3744000,3744000,183000000,183000000,186744000,186744000,199232000,200488000,10000000,10000000,2488000,3744000,0,0,3744000,3744000,183000000,183000000,186744000,186744000,10000010,10273010,10000000,10000000,10,273010
274,454715000,982251000,10000000,10000000,11287000,12033000,263395000,790185000,12033000,12033000,158000000,158000000,170033000,170033000,191320000,192066000,10000000,10000000,11287000,12033000,0,0,12033000,12033000,158000000,158000000,170033000,170033000,10000010,23027100,10000000,10000000,10,13027100
304,475940000,739934000,10000000,10000000,14973000,15572000,263395000,526790000,15572000,15572000,172000000,172000000,187572000,187572000,212545000,213144000,10000000,10000000,14973000,15572000,0,0,15572000,15572000,172000000,172000000,187572000,187572000,10000010,14715060,10000000,10000000,10,4715060
334,276267000,277092000,10000000,10000000,2872000,3697000,263395000,263395000,0,0,0,0,0,0,12872000,13697000,10000000,10000000,2872000,3697000,0,0,0,0,0,0,0,0,10000010,10000000,10000000,10000000,10,0
364,285050000,548665000,10000000,10000000,4270000,4490000,263395000,526790000,4385000,4385000,3000000,3000000,7385000,7385000,21655000,21875000,10000000,10000000,4270000,4490000,0,0,4385000,4385000,3000000,3000000,7385000,7385000,10000010,10205020,10000000,10000000,10,205020
394,398683000,926867000,10000000,10000000,12947000,14341000,263395000,790185000,14341000,14341000,98000000,98000000,112341000,112341000,135288000,136682000,10000000,10000000,12947000,14341000,0,0,14341000,14341000,98000000,98000000,112341000,112341000,10000010,23778080,10000000,10000000,10,13778080
424,291604000,292222000,10000000,10000000,18209000,18827000,263395000,263395000,0,0,0,0,0,0,28209000,28827000,10000000,10000000,18209000,18827000,0,0,0,0,0,0,0,0,10000010,10000000,10000000,10000000,10,0
5,473836000,474556000,10000000,10000000,3560000,3881000,263395000,263395000,3881000,4280000,193000000,193000000,196881000,197280000,210441000,211161000,10000000,10000000,3560000,3881000,0,0,3881000,4280000,193000000,193000000,196881000,197280000,10000010,11650020,10000000,10000000,10,1650020
35,456170000,456461000,10000000,10000000,11742000,12033000,263395000,263395000,12033000,12033000,159000000,159000000,171033000,171033000,192775000,193066000,10000000,10000000,11742000,12033000,0,0,12033000,12033000,159000000,159000000,171033000,171033000,10000010,23482110,10000000,10000000,10,13482110
65,281423000,281525000,10000000,10000000,2514000,2616000,263395000,263395000,2514000,2514000,3000000,3000000,5514000,5514000,18028000,18130000,10000000,10000000,2514000,2616000,0,0,2514000,2514000,3000000,3000000,5514000,5514000,10000010,10000000,10000000,10000000,10,0
95,288967000,289363000,10000000,10000000,15572000,15968000,263395000,263395000,0,0,0,0,0,0,25572000,25968000,10000000,10000000,15572000,15968000,0,0,0,0,0,0,0,0,10000010,10000000,10000000,10000000,10,0
125,473123000,473675000,10000000,10000000,14088000,14640000,263395000,263395000,14640000,14640000,171000000,171000000,185640000,185640000,209728000,210280000,10000000,10000000,14088000,14640000,0,0,14640000,14640000,171000000,171000000,185640000,185640000,10000010,17860110,10000000,10000000,10,7860110
155,482906000,482933000,10000000,10000000,17242000,17269000,263395000,263395000,17269000,17269000,175000000,175000000,192269000,192269000,219511000,219538000,10000000,10000000,17242000,17269000,0,0,17269000,17269000,175000000,175000000,192269000,192269000,10000010,18385100,10000000,10000000,10,8385100
185,423480000,423609000,10000000,10000000,1478000,1607000,263395000,263395000,1607000,1607000,147000000,147000000,148607000,148607000,160085000,160214000,10000000,10000000,1478000,1607000,0,0,1607000,1607000,147000000,147000000,148607000,148607000,10000010,22126070,10000000,10000000,10,12126070
215,371245000,375462000,10000000,10000000,9425000,9757000,263395000,263395000,9425000,9310000,79000000,83000000,88425000,92310000,107850000,112067000,10000000,10000000,9425000,9757000,0,0,9425000,9310000,79000000,83000000,88425000,92310000,10000010,22953060,10000000,10000000,10,12953060
245,471491000,1527640000,10000000,10000000,2215000,4385000,263395000,1316975000,3881000,4280000,192000000,192000000,195881000,196280000,208096000,210665000,10000000,10000000,2215000,4385000,0,0,3881000,4280000,192000000,192000000,195881000,196280000,10000010,11140020,10000000,10000000,10,1140020
275,284339000,284926000,10000000,10000000,10944000,11531000,263395000,263395000,0,0,0,0,0,0,20944000,21531000,10000000,10000000,10944000,11531000,0,0,0,0,0,0,0,0,10000010,10000000,10000000,10000000,10,0
305,329935000,861564000,10000000,10000000,15370000,16170000,263395000,790185000,16170000,18209000,25000000,27000000,41170000,45209000,66540000,71379000,10000000,10000000,15370000,16170000,0,0,16170000,18209000,25000000,27000000,41170000,45209000,10000010,15112070,10000000,10000000,10,5112070
335,403968000,667728000,10000000,10000000,1104000,1469000,263395000,526790000,1469000,1469000,128000000,128000000,129469000,129469000,140573000,140938000,10000000,10000000,1104000,1469000,0,0,1469000,1469000,128000000,128000000,129469000,129469000,10000010,21820050,10000000,10000000,10,11820050
365,289363000,553449000,10000000,10000000,15968000,16659000,263395000,526790000,0,0,0,0,0,0,25968000,26659000,10000000,10000000,15968000,16659000,0,0,0,0,0,0,0,0,10000010,10000000,10000000,10000000,10,0
395,284458000,284664000,10000000,10000000,11063000,11269000,263395000,263395000,0,0,0,0,0,0,21063000,21269000,10000000,10000000,11063000,11269000,0,0,0,0,0,0,0,0,10000010,10000000,10000000,10000000,10,0
425,406508000,1206730000,10000000,10000000,538000,10575000,263395000,1053580000,10575000,10575000,122000000,122000000,132575000,132575000,143113000,153150000,10000000,10000000,538000,10575000,0,0,10575000,10575000,122000000,122000000,132575000,132575000,10000010,15007090,10000000,10000000,10,5007090
6,472860000,473205000,10000000,10000000,3560000,3905000,263395000,263395000,3905000,3905000,192000000,192000000,195905000,195905000,209465000,209810000,10000000,10000000,3560000,3905000,0,0,3905000,3905000,192000000,192000000,195905000,195905000,10000010,11650020,10000000,10000000,10,1650020
36,491795000,492289000,10000000,10000000,12453000,12947000,263395000,263395000,12947000,12947000,193000000,193000000,205947000,205947000,228400000,228894000,10000000,10000000,12453000,12947000,0,0,12947000,12947000,193000000,193000000,205947000,205947000,10000010,24193120,10000000,10000000,10,14193120
66,470614000,471423000,10000000,10000000,1705000,2514000,263395000,263395000,2514000,2514000,193000000,193000000,195514000,195514000,207219000,208028000,10000000,10000000,1705000,2514000,0,0,2514000,2514000,193000000,193000000,195514000,195514000,10000010,10052010,10000000,10000000,10,52010
96,455130000,455955000,10000000,10000000,13955000,14780000,263395000,263395000,14780000,14780000,153000000,153000000,167780000,167780000,191735000,192560000,10000000,10000000,13955000,14780000,0,0,14780000,14780000,153000000,153000000,167780000,167780000,10000010,25387120,10000000,10000000,10,15387120
126,474122000,474891000,10000000,10000000,12979000,13748000,263395000,263395000,13748000,13748000,174000000,174000000,187748000,187748000,210727000,211496000,10000000,10000000,12979000,13748000,0,0,13748000,13748000,174000000,174000000,187748000,187748000,10000010,24456110,10000000,10000000,10,14456110
156,483692000,483879000,10000000,10000000,17055000,17242000,263395000,263395000,17242000,17242000,176000000,176000000,193242000,193242000,220297000,220484000,10000000,10000000,17055000,17242000,0,0,17242000,17242000,176000000,176000000,193242000,193242000,10000010,18198090,10000000,10000000,10,8198090
186,339112000,339379000,10000000,10000000,1225000,1492000,263395000,263395000,1492000,1492000,63000000,63000000,64492000,64492000,75717000,75984000,10000000,10000000,1225000,1492000,0,0,1492000,1492000,63000000,63000000,64492000,64492000,10000010,10825010,10000000,10000000,10,825010
216,412909000,412971000,10000000,10000000,9757000,9819000,263395000,263395000,9757000,9757000,120000000,120000000,129757000,129757000,149514000,149576000,10000000,10000000,9757000,9819000,0,0,9757000,9757000,120000000,120000000,129757000,129757000,10000010,21091060,10000000,10000000,10,11091060
246,468553000,732276000,10000000,10000000,915000,1243000,263395000,526790000,1243000,1243000,193000000,193000000,194243000,194243000,205158000,205486000,10000000,10000000,915000,1243000,0,0,1243000,1243000,193000000,193000000,194243000,194243000,10000010,21563040,10000000,10000000,10,11563040
276,434924000,962355000,10000000,10000000,10944000,11585000,263395000,790185000,11585000,11585000,139000000,139000000,150585000,150585000,171529000,172170000,10000000,10000000,10944000,11585000,0,0,11585000,11585000,139000000,139000000,150585000,150585000,10000010,12138040,10000000,10000000,10,2138040
306,453691000,981745000,10000000,10000000,13516000,14780000,263395000,790185000,14780000,14780000,152000000,152000000,166780000,166780000,190296000,191560000,10000000,10000000,13516000,14780000,0,0,14780000,14780000,152000000,152000000,166780000,166780000,10000010,24948110,10000000,10000000,10,14948110
336,507408000,1298716000,10000000,10000000,445000,1568000,263395000,1053580000,1568000,1568000,232000000,232000000,233568000,233568000,244013000,245136000,10000000,10000000,445000,1568000,0,0,1568000,1568000,232000000,232000000,233568000,233568000,10000010,21161040,10000000,10000000,10,11161040
366,288967000,553083000,10000000,10000000,15572000,16293000,263395000,526790000,0,0,0,0,0,0,25572000,26293000,10000000,10000000,15572000,16293000,0,0,0,0,0,0,0,0,10000010,10000000,10000000,10000000,10,0
396,345289000,1171190000,10000000,10000000,915000,11269000,263395000,1053580000,10979000,14341000,60000000,82000000,70979000,96341000,81894000,117610000,10000000,10000000,915000,11269000,0,0,10979000,14341000,60000000,82000000,70979000,96341000,10000010,14011060,10000000,10000000,10,4011060
426,276675000,276816000,10000000,10000000,3280000,3421000,263395000,263395000,0,0,0,0,0,0,13280000,13421000,10000000,10000000,3280000,3421000,0,0,0,0,0,0,0,0,10000010,10000000,10000000,10000000,10,0
7,472340000,473165000,10000000,10000000,3560000,4385000,263395000,263395000,4385000,4385000,191000000,191000000,195385000,195385000,208945000,209770000,10000000,10000000,3560000,4385000,0,0,4385000,4385000,191000000,191000000,195385000,195385000,10000010,11618020,10000000,10000000,10,1618020
37,457831000,458361000,10000000,10000000,12453000,12983000,263395000,263395000,12983000,12983000,159000000,159000000,171983000,171983000,194436000,194966000,10000000,10000000,12453000,12983000,0,0,12983000,12983000,159000000,159000000,171983000,171983000,10000010,24193120,10000000,10000000,10,14193120
67,470768000,471627000,10000000,10000000,1757000,2616000,263395000,263395000,2616000,2616000,193000000,193000000,195616000,195616000,207373000,208232000,10000000,10000000,1757000,2616000,0,0,2616000,2616000,193000000,193000000,195616000,195616000,10000010,10052010,10000000,10000000,10,52010
97,337650000,337995000,10000000,10000000,13955000,14300000,263395000,263395000,14300000,14300000,36000000,36000000,50300000,50300000,74255000,74600000,10000000,10000000,13955000,14300000,0,0,14300000,14300000,36000000,36000000,50300000,50300000,10000010,16586090,10000000,10000000,10,6586090
127,398742000,399353000,10000000,10000000,12368000,12979000,263395000,263395000,12979000,12979000,100000000,100000000,112979000,112979000,135347000,135958000,10000000,10000000,12368000,12979000,0,0,12979000,12979000,100000000,100000000,112979000,112979000,10000010,23845100,10000000,10000000,10,13845100
157,492074000,493505000,10000000,10000000,15624000,17055000,263395000,263395000,17055000,17055000,186000000,186000000,203055000,203055000,228679000,230110000,10000000,10000000,15624000,17055000,0,0,17055000,17055000,186000000,186000000,203055000,203055000,10000010,16767080,10000000,10000000,10,6767080
187,468286000,468489000,10000000,10000000,1844000,2047000,263395000,263395000,2047000,2047000,191000000,191000000,193047000,193047000,204891000,205094000,10000000,10000000,1844000,2047000,0,0,2047000,2047000,191000000,191000000,193047000,193047000,10000010,22492080,10000000,10000000,10,12492080
217,290752000,300033000,10000000,10000000,538000,9819000,263395000,263395000,9819000,9819000,7000000,7000000,16819000,16819000,27357000,36638000,10000000,10000000,538000,9819000,0,0,9819000,9819000,7000000,7000000,16819000,16819000,10000010,10000000,10000000,10000000,10,0
247,416510000,712109000,10000000,10000000,915000,1200000,263395000,526790000,1200000,2119000,141000000,172000000,142200000,174119000,153115000,185319000,10000000,10000000,915000,1200000,0,0,1200000,2119000,141000000,172000000,142200000,174119000,10000010,24806080,10000000,10000000,10,14806080
277,284603000,284750000,10000000,10000000,11208000,11355000,263395000,263395000,0,0,0,0,0,0,21208000,21355000,10000000,10000000,11208000,11355000,0,0,0,0,0,0,0,0,10000010,10000000,10000000,10000000,10,0
307,469333000,1028306000,10000000,10000000,12983000,14341000,263395000,790185000,13955000,14780000,169000000,199000000,182955000,213780000,205938000,238121000,10000000,10000000,12983000,14341000,0,0,13955000,14780000,169000000,199000000,182955000,213780000,10000010,24723130,10000000,10000000,10,14723130
337,274499000,274794000,10000000,10000000,1104000,1399000,263395000,263395000,0,0,0,0,0,0,11104000,11399000,10000000,10000000,1104000,1399000,0,0,0,0,0,0,0,0,10000010,10000000,10000000,10000000,10,0
367,290054000,818303000,10000000,10000000,16659000,18118000,263395000,790185000,0,0,0,0,0,0,26659000,28118000,10000000,10000000,16659000,18118000,0,0,0,0,0,0,0,0,10000010,10000000,10000000,10000000,10,0
397,405370000,932699000,10000000,10000000,10718000,11257000,263395000,790185000,11257000,11257000,110000000,110000000,121257000,121257000,141975000,142514000,10000000,10000000,10718000,11257000,0,0,11257000,11257000,110000000,110000000,121257000,121257000,10000010,21850060,10000000,10000000,10,11850060
427,466062000,2721595000,10000000,10000000,0,10718000,263395000,2370555000,667000,2322000,192000000,328000000,192667000,330322000,202667000,351040000,10000000,10000000,0,10718000,0,0,667000,2322000,192000000,328000000,192667000,330322000,10000010,13911050,10000000,10000000,10,3911050
8,469611000,469881000,10000000,10000000,973000,1243000,263395000,263395000,1243000,1243000,194000000,194000000,195243000,195243000,206216000,206486000,10000000,10000000,973000,1243000,0,0,1243000,1243000,194000000,194000000,195243000,195243000,10000010,21621050,10000000,10000000,10,11621050
38,388827000,389353000,10000000,10000000,12453000,12979000,263395000,263395000,12979000,12979000,90000000,90000000,102979000,102979000,125432000,125958000,10000000,10000000,12453000,12979000,0,0,12979000,12979000,90000000,90000000,102979000,102979000,10000010,23180070,10000000,10000000,10,13180070
68,276011000,276675000,10000000,10000000,2616000,3280000,263395000,263395000,0,0,0,0,0,0,12616000,13280000,10000000,10000000,2616000,3280000,0,0,0,0,0,0,0,0,10000010,10000000,10000000,10000000,10,0
98,470866000,471305000,10000000,10000000,13516000,13955000,263395000,263395000,13955000,13955000,170000000,170000000,183955000,183955000,207471000,207910000,10000000,10000000,13516000,13955000,0,0,13955000,13955000,170000000,170000000,183955000,183955000,10000010,25256140,10000000,10000000,10,15256140
128,403146000,403939000,10000000,10000000,12979000,13772000,263395000,263395000,13772000,13772000,103000000,103000000,116772000,116772000,139751000,140544000,10000000,10000000,12979000,13772000,0,0,13772000,13772000,103000000,103000000,116772000,116772000,10000010,24456110,10000000,10000000,10,14456110
158,316800000,317095000,10000000,10000000,17055000,17350000,263395000,263395000,17350000,17350000,9000000,9000000,26350000,26350000,53405000,53700000,10000000,10000000,17055000,17350000,0,0,17350000,17350000,9000000,9000000,26350000,26350000,10000010,12271060,10000000,10000000,10,2271060
188,552495000,560269000,10000000,10000000,1844000,2256000,263395000,263395000,2256000,2618000,275000000,282000000,277256000,284618000,289100000,296874000,10000000,10000000,1844000,2256000,0,0,2256000,2618000,275000000,282000000,277256000,284618000,10000010,15189130,10000000,10000000,10,5189130
218,453987000,454033000,10000000,10000000,9773000,9819000,263395000,263395000,9819000,9819000,161000000,161000000,170819000,170819000,190592000,190638000,10000000,10000000,9773000,9819000,0,0,9819000,9819000,161000000,161000000,170819000,170819000,10000010,11728020,10000000,10000000,10,1728020
248,442956000,1126826000,10000000,10000000,1039000,1522000,263395000,790185000,1522000,2119000,167000000,323000000,168522000,325119000,179561000,336641000,10000000,10000000,1039000,1522000,0,0,1522000,2119000,167000000,323000000,168522000,325119000,10000010,24930090,10000000,10000000,10,14930090
278,284339000,284820000,10000000,10000000,10944000,11425000,263395000,263395000,0,0,0,0,0,0,20944000,21425000,10000000,10000000,10944000,11425000,0,0,0,0,0,0,0,0,10000010,10000000,10000000,10000000,10,0
308,477367000,1268933000,10000000,10000000,12983000,14364000,263395000,1053580000,13989000,13989000,177000000,177000000,190989000,190989000,213972000,215353000,10000000,10000000,12983000,14364000,0,0,13989000,13989000,177000000,177000000,190989000,190989000,10000010,14605080,10000000,10000000,10,4605080
338,406173000,670748000,10000000,10000000,1299000,2479000,263395000,526790000,2479000,2479000,129000000,129000000,131479000,131479000,142778000,143958000,10000000,10000000,1299000,2479000,0,0,2479000,2479000,129000000,129000000,131479000,131479000,10000010,11906070,10000000,10000000,10,1906070
368,289688000,554392000,10000000,10000000,16293000,17602000,263395000,526790000,0,0,0,0,0,0,26293000,27602000,10000000,10000000,16293000,17602000,0,0,0,0,0,0,0,0,10000010,10000000,10000000,10000000,10,0
398,442383000,1507061000,10000000,10000000,445000,11543000,263395000,1316975000,11543000,11543000,157000000,157000000,168543000,168543000,178988000,190086000,10000000,10000000,445000,11543000,0,0,11543000,11543000,157000000,157000000,168543000,168543000,10000010,13911050,10000000,10000000,10,3911050
428,339285000,603025000,10000000,10000000,445000,790000,263395000,526790000,445000,445000,65000000,65000000,65445000,65445000,75890000,76235000,10000000,10000000,445000,790000,0,0,445000,445000,65000000,65000000,65445000,65445000,10000010,24242090,10000000,10000000,10,14242090
9,469283000,469341000,10000000,10000000,915000,973000,263395000,263395000,973000,973000,194000000,194000000,194973000,194973000,205888000,205946000,10000000,10000000,915000,973000,0,0,973000,973000,194000000,194000000,194973000,194973000,10000010,21563040,10000000,10000000,10,11563040
39,465458000,465713000,10000000,10000000,1904000,2159000,263395000,263395000,2159000,2159000,188000000,188000000,190159000,190159000,202063000,202318000,10000000,10000000,1904000,2159000,0,0,2159000,2159000,188000000,188000000,190159000,190159000,10000010,12065070,10000000,10000000,10,2065070
69,469857000,469909000,10000000,10000000,1705000,1757000,263395000,263395000,1757000,1757000,193000000,193000000,194757000,194757000,206462000,206514000,10000000,10000000,1705000,1757000,0,0,1757000,1757000,193000000,193000000,194757000,194757000,10000010,10859010,10000000,10000000,10,859010
99,473894000,474427000,10000000,10000000,12983000,13516000,263395000,263395000,13516000,13516000,174000000,174000000,187516000,187516000,210499000,211032000,10000000,10000000,12983000,13516000,0,0,13516000,13516000,174000000,174000000,187516000,187516000,10000010,24723130,10000000,10000000,10,14723130
129,436306000,437131000,10000000,10000000,11543000,12368000,263395000,263395000,12368000,12368000,139000000,139000000,151368000,151368000,172911000,173736000,10000000,10000000,11543000,12368000,0,0,12368000,12368000,139000000,139000000,151368000,151368000,10000010,23020090,10000000,10000000,10,13020090
159,491441000,492239000,10000000,10000000,15624000,16422000,263395000,263395000,16422000,16422000,186000000,186000000,202422000,202422000,228046000,228844000,10000000,10000000,15624000,16422000,0,0,16422000,16422000,186000000,186000000,202422000,202422000,10000010,14327050,10000000,10000000,10,4327050
189,461717000,462083000,10000000,10000000,1478000,1844000,263395000,263395000,1844000,1844000,185000000,185000000,186844000,186844000,198322000,198688000,10000000,10000000,1478000,1844000,0,0,1844000,1844000,185000000,185000000,186844000,186844000,10000010,22126070,10000000,10000000,10,12126070
219,328659000,338033000,10000000,10000000,445000,9819000,263395000,263395000,9819000,9819000,45000000,45000000,54819000,54819000,65264000,74638000,10000000,10000000,445000,9819000,0,0,9819000,9819000,45000000,45000000,54819000,54819000,10000010,13553030,10000000,10000000,10,3553030
249,325846000,589648000,10000000,10000000,1522000,1929000,263395000,526790000,1929000,1929000,49000000,49000000,50929000,50929000,62451000,62858000,10000000,10000000,1522000,1929000,0,0,1929000,1929000,49000000,49000000,50929000,50929000,10000010,24588100,10000000,10000000,10,14588100
279,435081000,699274000,10000000,10000000,10944000,11742000,263395000,526790000,11742000,11742000,139000000,139000000,150742000,150742000,171686000,172484000,10000000,10000000,10944000,11742000,0,0,11742000,11742000,139000000,139000000,150742000,150742000,10000010,22684090,10000000,10000000,10,12684090
309,287118000,551239000,10000000,10000000,13723000,14449000,263395000,526790000,0,0,0,0,0,0,23723000,24449000,10000000,10000000,13723000,14449000,0,0,0,0,0,0,0,0,10000010,10000000,10000000,10000000,10,0
339,329442000,593748000,10000000,10000000,1568000,2479000,263395000,526790000,2479000,2479000,52000000,52000000,54479000,54479000,66047000,66958000,10000000,10000000,1568000,2479000,0,0,2479000,2479000,52000000,52000000,54479000,54479000,10000010,12872100,10000000,10000000,10,2872100
369,290997000,291309000,10000000,10000000,17602000,17914000,263395000,263395000,0,0,0,0,0,0,27602000,27914000,10000000,10000000,17602000,17914000,0,0,0,0,0,0,0,0,10000010,10000000,10000000,10000000,10,0
399,410749000,1218212000,10000000,10000000,538000,17816000,263395000,1053580000,17816000,17816000,119000000,119000000,136816000,136816000,147354000,164632000,10000000,10000000,538000,17816000,0,0,17816000,17816000,119000000,119000000,136816000,136816000,10000010,14235050,10000000,10000000,10,4235050
429,436422000,700230000,10000000,10000000,807000,1220000,263395000,526790000,1220000,1220000,161000000,161000000,162220000,162220000,173027000,173440000,10000000,10000000,807000,1220000,0,0,1220000,1220000,161000000,161000000,162220000,162220000,10000010,24959120,10000000,10000000,10,14959120
10,417634000,450714000,10000000,10000000,1039000,1200000,263395000,263395000,1200000,2119000,142000000,174000000,143200000,176119000,154239000,187319000,10000000,10000000,1039000,1200000,0,0,1200000,2119000,142000000,174000000,143200000,176119000,10000010,24930090,10000000,10000000,10,14930090
40,465892000,466071000,10000000,10000000,2159000,2338000,263395000,263395000,2338000,2338000,188000000,188000000,190338000,190338000,202497000,202676000,10000000,10000000,2159000,2338000,0,0,2338000,2338000,188000000,188000000,190338000,190338000,10000010,12040060,10000000,10000000,10,2040060
70,274615000,275100000,10000000,10000000,1220000,1705000,263395000,263395000,0,0,0,0,0,0,11220000,11705000,10000000,10000000,1220000,1705000,0,0,0,0,0,0,0,0,10000010,10000000,10000000,10000000,10,0
100,376252000,377077000,10000000,10000000,13516000,14341000,263395000,263395000,14341000,14341000,75000000,75000000,89341000,89341000,112857000,113682000,10000000,10000000,13516000,14341000,0,0,14341000,14341000,75000000,75000000,89341000,89341000,10000010,25256140,10000000,10000000,10,15256140
130,284938000,285763000,10000000,10000000,11543000,12368000,263395000,263395000,0,0,0,0,0,0,21543000,22368000,10000000,10000000,11543000,12368000,0,0,0,0,0,0,0,0,10000010,10000000,10000000,10000000,10,0
160,488644000,490441000,10000000,10000000,14625000,15624000,263395000,263395000,15624000,16422000,185000000,185000000,200624000,201422000,225249000,227046000,10000000,10000000,14625000,15624000,0,0,15624000,16422000,185000000,185000000,200624000,201422000,10000010,15768070,10000000,10000000,10,5768070
190,277164000,277363000,10000000,10000000,3769000,3968000,263395000,263395000,0,0,0,0,0,0,13769000,13968000,10000000,10000000,3769000,3968000,0,0,0,0,0,0,0,0,10000010,10000000,10000000,10000000,10,0
220,274002000,274064000,10000000,10000000,607000,669000,263395000,263395000,0,0,0,0,0,0,10607000,10669000,10000000,10000000,607000,669000,0,0,0,0,0,0,0,0,10000010,10000000,10000000,10000000,10,0
250,491714000,1019423000,10000000,10000000,1200000,2119000,263395000,790185000,2119000,2119000,215000000,215000000,217119000,217119000,228319000,229238000,10000000,10000000,1200000,2119000,0,0,2119000,2119000,215000000,215000000,217119000,217119000,10000010,25091100,10000000,10000000,10,15091100
280,366445000,630540000,10000000,10000000,10475000,11175000,263395000,526790000,10575000,10575000,72000000,72000000,82575000,82575000,103050000,103750000,10000000,10000000,10475000,11175000,0,0,10575000,10575000,72000000,72000000,82575000,82575000,10000010,10000000,10000000,10000000,10,0
310,318373000,582228000,10000000,10000000,13989000,14449000,263395000,526790000,13989000,13989000,17000000,17000000,30989000,30989000,54978000,55438000,10000000,10000000,13989000,14449000,0,0,13989000,13989000,17000000,17000000,30989000,30989000,10000010,10000000,10000000,10000000,10,0
340,447283000,976666000,10000000,10000000,1104000,3697000,263395000,790185000,1784000,1784000,171000000,171000000,172784000,172784000,183888000,186481000,10000000,10000000,1104000,3697000,0,0,1784000,1784000,171000000,171000000,172784000,172784000,10000010,20385020,10000000,10000000,10,10385020
370,290997000,291513000,10000000,10000000,17602000,18118000,263395000,263395000,0,0,0,0,0,0,27602000,28118000,10000000,10000000,17602000,18118000,0,0,0,0,0,0,0,0,10000010,10000000,10000000,10000000,10,0
400,375015000,638857000,10000000,10000000,9310000,9757000,263395000,526790000,9310000,9310000,83000000,83000000,92310000,92310000,111620000,112067000,10000000,10000000,9310000,9757000,0,0,9310000,9310000,83000000,83000000,92310000,92310000,10000010,22838060,10000000,10000000,10,12838060
430,402468000,929796000,10000000,10000000,0,538000,263395000,790185000,73000,73000,129000000,129000000,129073000,129073000,139073000,139611000,10000000,10000000,0,538000,0,0,73000,73000,129000000,129000000,129073000,129073000,10000010,22496060,10000000,10000000,10,12496060
11,421349000,448553000,10000000,10000000,915000,1039000,263395000,263395000,1039000,2119000,146000000,172000000,147039000,174119000,157954000,185158000,10000000,10000000,915000,1039000,0,0,1039000,2119000,146000000,172000000,147039000,174119000,10000010,24806080,10000000,10000000,10,14806080
41,469074000,469203000,10000000,10000000,1775000,1904000,263395000,263395000,1904000,1904000,192000000,192000000,193904000,193904000,205679000,205808000,10000000,10000000,1775000,1904000,0,0,1904000,1904000,192000000,192000000,193904000,193904000,10000010,12089060,10000000,10000000,10,2089060
71,465016000,465239000,10000000,10000000,1199000,1422000,263395000,263395000,1422000,1422000,189000000,189000000,190422000,190422000,201621000,201844000,10000000,10000000,1199000,1422000,0,0,1422000,1422000,189000000,189000000,190422000,190422000,10000010,21173060,10000000,10000000,10,11173060
101,479107000,479373000,10000000,10000000,13723000,13989000,263395000,263395000,13989000,13989000,178000000,178000000,191989000,191989000,215712000,215978000,10000000,10000000,13723000,13989000,0,0,13989000,13989000,178000000,178000000,191989000,191989000,10000010,14830070,10000000,10000000,10,4830070
131,285763000,285949000,10000000,10000000,12368000,12554000,263395000,263395000,0,0,0,0,0,0,22368000,22554000,10000000,10000000,12368000,12554000,0,0,0,0,0,0,0,0,10000010,10000000,10000000,10000000,10,0
161,493167000,494095000,10000000,10000000,16422000,17350000,263395000,263395000,17350000,17350000,186000000,186000000,203350000,203350000,229772000,230700000,10000000,10000000,16422000,17350000,0,0,17350000,17350000,186000000,186000000,203350000,203350000,10000010,15125060,10000000,10000000,10,5125060
191,472314000,473139000,10000000,10000000,2047000,2872000,263395000,263395000,2872000,2872000,194000000,194000000,196872000,196872000,208919000,209744000,10000000,10000000,2047000,2872000,0,0,2872000,2872000,194000000,194000000,196872000,196872000,10000010,22695090,10000000,10000000,10,12695090
221,393301000,395931000,10000000,10000000,299000,607000,263395000,263395000,607000,1929000,119000000,120000000,119607000,121929000,129906000,132536000,10000000,10000000,299000,607000,0,0,607000,1929000,119000000,120000000,119607000,121929000,10000010,24451090,10000000,10000000,10,14451090
251,443132000,971344000,10000000,10000000,1522000,2944000,263395000,790185000,2215000,2215000,166000000,166000000,168215000,168215000,179737000,181159000,10000000,10000000,1522000,2944000,0,0,2215000,2215000,166000000,166000000,168215000,168215000,10000010,25413110,10000000,10000000,10,15413110
281,433157000,1886110000,10000000,10000000,10475000,11531000,263395000,1580370000,11287000,18209000,138000000,266000000,149287000,284209000,169762000,305740000,10000000,10000000,10475000,11531000,0,0,11287000,18209000,138000000,266000000,149287000,284209000,10000010,22215100,10000000,10000000,10,12215100
311,495567000,1023607000,10000000,10000000,13723000,14973000,263395000,790185000,14449000,14449000,194000000,194000000,208449000,208449000,232172000,233422000,10000000,10000000,13723000,14973000,0,0,14449000,14449000,194000000,194000000,208449000,208449000,10000010,14828080,10000000,10000000,10,4828080
341,274963000,540487000,10000000,10000000,1568000,3697000,263395000,526790000,0,0,0,0,0,0,11568000,13697000,10000000,10000000,1568000,3697000,0,0,0,0,0,0,0,0,10000010,10000000,10000000,10000000,10,0
371,458364000,864865000,10000000,10000000,14799000,16170000,263395000,526790000,16170000,17905000,154000000,294000000,170170000,311905000,194969000,338075000,10000000,10000000,14799000,16170000,0,0,16170000,17905000,154000000,294000000,170170000,311905000,10000010,13573060,10000000,10000000,10,3573060
401,369245000,898314000,10000000,10000000,9425000,9819000,263395000,790185000,9425000,9310000,77000000,79000000,86425000,88310000,105850000,108129000,10000000,10000000,9425000,9819000,0,0,9425000,9310000,77000000,79000000,86425000,88310000,10000010,20734090,10000000,10000000,10,10734090
431,337395000,603881000,10000000,10000000,0,299000,263395000,526790000,0,3792000,64000000,63000000,64000000,66792000,74000000,77091000,10000000,10000000,0,299000,0,0,0,3792000,64000000,63000000,64000000,66792000,10000010,20979030,10000000,10000000,10,10979030
12,449117000,624036000,10000000,10000000,1200000,1522000,263395000,263395000,1522000,2119000,173000000,347000000,174522000,349119000,185722000,360641000,10000000,10000000,1200000,1522000,0,0,1522000,2119000,173000000,347000000,174522000,349119000,10000010,25091100,10000000,10000000,10,15091100
42,461157000,461363000,10000000,10000000,2778000,2984000,263395000,263395000,2984000,2984000,182000000,182000000,184984000,184984000,197762000,197968000,10000000,10000000,2778000,2984000,0,0,2984000,2984000,182000000,182000000,184984000,184984000,10000010,11537060,10000000,10000000,10,1537060
72,424406000,424573000,10000000,10000000,1422000,1589000,263395000,263395000,1589000,1589000,148000000,148000000,149589000,149589000,161011000,161178000,10000000,10000000,1422000,1589000,0,0,1589000,1589000,148000000,148000000,149589000,149589000,10000010,21396070,10000000,10000000,10,11396070
102,474482000,475123000,10000000,10000000,13723000,14364000,263395000,263395000,14364000,14364000,173000000,173000000,187364000,187364000,211087000,211728000,10000000,10000000,13723000,14364000,0,0,14364000,14364000,173000000,173000000,187364000,187364000,10000010,14722060,10000000,10000000,10,4722060
132,459783000,459995000,10000000,10000000,14088000,14300000,263395000,263395000,14300000,14300000,158000000,158000000,172300000,172300000,196388000,196600000,10000000,10000000,14088000,14300000,0,0,14300000,14300000,158000000,158000000,172300000,172300000,10000010,15513070,10000000,10000000,10,5513070
162,493400000,494435000,10000000,10000000,17100000,17905000,263395000,263395000,17905000,18135000,185000000,185000000,202905000,203135000,230005000,231040000,10000000,10000000,17100000,17905000,0,0,17905000,18135000,185000000,185000000,202905000,203135000,10000010,17594100,10000000,10000000,10,7594100
192,333595000,334283000,10000000,10000000,2256000,2944000,263395000,263395000,2944000,2944000,55000000,55000000,57944000,57944000,70200000,70888000,10000000,10000000,2256000,2944000,0,0,2944000,2944000,55000000,55000000,57944000,57944000,10000010,15601140,10000000,10000000,10,5601140
222,454664000,454864000,10000000,10000000,607000,662000,263395000,263395000,662000,807000,180000000,180000000,180662000,180807000,191269000,191469000,10000000,10000000,607000,662000,0,0,662000,807000,180000000,180000000,180662000,180807000,10000010,24759090,10000000,10000000,10,14759090
252,440937000,1496290000,10000000,10000000,2119000,3892000,263395000,1316975000,2423000,2423000,163000000,163000000,165423000,165423000,177542000,179315000,10000000,10000000,2119000,3892000,0,0,2423000,2423000,163000000,163000000,165423000,165423000,10000010,26010120,10000000,10000000,10,16010120
282,375112000,910785000,10000000,10000000,9773000,11175000,263395000,790185000,10944000,9425000,81000000,90000000,91944000,99425000,111717000,120600000,10000000,10000000,9773000,11175000,0,0,10944000,9425000,81000000,90000000,91944000,99425000,10000010,21513110,10000000,10000000,10,11513110
312,472364000,1000424000,10000000,10000000,12453000,13723000,263395000,790185000,13516000,13516000,173000000,173000000,186516000,186516000,208969000,210239000,10000000,10000000,12453000,13723000,0,0,13516000,13516000,173000000,173000000,186516000,186516000,10000010,24193120,10000000,10000000,10,14193120
342,300253000,579270000,10000000,10000000,1929000,2423000,263395000,526790000,1929000,1057000,23000000,39000000,24929000,40057000,36858000,52480000,10000000,10000000,1929000,2423000,0,0,1929000,1057000,23000000,39000000,24929000,40057000,10000010,11267060,10000000,10000000,10,1267060
372,491044000,1019385000,10000000,10000000,15549000,17100000,263395000,790185000,17100000,17100000,185000000,185000000,202100000,202100000,227649000,229200000,10000000,10000000,15549000,17100000,0,0,17100000,17100000,185000000,185000000,202100000,202100000,10000010,15314080,10000000,10000000,10,5314080
402,402597000,1202156000,10000000,10000000,445000,9819000,263395000,1053580000,9757000,9757000,119000000,119000000,128757000,128757000,139202000,148576000,10000000,10000000,445000,9819000,0,0,9757000,9757000,119000000,119000000,128757000,128757000,10000010,11728020,10000000,10000000,10,1728020
432,290951000,554552000,10000000,10000000,2778000,2984000,263395000,526790000,2778000,2778000,12000000,12000000,14778000,14778000,27556000,27762000,10000000,10000000,2778000,2984000,0,0,2778000,2778000,12000000,12000000,14778000,14778000,10000010,11354050,10000000,10000000,10,1354050
13,416073000,416351000,10000000,10000000,1200000,1478000,263395000,263395000,1478000,1478000,140000000,140000000,141478000,141478000,152678000,152956000,10000000,10000000,1200000,1478000,0,0,1478000,1478000,140000000,140000000,141478000,141478000,10000010,21848060,10000000,10000000,10,11848060
43,461511000,461951000,10000000,10000000,2338000,2778000,263395000,263395000,2778000,2778000,183000000,183000000,185778000,185778000,198116000,198556000,10000000,10000000,2338000,2778000,0,0,2778000,2778000,183000000,183000000,185778000,185778000,10000010,12219070,10000000,10000000,10,2219070
73,389970000,390147000,10000000,10000000,1199000,1376000,263395000,263395000,1376000,1376000,114000000,114000000,115376000,115376000,126575000,126752000,10000000,10000000,1199000,1376000,0,0,1376000,1376000,114000000,114000000,115376000,115376000,10000010,23374100,10000000,10000000,10,13374100
103,331361000,332101000,10000000,10000000,12983000,13723000,263395000,263395000,12983000,12983000,32000000,32000000,44983000,44983000,67966000,68706000,10000000,10000000,12983000,13723000,0,0,12983000,12983000,32000000,32000000,44983000,44983000,10000010,15246080,10000000,10000000,10,5246080
133,473231000,473571000,10000000,10000000,13748000,14088000,263395000,263395000,14088000,14088000,172000000,172000000,186088000,186088000,209836000,210176000,10000000,10000000,13748000,14088000,0,0,14088000,14088000,172000000,172000000,186088000,186088000,10000010,25225120,10000000,10000000,10,15225120
163,492665000,493595000,10000000,10000000,16170000,17100000,263395000,263395000,17100000,17100000,186000000,186000000,203100000,203100000,229270000,230200000,10000000,10000000,16170000,17100000,0,0,17100000,17100000,186000000,186000000,203100000,203100000,10000010,16664090,10000000,10000000,10,6664090
193,471129000,471491000,10000000,10000000,2256000,2478000,263395000,263395000,2478000,2618000,193000000,193000000,195478000,195618000,207734000,208096000,10000000,10000000,2256000,2478000,0,0,2478000,2618000,193000000,193000000,195478000,195618000,10000010,12269050,10000000,10000000,10,2269050
223,339541000,340609000,10000000,10000000,73000,299000,263395000,263395000,73000,915000,66000000,66000000,66073000,66915000,76146000,77214000,10000000,10000000,73000,299000,0,0,73000,915000,66000000,66000000,66073000,66915000,10000010,21052040,10000000,10000000,10,11052040
253,462529000,726628000,10000000,10000000,2215000,2919000,263395000,526790000,2919000,2919000,184000000,184000000,186919000,186919000,199134000,199838000,10000000,10000000,2215000,2919000,0,0,2919000,2919000,184000000,184000000,186919000,186919000,10000010,11677010,10000000,10000000,10,1677010
283,409809000,675140000,10000000,10000000,9239000,11175000,263395000,526790000,11175000,11175000,116000000,116000000,127175000,127175000,146414000,148350000,10000000,10000000,9239000,11175000,0,0,11175000,11175000,116000000,116000000,127175000,127175000,10000010,10000000,10000000,10000000,10,0
313,474129000,1002127000,10000000,10000000,14364000,15370000,263395000,790185000,15370000,15572000,171000000,171000000,186370000,186572000,210734000,211942000,10000000,10000000,14364000,15370000,0,0,15370000,15572000,171000000,171000000,186370000,186572000,10000010,14753070,10000000,10000000,10,4753070
343,346349000,610168000,10000000,10000000,1265000,1689000,263395000,526790000,1689000,1689000,70000000,70000000,71689000,71689000,82954000,83378000,10000000,10000000,1265000,1689000,0,0,1689000,1689000,70000000,70000000,71689000,71689000,10000010,21093030,10000000,10000000,10,11093030
373,486154000,1016231000,10000000,10000000,13135000,15624000,263395000,790185000,15624000,16422000,184000000,184000000,199624000,200422000,222759000,226046000,10000000,10000000,13135000,15624000,0,0,15624000,16422000,184000000,184000000,199624000,200422000,10000010,14278060,10000000,10000000,10,4278060
403,284113000,284170000,10000000,10000000,10718000,10775000,263395000,263395000,0,0,0,0,0,0,20718000,20775000,10000000,10000000,10718000,10775000,0,0,0,0,0,0,0,0,10000010,10000000,10000000,10000000,10,0
433,276011000,540211000,10000000,10000000,2616000,3421000,263395000,526790000,0,0,0,0,0,0,12616000,13421000,10000000,10000000,2616000,3421000,0,0,0,0,0,0,0,0,10000010,10000000,10000000,10000000,10,0
14,327101000,327253000,10000000,10000000,1777000,1929000,263395000,263395000,1929000,1929000,50000000,50000000,51929000,51929000,63706000,63858000,10000000,10000000,1777000,1929000,0,0,1929000,1929000,50000000,50000000,51929000,51929000,10000010,24843110,10000000,10000000,10,14843110
44,275335000,275603000,10000000,10000000,1940000,2208000,263395000,263395000,0,0,0,0,0,0,11940000,12208000,10000000,10000000,1940000,2208000,0,0,0,0,0,0,0,0,10000010,10000000,10000000,10000000,10,0
74,380439000,381016000,10000000,10000000,845000,1199000,263395000,263395000,1199000,1422000,105000000,105000000,106199000,106422000,117044000,117621000,10000000,10000000,845000,1199000,0,0,1199000,1422000,105000000,105000000,106199000,106422000,10000010,23551110,10000000,10000000,10,13551110
104,319373000,319833000,10000000,10000000,13989000,14449000,263395000,263395000,13989000,13989000,18000000,18000000,31989000,31989000,55978000,56438000,10000000,10000000,13989000,14449000,0,0,13989000,13989000,18000000,18000000,31989000,31989000,10000010,10085010,10000000,10000000,10,85010
134,368114000,368939000,10000000,10000000,12947000,13772000,263395000,263395000,13772000,13772000,68000000,68000000,81772000,81772000,104719000,105544000,10000000,10000000,12947000,13772000,0,0,13772000,13772000,68000000,68000000,81772000,81772000,10000010,22947070,10000000,10000000,10,12947070
164,305833000,305838000,10000000,10000000,2719000,2724000,263395000,263395000,2719000,2719000,27000000,27000000,29719000,29719000,42438000,42443000,10000000,10000000,2719000,2724000,0,0,2719000,2719000,27000000,27000000,29719000,29719000,10000010,12118050,10000000,10000000,10,2118050
194,276339000,277164000,10000000,10000000,2944000,3769000,263395000,263395000,0,0,0,0,0,0,12944000,13769000,10000000,10000000,2944000,3769000,0,0,0,0,0,0,0,0,10000010,10000000,10000000,10000000,10,0
224,380539000,381085000,10000000,10000000,299000,845000,263395000,263395000,845000,845000,106000000,106000000,106845000,106845000,117144000,117690000,10000000,10000000,299000,845000,0,0,845000,845000,106000000,106000000,106845000,106845000,10000010,23905100,10000000,10000000,10,13905100
254,490995000,755420000,10000000,10000000,11785000,12815000,263395000,526790000,12815000,12815000,193000000,193000000,205815000,205815000,227600000,228630000,10000000,10000000,11785000,12815000,0,0,12815000,12815000,193000000,193000000,205815000,205815000,10000010,10000000,10000000,10000000,10,0
284,275100000,539406000,10000000,10000000,1705000,2616000,263395000,526790000,0,0,0,0,0,0,11705000,12616000,10000000,10000000,1705000,2616000,0,0,0,0,0,0,0,0,10000010,10000000,10000000,10000000,10,0
314,442790000,706690000,10000000,10000000,445000,950000,263395000,526790000,950000,950000,168000000,168000000,168950000,168950000,179395000,179900000,10000000,10000000,445000,950000,0,0,950000,950000,168000000,168000000,168950000,168950000,10000010,12842080,10000000,10000000,10,2842080
344,342333000,605948000,10000000,10000000,1469000,1689000,263395000,526790000,1469000,1469000,66000000,66000000,67469000,67469000,78938000,79158000,10000000,10000000,1469000,1689000,0,0,1469000,1469000,66000000,66000000,67469000,67469000,10000010,21242050,10000000,10000000,10,11242050
374,472569000,863244000,10000000,10000000,14625000,15549000,263395000,526790000,15549000,17905000,169000000,293000000,184549000,310905000,209174000,336454000,10000000,10000000,14625000,15549000,0,0,15549000,17905000,169000000,293000000,184549000,310905000,10000010,15525070,10000000,10000000,10,5525070
404,368318000,637765000,10000000,10000000,10944000,11257000,263395000,526790000,10979000,10718000,73000000,79000000,83979000,89718000,104923000,110975000,10000000,10000000,10944000,11257000,0,0,10979000,10718000,73000000,79000000,83979000,89718000,10000010,21618060,10000000,10000000,10,11618060
434,277287000,277975000,10000000,10000000,3892000,4580000,263395000,263395000,0,0,0,0,0,0,13892000,14580000,10000000,10000000,3892000,4580000,0,0,0,0,0,0,0,0,10000010,10000000,10000000,10000000,10,0
15,458694000,458949000,10000000,10000000,1522000,1777000,263395000,263395000,1777000,1777000,182000000,182000000,183777000,183777000,195299000,195554000,10000000,10000000,1522000,1777000,0,0,1777000,1777000,182000000,182000000,183777000,183777000,10000010,25413110,10000000,10000000,10,15413110
45,455178000,456003000,10000000,10000000,2479000,3304000,263395000,263395000,3304000,3304000,176000000,176000000,179304000,179304000,191783000,192608000,10000000,10000000,2479000,3304000,0,0,3304000,3304000,176000000,176000000,179304000,179304000,10000010,13913120,10000000,10000000,10,3913120
75,323847000,324343000,10000000,10000000,978000,1474000,263395000,263395000,1474000,1474000,48000000,48000000,49474000,49474000,60452000,60948000,10000000,10000000,978000,1474000,0,0,1474000,1474000,48000000,48000000,49474000,49474000,10000010,12242050,10000000,10000000,10,2242050
105,497208000,497293000,10000000,10000000,14364000,14449000,263395000,263395000,14449000,14449000,195000000,195000000,209449000,209449000,233813000,233898000,10000000,10000000,14364000,14449000,0,0,14449000,14449000,195000000,195000000,209449000,209449000,10000010,15437080,10000000,10000000,10,5437080
135,276267000,277092000,10000000,10000000,2872000,3697000,263395000,263395000,0,0,0,0,0,0,12872000,13697000,10000000,10000000,2872000,3697000,0,0,0,0,0,0,0,0,10000010,10000000,10000000,10000000,10,0
165,469737000,469843000,10000000,10000000,2618000,2724000,263395000,263395000,2724000,2724000,191000000,191000000,193724000,193724000,206342000,206448000,10000000,10000000,2618000,2724000,0,0,2724000,2724000,191000000,191000000,193724000,193724000,10000010,12631070,10000000,10000000,10,2631070
195,472491000,472631000,10000000,10000000,2478000,2618000,263395000,263395000,2618000,2618000,194000000,194000000,196618000,196618000,209096000,209236000,10000000,10000000,2478000,2618000,0,0,2618000,2618000,194000000,194000000,196618000,196618000,10000010,12491060,10000000,10000000,10,2491060
225,461247000,462023000,10000000,10000000,538000,1314000,263395000,263395000,1314000,1314000,186000000,186000000,187314000,187314000,197852000,198628000,10000000,10000000,538000,1314000,0,0,1314000,1314000,186000000,186000000,187314000,187314000,10000010,10000000,10000000,10000000,10,0
255,285407000,549605000,10000000,10000000,12012000,12815000,263395000,526790000,0,0,0,0,0,0,22012000,22815000,10000000,10000000,12012000,12815000,0,0,0,0,0,0,0,0,10000010,10000000,10000000,10000000,10,0
285,275152000,803465000,10000000,10000000,1757000,3280000,263395000,790185000,0,0,0,0,0,0,11757000,13280000,10000000,10000000,1757000,3280000,0,0,0,0,0,0,0,0,10000010,10000000,10000000,10000000,10,0
315,301433000,565099000,10000000,10000000,950000,1221000,263395000,526790000,1088000,1088000,26000000,26000000,27088000,27088000,38038000,38309000,10000000,10000000,950000,1221000,0,0,1088000,1088000,26000000,26000000,27088000,27088000,10000010,10265010,10000000,10000000,10,265010
345,331149000,859389000,10000000,10000000,17377000,18827000,263395000,790185000,17377000,17377000,23000000,23000000,40377000,40377000,67754000,69204000,10000000,10000000,17377000,18827000,0,0,17377000,17377000,23000000,23000000,40377000,40377000,10000010,17411100,10000000,10000000,10,7411100
375,445173000,972443000,10000000,10000000,1649000,2129000,263395000,790185000,2129000,2129000,168000000,168000000,170129000,170129000,181778000,182258000,10000000,10000000,1649000,2129000,0,0,2129000,2129000,168000000,168000000,170129000,170129000,10000010,25668120,10000000,10000000,10,15668120
405,274002000,274064000,10000000,10000000,607000,669000,263395000,263395000,0,0,0,0,0,0,10607000,10669000,10000000,10000000,607000,669000,0,0,0,0,0,0,0,0,10000010,10000000,10000000,10000000,10,0
435,275610000,804765000,10000000,10000000,2215000,4580000,263395000,790185000,0,0,0,0,0,0,12215000,14580000,10000000,10000000,2215000,4580000,0,0,0,0,0,0,0,0,10000010,10000000,10000000,10000000,10,0
16,480036000,480633000,10000000,10000000,1522000,2119000,263395000,263395000,2119000,2119000,203000000,203000000,205119000,205119000,216641000,217238000,10000000,10000000,1522000,2119000,0,0,2119000,2119000,203000000,203000000,205119000,205119000,10000010,25413110,10000000,10000000,10,15413110
46,326357000,326680000,10000000,10000000,2981000,3304000,263395000,263395000,2981000,2981000,47000000,47000000,49981000,49981000,62962000,63285000,10000000,10000000,2981000,3304000,0,0,2981000,2981000,47000000,47000000,49981000,49981000,10000010,13443090,10000000,10000000,10,3443090
76,424343000,424458000,10000000,10000000,1474000,1589000,263395000,263395000,1474000,1474000,148000000,148000000,149474000,149474000,160948000,161063000,10000000,10000000,1474000,1589000,0,0,1474000,1474000,148000000,148000000,149474000,149474000,10000010,21646060,10000000,10000000,10,11646060
106,468732000,469341000,10000000,10000000,14364000,14973000,263395000,263395000,14973000,14973000,166000000,166000000,180973000,180973000,205337000,205946000,10000000,10000000,14364000,14973000,0,0,14973000,14973000,166000000,166000000,180973000,180973000,10000010,14828080,10000000,10000000,10,4828080
136,405129000,405333000,10000000,10000000,1265000,1469000,263395000,263395000,1469000,1469000,129000000,129000000,130469000,130469000,141734000,141938000,10000000,10000000,1265000,1469000,0,0,1469000,1469000,129000000,129000000,130469000,130469000,10000010,21981060,10000000,10000000,10,11981060
166,447161000,447833000,10000000,10000000,2047000,2719000,263395000,263395000,2719000,2719000,169000000,169000000,171719000,171719000,183766000,184438000,10000000,10000000,2047000,2719000,0,0,2719000,2719000,169000000,169000000,171719000,171719000,10000010,12062070,10000000,10000000,10,2062070
196,422264000,422693000,10000000,10000000,1220000,1649000,263395000,263395000,1649000,1649000,146000000,146000000,147649000,147649000,158869000,159298000,10000000,10000000,1220000,1649000,0,0,1649000,1649000,146000000,146000000,147649000,147649000,10000010,25372140,10000000,10000000,10,15372140
226,343471000,399634000,10000000,10000000,538000,9239000,263395000,263395000,538000,0,69000000,117000000,69538000,117000000,80076000,136239000,10000000,10000000,538000,9239000,0,0,538000,0,69000000,117000000,69538000,117000000,10000010,15541100,10000000,10000000,10,5541100
256,455388000,1108179000,10000000,10000000,11208000,11785000,263395000,790185000,11785000,18209000,159000000,278000000,170785000,296209000,191993000,317994000,10000000,10000000,11208000,11785000,0,0,11785000,18209000,159000000,278000000,170785000,296209000,10000010,16424090,10000000,10000000,10,6424090
286,278129000,806213000,10000000,10000000,1220000,2514000,263395000,790185000,2514000,2514000,1000000,1000000,3514000,3514000,14734000,16028000,10000000,10000000,1220000,2514000,0,0,2514000,2514000,1000000,1000000,3514000,3514000,10000010,10000000,10000000,10000000,10,0
316,301041000,564834000,10000000,10000000,823000,1221000,263395000,526790000,823000,823000,26000000,26000000,26823000,26823000,37646000,38044000,10000000,10000000,823000,1221000,0,0,823000,823000,26000000,26000000,26823000,26823000,10000010,10271010,10000000,10000000,10,271010
346,346509000,610208000,10000000,10000000,17905000,18209000,263395000,526790000,18209000,18209000,37000000,37000000,55209000,55209000,83114000,83418000,10000000,10000000,17905000,18209000,0,0,18209000,18209000,37000000,37000000,55209000,55209000,10000010,18399110,10000000,10000000,10,8399110
376,400562000,664168000,10000000,10000000,1478000,1689000,263395000,526790000,1689000,1689000,124000000,124000000,125689000,125689000,137167000,137378000,10000000,10000000,1478000,1689000,0,0,1689000,1689000,124000000,124000000,125689000,125689000,10000010,22126070,10000000,10000000,10,12126070
406,452356000,1243302000,10000000,10000000,299000,915000,263395000,1053580000,662000,807000,178000000,178000000,178662000,178807000,188961000,189722000,10000000,10000000,299000,915000,0,0,662000,807000,178000000,178000000,178662000,178807000,10000010,24451090,10000000,10000000,10,14451090
436,276252000,276674000,10000000,10000000,2857000,3279000,263395000,263395000,0,0,0,0,0,0,12857000,13279000,10000000,10000000,2857000,3279000,0,0,0,0,0,0,0,0,10000010,10000000,10000000,10000000,10,0
17,444729000,444825000,10000000,10000000,2119000,2215000,263395000,263395000,2215000,2215000,167000000,167000000,169215000,169215000,181334000,181430000,10000000,10000000,2119000,2215000,0,0,2215000,2215000,167000000,167000000,169215000,169215000,10000010,26010120,10000000,10000000,10,16010120
47,275170000,275335000,10000000,10000000,1775000,1940000,263395000,263395000,0,0,0,0,0,0,11775000,11940000,10000000,10000000,1775000,1940000,0,0,0,0,0,0,0,0,10000010,10000000,10000000,10000000,10,0
77,352081000,360015000,10000000,10000000,1376000,9310000,263395000,263395000,9310000,9310000,68000000,68000000,77310000,77310000,88686000,96620000,10000000,10000000,1376000,9310000,0,0,9310000,9310000,68000000,68000000,77310000,77310000,10000010,18506010,10000000,10000000,10,8506010
107,334955000,335148000,10000000,10000000,14780000,14973000,263395000,263395000,14780000,14780000,32000000,32000000,46780000,46780000,71560000,71753000,10000000,10000000,14780000,14973000,0,0,14780000,14780000,32000000,32000000,46780000,46780000,10000010,15150060,10000000,10000000,10,5150060
137,410764000,410925000,10000000,10000000,1104000,1265000,263395000,263395000,1265000,1265000,135000000,135000000,136265000,136265000,147369000,147530000,10000000,10000000,1104000,1265000,0,0,1265000,1265000,135000000,135000000,136265000,136265000,10000010,21820050,10000000,10000000,10,11820050
167,475556000,475955000,10000000,10000000,3881000,4280000,263395000,263395000,4280000,4280000,194000000,194000000,198280000,198280000,212161000,212560000,10000000,10000000,3881000,4280000,0,0,4280000,4280000,194000000,194000000,198280000,198280000,10000010,11971030,10000000,10000000,10,1971030
197,437672000,437835000,10000000,10000000,1057000,1220000,263395000,263395000,1220000,1220000,162000000,162000000,163220000,163220000,174277000,174440000,10000000,10000000,1057000,1220000,0,0,1220000,1220000,162000000,162000000,163220000,163220000,10000010,25209130,10000000,10000000,10,15209130
227,349723000,349975000,10000000,10000000,538000,790000,263395000,263395000,790000,790000,75000000,75000000,75790000,75790000,86328000,86580000,10000000,10000000,538000,790000,0,0,790000,790000,75000000,75000000,75790000,75790000,10000010,24242090,10000000,10000000,10,14242090
257,452466000,1374403000,10000000,10000000,11585000,12614000,263395000,1053580000,12486000,18209000,155000000,280000000,167486000,298209000,189071000,320823000,10000000,10000000,11585000,12614000,0,0,12486000,18209000,155000000,280000000,167486000,298209000,10000010,15723080,10000000,10000000,10,5723080
287,469716000,734022000,10000000,10000000,1705000,2616000,263395000,526790000,2616000,2616000,192000000,192000000,194616000,194616000,206321000,207232000,10000000,10000000,1705000,2616000,0,0,2616000,2616000,192000000,192000000,194616000,194616000,10000010,10000000,10000000,10000000,10,0
317,443119000,706966000,10000000,10000000,636000,1088000,263395000,526790000,1088000,1088000,168000000,168000000,169088000,169088000,179724000,180176000,10000000,10000000,636000,1088000,0,0,1088000,1088000,168000000,168000000,169088000,169088000,10000010,10191010,10000000,10000000,10,191010
347,478014000,741544000,10000000,10000000,17242000,17377000,263395000,526790000,17377000,17377000,170000000,170000000,187377000,187377000,214619000,214754000,10000000,10000000,17242000,17377000,0,0,17377000,17377000,170000000,170000000,187377000,187377000,10000010,18142100,10000000,10000000,10,8142100
377,337802000,601774000,10000000,10000000,915000,1492000,263395000,526790000,1492000,1492000,62000000,62000000,63492000,63492000,74407000,74984000,10000000,10000000,915000,1492000,0,0,1492000,1492000,62000000,62000000,63492000,63492000,10000010,10000000,10000000,10000000,10,0
407,392075000,921959000,10000000,10000000,73000,845000,263395000,790185000,607000,1929000,118000000,119000000,118607000,120929000,128680000,131774000,10000000,10000000,73000,845000,0,0,607000,1929000,118000000,119000000,118607000,120929000,10000010,23905100,10000000,10000000,10,13905100
437,275818000,540069000,10000000,10000000,2423000,3279000,263395000,526790000,0,0,0,0,0,0,12423000,13279000,10000000,10000000,2423000,3279000,0,0,0,0,0,0,0,0,10000010,10000000,10000000,10000000,10,0
18,417458000,418283000,10000000,10000000,2119000,2944000,263395000,263395000,2944000,2944000,139000000,139000000,141944000,141944000,154063000,154888000,10000000,10000000,2119000,2944000,0,0,2944000,2944000,139000000,139000000,141944000,141944000,10000010,11691060,10000000,10000000,10,1691060
48,483492000,527428000,10000000,10000000,1775000,2322000,263395000,263395000,2322000,3711000,206000000,248000000,208322000,251711000,220097000,264033000,10000000,10000000,1775000,2322000,0,0,2322000,3711000,206000000,248000000,208322000,251711000,10000010,13704140,10000000,10000000,10,3704140
78,352147000,360010000,10000000,10000000,1376000,9239000,263395000,263395000,1376000,1376000,76000000,76000000,77376000,77376000,88752000,96615000,10000000,10000000,1376000,9239000,0,0,1376000,1376000,76000000,76000000,77376000,77376000,10000010,15102090,10000000,10000000,10,5102090
108,443631000,443977000,10000000,10000000,445000,791000,263395000,263395000,791000,791000,169000000,169000000,169791000,169791000,180236000,180582000,10000000,10000000,445000,791000,0,0,791000,791000,169000000,169000000,169791000,169791000,10000010,13001090,10000000,10000000,10,3001090
138,517067000,517531000,10000000,10000000,1104000,1568000,263395000,263395000,1568000,1568000,241000000,241000000,242568000,242568000,253672000,254136000,10000000,10000000,1104000,1568000,0,0,1568000,1568000,241000000,241000000,242568000,242568000,10000010,20385020,10000000,10000000,10,10385020
168,292179000,292567000,10000000,10000000,3892000,4280000,263395000,263395000,3892000,3892000,11000000,11000000,14892000,14892000,28784000,29172000,10000000,10000000,3892000,4280000,0,0,3892000,3892000,11000000,11000000,14892000,14892000,10000010,12370040,10000000,10000000,10,2370040
198,324077000,324516000,10000000,10000000,14341000,14780000,263395000,263395000,14341000,14341000,22000000,22000000,36341000,36341000,60682000,61121000,10000000,10000000,14341000,14780000,0,0,14341000,14341000,22000000,22000000,36341000,36341000,10000010,15788080,10000000,10000000,10,5788080
228,408395000,408933000,10000000,10000000,0,538000,263395000,263395000,0,0,135000000,135000000,135000000,135000000,145000000,145538000,10000000,10000000,0,538000,0,0,0,0,135000000,135000000,135000000,135000000,10000010,23803080,10000000,10000000,10,13803080
258,471506000,1168865000,10000000,10000000,12486000,14625000,263395000,790185000,14625000,17055000,171000000,337000000,185625000,354055000,208111000,378680000,10000000,10000000,12486000,14625000,0,0,14625000,17055000,171000000,337000000,185625000,354055000,10000010,13690050,10000000,10000000,10,3690050
288,423183000,686968000,10000000,10000000,1199000,1589000,263395000,526790000,1589000,1589000,147000000,147000000,148589000,148589000,159788000,160178000,10000000,10000000,1199000,1589000,0,0,1589000,1589000,147000000,147000000,148589000,148589000,10000010,21173060,10000000,10000000,10,11173060
318,442663000,706436000,10000000,10000000,445000,823000,263395000,526790000,823000,823000,168000000,168000000,168823000,168823000,179268000,179646000,10000000,10000000,445000,823000,0,0,823000,823000,168000000,168000000,168823000,168823000,10000010,10346010,10000000,10000000,10,346010
348,464873000,729208000,10000000,10000000,17269000,18209000,263395000,526790000,18209000,18209000,156000000,156000000,174209000,174209000,201478000,202418000,10000000,10000000,17269000,18209000,0,0,18209000,18209000,156000000,156000000,174209000,174209000,10000010,16471100,10000000,10000000,10,6471100
378,468920000,996488000,10000000,10000000,1478000,2256000,263395000,790185000,2047000,2047000,192000000,192000000,194047000,194047000,205525000,206303000,10000000,10000000,1478000,2256000,0,0,2047000,2047000,192000000,192000000,194047000,194047000,10000010,22126070,10000000,10000000,10,12126070
408,378893000,643411000,10000000,10000000,299000,1199000,263395000,526790000,1199000,1422000,104000000,104000000,105199000,105422000,115498000,116621000,10000000,10000000,299000,1199000,0,0,1199000,1422000,104000000,104000000,105199000,105422000,10000010,23551110,10000000,10000000,10,13551110
438,301653000,840099000,10000000,10000000,2129000,2857000,263395000,790185000,2129000,1057000,24000000,36000000,26129000,37057000,38258000,49914000,10000000,10000000,2129000,2857000,0,0,2129000,1057000,24000000,36000000,26129000,37057000,10000010,11746030,10000000,10000000,10,1746030
19,457033000,457241000,10000000,10000000,2215000,2423000,263395000,263395000,2423000,2423000,179000000,179000000,181423000,181423000,193638000,193846000,10000000,10000000,2215000,2423000,0,0,2423000,2423000,179000000,179000000,181423000,181423000,10000010,26106130,10000000,10000000,10,16106130
49,453812000,454948000,10000000,10000000,1642000,1775000,263395000,263395000,1775000,2778000,177000000,177000000,178775000,179778000,190417000,191553000,10000000,10000000,1642000,1775000,0,0,1775000,2778000,177000000,177000000,178775000,179778000,10000010,13571130,10000000,10000000,10,3571130
79,282687000,283023000,10000000,10000000,978000,1314000,263395000,263395000,1314000,1314000,7000000,7000000,8314000,8314000,19292000,19628000,10000000,10000000,978000,1314000,0,0,1314000,1314000,7000000,7000000,8314000,8314000,10000010,11438050,10000000,10000000,10,1438050
109,444136000,444295000,10000000,10000000,791000,950000,263395000,263395000,950000,950000,169000000,169000000,169950000,169950000,180741000,180900000,10000000,10000000,791000,950000,0,0,950000,950000,169000000,169000000,169950000,169950000,10000010,12842080,10000000,10000000,10,2842080
139,274499000,274794000,10000000,10000000,1104000,1399000,263395000,263395000,0,0,0,0,0,0,11104000,11399000,10000000,10000000,1104000,1399000,0,0,0,0,0,0,0,0,10000010,10000000,10000000,10000000,10,0
169,472365000,472950000,10000000,10000000,3905000,4065000,263395000,263395000,4065000,4490000,191000000,191000000,195065000,195490000,208970000,209555000,10000000,10000000,3905000,4065000,0,0,4065000,4490000,191000000,191000000,195065000,195490000,10000010,10425030,10000000,10000000,10,425030
199,283152000,283188000,10000000,10000000,9757000,9793000,263395000,263395000,0,0,0,0,0,0,19757000,19793000,10000000,10000000,9757000,9793000,0,0,0,0,0,0,0,0,10000010,10000000,10000000,10000000,10,0
229,274445000,275036000,10000000,10000000,1050000,1641000,263395000,263395000,0,0,0,0,0,0,11050000,11641000,10000000,10000000,1050000,1641000,0,0,0,0,0,0,0,0,10000010,10000000,10000000,10000000,10,0
259,448315000,858134000,10000000,10000000,11785000,13135000,263395000,526790000,13135000,18209000,150000000,290000000,163135000,308209000,184920000,331344000,10000000,10000000,11785000,13135000,0,0,13135000,18209000,150000000,290000000,163135000,308209000,10000010,15074070,10000000,10000000,10,5074070
289,463662000,991029000,10000000,10000000,845000,1422000,263395000,790185000,1422000,1422000,188000000,188000000,189422000,189422000,200267000,200844000,10000000,10000000,845000,1422000,0,0,1422000,1422000,188000000,188000000,189422000,189422000,10000010,23374100,10000000,10000000,10,13374100
319,405332000,669774000,10000000,10000000,445000,1492000,263395000,526790000,1492000,1492000,130000000,130000000,131492000,131492000,141937000,142984000,10000000,10000000,445000,1492000,0,0,1492000,1492000,130000000,130000000,131492000,131492000,10000010,21161040,10000000,10000000,10,11161040
349,481261000,1009777000,10000000,10000000,15624000,17350000,263395000,790185000,17242000,17242000,175000000,175000000,192242000,192242000,217866000,219592000,10000000,10000000,15624000,17350000,0,0,17242000,17242000,175000000,175000000,192242000,192242000,10000010,16767080,10000000,10000000,10,6767080
379,460439000,987873000,10000000,10000000,1200000,1844000,263395000,790185000,1844000,1844000,184000000,184000000,185844000,185844000,197044000,197688000,10000000,10000000,1200000,1844000,0,0,1844000,1844000,184000000,184000000,185844000,185844000,10000010,21848060,10000000,10000000,10,11848060
409,518709000,2108898000,10000000,10000000,0,9819000,263395000,1843765000,1314000,1314000,244000000,244000000,245314000,245314000,255314000,265133000,10000000,10000000,0,9819000,0,0,1314000,1314000,244000000,244000000,245314000,245314000,10000010,15372080,10000000,10000000,10,5372080
439,282705000,554606000,10000000,10000000,9310000,17816000,263395000,526790000,0,0,0,0,0,0,19310000,27816000,10000000,10000000,9310000,17816000,0,0,0,0,0,0,0,0,10000010,10000000,10000000,10000000,10,0
20,463502000,465179000,10000000,10000000,2215000,3892000,263395000,263395000,3892000,3892000,184000000,184000000,187892000,187892000,200107000,201784000,10000000,10000000,2215000,3892000,0,0,3892000,3892000,184000000,184000000,187892000,187892000,10000010,10704020,10000000,10000000,10,704020
50,465574000,466109000,10000000,10000000,2322000,2857000,263395000,263395000,2857000,2857000,187000000,187000000,189857000,189857000,202179000,202714000,10000000,10000000,2322000,2857000,0,0,2857000,2857000,187000000,187000000,189857000,189857000,10000010,13522120,10000000,10000000,10,3522120
80,404176000,405001000,10000000,10000000,978000,1803000,263395000,263395000,1803000,1803000,128000000,128000000,129803000,129803000,140781000,141606000,10000000,10000000,978000,1803000,0,0,1803000,1803000,128000000,128000000,129803000,129803000,10000010,23674080,10000000,10000000,10,13674080
110,302571000,302704000,10000000,10000000,1088000,1221000,263395000,263395000,1088000,1088000,27000000,27000000,28088000,28088000,39176000,39309000,10000000,10000000,1088000,1221000,0,0,1088000,1088000,27000000,27000000,28088000,28088000,10000010,10452020,10000000,10000000,10,452020
140,399944000,400603000,10000000,10000000,445000,1104000,263395000,263395000,1104000,1104000,125000000,125000000,126104000,126104000,136549000,137208000,10000000,10000000,445000,1104000,0,0,1104000,1104000,125000000,125000000,126104000,126104000,10000010,21161040,10000000,10000000,10,11161040
170,473580000,474005000,10000000,10000000,4065000,4120000,263395000,263395000,4120000,4490000,192000000,192000000,196120000,196490000,210185000,210610000,10000000,10000000,4065000,4120000,0,0,4120000,4490000,192000000,192000000,196120000,196490000,10000010,11195030,10000000,10000000,10,1195030
200,357276000,357521000,10000000,10000000,10818000,11063000,263395000,263395000,11063000,11063000,62000000,62000000,73063000,73063000,93881000,94126000,10000000,10000000,10818000,11063000,0,0,11063000,11063000,62000000,62000000,73063000,73063000,10000010,23332060,10000000,10000000,10,13332060
230,464890000,465495000,10000000,10000000,445000,1050000,263395000,263395000,1050000,1050000,190000000,190000000,191050000,191050000,201495000,202100000,10000000,10000000,445000,1050000,0,0,1050000,1050000,190000000,190000000,191050000,191050000,10000010,24184060,10000000,10000000,10,14184060
260,285180000,813133000,10000000,10000000,11785000,12948000,263395000,790185000,0,0,0,0,0,0,21785000,22948000,10000000,10000000,11785000,12948000,0,0,0,0,0,0,0,0,10000010,10000000,10000000,10000000,10,0
290,322962000,586968000,10000000,10000000,978000,1589000,263395000,526790000,1589000,1589000,47000000,47000000,48589000,48589000,59567000,60178000,10000000,10000000,978000,1589000,0,0,1589000,1589000,47000000,47000000,48589000,48589000,10000010,12242050,10000000,10000000,10,2242050
320,276860000,540774000,10000000,10000000,973000,1492000,263395000,526790000,1492000,1492000,1000000,1000000,2492000,2492000,13465000,13984000,10000000,10000000,973000,1492000,0,0,1492000,1492000,1000000,1000000,2492000,2492000,10000010,10000000,10000000,10000000,10,0
350,481719000,745328000,10000000,10000000,17055000,17269000,263395000,526790000,17269000,17269000,174000000,174000000,191269000,191269000,218324000,218538000,10000000,10000000,17055000,17269000,0,0,17269000,17269000,174000000,174000000,191269000,191269000,10000010,18198090,10000000,10000000,10,8198090
380,277164000,277363000,10000000,10000000,3769000,3968000,263395000,263395000,0,0,0,0,0,0,13769000,13968000,10000000,10000000,3769000,3968000,0,0,0,0,0,0,0,0,10000010,10000000,10000000,10000000,10,0
410,340643000,868791000,10000000,10000000,445000,1803000,263395000,790185000,1803000,1803000,65000000,65000000,66803000,66803000,77248000,78606000,10000000,10000000,445000,1803000,0,0,1803000,1803000,65000000,65000000,66803000,66803000,10000010,20534020,10000000,10000000,10,10534020
440,429109000,1227871000,10000000,10000000,9239000,17816000,263395000,1053580000,10475000,10475000,136000000,136000000,146475000,146475000,165714000,174291000,10000000,10000000,9239000,17816000,0,0,10475000,10475000,136000000,136000000,146475000,146475000,10000010,20979110,10000000,10000000,10,10979110
21,471098000,471371000,10000000,10000000,2215000,2488000,263395000,263395000,2488000,2488000,193000000,193000000,195488000,195488000,207703000,207976000,10000000,10000000,2215000,2488000,0,0,2488000,2488000,193000000,193000000,195488000,195488000,10000010,11677010,10000000,10000000,10,1677010
51,464190000,530579000,10000000,10000000,2322000,2473000,263395000,263395000,2473000,3711000,186000000,251000000,188473000,254711000,200795000,267184000,10000000,10000000,2322000,2473000,0,0,2473000,3711000,186000000,251000000,188473000,254711000,10000010,14251150,10000000,10000000,10,4251150
81,520911000,521351000,10000000,10000000,538000,978000,263395000,263395000,978000,978000,246000000,246000000,246978000,246978000,257516000,257956000,10000000,10000000,538000,978000,0,0,978000,978000,246000000,246000000,246978000,246978000,10000010,23234070,10000000,10000000,10,13234070
111,468566000,468837000,10000000,10000000,950000,1221000,263395000,263395000,1221000,1221000,193000000,193000000,194221000,194221000,205171000,205442000,10000000,10000000,950000,1221000,0,0,1221000,1221000,193000000,193000000,194221000,194221000,10000010,10505020,10000000,10000000,10,505020
141,407528000,408353000,10000000,10000000,1654000,2479000,263395000,263395000,2479000,2479000,130000000,130000000,132479000,132479000,144133000,144958000,10000000,10000000,1654000,2479000,0,0,2479000,2479000,130000000,130000000,132479000,132479000,10000010,12261080,10000000,10000000,10,2261080
171,476155000,476375000,10000000,10000000,4270000,4490000,263395000,263395000,4490000,4490000,194000000,194000000,198490000,198490000,212760000,212980000,10000000,10000000,4270000,4490000,0,0,4490000,4490000,194000000,194000000,198490000,198490000,10000010,10825010,10000000,10000000,10,825010
201,428931000,429031000,10000000,10000000,10718000,10818000,263395000,263395000,10818000,10818000,134000000,134000000,144818000,144818000,165536000,165636000,10000000,10000000,10718000,10818000,0,0,10818000,10818000,134000000,134000000,144818000,144818000,10000010,23577050,10000000,10000000,10,13577050
231,455775000,455920000,10000000,10000000,662000,718000,263395000,263395000,718000,807000,181000000,181000000,181718000,181807000,192380000,192525000,10000000,10000000,662000,718000,0,0,718000,807000,181000000,181000000,181718000,181807000,10000010,24814100,10000000,10000000,10,14814100
261,286009000,286343000,10000000,10000000,12614000,12948000,263395000,263395000,0,0,0,0,0,0,22614000,22948000,10000000,10000000,12614000,12948000,0,0,0,0,0,0,0,0,10000010,10000000,10000000,10000000,10,0
291,423291000,686853000,10000000,10000000,1422000,1589000,263395000,526790000,1474000,1474000,147000000,147000000,148474000,148474000,159896000,160063000,10000000,10000000,1422000,1589000,0,0,1474000,1474000,147000000,147000000,148474000,148474000,10000010,21396070,10000000,10000000,10,11396070
321,468227000,1532263000,10000000,10000000,607000,11063000,263395000,1316975000,1225000,1225000,193000000,193000000,194225000,194225000,204832000,215288000,10000000,10000000,607000,11063000,0,0,1225000,1225000,193000000,193000000,194225000,194225000,10000010,14399140,10000000,10000000,10,4399140
351,489442000,1018662000,10000000,10000000,14625000,17055000,263395000,790185000,16422000,16422000,185000000,185000000,201422000,201422000,226047000,228477000,10000000,10000000,14625000,17055000,0,0,16422000,16422000,185000000,185000000,201422000,201422000,10000010,15768070,10000000,10000000,10,5768070
381,471111000,998929000,10000000,10000000,1844000,2872000,263395000,790185000,2872000,2872000,193000000,193000000,195872000,195872000,207716000,208744000,10000000,10000000,1844000,2872000,0,0,2872000,2872000,193000000,193000000,195872000,195872000,10000010,22492080,10000000,10000000,10,12492080
411,454720000,718315000,10000000,10000000,607000,718000,263395000,526790000,718000,807000,180000000,180000000,180718000,180807000,191325000,191525000,10000000,10000000,607000,718000,0,0,718000,807000,180000000,180000000,180718000,180807000,10000010,24759090,10000000,10000000,10,14759090
22,492222000,493025000,10000000,10000000,12012000,12815000,263395000,263395000,12815000,12815000,194000000,194000000,206815000,206815000,228827000,229630000,10000000,10000000,12012000,12815000,0,0,12815000,12815000,194000000,194000000,206815000,206815000,10000010,10227010,10000000,10000000,10,227010
52,452336000,453815000,10000000,10000000,1299000,1642000,263395000,263395000,1642000,2778000,176000000,176000000,177642000,178778000,188941000,190420000,10000000,10000000,1299000,1642000,0,0,1642000,2778000,176000000,176000000,177642000,178778000,10000010,13228120,10000000,10000000,10,3228120
82,465024000,465343000,10000000,10000000,3155000,3474000,263395000,263395000,3474000,3474000,185000000,185000000,188474000,188474000,201629000,201948000,10000000,10000000,3155000,3474000,0,0,3474000,3474000,185000000,185000000,188474000,188474000,10000010,14355140,10000000,10000000,10,4355140
112,444306000,444571000,10000000,10000000,823000,1088000,263395000,263395000,1088000,1088000,169000000,169000000,170088000,170088000,180911000,181176000,10000000,10000000,823000,1088000,0,0,1088000,1088000,169000000,169000000,170088000,170088000,10000010,10437020,10000000,10000000,10,437020
142,448747000,448963000,10000000,10000000,1568000,1784000,263395000,263395000,1784000,1784000,172000000,172000000,173784000,173784000,185352000,185568000,10000000,10000000,1568000,1784000,0,0,1784000,1784000,172000000,172000000,173784000,173784000,10000010,13626080,10000000,10000000,10,3626080
172,474785000,475155000,10000000,10000000,4120000,4270000,263395000,263395000,4270000,4490000,193000000,193000000,197270000,197490000,211390000,211760000,10000000,10000000,4120000,4270000,0,0,4270000,4490000,193000000,193000000,197270000,197490000,10000010,11045020,10000000,10000000,10,1045020
202,343248000,344001000,10000000,10000000,1050000,1803000,263395000,263395000,1803000,1803000,67000000,67000000,68803000,68803000,79853000,80606000,10000000,10000000,1050000,1803000,0,0,1803000,1803000,67000000,67000000,68803000,68803000,10000010,21139030,10000000,10000000,10,11139030
232,456920000,457009000,10000000,10000000,718000,807000,263395000,263395000,807000,807000,182000000,182000000,182807000,182807000,193525000,193614000,10000000,10000000,718000,807000,0,0,807000,807000,182000000,182000000,182807000,182807000,10000010,24870110,10000000,10000000,10,14870110
262,444590000,708696000,10000000,10000000,11742000,12453000,263395000,526790000,12453000,12453000,147000000,147000000,159453000,159453000,181195000,181906000,10000000,10000000,11742000,12453000,0,0,12453000,12453000,147000000,147000000,159453000,159453000,10000010,23482110,10000000,10000000,10,13482110
292,357793000,895084000,10000000,10000000,1199000,9310000,263395000,790185000,1199000,1589000,82000000,84000000,83199000,85589000,94398000,104899000,10000000,10000000,1199000,9310000,0,0,1199000,1589000,82000000,84000000,83199000,85589000,10000010,15102090,10000000,10000000,10,5102090
322,465999000,993493000,10000000,10000000,950000,1654000,263395000,790185000,1654000,1654000,190000000,190000000,191654000,191654000,202604000,203308000,10000000,10000000,950000,1654000,0,0,1654000,1654000,190000000,190000000,191654000,191654000,10000010,12879110,10000000,10000000,10,2879110
352,491369000,756490000,10000000,10000000,15624000,17350000,263395000,526790000,17350000,17350000,185000000,185000000,202350000,202350000,227974000,229700000,10000000,10000000,15624000,17350000,0,0,17350000,17350000,185000000,185000000,202350000,202350000,10000010,14327050,10000000,10000000,10,4327050
382,469717000,997747000,10000000,10000000,1844000,2944000,263395000,790185000,2478000,2618000,192000000,192000000,194478000,194618000,206322000,207562000,10000000,10000000,1844000,2944000,0,0,2478000,2618000,192000000,192000000,194478000,194618000,10000010,15189130,10000000,10000000,10,5189130
412,455864000,719404000,10000000,10000000,662000,807000,263395000,526790000,807000,807000,181000000,181000000,181807000,181807000,192469000,192614000,10000000,10000000,662000,807000,0,0,807000,807000,181000000,181000000,181807000,181807000,10000010,24814100,10000000,10000000,10,14814100
23,492192000,492419000,10000000,10000000,11785000,12012000,263395000,263395000,12012000,12012000,195000000,195000000,207012000,207012000,228797000,229024000,10000000,10000000,11785000,12012000,0,0,12012000,12012000,195000000,195000000,207012000,207012000,10000010,10829010,10000000,10000000,10,829010
53,436424000,436879000,10000000,10000000,11287000,11742000,263395000,263395000,11742000,11742000,140000000,140000000,151742000,151742000,173029000,173484000,10000000,10000000,11287000,11742000,0,0,11742000,11742000,140000000,140000000,151742000,151742000,10000010,23027100,10000000,10000000,10,13027100
83,469407000,469705000,10000000,10000000,2857000,3155000,263395000,263395000,3155000,3155000,190000000,190000000,193155000,193155000,206012000,206310000,10000000,10000000,2857000,3155000,0,0,3155000,3155000,190000000,190000000,193155000,193155000,10000010,14057130,10000000,10000000,10,4057130
113,443854000,444041000,10000000,10000000,636000,823000,263395000,263395000,823000,823000,169000000,169000000,169823000,169823000,180459000,180646000,10000000,10000000,636000,823000,0,0,823000,823000,169000000,169000000,169823000,169823000,10000010,10537020,10000000,10000000,10,537020
143,330658000,331353000,10000000,10000000,1784000,2479000,263395000,263395000,2479000,2479000,53000000,53000000,55479000,55479000,67263000,67958000,10000000,10000000,1784000,2479000,0,0,2479000,2479000,53000000,53000000,55479000,55479000,10000010,13088110,10000000,10000000,10,3088110
173,472708000,473533000,10000000,10000000,3744000,4569000,263395000,263395000,4569000,4569000,191000000,191000000,195569000,195569000,209313000,210138000,10000000,10000000,3744000,4569000,0,0,4569000,4569000,191000000,191000000,195569000,195569000,10000010,11529020,10000000,10000000,10,1529020
203,279023000,279512000,10000000,10000000,1314000,1803000,263395000,263395000,1314000,1314000,3000000,3000000,4314000,4314000,15628000,16117000,10000000,10000000,1314000,1803000,0,0,1314000,1314000,3000000,3000000,4314000,4314000,10000010,10000000,10000000,10000000,10,0
233,437259000,437509000,10000000,10000000,807000,1057000,263395000,263395000,1057000,1057000,162000000,162000000,163057000,163057000,173864000,174114000,10000000,10000000,807000,1057000,0,0,1057000,1057000,162000000,162000000,163057000,163057000,10000010,24959120,10000000,10000000,10,14959120
263,490375000,1281510000,10000000,10000000,12033000,12983000,263395000,1053580000,12947000,12947000,192000000,192000000,204947000,204947000,226980000,227930000,10000000,10000000,12033000,12983000,0,0,12947000,12947000,192000000,192000000,204947000,204947000,10000010,23773120,10000000,10000000,10,13773120
293,402736000,1194186000,10000000,10000000,538000,1803000,263395000,1053580000,1803000,1803000,127000000,127000000,128803000,128803000,139341000,140606000,10000000,10000000,538000,1803000,0,0,1803000,1803000,127000000,127000000,128803000,128803000,10000010,23234070,10000000,10000000,10,13234070
323,467407000,1143806000,10000000,10000000,791000,1299000,263395000,790185000,1221000,2322000,192000000,340000000,193221000,342322000,204012000,353621000,10000000,10000000,791000,1299000,0,0,1221000,2322000,192000000,340000000,193221000,342322000,10000010,12720100,10000000,10000000,10,2720100
353,493630000,758060000,10000000,10000000,17100000,18135000,263395000,526790000,18135000,18135000,185000000,185000000,203135000,203135000,230235000,231270000,10000000,10000000,17100000,18135000,0,0,18135000,18135000,185000000,185000000,203135000,203135000,10000010,17594100,10000000,10000000,10,7594100
383,276339000,540758000,10000000,10000000,2944000,3968000,263395000,526790000,0,0,0,0,0,0,12944000,13968000,10000000,10000000,2944000,3968000,0,0,0,0,0,0,0,0,10000010,10000000,10000000,10000000,10,0
413,436170000,699904000,10000000,10000000,718000,1057000,263395000,526790000,1057000,1057000,161000000,161000000,162057000,162057000,172775000,173114000,10000000,10000000,718000,1057000,0,0,1057000,1057000,161000000,161000000,162057000,162057000,10000010,24870110,10000000,10000000,10,14870110
24,300824000,301025000,10000000,10000000,12614000,12815000,263395000,263395000,12815000,12815000,2000000,2000000,14815000,14815000,37429000,37630000,10000000,10000000,12614000,12815000,0,0,12815000,12815000,2000000,2000000,14815000,14815000,10000010,10000000,10000000,10000000,10,0
54,284339000,284926000,10000000,10000000,10944000,11531000,263395000,263395000,0,0,0,0,0,0,20944000,21531000,10000000,10000000,10944000,11531000,0,0,0,0,0,0,0,0,10000010,10000000,10000000,10000000,10,0
84,293236000,293363000,10000000,10000000,2857000,2984000,263395000,263395000,2984000,2984000,14000000,14000000,16984000,16984000,29841000,29968000,10000000,10000000,2857000,2984000,0,0,2984000,2984000,14000000,14000000,16984000,16984000,10000010,12528050,10000000,10000000,10,2528050
114,467476000,467667000,10000000,10000000,445000,636000,263395000,263395000,636000,636000,193000000,193000000,193636000,193636000,204081000,204272000,10000000,10000000,445000,636000,0,0,636000,636000,193000000,193000000,193636000,193636000,10000010,10505020,10000000,10000000,10,505020
144,319660000,321789000,10000000,10000000,1568000,3697000,263395000,263395000,3697000,3697000,41000000,41000000,44697000,44697000,56265000,58394000,10000000,10000000,1568000,3697000,0,0,3697000,3697000,41000000,41000000,44697000,44697000,10000010,20849030,10000000,10000000,10,10849030
174,293349000,293533000,10000000,10000000,4385000,4569000,263395000,263395000,4569000,4569000,11000000,11000000,15569000,15569000,29954000,30138000,10000000,10000000,4385000,4569000,0,0,4569000,4569000,11000000,11000000,15569000,15569000,10000010,11250030,10000000,10000000,10,1250030
204,454656000,455481000,10000000,10000000,10718000,11543000,263395000,263395000,11543000,11543000,159000000,159000000,170543000,170543000,191261000,192086000,10000000,10000000,10718000,11543000,0,0,11543000,11543000,159000000,159000000,170543000,170543000,10000010,22195080,10000000,10000000,10,12195080
234,290745000,291138000,10000000,10000000,17350000,17743000,263395000,263395000,0,0,0,0,0,0,27350000,27743000,10000000,10000000,17350000,17743000,0,0,0,0,0,0,0,0,10000010,10000000,10000000,10000000,10,0
264,464637000,728466000,10000000,10000000,1904000,2338000,263395000,526790000,2338000,2338000,187000000,187000000,189338000,189338000,201242000,201676000,10000000,10000000,1904000,2338000,0,0,2338000,2338000,187000000,187000000,189338000,189338000,10000010,11785050,10000000,10000000,10,1785050
294,463726000,727738000,10000000,10000000,2857000,3474000,263395000,526790000,3474000,3474000,184000000,184000000,187474000,187474000,200331000,200948000,10000000,10000000,2857000,3474000,0,0,3474000,3474000,184000000,184000000,187474000,187474000,10000010,14057130,10000000,10000000,10,4057130
324,287483000,814939000,10000000,10000000,14088000,14754000,263395000,790185000,0,0,0,0,0,0,24088000,24754000,10000000,10000000,14088000,14754000,0,0,0,0,0,0,0,0,10000010,10000000,10000000,10000000,10,0
354,491470000,756830000,10000000,10000000,16170000,17905000,263395000,526790000,17905000,18135000,184000000,184000000,201905000,202135000,228075000,230040000,10000000,10000000,16170000,17905000,0,0,17905000,18135000,184000000,184000000,201905000,202135000,10000010,16664090,10000000,10000000,10,6664090
384,468597000,732238000,10000000,10000000,2478000,2724000,263395000,526790000,2724000,2724000,190000000,190000000,192724000,192724000,205202000,205448000,10000000,10000000,2478000,2724000,0,0,2724000,2724000,190000000,190000000,192724000,192724000,10000010,12491060,10000000,10000000,10,2491060
414,274445000,275036000,10000000,10000000,1050000,1641000,263395000,263395000,0,0,0,0,0,0,11050000,11641000,10000000,10000000,1050000,1641000,0,0,0,0,0,0,0,0,10000010,10000000,10000000,10000000,10,0
25,437188000,437565000,10000000,10000000,11208000,11585000,263395000,263395000,11585000,11585000,141000000,141000000,152585000,152585000,173793000,174170000,10000000,10000000,11208000,11585000,0,0,11585000,11585000,141000000,141000000,152585000,152585000,10000010,12262050,10000000,10000000,10,2262050
55,284603000,284750000,10000000,10000000,11208000,11355000,263395000,263395000,0,0,0,0,0,0,21208000,21355000,10000000,10000000,11208000,11355000,0,0,0,0,0,0,0,0,10000010,10000000,10000000,10000000,10,0
85,470902000,471021000,10000000,10000000,3194000,3313000,263395000,263395000,3313000,3313000,191000000,191000000,194313000,194313000,207507000,207626000,10000000,10000000,3194000,3313000,0,0,3313000,3313000,191000000,191000000,194313000,194313000,10000010,14165110,10000000,10000000,10,4165110
115,406554000,407379000,10000000,10000000,667000,1492000,263395000,263395000,1492000,1492000,131000000,131000000,132492000,132492000,143159000,143984000,10000000,10000000,667000,1492000,0,0,1492000,1492000,131000000,131000000,132492000,132492000,10000010,21383050,10000000,10000000,10,11383050
145,434964000,435789000,10000000,10000000,2872000,3697000,263395000,263395000,3697000,3697000,155000000,155000000,158697000,158697000,171569000,172394000,10000000,10000000,2872000,3697000,0,0,3697000,3697000,155000000,155000000,158697000,158697000,10000010,23520080,10000000,10000000,10,13520080
175,286165000,286270000,10000000,10000000,4385000,4490000,263395000,263395000,4385000,4385000,4000000,4000000,8385000,8385000,22770000,22875000,10000000,10000000,4385000,4490000,0,0,4385000,4385000,4000000,4000000,8385000,8385000,10000010,10425030,10000000,10000000,10,425030
205,400508000,401077000,10000000,10000000,13772000,14341000,263395000,263395000,14341000,14341000,99000000,99000000,113341000,113341000,137113000,137682000,10000000,10000000,13772000,14341000,0,0,14341000,14341000,99000000,99000000,113341000,113341000,10000010,24603090,10000000,10000000,10,14603090
235,415407000,415941000,10000000,10000000,9239000,9773000,263395000,263395000,9773000,9773000,123000000,123000000,132773000,132773000,152012000,152546000,10000000,10000000,9239000,9773000,0,0,9773000,9773000,123000000,123000000,132773000,132773000,10000010,22747060,10000000,10000000,10,12747060
265,464329000,728108000,10000000,10000000,1775000,2159000,263395000,526790000,2159000,2159000,187000000,187000000,189159000,189159000,200934000,201318000,10000000,10000000,1775000,2159000,0,0,2159000,2159000,187000000,187000000,189159000,189159000,10000010,11936060,10000000,10000000,10,1936060
295,467872000,995495000,10000000,10000000,2322000,3155000,263395000,790185000,3155000,3155000,189000000,189000000,192155000,192155000,204477000,205310000,10000000,10000000,2322000,3155000,0,0,3155000,3155000,189000000,189000000,192155000,192155000,10000010,13522120,10000000,10000000,10,3522120
325,288035000,288149000,10000000,10000000,14640000,14754000,263395000,263395000,0,0,0,0,0,0,24640000,24754000,10000000,10000000,14640000,14754000,0,0,0,0,0,0,0,0,10000010,10000000,10000000,10000000,10,0
355,304732000,568233000,10000000,10000000,2618000,2724000,263395000,526790000,2719000,2719000,26000000,26000000,28719000,28719000,41337000,41443000,10000000,10000000,2618000,2724000,0,0,2719000,2719000,26000000,26000000,28719000,28719000,10000010,12012040,10000000,10000000,10,2012040
385,471269000,735026000,10000000,10000000,2256000,2618000,263395000,526790000,2618000,2618000,193000000,193000000,195618000,195618000,207874000,208236000,10000000,10000000,2256000,2618000,0,0,2618000,2618000,193000000,193000000,195618000,195618000,10000010,12269050,10000000,10000000,10,2269050
415,453353000,981793000,10000000,10000000,1654000,3304000,263395000,790185000,3304000,3304000,175000000,175000000,178304000,178304000,189958000,191608000,10000000,10000000,1654000,3304000,0,0,3304000,3304000,175000000,175000000,178304000,178304000,10000010,13088110,10000000,10000000,10,3088110
26,456765000,583389000,10000000,10000000,11585000,11785000,263395000,263395000,11785000,18209000,160000000,280000000,171785000,298209000,193370000,319994000,10000000,10000000,11585000,11785000,0,0,11785000,18209000,160000000,280000000,171785000,298209000,10000010,16424090,10000000,10000000,10,6424090
56,435547000,435811000,10000000,10000000,10944000,11208000,263395000,263395000,11208000,11208000,140000000,140000000,151208000,151208000,172152000,172416000,10000000,10000000,10944000,11208000,0,0,11208000,11208000,140000000,140000000,151208000,151208000,10000010,12515050,10000000,10000000,10,2515050
86,469570000,469902000,10000000,10000000,2981000,3194000,263395000,263395000,3194000,3313000,190000000,190000000,193194000,193313000,206175000,206507000,10000000,10000000,2981000,3194000,0,0,3194000,3313000,190000000,190000000,193194000,193313000,10000010,13952100,10000000,10000000,10,3952100
116,467507000,467729000,10000000,10000000,445000,667000,263395000,263395000,667000,667000,193000000,193000000,193667000,193667000,204112000,204334000,10000000,10000000,445000,667000,0,0,667000,667000,193000000,193000000,193667000,193667000,10000010,21161040,10000000,10000000,10,11161040
146,304653000,315875000,10000000,10000000,2129000,2423000,263395000,263395000,2129000,1057000,27000000,39000000,29129000,40057000,41258000,52480000,10000000,10000000,2129000,2423000,0,0,2129000,1057000,27000000,39000000,29129000,40057000,10000010,11954040,10000000,10000000,10,1954040
176,289363000,289688000,10000000,10000000,15968000,16293000,263395000,263395000,0,0,0,0,0,0,25968000,26293000,10000000,10000000,15968000,16293000,0,0,0,0,0,0,0,0,10000010,10000000,10000000,10000000,10,0
206,284458000,284664000,10000000,10000000,11063000,11269000,263395000,263395000,0,0,0,0,0,0,21063000,21269000,10000000,10000000,11063000,11269000,0,0,0,0,0,0,0,0,10000010,10000000,10000000,10000000,10,0
236,276675000,276816000,10000000,10000000,3280000,3421000,263395000,263395000,0,0,0,0,0,0,13280000,13421000,10000000,10000000,3280000,3421000,0,0,0,0,0,0,0,0,10000010,10000000,10000000,10000000,10,0
266,459717000,723758000,10000000,10000000,2338000,2984000,263395000,526790000,2984000,2984000,181000000,181000000,183984000,183984000,196322000,196968000,10000000,10000000,2338000,2984000,0,0,2984000,2984000,181000000,181000000,183984000,183984000,10000010,11537060,10000000,10000000,10,1537060
296,469689000,733416000,10000000,10000000,2981000,3313000,263395000,526790000,3313000,3313000,190000000,190000000,193313000,193313000,206294000,206626000,10000000,10000000,2981000,3313000,0,0,3313000,3313000,190000000,190000000,193313000,193313000,10000010,13952100,10000000,10000000,10,3952100
326,472511000,1264100000,10000000,10000000,12368000,13772000,263395000,1053580000,13748000,13748000,173000000,173000000,186748000,186748000,209116000,210520000,10000000,10000000,12368000,13772000,0,0,13748000,13748000,173000000,173000000,186748000,186748000,10000010,23845100,10000000,10000000,10,13845100
356,282166000,546238000,10000000,10000000,2047000,2724000,263395000,526790000,2724000,2724000,4000000,4000000,6724000,6724000,18771000,19448000,10000000,10000000,2047000,2724000,0,0,2724000,2724000,4000000,4000000,6724000,6724000,10000010,10000000,10000000,10000000,10,0
386,399544000,663648000,10000000,10000000,1220000,1929000,263395000,526790000,1929000,1929000,123000000,123000000,124929000,124929000,136149000,136858000,10000000,10000000,1220000,1929000,0,0,1929000,1929000,123000000,123000000,124929000,124929000,10000010,25372140,10000000,10000000,10,15372140
416,432139000,960579000,10000000,10000000,2047000,3697000,263395000,790185000,3697000,3697000,153000000,153000000,156697000,156697000,168744000,170394000,10000000,10000000,2047000,3697000,0,0,3697000,3697000,153000000,153000000,156697000,156697000,10000010,22695090,10000000,10000000,10,12695090
27,323722000,323879000,10000000,10000000,11585000,11742000,263395000,263395000,11742000,11742000,27000000,27000000,38742000,38742000,60327000,60484000,10000000,10000000,11585000,11742000,0,0,11742000,11742000,27000000,27000000,38742000,38742000,10000010,16624100,10000000,10000000,10,6624100
57,284339000,284820000,10000000,10000000,10944000,11425000,263395000,263395000,0,0,0,0,0,0,20944000,21425000,10000000,10000000,10944000,11425000,0,0,0,0,0,0,0,0,10000010,10000000,10000000,10000000,10,0
87,468419000,468817000,10000000,10000000,3313000,3711000,263395000,263395000,3711000,3711000,188000000,188000000,191711000,191711000,205024000,205422000,10000000,10000000,3313000,3711000,0,0,3711000,3711000,188000000,188000000,191711000,191711000,10000010,14284120,10000000,10000000,10,4284120
117,278130000,278379000,10000000,10000000,1243000,1492000,263395000,263395000,1492000,1492000,2000000,2000000,3492000,3492000,14735000,14984000,10000000,10000000,1243000,1492000,0,0,1492000,1492000,2000000,2000000,3492000,3492000,10000010,10825010,10000000,10000000,10,825010
147,446453000,446653000,10000000,10000000,1929000,2129000,263395000,263395000,2129000,2129000,169000000,169000000,171129000,171129000,183058000,183258000,10000000,10000000,1929000,2129000,0,0,2129000,2129000,169000000,169000000,171129000,171129000,10000010,26081130,10000000,10000000,10,16081130
177,289688000,290054000,10000000,10000000,16293000,16659000,263395000,263395000,0,0,0,0,0,0,26293000,26659000,10000000,10000000,16293000,16659000,0,0,0,0,0,0,0,0,10000010,10000000,10000000,10000000,10,0
207,371437000,371521000,10000000,10000000,10979000,11063000,263395000,263395000,11063000,11063000,76000000,76000000,87063000,87063000,108042000,108126000,10000000,10000000,10979000,11063000,0,0,11063000,11063000,76000000,76000000,87063000,87063000,10000010,21363060,10000000,10000000,10,11363060
237,395630000,395975000,10000000,10000000,445000,790000,263395000,263395000,790000,790000,121000000,121000000,121790000,121790000,132235000,132580000,10000000,10000000,445000,790000,0,0,790000,790000,121000000,121000000,121790000,121790000,10000010,24652080,10000000,10000000,10,14652080
267,460332000,724346000,10000000,10000000,2159000,2778000,263395000,526790000,2778000,2778000,182000000,182000000,184778000,184778000,196937000,197556000,10000000,10000000,2159000,2778000,0,0,2778000,2778000,182000000,182000000,184778000,184778000,10000010,12040060,10000000,10000000,10,2040060
297,467300000,731212000,10000000,10000000,3194000,3711000,263395000,526790000,3711000,3711000,187000000,187000000,190711000,190711000,203905000,204422000,10000000,10000000,3194000,3711000,0,0,3711000,3711000,187000000,187000000,190711000,190711000,10000010,14165110,10000000,10000000,10,4165110
327,396917000,661748000,10000000,10000000,11543000,12979000,263395000,526790000,12979000,12979000,99000000,99000000,111979000,111979000,133522000,134958000,10000000,10000000,11543000,12979000,0,0,12979000,12979000,99000000,99000000,111979000,111979000,10000010,23020090,10000000,10000000,10,13020090
357,291168000,554962000,10000000,10000000,3881000,4280000,263395000,526790000,3892000,3892000,10000000,10000000,13892000,13892000,27773000,28172000,10000000,10000000,3881000,4280000,0,0,3892000,3892000,10000000,10000000,13892000,13892000,10000010,11971030,10000000,10000000,10,1971030
387,415101000,942539000,10000000,10000000,1057000,1705000,263395000,790185000,1649000,1649000,139000000,139000000,140649000,140649000,151706000,152354000,10000000,10000000,1057000,1705000,0,0,1649000,1649000,139000000,139000000,140649000,140649000,10000010,25209130,10000000,10000000,10,15209130
417,276729000,804344000,10000000,10000000,667000,1492000,263395000,790185000,667000,667000,2000000,2000000,2667000,2667000,13334000,14159000,10000000,10000000,667000,1492000,0,0,667000,667000,2000000,2000000,2667000,2667000,10000010,10000000,10000000,10000000,10,0
28,491794000,492623000,10000000,10000000,11785000,12614000,263395000,263395000,12614000,12614000,194000000,194000000,206614000,206614000,228399000,229228000,10000000,10000000,11785000,12614000,0,0,12614000,12614000,194000000,194000000,206614000,206614000,10000010,10227010,10000000,10000000,10,227010
58,436626000,436969000,10000000,10000000,10944000,11287000,263395000,263395000,11287000,11287000,141000000,141000000,152287000,152287000,173231000,173574000,10000000,10000000,10944000,11287000,0,0,11287000,11287000,141000000,141000000,152287000,152287000,10000010,22684090,10000000,10000000,10,12684090
88,422849000,532087000,10000000,10000000,2473000,2981000,263395000,263395000,2981000,3711000,144000000,252000000,146981000,255711000,159454000,268692000,10000000,10000000,2473000,2981000,0,0,2981000,3711000,144000000,252000000,146981000,255711000,10000010,14402140,10000000,10000000,10,4402140
118,347373000,380799000,10000000,10000000,915000,11063000,263395000,263395000,11063000,14341000,62000000,82000000,73063000,96341000,83978000,117404000,10000000,10000000,915000,11063000,0,0,11063000,14341000,62000000,82000000,73063000,96341000,10000010,14256070,10000000,10000000,10,4256070
148,347553000,347773000,10000000,10000000,1469000,1689000,263395000,263395000,1689000,1689000,71000000,71000000,72689000,72689000,84158000,84378000,10000000,10000000,1469000,1689000,0,0,1689000,1689000,71000000,71000000,72689000,72689000,10000010,21363060,10000000,10000000,10,11363060
178,290054000,290997000,10000000,10000000,16659000,17602000,263395000,263395000,0,0,0,0,0,0,26659000,27602000,10000000,10000000,16659000,17602000,0,0,0,0,0,0,0,0,10000010,10000000,10000000,10000000,10,0
208,406631000,406909000,10000000,10000000,10979000,11257000,263395000,263395000,11257000,11257000,111000000,111000000,122257000,122257000,143236000,143514000,10000000,10000000,10979000,11257000,0,0,11257000,11257000,111000000,111000000,122257000,122257000,10000010,22105070,10000000,10000000,10,12105070
238,336395000,363755000,10000000,10000000,0,445000,263395000,263395000,0,915000,63000000,89000000,63000000,89915000,73000000,100360000,10000000,10000000,0,445000,0,0,0,915000,63000000,89000000,63000000,89915000,10000010,22534040,10000000,10000000,10,12534040
268,275335000,275603000,10000000,10000000,1940000,2208000,263395000,263395000,0,0,0,0,0,0,11940000,12208000,10000000,10000000,1940000,2208000,0,0,0,0,0,0,0,0,10000010,10000000,10000000,10000000,10,0
298,421698000,794482000,10000000,10000000,2322000,2981000,263395000,526790000,2981000,3711000,143000000,251000000,145981000,254711000,158303000,267692000,10000000,10000000,2322000,2981000,0,0,2981000,3711000,143000000,251000000,145981000,254711000,10000010,14251150,10000000,10000000,10,4251150
328,284938000,549344000,10000000,10000000,11543000,12554000,263395000,526790000,0,0,0,0,0,0,21543000,22554000,10000000,10000000,11543000,12554000,0,0,0,0,0,0,0,0,10000010,10000000,10000000,10000000,10,0
358,474235000,738350000,10000000,10000000,3560000,4280000,263395000,526790000,4280000,4280000,193000000,193000000,197280000,197280000,210840000,211560000,10000000,10000000,3560000,4280000,0,0,4280000,4280000,193000000,193000000,197280000,197280000,10000010,11650020,10000000,10000000,10,1650020
388,322691000,864930000,10000000,10000000,13955000,14973000,263395000,790185000,14341000,13772000,21000000,36000000,35341000,49772000,59296000,74745000,10000000,10000000,13955000,14973000,0,0,14341000,13772000,21000000,36000000,35341000,49772000,10000010,14963070,10000000,10000000,10,4963070
418,298770000,827210000,10000000,10000000,2119000,3769000,263395000,790185000,2256000,2256000,21000000,21000000,23256000,23256000,35375000,37025000,10000000,10000000,2119000,3769000,0,0,2256000,2256000,21000000,21000000,23256000,23256000,10000010,10774030,10000000,10000000,10,774030
29,457666000,594090000,10000000,10000000,11785000,12486000,263395000,263395000,12486000,18209000,160000000,290000000,172486000,308209000,194271000,330695000,10000000,10000000,11785000,12486000,0,0,12486000,18209000,160000000,290000000,172486000,308209000,10000010,15723080,10000000,10000000,10,5723080
59,374045000,374745000,10000000,10000000,10475000,11175000,263395000,263395000,11175000,11175000,79000000,79000000,90175000,90175000,110650000,111350000,10000000,10000000,10475000,11175000,0,0,11175000,11175000,79000000,79000000,90175000,90175000,10000010,10702010,10000000,10000000,10,702010
89,447661000,447979000,10000000,10000000,3474000,3792000,263395000,263395000,3792000,3792000,167000000,167000000,170792000,170792000,184266000,184584000,10000000,10000000,3474000,3792000,0,0,3792000,3792000,167000000,167000000,170792000,170792000,10000010,14674150,10000000,10000000,10,4674150
119,403917000,404225000,10000000,10000000,607000,915000,263395000,263395000,915000,915000,129000000,129000000,129915000,129915000,140522000,140830000,10000000,10000000,607000,915000,0,0,915000,915000,129000000,129000000,129915000,129915000,10000010,21593070,10000000,10000000,10,11593070
149,401691000,401773000,10000000,10000000,1607000,1689000,263395000,263395000,1689000,1689000,125000000,125000000,126689000,126689000,138296000,138378000,10000000,10000000,1607000,1689000,0,0,1689000,1689000,125000000,125000000,126689000,126689000,10000010,22255080,10000000,10000000,10,12255080
179,290997000,291309000,10000000,10000000,17602000,17914000,263395000,263395000,0,0,0,0,0,0,27602000,27914000,10000000,10000000,17602000,17914000,0,0,0,0,0,0,0,0,10000010,10000000,10000000,10000000,10,0
209,399831000,400092000,10000000,10000000,10718000,10979000,263395000,263395000,10718000,10718000,105000000,105000000,115718000,115718000,136436000,136697000,10000000,10000000,10718000,10979000,0,0,10718000,10718000,105000000,105000000,115718000,115718000,10000010,21500060,10000000,10000000,10,11500060
239,403468000,403541000,10000000,10000000,0,73000,263395000,263395000,73000,73000,130000000,130000000,130073000,130073000,140073000,140146000,10000000,10000000,0,73000,0,0,73000,73000,130000000,130000000,130073000,130073000,10000010,22979050,10000000,10000000,10,12979050
269,324855000,589075000,10000000,10000000,2479000,3304000,263395000,526790000,2981000,2981000,46000000,46000000,48981000,48981000,61460000,62285000,10000000,10000000,2479000,3304000,0,0,2981000,2981000,46000000,46000000,48981000,48981000,10000010,12618080,10000000,10000000,10,2618080
299,468062000,995802000,10000000,10000000,2473000,3304000,263395000,790185000,3194000,3313000,189000000,189000000,192194000,192313000,204667000,205617000,10000000,10000000,2473000,3304000,0,0,3194000,3313000,189000000,189000000,192194000,192313000,10000010,13443090,10000000,10000000,10,3443090
329,285763000,285949000,10000000,10000000,12368000,12554000,263395000,263395000,0,0,0,0,0,0,22368000,22554000,10000000,10000000,12368000,12554000,0,0,0,0,0,0,0,0,10000010,10000000,10000000,10000000,10,0
359,472420000,736400000,10000000,10000000,3905000,4120000,263395000,526790000,4120000,4490000,191000000,191000000,195120000,195490000,209025000,209610000,10000000,10000000,3905000,4120000,0,0,4120000,4490000,191000000,191000000,195120000,195490000,10000010,10370020,10000000,10000000,10,370020
389,283152000,283188000,10000000,10000000,9757000,9793000,263395000,263395000,0,0,0,0,0,0,19757000,19793000,10000000,10000000,9757000,9793000,0,0,0,0,0,0,0,0,10000010,10000000,10000000,10000000,10,0
419,291524000,819323000,10000000,10000000,3560000,4569000,263395000,790185000,4569000,4569000,10000000,10000000,14569000,14569000,28129000,29138000,10000000,10000000,3560000,4569000,0,0,4569000,4569000,10000000,10000000,14569000,14569000,10000010,10425030,10000000,10000000,10,425030
30,457253000,457841000,10000000,10000000,13135000,13723000,263395000,263395000,13723000,13723000,157000000,157000000,170723000,170723000,193858000,194446000,10000000,10000000,13135000,13723000,0,0,13723000,13723000,157000000,157000000,170723000,170723000,10000010,14242060,10000000,10000000,10,4242060
60,412145000,412745000,10000000,10000000,10575000,11175000,263395000,263395000,11175000,11175000,117000000,117000000,128175000,128175000,148750000,149350000,10000000,10000000,10575000,11175000,0,0,11175000,11175000,117000000,117000000,128175000,128175000,10000010,11336010,10000000,10000000,10,1336010
90,309979000,310051000,10000000,10000000,3792000,3864000,263395000,263395000,3792000,3792000,29000000,29000000,32792000,32792000,46584000,46656000,10000000,10000000,3792000,3864000,0,0,3792000,3792000,29000000,29000000,32792000,32792000,10000010,13722090,10000000,10000000,10,3722090
120,469535000,469845000,10000000,10000000,915000,1225000,263395000,263395000,1225000,1225000,194000000,194000000,195225000,195225000,206140000,206450000,10000000,10000000,915000,1225000,0,0,1225000,1225000,194000000,194000000,195225000,195225000,10000010,21563040,10000000,10000000,10,11563040
150,465981000,466813000,10000000,10000000,17377000,18209000,263395000,263395000,18209000,18209000,157000000,157000000,175209000,175209000,202586000,203418000,10000000,10000000,17377000,18209000,0,0,18209000,18209000,157000000,157000000,175209000,175209000,10000010,17493110,10000000,10000000,10,7493110
180,290997000,291513000,10000000,10000000,17602000,18118000,263395000,263395000,0,0,0,0,0,0,27602000,28118000,10000000,10000000,17602000,18118000,0,0,0,0,0,0,0,0,10000010,10000000,10000000,10000000,10,0
210,335558000,345831000,10000000,10000000,445000,10718000,263395000,263395000,10718000,10718000,51000000,51000000,61718000,61718000,72163000,82436000,10000000,10000000,445000,10718000,0,0,10718000,10718000,51000000,51000000,61718000,61718000,10000010,13911050,10000000,10000000,10,3911050
240,277287000,277975000,10000000,10000000,3892000,4580000,263395000,263395000,0,0,0,0,0,0,13892000,14580000,10000000,10000000,3892000,4580000,0,0,0,0,0,0,0,0,10000010,10000000,10000000,10000000,10,0
270,465941000,1256806000,10000000,10000000,1642000,2322000,263395000,1053580000,1904000,1904000,189000000,189000000,190904000,190904000,202546000,203226000,10000000,10000000,1642000,2322000,0,0,1904000,1904000,189000000,189000000,190904000,190904000,10000010,13571130,10000000,10000000,10,3571130
300,290343000,554128000,10000000,10000000,3474000,3864000,263395000,526790000,3474000,3474000,10000000,10000000,13474000,13474000,26948000,27338000,10000000,10000000,3474000,3864000,0,0,3474000,3474000,10000000,10000000,13474000,13474000,10000010,13258080,10000000,10000000,10,3258080
330,324990000,852465000,10000000,10000000,13955000,14640000,263395000,790185000,14640000,14640000,23000000,23000000,37640000,37640000,61595000,62280000,10000000,10000000,13955000,14640000,0,0,14640000,14640000,23000000,23000000,37640000,37640000,10000010,16478100,10000000,10000000,10,6478100
360,471020000,735345000,10000000,10000000,3560000,4065000,263395000,526790000,4065000,4490000,190000000,190000000,194065000,194490000,207625000,208555000,10000000,10000000,3560000,4065000,0,0,4065000,4490000,190000000,190000000,194065000,194490000,10000010,10425030,10000000,10000000,10,425030
390,356176000,619916000,10000000,10000000,10718000,11063000,263395000,526790000,11063000,11063000,61000000,61000000,72063000,72063000,92781000,93126000,10000000,10000000,10718000,11063000,0,0,11063000,11063000,61000000,61000000,72063000,72063000,10000010,23332060,10000000,10000000,10,13332060
420,470883000,999323000,10000000,10000000,2919000,4569000,263395000,790185000,4569000,4569000,190000000,190000000,194569000,194569000,207488000,209138000,10000000,10000000,2919000,4569000,0,0,4569000,4569000,190000000,190000000,194569000,194569000,10000010,10825010,10000000,10000000,10,825010
