,ssdn_lo,ssdn_hi,ssdn_detection_lo,ssdn_detection_hi,ssdn_notification_lo,ssdn_notification_hi,ssdn_computation_lo,ssdn_computation_hi,ssdn_transference_lo,ssdn_transference_hi,ssdn_installation_lo,ssdn_installation_hi,ssdn_update_lo,ssdn_update_hi,pcsdn_lo,pcsdn_hi,pcsdn_detection_lo,pcsdn_detection_hi,pcsdn_notification_lo,pcsdn_notification_hi,pcsdn_computation_lo,pcsdn_computation_hi,pcsdn_transference_lo,pcsdn_transference_hi,pcsdn_installation_lo,pcsdn_installation_hi,pcsdn_update_lo,pcsdn_update_hi,felix_lo,felix_hi,felix_detection_lo,felix_detection_hi,felix_coordination_lo,felix_coordination_hi
1,1089506000,1091506000,1000000,1000000,17000000,19000000,634506000,634506000,17000000,17000000,420000000,420000000,437000000,437000000,455000000,457000000,1000000,1000000,17000000,19000000,0,0,17000000,17000000,420000000,420000000,437000000,437000000,1000010,48000020,1000000,1000000,10,47000020
31,723506000,723506000,1000000,1000000,19000000,19000000,634506000,634506000,19000000,19000000,50000000,50000000,69000000,69000000,89000000,89000000,1000000,1000000,19000000,19000000,0,0,19000000,19000000,50000000,50000000,69000000,69000000,1000010,23000010,1000000,1000000,10,22000010
61,3016506000,3017506000,1000000,1000000,10000000,11000000,634506000,634506000,11000000,11000000,2360000000,2360000000,2371000000,2371000000,2382000000,2383000000,1000000,1000000,10000000,11000000,0,0,11000000,11000000,2360000000,2360000000,2371000000,2371000000,1000010,87000040,1000000,1000000,10,86000040
91,3154506000,3155506000,1000000,1000000,19000000,20000000,634506000,634506000,20000000,20000000,2480000000,2480000000,2500000000,2500000000,2520000000,2521000000,1000000,1000000,19000000,20000000,0,0,20000000,20000000,2480000000,2480000000,2500000000,2500000000,1000010,23000010,1000000,1000000,10,22000010
121,3438506000,3439506000,1000000,1000000,1000000,2000000,634506000,634506000,2000000,2000000,2800000000,2800000000,2802000000,2802000000,2804000000,2805000000,1000000,1000000,1000000,2000000,0,0,2000000,2000000,2800000000,2800000000,2802000000,2802000000,1000010,83000030,1000000,1000000,10,82000030
151,1430506000,1431506000,1000000,1000000,7000000,8000000,634506000,634506000,8000000,8000000,780000000,780000000,788000000,788000000,796000000,797000000,1000000,1000000,7000000,8000000,0,0,8000000,8000000,780000000,780000000,788000000,788000000,1000010,9000020,1000000,1000000,10,8000020
181,2285506000,2285506000,1000000,1000000,20000000,20000000,634506000,634506000,20000000,20000000,1610000000,1610000000,1630000000,1630000000,1651000000,1651000000,1000000,1000000,20000000,20000000,0,0,20000000,20000000,1610000000,1610000000,1630000000,1630000000,1000010,28000040,1000000,1000000,10,27000040
211,1105506000,1105506000,1000000,1000000,20000000,20000000,634506000,634506000,20000000,20000000,430000000,430000000,450000000,450000000,471000000,471000000,1000000,1000000,20000000,20000000,0,0,20000000,20000000,430000000,430000000,450000000,450000000,1000010,2000010,1000000,1000000,10,1000010
241,681506000,682506000,1000000,1000000,8000000,9000000,634506000,634506000,8000000,8000000,30000000,30000000,38000000,38000000,47000000,48000000,1000000,1000000,8000000,9000000,0,0,8000000,8000000,30000000,30000000,38000000,38000000,1000010,2000010,1000000,1000000,10,1000010
271,2322506000,2323506000,1000000,1000000,8000000,9000000,634506000,634506000,9000000,9000000,1670000000,1670000000,1679000000,1679000000,1688000000,1689000000,1000000,1000000,8000000,9000000,0,0,9000000,9000000,1670000000,1670000000,1679000000,1679000000,1000010,17000040,1000000,1000000,10,16000040
301,2594506000,2595506000,1000000,1000000,9000000,10000000,634506000,634506000,10000000,10000000,1940000000,1940000000,1950000000,1950000000,1960000000,1961000000,1000000,1000000,9000000,10000000,0,0,10000000,10000000,1940000000,1940000000,1950000000,1950000000,1000010,17000040,1000000,1000000,10,16000040
331,3052506000,3053506000,1000000,1000000,8000000,9000000,634506000,634506000,9000000,9000000,2400000000,2400000000,2409000000,2409000000,2418000000,2419000000,1000000,1000000,8000000,9000000,0,0,9000000,9000000,2400000000,2400000000,2409000000,2409000000,1000010,34000020,1000000,1000000,10,33000020
361,681506000,682506000,1000000,1000000,8000000,9000000,634506000,634506000,8000000,8000000,30000000,30000000,38000000,38000000,47000000,48000000,1000000,1000000,8000000,9000000,0,0,8000000,8000000,30000000,30000000,38000000,38000000,1000010,2000010,1000000,1000000,10,1000010
391,1953506000,1953506000,1000000,1000000,9000000,9000000,634506000,634506000,9000000,9000000,1300000000,1300000000,1309000000,1309000000,1319000000,1319000000,1000000,1000000,9000000,9000000,0,0,9000000,9000000,1300000000,1300000000,1309000000,1309000000,1000010,17000030,1000000,1000000,10,16000030
421,2401506000,2401506000,1000000,1000000,13000000,13000000,634506000,634506000,13000000,13000000,1740000000,1740000000,1753000000,1753000000,1767000000,1767000000,1000000,1000000,13000000,13000000,0,0,13000000,13000000,1740000000,1740000000,1753000000,1753000000,1000010,3000010,1000000,1000000,10,2000010
451,2401506000,2401506000,1000000,1000000,13000000,13000000,634506000,634506000,13000000,13000000,1740000000,1740000000,1753000000,1753000000,1767000000,1767000000,1000000,1000000,13000000,13000000,0,0,13000000,13000000,1740000000,1740000000,1753000000,1753000000,1000010,3000010,1000000,1000000,10,2000010
481,2638506000,2641506000,1000000,1000000,0,3000000,634506000,634506000,3000000,3000000,2000000000,2000000000,2003000000,2003000000,2004000000,2007000000,1000000,1000000,0,3000000,0,0,3000000,3000000,2000000000,2000000000,2003000000,2003000000,1000010,45000050,1000000,1000000,10,44000050
511,3758506000,3759506000,1000000,1000000,46000000,47000000,634506000,634506000,47000000,47000000,3030000000,3030000000,3077000000,3077000000,3124000000,3125000000,1000000,1000000,46000000,47000000,0,0,47000000,47000000,3030000000,3030000000,3077000000,3077000000,1000010,14000050,1000000,1000000,10,13000050
541,1741506000,1742506000,1000000,1000000,18000000,19000000,634506000,634506000,18000000,18000000,1070000000,1070000000,1088000000,1088000000,1107000000,1108000000,1000000,1000000,18000000,19000000,0,0,18000000,18000000,1070000000,1070000000,1088000000,1088000000,1000010,73000020,1000000,1000000,10,72000020
571,2885506000,2885506000,1000000,1000000,10000000,10000000,634506000,634506000,10000000,10000000,2230000000,2230000000,2240000000,2240000000,2251000000,2251000000,1000000,1000000,10000000,10000000,0,0,10000000,10000000,2230000000,2230000000,2240000000,2240000000,1000010,50000020,1000000,1000000,10,49000020
601,3400506000,3401506000,1000000,1000000,7000000,8000000,634506000,634506000,8000000,8000000,2750000000,2750000000,2758000000,2758000000,2766000000,2767000000,1000000,1000000,7000000,8000000,0,0,8000000,8000000,2750000000,2750000000,2758000000,2758000000,1000010,27000040,1000000,1000000,10,26000040
631,2974506000,2975506000,1000000,1000000,9000000,10000000,634506000,634506000,10000000,10000000,2320000000,2320000000,2330000000,2330000000,2340000000,2341000000,1000000,1000000,9000000,10000000,0,0,10000000,10000000,2320000000,2320000000,2330000000,2330000000,1000010,84000020,1000000,1000000,10,83000020
661,2505506000,2505506000,1000000,1000000,10000000,10000000,634506000,634506000,10000000,10000000,1850000000,1850000000,1860000000,1860000000,1871000000,1871000000,1000000,1000000,10000000,10000000,0,0,10000000,10000000,1850000000,1850000000,1860000000,1860000000,1000010,43000020,1000000,1000000,10,42000020
691,1863506000,1879506000,1000000,1000000,1000000,17000000,634506000,634506000,17000000,17000000,1210000000,1210000000,1227000000,1227000000,1229000000,1245000000,1000000,1000000,1000000,17000000,0,0,17000000,17000000,1210000000,1210000000,1227000000,1227000000,1000010,10000020,1000000,1000000,10,9000020
721,1457506000,1457506000,1000000,1000000,1000000,1000000,634506000,634506000,1000000,1000000,820000000,820000000,821000000,821000000,823000000,823000000,1000000,1000000,1000000,1000000,0,0,1000000,1000000,820000000,820000000,821000000,821000000,1000010,19000020,1000000,1000000,10,18000020
751,1727506000,1727506000,1000000,1000000,1000000,1000000,634506000,634506000,1000000,1000000,1090000000,1090000000,1091000000,1091000000,1093000000,1093000000,1000000,1000000,1000000,1000000,0,0,1000000,1000000,1090000000,1090000000,1091000000,1091000000,1000010,82000040,1000000,1000000,10,81000040
781,2156506000,2157506000,1000000,1000000,0,1000000,634506000,634506000,1000000,1000000,1520000000,1520000000,1521000000,1521000000,1522000000,1523000000,1000000,1000000,0,1000000,0,0,1000000,1000000,1520000000,1520000000,1521000000,1521000000,1000010,45000050,1000000,1000000,10,44000050
811,1957506000,1957506000,1000000,1000000,1000000,1000000,634506000,634506000,1000000,1000000,1320000000,1320000000,1321000000,1321000000,1323000000,1323000000,1000000,1000000,1000000,1000000,0,0,1000000,1000000,1320000000,1320000000,1321000000,1321000000,1000010,19000020,1000000,1000000,10,18000020
841,1305506000,1309506000,1000000,1000000,8000000,12000000,634506000,634506000,12000000,12000000,650000000,650000000,662000000,662000000,671000000,675000000,1000000,1000000,8000000,12000000,0,0,12000000,12000000,650000000,650000000,662000000,662000000,1000010,11000030,1000000,1000000,10,10000030
871,2890506000,2891506000,1000000,1000000,7000000,8000000,634506000,634506000,8000000,8000000,2240000000,2240000000,2248000000,2248000000,2256000000,2257000000,1000000,1000000,7000000,8000000,0,0,8000000,8000000,2240000000,2240000000,2248000000,2248000000,1000010,86000030,1000000,1000000,10,85000030
901,2990506000,2991506000,1000000,1000000,7000000,8000000,634506000,634506000,8000000,8000000,2340000000,2340000000,2348000000,2348000000,2356000000,2357000000,1000000,1000000,7000000,8000000,0,0,8000000,8000000,2340000000,2340000000,2348000000,2348000000,1000010,8000010,1000000,1000000,10,7000010
931,645506000,646506000,1000000,1000000,10000000,11000000,634506000,634506000,0,0,0,0,0,0,11000000,12000000,1000000,1000000,10000000,11000000,0,0,0,0,0,0,0,0,1000010,1000000,1000000,1000000,10,0
961,1972506000,1973506000,1000000,1000000,8000000,9000000,634506000,634506000,9000000,9000000,1320000000,1320000000,1329000000,1329000000,1338000000,1339000000,1000000,1000000,8000000,9000000,0,0,9000000,9000000,1320000000,1320000000,1329000000,1329000000,1000010,38000040,1000000,1000000,10,37000040
991,2963506000,16936638000,1000000,1000000,8000000,22000000,634506000,14593638000,20000000,20000000,2300000000,2300000000,2320000000,2320000000,2329000000,2343000000,1000000,1000000,8000000,22000000,0,0,20000000,20000000,2300000000,2300000000,2320000000,2320000000,1000010,23000010,1000000,1000000,10,22000010
1021,3743506000,4384012000,1000000,1000000,41000000,47000000,634506000,1269012000,47000000,47000000,3020000000,3020000000,3067000000,3067000000,3109000000,3115000000,1000000,1000000,41000000,47000000,0,0,47000000,47000000,3020000000,3020000000,3067000000,3067000000,1000010,8000030,1000000,1000000,10,7000030
1051,3768506000,12022084000,1000000,1000000,5000000,10000000,634506000,8883084000,8000000,8000000,3120000000,3120000000,3128000000,3128000000,3134000000,3139000000,1000000,1000000,5000000,10000000,0,0,8000000,8000000,3120000000,3120000000,3128000000,3128000000,1000010,18000030,1000000,1000000,10,17000030
1081,3317506000,12204590000,1000000,1000000,5000000,9000000,634506000,9517590000,7000000,7000000,2670000000,2670000000,2677000000,2677000000,2683000000,2687000000,1000000,1000000,5000000,9000000,0,0,7000000,7000000,2670000000,2670000000,2677000000,2677000000,1000010,78000030,1000000,1000000,10,77000030
1111,3775506000,8223048000,1000000,1000000,7000000,13000000,634506000,5076048000,13000000,13000000,3120000000,3120000000,3133000000,3133000000,3141000000,3147000000,1000000,1000000,7000000,13000000,0,0,13000000,13000000,3120000000,3120000000,3133000000,3133000000,1000010,1000000,1000000,1000000,10,0
1141,3767506000,6950036000,1000000,1000000,1000000,11000000,634506000,3807036000,11000000,11000000,3120000000,3120000000,3131000000,3131000000,3133000000,3143000000,1000000,1000000,1000000,11000000,0,0,11000000,11000000,3120000000,3120000000,3131000000,3131000000,1000010,59000030,1000000,1000000,10,58000030
1171,671506000,3210530000,1000000,1000000,8000000,9000000,634506000,3172530000,8000000,8000000,20000000,20000000,28000000,28000000,37000000,38000000,1000000,1000000,8000000,9000000,0,0,8000000,8000000,20000000,20000000,28000000,28000000,1000010,1000000,1000000,1000000,10,0
1201,2449506000,6258542000,1000000,1000000,11000000,13000000,634506000,4441542000,13000000,13000000,1790000000,1790000000,1803000000,1803000000,1815000000,1817000000,1000000,1000000,11000000,13000000,0,0,13000000,13000000,1790000000,1790000000,1803000000,1803000000,1000010,34000020,1000000,1000000,10,33000020
1231,966506000,2236518000,1000000,1000000,10000000,11000000,634506000,1903518000,11000000,11000000,310000000,310000000,321000000,321000000,332000000,333000000,1000000,1000000,10000000,11000000,0,0,11000000,11000000,310000000,310000000,321000000,321000000,1000010,1000000,1000000,1000000,10,0
1261,650506000,1286012000,1000000,1000000,15000000,16000000,634506000,1269012000,0,0,0,0,0,0,16000000,17000000,1000000,1000000,15000000,16000000,0,0,0,0,0,0,0,0,1000010,1000000,1000000,1000000,10,0
2,2280506000,2281506000,1000000,1000000,17000000,18000000,634506000,634506000,18000000,18000000,1610000000,1610000000,1628000000,1628000000,1646000000,1647000000,1000000,1000000,17000000,18000000,0,0,18000000,18000000,1610000000,1610000000,1628000000,1628000000,1000010,75000030,1000000,1000000,10,74000030
32,3164506000,3165506000,1000000,1000000,19000000,20000000,634506000,634506000,20000000,20000000,2490000000,2490000000,2510000000,2510000000,2530000000,2531000000,1000000,1000000,19000000,20000000,0,0,20000000,20000000,2490000000,2490000000,2510000000,2510000000,1000010,23000010,1000000,1000000,10,22000010
62,2967506000,2969506000,1000000,1000000,10000000,12000000,634506000,634506000,12000000,12000000,2310000000,2310000000,2322000000,2322000000,2333000000,2335000000,1000000,1000000,10000000,12000000,0,0,12000000,12000000,2310000000,2310000000,2322000000,2322000000,1000010,69000040,1000000,1000000,10,68000040
92,3154506000,3155506000,1000000,1000000,19000000,20000000,634506000,634506000,20000000,20000000,2480000000,2480000000,2500000000,2500000000,2520000000,2521000000,1000000,1000000,19000000,20000000,0,0,20000000,20000000,2480000000,2480000000,2500000000,2500000000,1000010,23000010,1000000,1000000,10,22000010
122,1667506000,1667506000,1000000,1000000,1000000,1000000,634506000,634506000,1000000,1000000,1030000000,1030000000,1031000000,1031000000,1033000000,1033000000,1000000,1000000,1000000,1000000,0,0,1000000,1000000,1030000000,1030000000,1031000000,1031000000,1000010,82000040,1000000,1000000,10,81000040
152,1631506000,1631506000,1000000,1000000,8000000,8000000,634506000,634506000,8000000,8000000,980000000,980000000,988000000,988000000,997000000,997000000,1000000,1000000,8000000,8000000,0,0,8000000,8000000,980000000,980000000,988000000,988000000,1000010,26000030,1000000,1000000,10,25000030
182,1384506000,1385506000,1000000,1000000,19000000,20000000,634506000,634506000,20000000,20000000,710000000,710000000,730000000,730000000,750000000,751000000,1000000,1000000,19000000,20000000,0,0,20000000,20000000,710000000,710000000,730000000,730000000,1000010,24000020,1000000,1000000,10,23000020
212,2334506000,2335506000,1000000,1000000,19000000,20000000,634506000,634506000,20000000,20000000,1660000000,1660000000,1680000000,1680000000,1700000000,1701000000,1000000,1000000,19000000,20000000,0,0,20000000,20000000,1660000000,1660000000,1680000000,1680000000,1000010,12000010,1000000,1000000,10,11000010
242,1953506000,1953506000,1000000,1000000,9000000,9000000,634506000,634506000,9000000,9000000,1300000000,1300000000,1309000000,1309000000,1319000000,1319000000,1000000,1000000,9000000,9000000,0,0,9000000,9000000,1300000000,1300000000,1309000000,1309000000,1000010,17000030,1000000,1000000,10,16000030
272,2322506000,2323506000,1000000,1000000,8000000,9000000,634506000,634506000,9000000,9000000,1670000000,1670000000,1679000000,1679000000,1688000000,1689000000,1000000,1000000,8000000,9000000,0,0,9000000,9000000,1670000000,1670000000,1679000000,1679000000,1000010,17000040,1000000,1000000,10,16000040
302,2373506000,2373506000,1000000,1000000,9000000,9000000,634506000,634506000,9000000,9000000,1720000000,1720000000,1729000000,1729000000,1739000000,1739000000,1000000,1000000,9000000,9000000,0,0,9000000,9000000,1720000000,1720000000,1729000000,1729000000,1000010,17000040,1000000,1000000,10,16000040
332,3052506000,3053506000,1000000,1000000,8000000,9000000,634506000,634506000,9000000,9000000,2400000000,2400000000,2409000000,2409000000,2418000000,2419000000,1000000,1000000,8000000,9000000,0,0,9000000,9000000,2400000000,2400000000,2409000000,2409000000,1000010,34000020,1000000,1000000,10,33000020
362,1296506000,1301506000,1000000,1000000,8000000,13000000,634506000,634506000,13000000,13000000,640000000,640000000,653000000,653000000,662000000,667000000,1000000,1000000,8000000,13000000,0,0,13000000,13000000,640000000,640000000,653000000,653000000,1000010,8000040,1000000,1000000,10,7000040
392,1953506000,1953506000,1000000,1000000,9000000,9000000,634506000,634506000,9000000,9000000,1300000000,1300000000,1309000000,1309000000,1319000000,1319000000,1000000,1000000,9000000,9000000,0,0,9000000,9000000,1300000000,1300000000,1309000000,1309000000,1000010,17000030,1000000,1000000,10,16000030
422,3730506000,3731506000,1000000,1000000,12000000,13000000,634506000,634506000,13000000,13000000,3070000000,3070000000,3083000000,3083000000,3096000000,3097000000,1000000,1000000,12000000,13000000,0,0,13000000,13000000,3070000000,3070000000,3083000000,3083000000,1000010,3000010,1000000,1000000,10,2000010
452,646506000,650506000,1000000,1000000,11000000,15000000,634506000,634506000,0,0,0,0,0,0,12000000,16000000,1000000,1000000,11000000,15000000,0,0,0,0,0,0,0,0,1000010,1000000,1000000,1000000,10,0
482,3202506000,3203506000,1000000,1000000,3000000,4000000,634506000,634506000,4000000,4000000,2560000000,2560000000,2564000000,2564000000,2568000000,2569000000,1000000,1000000,3000000,4000000,0,0,4000000,4000000,2560000000,2560000000,2564000000,2564000000,1000010,83000040,1000000,1000000,10,82000040
512,3752506000,3757506000,1000000,1000000,41000000,46000000,634506000,634506000,46000000,46000000,3030000000,3030000000,3076000000,3076000000,3118000000,3123000000,1000000,1000000,41000000,46000000,0,0,46000000,46000000,3030000000,3030000000,3076000000,3076000000,1000010,10000040,1000000,1000000,10,9000040
542,1500506000,1501506000,1000000,1000000,17000000,18000000,634506000,634506000,18000000,18000000,830000000,830000000,848000000,848000000,866000000,867000000,1000000,1000000,17000000,18000000,0,0,18000000,18000000,830000000,830000000,848000000,848000000,1000010,22000010,1000000,1000000,10,21000010
572,2885506000,2885506000,1000000,1000000,10000000,10000000,634506000,634506000,10000000,10000000,2230000000,2230000000,2240000000,2240000000,2251000000,2251000000,1000000,1000000,10000000,10000000,0,0,10000000,10000000,2230000000,2230000000,2240000000,2240000000,1000010,50000020,1000000,1000000,10,49000020
602,3400506000,3401506000,1000000,1000000,7000000,8000000,634506000,634506000,8000000,8000000,2750000000,2750000000,2758000000,2758000000,2766000000,2767000000,1000000,1000000,7000000,8000000,0,0,8000000,8000000,2750000000,2750000000,2758000000,2758000000,1000010,27000040,1000000,1000000,10,26000040
632,2184506000,2185506000,1000000,1000000,9000000,10000000,634506000,634506000,10000000,10000000,1530000000,1530000000,1540000000,1540000000,1550000000,1551000000,1000000,1000000,9000000,10000000,0,0,10000000,10000000,1530000000,1530000000,1540000000,1540000000,1000010,84000020,1000000,1000000,10,83000020
662,3779506000,3781506000,1000000,1000000,6000000,8000000,634506000,634506000,8000000,8000000,3130000000,3130000000,3138000000,3138000000,3145000000,3147000000,1000000,1000000,6000000,8000000,0,0,8000000,8000000,3130000000,3130000000,3138000000,3138000000,1000010,23000030,1000000,1000000,10,22000030
692,3240506000,3241506000,1000000,1000000,17000000,18000000,634506000,634506000,18000000,18000000,2570000000,2570000000,2588000000,2588000000,2606000000,2607000000,1000000,1000000,17000000,18000000,0,0,18000000,18000000,2570000000,2570000000,2588000000,2588000000,1000010,22000010,1000000,1000000,10,21000010
722,2246506000,2247506000,1000000,1000000,0,1000000,634506000,634506000,1000000,1000000,1610000000,1610000000,1611000000,1611000000,1612000000,1613000000,1000000,1000000,0,1000000,0,0,1000000,1000000,1610000000,1610000000,1611000000,1611000000,1000010,82000030,1000000,1000000,10,81000030
752,1957506000,1957506000,1000000,1000000,1000000,1000000,634506000,634506000,1000000,1000000,1320000000,1320000000,1321000000,1321000000,1323000000,1323000000,1000000,1000000,1000000,1000000,0,0,1000000,1000000,1320000000,1320000000,1321000000,1321000000,1000010,19000020,1000000,1000000,10,18000020
782,1757506000,1757506000,1000000,1000000,1000000,1000000,634506000,634506000,1000000,1000000,1120000000,1120000000,1121000000,1121000000,1123000000,1123000000,1000000,1000000,1000000,1000000,0,0,1000000,1000000,1120000000,1120000000,1121000000,1121000000,1000010,82000040,1000000,1000000,10,81000040
812,1987506000,1987506000,1000000,1000000,1000000,1000000,634506000,634506000,1000000,1000000,1350000000,1350000000,1351000000,1351000000,1353000000,1353000000,1000000,1000000,1000000,1000000,0,0,1000000,1000000,1350000000,1350000000,1351000000,1351000000,1000010,19000020,1000000,1000000,10,18000020
842,931506000,931506000,1000000,1000000,8000000,8000000,634506000,634506000,8000000,8000000,280000000,280000000,288000000,288000000,297000000,297000000,1000000,1000000,8000000,8000000,0,0,8000000,8000000,280000000,280000000,288000000,288000000,1000010,11000030,1000000,1000000,10,10000030
872,1950506000,1951506000,1000000,1000000,7000000,8000000,634506000,634506000,8000000,8000000,1300000000,1300000000,1308000000,1308000000,1316000000,1317000000,1000000,1000000,7000000,8000000,0,0,8000000,8000000,1300000000,1300000000,1308000000,1308000000,1000010,34000030,1000000,1000000,10,33000030
902,3350506000,3351506000,1000000,1000000,7000000,8000000,634506000,634506000,8000000,8000000,2700000000,2700000000,2708000000,2708000000,2716000000,2717000000,1000000,1000000,7000000,8000000,0,0,8000000,8000000,2700000000,2700000000,2708000000,2708000000,1000010,46000040,1000000,1000000,10,45000040
932,2215506000,2215506000,1000000,1000000,10000000,10000000,634506000,634506000,10000000,10000000,1560000000,1560000000,1570000000,1570000000,1581000000,1581000000,1000000,1000000,10000000,10000000,0,0,10000000,10000000,1560000000,1560000000,1570000000,1570000000,1000010,25000030,1000000,1000000,10,24000030
962,2041506000,2041506000,1000000,1000000,13000000,13000000,634506000,634506000,13000000,13000000,1380000000,1380000000,1393000000,1393000000,1407000000,1407000000,1000000,1000000,13000000,13000000,0,0,13000000,13000000,1380000000,1380000000,1393000000,1393000000,1000010,48000050,1000000,1000000,10,47000050
992,2714506000,14782120000,1000000,1000000,9000000,21000000,634506000,12690120000,20000000,20000000,2050000000,2050000000,2070000000,2070000000,2080000000,2092000000,1000000,1000000,9000000,21000000,0,0,20000000,20000000,2050000000,2050000000,2070000000,2070000000,1000010,48000020,1000000,1000000,10,47000020
1022,837506000,1473012000,1000000,1000000,46000000,47000000,634506000,1269012000,46000000,46000000,110000000,110000000,156000000,156000000,203000000,204000000,1000000,1000000,46000000,47000000,0,0,46000000,46000000,110000000,110000000,156000000,156000000,1000010,10000040,1000000,1000000,10,9000040
1052,3638506000,10623072000,1000000,1000000,5000000,10000000,634506000,7614072000,8000000,8000000,2990000000,2990000000,2998000000,2998000000,3004000000,3009000000,1000000,1000000,5000000,10000000,0,0,8000000,8000000,2990000000,2990000000,2998000000,2998000000,1000010,1000000,1000000,1000000,10,0
1082,2901506000,11800590000,1000000,1000000,0,16000000,634506000,9517590000,6000000,6000000,2260000000,2260000000,2266000000,2266000000,2267000000,2283000000,1000000,1000000,0,16000000,0,0,6000000,6000000,2260000000,2260000000,2266000000,2266000000,1000010,69000040,1000000,1000000,10,68000040
1112,1476506000,4021530000,1000000,1000000,2000000,9000000,634506000,3172530000,9000000,9000000,830000000,830000000,839000000,839000000,842000000,849000000,1000000,1000000,2000000,9000000,0,0,9000000,9000000,830000000,830000000,839000000,839000000,1000010,8000020,1000000,1000000,10,7000020
1142,916506000,4090036000,1000000,1000000,0,1000000,634506000,3807036000,1000000,1000000,280000000,280000000,281000000,281000000,282000000,283000000,1000000,1000000,0,1000000,0,0,1000000,1000000,280000000,280000000,281000000,281000000,1000010,1000000,1000000,1000000,10,0
1172,671506000,3210530000,1000000,1000000,8000000,9000000,634506000,3172530000,8000000,8000000,20000000,20000000,28000000,28000000,37000000,38000000,1000000,1000000,8000000,9000000,0,0,8000000,8000000,20000000,20000000,28000000,28000000,1000010,1000000,1000000,1000000,10,0
1202,651506000,652506000,1000000,1000000,16000000,17000000,634506000,634506000,0,0,0,0,0,0,17000000,18000000,1000000,1000000,16000000,17000000,0,0,0,0,0,0,0,0,1000010,1000000,1000000,1000000,10,0
1232,909506000,3448530000,1000000,1000000,7000000,8000000,634506000,3172530000,7000000,7000000,260000000,260000000,267000000,267000000,275000000,276000000,1000000,1000000,7000000,8000000,0,0,7000000,7000000,260000000,260000000,267000000,267000000,1000010,1000000,1000000,1000000,10,0
1262,1081506000,2987024000,1000000,1000000,17000000,19000000,634506000,2538024000,19000000,19000000,410000000,410000000,429000000,429000000,447000000,449000000,1000000,1000000,17000000,19000000,0,0,19000000,19000000,410000000,410000000,429000000,429000000,1000010,1000000,1000000,1000000,10,0
3,1269506000,1269506000,1000000,1000000,17000000,17000000,634506000,634506000,17000000,17000000,600000000,600000000,617000000,617000000,635000000,635000000,1000000,1000000,17000000,17000000,0,0,17000000,17000000,600000000,600000000,617000000,617000000,1000010,69000020,1000000,1000000,10,68000020
33,2754506000,2755506000,1000000,1000000,19000000,20000000,634506000,634506000,20000000,20000000,2080000000,2080000000,2100000000,2100000000,2120000000,2121000000,1000000,1000000,19000000,20000000,0,0,20000000,20000000,2080000000,2080000000,2100000000,2100000000,1000010,28000050,1000000,1000000,10,27000050
63,3066506000,3067506000,1000000,1000000,10000000,11000000,634506000,634506000,11000000,11000000,2410000000,2410000000,2421000000,2421000000,2432000000,2433000000,1000000,1000000,10000000,11000000,0,0,11000000,11000000,2410000000,2410000000,2421000000,2421000000,1000010,69000040,1000000,1000000,10,68000040
93,3154506000,3155506000,1000000,1000000,19000000,20000000,634506000,634506000,20000000,20000000,2480000000,2480000000,2500000000,2500000000,2520000000,2521000000,1000000,1000000,19000000,20000000,0,0,20000000,20000000,2480000000,2480000000,2500000000,2500000000,1000010,23000010,1000000,1000000,10,22000010
123,2094506000,2101506000,1000000,1000000,1000000,8000000,634506000,634506000,8000000,8000000,1450000000,1450000000,1458000000,1458000000,1460000000,1467000000,1000000,1000000,1000000,8000000,0,0,8000000,8000000,1450000000,1450000000,1458000000,1458000000,1000010,21000030,1000000,1000000,10,20000030
153,1681506000,1681506000,1000000,1000000,8000000,8000000,634506000,634506000,8000000,8000000,1030000000,1030000000,1038000000,1038000000,1047000000,1047000000,1000000,1000000,8000000,8000000,0,0,8000000,8000000,1030000000,1030000000,1038000000,1038000000,1000010,26000030,1000000,1000000,10,25000030
183,1975506000,1975506000,1000000,1000000,20000000,20000000,634506000,634506000,20000000,20000000,1300000000,1300000000,1320000000,1320000000,1341000000,1341000000,1000000,1000000,20000000,20000000,0,0,20000000,20000000,1300000000,1300000000,1320000000,1320000000,1000010,68000030,1000000,1000000,10,67000030
213,1105506000,1105506000,1000000,1000000,20000000,20000000,634506000,634506000,20000000,20000000,430000000,430000000,450000000,450000000,471000000,471000000,1000000,1000000,20000000,20000000,0,0,20000000,20000000,430000000,430000000,450000000,450000000,1000010,2000010,1000000,1000000,10,1000010
243,2322506000,2323506000,1000000,1000000,8000000,9000000,634506000,634506000,9000000,9000000,1670000000,1670000000,1679000000,1679000000,1688000000,1689000000,1000000,1000000,8000000,9000000,0,0,9000000,9000000,1670000000,1670000000,1679000000,1679000000,1000010,17000040,1000000,1000000,10,16000040
273,2322506000,2323506000,1000000,1000000,8000000,9000000,634506000,634506000,9000000,9000000,1670000000,1670000000,1679000000,1679000000,1688000000,1689000000,1000000,1000000,8000000,9000000,0,0,9000000,9000000,1670000000,1670000000,1679000000,1679000000,1000010,17000040,1000000,1000000,10,16000040
303,2373506000,2373506000,1000000,1000000,9000000,9000000,634506000,634506000,9000000,9000000,1720000000,1720000000,1729000000,1729000000,1739000000,1739000000,1000000,1000000,9000000,9000000,0,0,9000000,9000000,1720000000,1720000000,1729000000,1729000000,1000010,17000040,1000000,1000000,10,16000040
333,3052506000,3053506000,1000000,1000000,8000000,9000000,634506000,634506000,9000000,9000000,2400000000,2400000000,2409000000,2409000000,2418000000,2419000000,1000000,1000000,8000000,9000000,0,0,9000000,9000000,2400000000,2400000000,2409000000,2409000000,1000010,34000020,1000000,1000000,10,33000020
363,1744506000,1751506000,1000000,1000000,1000000,8000000,634506000,634506000,8000000,8000000,1100000000,1100000000,1108000000,1108000000,1110000000,1117000000,1000000,1000000,1000000,8000000,0,0,8000000,8000000,1100000000,1100000000,1108000000,1108000000,1000010,75000050,1000000,1000000,10,74000050
393,1953506000,1953506000,1000000,1000000,9000000,9000000,634506000,634506000,9000000,9000000,1300000000,1300000000,1309000000,1309000000,1319000000,1319000000,1000000,1000000,9000000,9000000,0,0,9000000,9000000,1300000000,1300000000,1309000000,1309000000,1000010,17000030,1000000,1000000,10,16000030
423,2467506000,2467506000,1000000,1000000,11000000,11000000,634506000,634506000,11000000,11000000,1810000000,1810000000,1821000000,1821000000,1833000000,1833000000,1000000,1000000,11000000,11000000,0,0,11000000,11000000,1810000000,1810000000,1821000000,1821000000,1000010,27000040,1000000,1000000,10,26000040
453,1597506000,1597506000,1000000,1000000,11000000,11000000,634506000,634506000,11000000,11000000,940000000,940000000,951000000,951000000,963000000,963000000,1000000,1000000,11000000,11000000,0,0,11000000,11000000,940000000,940000000,951000000,951000000,1000010,34000020,1000000,1000000,10,33000020
483,3352506000,3353506000,1000000,1000000,3000000,4000000,634506000,634506000,4000000,4000000,2710000000,2710000000,2714000000,2714000000,2718000000,2719000000,1000000,1000000,3000000,4000000,0,0,4000000,4000000,2710000000,2710000000,2714000000,2714000000,1000010,84000050,1000000,1000000,10,83000050
513,839506000,839506000,1000000,1000000,47000000,47000000,634506000,634506000,47000000,47000000,110000000,110000000,157000000,157000000,205000000,205000000,1000000,1000000,47000000,47000000,0,0,47000000,47000000,110000000,110000000,157000000,157000000,1000010,10000040,1000000,1000000,10,9000040
543,2041506000,2041506000,1000000,1000000,18000000,18000000,634506000,634506000,18000000,18000000,1370000000,1370000000,1388000000,1388000000,1407000000,1407000000,1000000,1000000,18000000,18000000,0,0,18000000,18000000,1370000000,1370000000,1388000000,1388000000,1000010,63000010,1000000,1000000,10,62000010
573,2885506000,2885506000,1000000,1000000,10000000,10000000,634506000,634506000,10000000,10000000,2230000000,2230000000,2240000000,2240000000,2251000000,2251000000,1000000,1000000,10000000,10000000,0,0,10000000,10000000,2230000000,2230000000,2240000000,2240000000,1000010,50000020,1000000,1000000,10,49000020
603,3380506000,3381506000,1000000,1000000,7000000,8000000,634506000,634506000,8000000,8000000,2730000000,2730000000,2738000000,2738000000,2746000000,2747000000,1000000,1000000,7000000,8000000,0,0,8000000,8000000,2730000000,2730000000,2738000000,2738000000,1000010,27000040,1000000,1000000,10,26000040
633,2184506000,2185506000,1000000,1000000,9000000,10000000,634506000,634506000,10000000,10000000,1530000000,1530000000,1540000000,1540000000,1550000000,1551000000,1000000,1000000,9000000,10000000,0,0,10000000,10000000,1530000000,1530000000,1540000000,1540000000,1000010,84000020,1000000,1000000,10,83000020
663,3649506000,3651506000,1000000,1000000,6000000,8000000,634506000,634506000,8000000,8000000,3000000000,3000000000,3008000000,3008000000,3015000000,3017000000,1000000,1000000,6000000,8000000,0,0,8000000,8000000,3000000000,3000000000,3008000000,3008000000,1000010,11000010,1000000,1000000,10,10000010
693,2360506000,2361506000,1000000,1000000,17000000,18000000,634506000,634506000,18000000,18000000,1690000000,1690000000,1708000000,1708000000,1726000000,1727000000,1000000,1000000,17000000,18000000,0,0,18000000,18000000,1690000000,1690000000,1708000000,1708000000,1000010,22000010,1000000,1000000,10,21000010
723,1227506000,1227506000,1000000,1000000,1000000,1000000,634506000,634506000,1000000,1000000,590000000,590000000,591000000,591000000,593000000,593000000,1000000,1000000,1000000,1000000,0,0,1000000,1000000,590000000,590000000,591000000,591000000,1000010,82000040,1000000,1000000,10,81000040
753,2746506000,2747506000,1000000,1000000,0,1000000,634506000,634506000,1000000,1000000,2110000000,2110000000,2111000000,2111000000,2112000000,2113000000,1000000,1000000,0,1000000,0,0,1000000,1000000,2110000000,2110000000,2111000000,2111000000,1000010,82000030,1000000,1000000,10,81000030
783,1757506000,1757506000,1000000,1000000,1000000,1000000,634506000,634506000,1000000,1000000,1120000000,1120000000,1121000000,1121000000,1123000000,1123000000,1000000,1000000,1000000,1000000,0,0,1000000,1000000,1120000000,1120000000,1121000000,1121000000,1000010,82000040,1000000,1000000,10,81000040
813,1957506000,1957506000,1000000,1000000,1000000,1000000,634506000,634506000,1000000,1000000,1320000000,1320000000,1321000000,1321000000,1323000000,1323000000,1000000,1000000,1000000,1000000,0,0,1000000,1000000,1320000000,1320000000,1321000000,1321000000,1000010,19000020,1000000,1000000,10,18000020
843,1384506000,1387506000,1000000,1000000,8000000,11000000,634506000,634506000,11000000,11000000,730000000,730000000,741000000,741000000,750000000,753000000,1000000,1000000,8000000,11000000,0,0,11000000,11000000,730000000,730000000,741000000,741000000,1000010,9000020,1000000,1000000,10,8000020
873,3740506000,3741506000,1000000,1000000,7000000,8000000,634506000,634506000,8000000,8000000,3090000000,3090000000,3098000000,3098000000,3106000000,3107000000,1000000,1000000,7000000,8000000,0,0,8000000,8000000,3090000000,3090000000,3098000000,3098000000,1000010,82000040,1000000,1000000,10,81000040
903,3000506000,3001506000,1000000,1000000,7000000,8000000,634506000,634506000,8000000,8000000,2350000000,2350000000,2358000000,2358000000,2366000000,2367000000,1000000,1000000,7000000,8000000,0,0,8000000,8000000,2350000000,2350000000,2358000000,2358000000,1000010,8000010,1000000,1000000,10,7000010
933,2281506000,2281506000,1000000,1000000,13000000,13000000,634506000,634506000,13000000,13000000,1620000000,1620000000,1633000000,1633000000,1647000000,1647000000,1000000,1000000,13000000,13000000,0,0,13000000,13000000,1620000000,1620000000,1633000000,1633000000,1000010,27000040,1000000,1000000,10,26000040
963,661506000,661506000,1000000,1000000,8000000,8000000,634506000,634506000,8000000,8000000,10000000,10000000,18000000,18000000,27000000,27000000,1000000,1000000,8000000,8000000,0,0,8000000,8000000,10000000,10000000,18000000,18000000,1000010,1000000,1000000,1000000,10,0
993,1094506000,11247602000,1000000,1000000,19000000,20000000,634506000,10786602000,20000000,20000000,420000000,420000000,440000000,440000000,460000000,461000000,1000000,1000000,19000000,20000000,0,0,20000000,20000000,420000000,420000000,440000000,440000000,1000010,1000000,1000000,1000000,10,0
1023,3795506000,5072518000,1000000,1000000,38000000,46000000,634506000,1903518000,42000000,42000000,3080000000,3080000000,3122000000,3122000000,3161000000,3169000000,1000000,1000000,38000000,46000000,0,0,42000000,42000000,3080000000,3080000000,3122000000,3122000000,1000010,113000070,1000000,1000000,10,112000070
1053,641506000,647506000,1000000,1000000,6000000,12000000,634506000,634506000,0,0,0,0,0,0,7000000,13000000,1000000,1000000,6000000,12000000,0,0,0,0,0,0,0,0,1000010,1000000,1000000,1000000,10,0
1083,671506000,3210530000,1000000,1000000,8000000,9000000,634506000,3172530000,8000000,8000000,20000000,20000000,28000000,28000000,37000000,38000000,1000000,1000000,8000000,9000000,0,0,8000000,8000000,20000000,20000000,28000000,28000000,1000010,1000000,1000000,1000000,10,0
1113,642506000,1912518000,1000000,1000000,7000000,8000000,634506000,1903518000,0,0,0,0,0,0,8000000,9000000,1000000,1000000,7000000,8000000,0,0,0,0,0,0,0,0,1000010,1000000,1000000,1000000,10,0
1143,946506000,4127036000,1000000,1000000,0,8000000,634506000,3807036000,1000000,1000000,310000000,310000000,311000000,311000000,312000000,320000000,1000000,1000000,0,8000000,0,0,1000000,1000000,310000000,310000000,311000000,311000000,1000010,1000000,1000000,1000000,10,0
1173,2276506000,6088542000,1000000,1000000,8000000,13000000,634506000,4441542000,13000000,13000000,1620000000,1620000000,1633000000,1633000000,1642000000,1647000000,1000000,1000000,8000000,13000000,0,0,13000000,13000000,1620000000,1620000000,1633000000,1633000000,1000010,18000030,1000000,1000000,10,17000030
1203,645506000,646506000,1000000,1000000,10000000,11000000,634506000,634506000,0,0,0,0,0,0,11000000,12000000,1000000,1000000,10000000,11000000,0,0,0,0,0,0,0,0,1000010,1000000,1000000,1000000,10,0
1233,3326506000,3962012000,1000000,1000000,80000000,81000000,634506000,1269012000,81000000,81000000,2530000000,2530000000,2611000000,2611000000,2692000000,2693000000,1000000,1000000,80000000,81000000,0,0,81000000,81000000,2530000000,2530000000,2611000000,2611000000,1000010,133000030,1000000,1000000,10,132000030
1263,641506000,643506000,1000000,1000000,6000000,8000000,634506000,634506000,0,0,0,0,0,0,7000000,9000000,1000000,1000000,6000000,8000000,0,0,0,0,0,0,0,0,1000010,1000000,1000000,1000000,10,0
4,1612506000,1619506000,1000000,1000000,10000000,17000000,634506000,634506000,17000000,17000000,950000000,950000000,967000000,967000000,978000000,985000000,1000000,1000000,10000000,17000000,0,0,17000000,17000000,950000000,950000000,967000000,967000000,1000010,66000030,1000000,1000000,10,65000030
34,3164506000,3165506000,1000000,1000000,19000000,20000000,634506000,634506000,20000000,20000000,2490000000,2490000000,2510000000,2510000000,2530000000,2531000000,1000000,1000000,19000000,20000000,0,0,20000000,20000000,2490000000,2490000000,2510000000,2510000000,1000010,23000010,1000000,1000000,10,22000010
64,3066506000,3067506000,1000000,1000000,10000000,11000000,634506000,634506000,11000000,11000000,2410000000,2410000000,2421000000,2421000000,2432000000,2433000000,1000000,1000000,10000000,11000000,0,0,11000000,11000000,2410000000,2410000000,2421000000,2421000000,1000010,69000040,1000000,1000000,10,68000040
94,1513506000,1513506000,1000000,1000000,19000000,19000000,634506000,634506000,19000000,19000000,840000000,840000000,859000000,859000000,879000000,879000000,1000000,1000000,19000000,19000000,0,0,19000000,19000000,840000000,840000000,859000000,859000000,1000010,23000010,1000000,1000000,10,22000010
124,2247506000,2247506000,1000000,1000000,1000000,1000000,634506000,634506000,1000000,1000000,1610000000,1610000000,1611000000,1611000000,1613000000,1613000000,1000000,1000000,1000000,1000000,0,0,1000000,1000000,1610000000,1610000000,1611000000,1611000000,1000010,13000030,1000000,1000000,10,12000030
154,1661506000,1661506000,1000000,1000000,8000000,8000000,634506000,634506000,8000000,8000000,1010000000,1010000000,1018000000,1018000000,1027000000,1027000000,1000000,1000000,8000000,8000000,0,0,8000000,8000000,1010000000,1010000000,1018000000,1018000000,1000010,26000030,1000000,1000000,10,25000030
184,2275506000,2275506000,1000000,1000000,20000000,20000000,634506000,634506000,20000000,20000000,1600000000,1600000000,1620000000,1620000000,1641000000,1641000000,1000000,1000000,20000000,20000000,0,0,20000000,20000000,1600000000,1600000000,1620000000,1620000000,1000010,28000040,1000000,1000000,10,27000040
214,995506000,995506000,1000000,1000000,20000000,20000000,634506000,634506000,20000000,20000000,320000000,320000000,340000000,340000000,361000000,361000000,1000000,1000000,20000000,20000000,0,0,20000000,20000000,320000000,320000000,340000000,340000000,1000010,2000010,1000000,1000000,10,1000010
244,2302506000,2303506000,1000000,1000000,8000000,9000000,634506000,634506000,9000000,9000000,1650000000,1650000000,1659000000,1659000000,1668000000,1669000000,1000000,1000000,8000000,9000000,0,0,9000000,9000000,1650000000,1650000000,1659000000,1659000000,1000010,12000010,1000000,1000000,10,11000010
274,2322506000,2323506000,1000000,1000000,8000000,9000000,634506000,634506000,9000000,9000000,1670000000,1670000000,1679000000,1679000000,1688000000,1689000000,1000000,1000000,8000000,9000000,0,0,9000000,9000000,1670000000,1670000000,1679000000,1679000000,1000010,17000040,1000000,1000000,10,16000040
304,2373506000,2373506000,1000000,1000000,9000000,9000000,634506000,634506000,9000000,9000000,1720000000,1720000000,1729000000,1729000000,1739000000,1739000000,1000000,1000000,9000000,9000000,0,0,9000000,9000000,1720000000,1720000000,1729000000,1729000000,1000010,17000040,1000000,1000000,10,16000040
334,3052506000,3053506000,1000000,1000000,8000000,9000000,634506000,634506000,9000000,9000000,2400000000,2400000000,2409000000,2409000000,2418000000,2419000000,1000000,1000000,8000000,9000000,0,0,9000000,9000000,2400000000,2400000000,2409000000,2409000000,1000010,34000020,1000000,1000000,10,33000020
364,681506000,682506000,1000000,1000000,8000000,9000000,634506000,634506000,8000000,8000000,30000000,30000000,38000000,38000000,47000000,48000000,1000000,1000000,8000000,9000000,0,0,8000000,8000000,30000000,30000000,38000000,38000000,1000010,2000010,1000000,1000000,10,1000010
394,1953506000,1953506000,1000000,1000000,9000000,9000000,634506000,634506000,9000000,9000000,1300000000,1300000000,1309000000,1309000000,1319000000,1319000000,1000000,1000000,9000000,9000000,0,0,9000000,9000000,1300000000,1300000000,1309000000,1309000000,1000010,17000030,1000000,1000000,10,16000030
424,2358506000,2359506000,1000000,1000000,11000000,12000000,634506000,634506000,12000000,12000000,1700000000,1700000000,1712000000,1712000000,1724000000,1725000000,1000000,1000000,11000000,12000000,0,0,12000000,12000000,1700000000,1700000000,1712000000,1712000000,1000010,27000040,1000000,1000000,10,26000040
454,1498506000,1499506000,1000000,1000000,11000000,12000000,634506000,634506000,12000000,12000000,840000000,840000000,852000000,852000000,864000000,865000000,1000000,1000000,11000000,12000000,0,0,12000000,12000000,840000000,840000000,852000000,852000000,1000010,34000020,1000000,1000000,10,33000020
484,3352506000,3353506000,1000000,1000000,3000000,4000000,634506000,634506000,4000000,4000000,2710000000,2710000000,2714000000,2714000000,2718000000,2719000000,1000000,1000000,3000000,4000000,0,0,4000000,4000000,2710000000,2710000000,2714000000,2714000000,1000010,84000050,1000000,1000000,10,83000050
514,3808506000,3809506000,1000000,1000000,41000000,42000000,634506000,634506000,42000000,42000000,3090000000,3090000000,3132000000,3132000000,3174000000,3175000000,1000000,1000000,41000000,42000000,0,0,42000000,42000000,3090000000,3090000000,3132000000,3132000000,1000010,116000080,1000000,1000000,10,115000080
544,2041506000,2041506000,1000000,1000000,18000000,18000000,634506000,634506000,18000000,18000000,1370000000,1370000000,1388000000,1388000000,1407000000,1407000000,1000000,1000000,18000000,18000000,0,0,18000000,18000000,1370000000,1370000000,1388000000,1388000000,1000010,63000010,1000000,1000000,10,62000010
574,2885506000,2885506000,1000000,1000000,10000000,10000000,634506000,634506000,10000000,10000000,2230000000,2230000000,2240000000,2240000000,2251000000,2251000000,1000000,1000000,10000000,10000000,0,0,10000000,10000000,2230000000,2230000000,2240000000,2240000000,1000010,50000020,1000000,1000000,10,49000020
604,2144506000,2149506000,1000000,1000000,7000000,12000000,634506000,634506000,12000000,12000000,1490000000,1490000000,1502000000,1502000000,1510000000,1515000000,1000000,1000000,7000000,12000000,0,0,12000000,12000000,1490000000,1490000000,1502000000,1502000000,1000010,12000030,1000000,1000000,10,11000030
634,2124506000,2125506000,1000000,1000000,9000000,10000000,634506000,634506000,10000000,10000000,1470000000,1470000000,1480000000,1480000000,1490000000,1491000000,1000000,1000000,9000000,10000000,0,0,10000000,10000000,1470000000,1470000000,1480000000,1480000000,1000010,84000020,1000000,1000000,10,83000020
664,1857506000,1857506000,1000000,1000000,6000000,6000000,634506000,634506000,6000000,6000000,1210000000,1210000000,1216000000,1216000000,1223000000,1223000000,1000000,1000000,6000000,6000000,0,0,6000000,6000000,1210000000,1210000000,1216000000,1216000000,1000010,21000030,1000000,1000000,10,20000030
694,3240506000,3241506000,1000000,1000000,17000000,18000000,634506000,634506000,18000000,18000000,2570000000,2570000000,2588000000,2588000000,2606000000,2607000000,1000000,1000000,17000000,18000000,0,0,18000000,18000000,2570000000,2570000000,2588000000,2588000000,1000010,22000010,1000000,1000000,10,21000010
724,1345506000,1353506000,1000000,1000000,1000000,9000000,634506000,634506000,9000000,9000000,700000000,700000000,709000000,709000000,711000000,719000000,1000000,1000000,1000000,9000000,0,0,9000000,9000000,700000000,700000000,709000000,709000000,1000010,2000010,1000000,1000000,10,1000010
754,1337506000,1337506000,1000000,1000000,1000000,1000000,634506000,634506000,1000000,1000000,700000000,700000000,701000000,701000000,703000000,703000000,1000000,1000000,1000000,1000000,0,0,1000000,1000000,700000000,700000000,701000000,701000000,1000010,21000030,1000000,1000000,10,20000030
784,1757506000,1757506000,1000000,1000000,1000000,1000000,634506000,634506000,1000000,1000000,1120000000,1120000000,1121000000,1121000000,1123000000,1123000000,1000000,1000000,1000000,1000000,0,0,1000000,1000000,1120000000,1120000000,1121000000,1121000000,1000010,82000040,1000000,1000000,10,81000040
814,2746506000,2747506000,1000000,1000000,0,1000000,634506000,634506000,1000000,1000000,2110000000,2110000000,2111000000,2111000000,2112000000,2113000000,1000000,1000000,0,1000000,0,0,1000000,1000000,2110000000,2110000000,2111000000,2111000000,1000010,82000030,1000000,1000000,10,81000030
844,643506000,644506000,1000000,1000000,8000000,9000000,634506000,634506000,0,0,0,0,0,0,9000000,10000000,1000000,1000000,8000000,9000000,0,0,0,0,0,0,0,0,1000010,1000000,1000000,1000000,10,0
874,3740506000,3741506000,1000000,1000000,7000000,8000000,634506000,634506000,8000000,8000000,3090000000,3090000000,3098000000,3098000000,3106000000,3107000000,1000000,1000000,7000000,8000000,0,0,8000000,8000000,3090000000,3090000000,3098000000,3098000000,1000010,82000040,1000000,1000000,10,81000040
904,3350506000,3351506000,1000000,1000000,7000000,8000000,634506000,634506000,8000000,8000000,2700000000,2700000000,2708000000,2708000000,2716000000,2717000000,1000000,1000000,7000000,8000000,0,0,8000000,8000000,2700000000,2700000000,2708000000,2708000000,1000010,46000040,1000000,1000000,10,45000040
934,2291506000,2291506000,1000000,1000000,13000000,13000000,634506000,634506000,13000000,13000000,1630000000,1630000000,1643000000,1643000000,1657000000,1657000000,1000000,1000000,13000000,13000000,0,0,13000000,13000000,1630000000,1630000000,1643000000,1643000000,1000010,27000040,1000000,1000000,10,26000040
964,3743506000,3747506000,1000000,1000000,42000000,46000000,634506000,634506000,46000000,46000000,3020000000,3020000000,3066000000,3066000000,3109000000,3113000000,1000000,1000000,42000000,46000000,0,0,46000000,46000000,3020000000,3020000000,3066000000,3066000000,1000010,117000090,1000000,1000000,10,116000090
994,3603506000,20766168000,1000000,1000000,8000000,39000000,634506000,17766168000,20000000,20000000,2940000000,2940000000,2960000000,2960000000,2969000000,3000000000,1000000,1000000,8000000,39000000,0,0,20000000,20000000,2940000000,2940000000,2960000000,2960000000,1000010,18000030,1000000,1000000,10,17000030
1024,2782506000,5976036000,1000000,1000000,18000000,39000000,634506000,3807036000,39000000,39000000,2090000000,2090000000,2129000000,2129000000,2148000000,2169000000,1000000,1000000,18000000,39000000,0,0,39000000,39000000,2090000000,2090000000,2129000000,2129000000,1000010,12000010,1000000,1000000,10,11000010
1054,666506000,3211530000,1000000,1000000,5000000,12000000,634506000,3172530000,6000000,6000000,20000000,20000000,26000000,26000000,32000000,39000000,1000000,1000000,5000000,12000000,0,0,6000000,6000000,20000000,20000000,26000000,26000000,1000010,1000000,1000000,1000000,10,0
1084,655506000,657506000,1000000,1000000,20000000,22000000,634506000,634506000,0,0,0,0,0,0,21000000,23000000,1000000,1000000,20000000,22000000,0,0,0,0,0,0,0,0,1000010,1000000,1000000,1000000,10,0
1114,642506000,1912518000,1000000,1000000,7000000,8000000,634506000,1903518000,0,0,0,0,0,0,8000000,9000000,1000000,1000000,7000000,8000000,0,0,0,0,0,0,0,0,1000010,1000000,1000000,1000000,10,0
1144,916506000,3455530000,1000000,1000000,0,1000000,634506000,3172530000,1000000,1000000,280000000,280000000,281000000,281000000,282000000,283000000,1000000,1000000,0,1000000,0,0,1000000,1000000,280000000,280000000,281000000,281000000,1000010,1000000,1000000,1000000,10,0
1174,671506000,2576024000,1000000,1000000,8000000,9000000,634506000,2538024000,8000000,8000000,20000000,20000000,28000000,28000000,37000000,38000000,1000000,1000000,8000000,9000000,0,0,8000000,8000000,20000000,20000000,28000000,28000000,1000010,1000000,1000000,1000000,10,0
1204,653506000,1289012000,1000000,1000000,18000000,19000000,634506000,1269012000,0,0,0,0,0,0,19000000,20000000,1000000,1000000,18000000,19000000,0,0,0,0,0,0,0,0,1000010,1000000,1000000,1000000,10,0
1234,3374506000,4706518000,1000000,1000000,18000000,81000000,634506000,1903518000,81000000,81000000,2640000000,2640000000,2721000000,2721000000,2740000000,2803000000,1000000,1000000,18000000,81000000,0,0,81000000,81000000,2640000000,2640000000,2721000000,2721000000,1000010,59000020,1000000,1000000,10,58000020
1264,641506000,643506000,1000000,1000000,6000000,8000000,634506000,634506000,0,0,0,0,0,0,7000000,9000000,1000000,1000000,6000000,8000000,0,0,0,0,0,0,0,0,1000010,1000000,1000000,1000000,10,0
5,1069506000,1071506000,1000000,1000000,17000000,19000000,634506000,634506000,17000000,17000000,400000000,400000000,417000000,417000000,435000000,437000000,1000000,1000000,17000000,19000000,0,0,17000000,17000000,400000000,400000000,417000000,417000000,1000010,48000020,1000000,1000000,10,47000020
35,3164506000,3165506000,1000000,1000000,19000000,20000000,634506000,634506000,20000000,20000000,2490000000,2490000000,2510000000,2510000000,2530000000,2531000000,1000000,1000000,19000000,20000000,0,0,20000000,20000000,2490000000,2490000000,2510000000,2510000000,1000010,23000010,1000000,1000000,10,22000010
65,3056506000,3057506000,1000000,1000000,10000000,11000000,634506000,634506000,11000000,11000000,2400000000,2400000000,2411000000,2411000000,2422000000,2423000000,1000000,1000000,10000000,11000000,0,0,11000000,11000000,2400000000,2400000000,2411000000,2411000000,1000010,69000040,1000000,1000000,10,68000040
95,2854506000,2855506000,1000000,1000000,19000000,20000000,634506000,634506000,20000000,20000000,2180000000,2180000000,2200000000,2200000000,2220000000,2221000000,1000000,1000000,19000000,20000000,0,0,20000000,20000000,2180000000,2180000000,2200000000,2200000000,1000010,51000040,1000000,1000000,10,50000040
125,3438506000,3439506000,1000000,1000000,1000000,2000000,634506000,634506000,2000000,2000000,2800000000,2800000000,2802000000,2802000000,2804000000,2805000000,1000000,1000000,1000000,2000000,0,0,2000000,2000000,2800000000,2800000000,2802000000,2802000000,1000010,83000030,1000000,1000000,10,82000030
155,1961506000,1961506000,1000000,1000000,8000000,8000000,634506000,634506000,8000000,8000000,1310000000,1310000000,1318000000,1318000000,1327000000,1327000000,1000000,1000000,8000000,8000000,0,0,8000000,8000000,1310000000,1310000000,1318000000,1318000000,1000010,26000030,1000000,1000000,10,25000030
185,2275506000,2275506000,1000000,1000000,20000000,20000000,634506000,634506000,20000000,20000000,1600000000,1600000000,1620000000,1620000000,1641000000,1641000000,1000000,1000000,20000000,20000000,0,0,20000000,20000000,1600000000,1600000000,1620000000,1620000000,1000010,28000040,1000000,1000000,10,27000040
215,1105506000,1105506000,1000000,1000000,20000000,20000000,634506000,634506000,20000000,20000000,430000000,430000000,450000000,450000000,471000000,471000000,1000000,1000000,20000000,20000000,0,0,20000000,20000000,430000000,430000000,450000000,450000000,1000010,2000010,1000000,1000000,10,1000010
245,2322506000,2323506000,1000000,1000000,8000000,9000000,634506000,634506000,9000000,9000000,1670000000,1670000000,1679000000,1679000000,1688000000,1689000000,1000000,1000000,8000000,9000000,0,0,9000000,9000000,1670000000,1670000000,1679000000,1679000000,1000010,17000040,1000000,1000000,10,16000040
275,2373506000,2373506000,1000000,1000000,9000000,9000000,634506000,634506000,9000000,9000000,1720000000,1720000000,1729000000,1729000000,1739000000,1739000000,1000000,1000000,9000000,9000000,0,0,9000000,9000000,1720000000,1720000000,1729000000,1729000000,1000010,17000040,1000000,1000000,10,16000040
305,2373506000,2373506000,1000000,1000000,9000000,9000000,634506000,634506000,9000000,9000000,1720000000,1720000000,1729000000,1729000000,1739000000,1739000000,1000000,1000000,9000000,9000000,0,0,9000000,9000000,1720000000,1720000000,1729000000,1729000000,1000010,17000040,1000000,1000000,10,16000040
335,751506000,751506000,1000000,1000000,8000000,8000000,634506000,634506000,8000000,8000000,100000000,100000000,108000000,108000000,117000000,117000000,1000000,1000000,8000000,8000000,0,0,8000000,8000000,100000000,100000000,108000000,108000000,1000010,14000010,1000000,1000000,10,13000010
365,681506000,682506000,1000000,1000000,8000000,9000000,634506000,634506000,8000000,8000000,30000000,30000000,38000000,38000000,47000000,48000000,1000000,1000000,8000000,9000000,0,0,8000000,8000000,30000000,30000000,38000000,38000000,1000010,2000010,1000000,1000000,10,1000010
395,1953506000,1953506000,1000000,1000000,9000000,9000000,634506000,634506000,9000000,9000000,1300000000,1300000000,1309000000,1309000000,1319000000,1319000000,1000000,1000000,9000000,9000000,0,0,9000000,9000000,1300000000,1300000000,1309000000,1309000000,1000010,17000030,1000000,1000000,10,16000030
425,1563506000,1567506000,1000000,1000000,7000000,11000000,634506000,634506000,11000000,11000000,910000000,910000000,921000000,921000000,929000000,933000000,1000000,1000000,7000000,11000000,0,0,11000000,11000000,910000000,910000000,921000000,921000000,1000010,20000030,1000000,1000000,10,19000030
455,2067506000,2067506000,1000000,1000000,11000000,11000000,634506000,634506000,11000000,11000000,1410000000,1410000000,1421000000,1421000000,1433000000,1433000000,1000000,1000000,11000000,11000000,0,0,11000000,11000000,1410000000,1410000000,1421000000,1421000000,1000010,34000020,1000000,1000000,10,33000020
485,3352506000,3353506000,1000000,1000000,3000000,4000000,634506000,634506000,4000000,4000000,2710000000,2710000000,2714000000,2714000000,2718000000,2719000000,1000000,1000000,3000000,4000000,0,0,4000000,4000000,2710000000,2710000000,2714000000,2714000000,1000010,84000050,1000000,1000000,10,83000050
515,2813506000,2813506000,1000000,1000000,39000000,39000000,634506000,634506000,39000000,39000000,2100000000,2100000000,2139000000,2139000000,2179000000,2179000000,1000000,1000000,39000000,39000000,0,0,39000000,39000000,2100000000,2100000000,2139000000,2139000000,1000010,34000020,1000000,1000000,10,33000020
545,2543506000,2605506000,1000000,1000000,18000000,80000000,634506000,634506000,80000000,80000000,1810000000,1810000000,1890000000,1890000000,1909000000,1971000000,1000000,1000000,18000000,80000000,0,0,80000000,80000000,1810000000,1810000000,1890000000,1890000000,1000010,59000020,1000000,1000000,10,58000020
575,2875506000,2875506000,1000000,1000000,10000000,10000000,634506000,634506000,10000000,10000000,2220000000,2220000000,2230000000,2230000000,2241000000,2241000000,1000000,1000000,10000000,10000000,0,0,10000000,10000000,2220000000,2220000000,2230000000,2230000000,1000010,50000020,1000000,1000000,10,49000020
605,644506000,646506000,1000000,1000000,9000000,11000000,634506000,634506000,0,0,0,0,0,0,10000000,12000000,1000000,1000000,9000000,11000000,0,0,0,0,0,0,0,0,1000010,1000000,1000000,1000000,10,0
635,644506000,645506000,1000000,1000000,9000000,10000000,634506000,634506000,0,0,0,0,0,0,10000000,11000000,1000000,1000000,9000000,10000000,0,0,0,0,0,0,0,0,1000010,1000000,1000000,1000000,10,0
665,1687506000,1687506000,1000000,1000000,6000000,6000000,634506000,634506000,6000000,6000000,1040000000,1040000000,1046000000,1046000000,1053000000,1053000000,1000000,1000000,6000000,6000000,0,0,6000000,6000000,1040000000,1040000000,1046000000,1046000000,1000010,13000020,1000000,1000000,10,12000020
695,2360506000,2361506000,1000000,1000000,17000000,18000000,634506000,634506000,18000000,18000000,1690000000,1690000000,1708000000,1708000000,1726000000,1727000000,1000000,1000000,17000000,18000000,0,0,18000000,18000000,1690000000,1690000000,1708000000,1708000000,1000010,22000010,1000000,1000000,10,21000010
725,977506000,977506000,1000000,1000000,1000000,1000000,634506000,634506000,1000000,1000000,340000000,340000000,341000000,341000000,343000000,343000000,1000000,1000000,1000000,1000000,0,0,1000000,1000000,340000000,340000000,341000000,341000000,1000010,12000030,1000000,1000000,10,11000030
755,1587506000,1587506000,1000000,1000000,1000000,1000000,634506000,634506000,1000000,1000000,950000000,950000000,951000000,951000000,953000000,953000000,1000000,1000000,1000000,1000000,0,0,1000000,1000000,950000000,950000000,951000000,951000000,1000010,19000020,1000000,1000000,10,18000020
785,1757506000,1757506000,1000000,1000000,1000000,1000000,634506000,634506000,1000000,1000000,1120000000,1120000000,1121000000,1121000000,1123000000,1123000000,1000000,1000000,1000000,1000000,0,0,1000000,1000000,1120000000,1120000000,1121000000,1121000000,1000010,82000040,1000000,1000000,10,81000040
815,1752506000,1759506000,1000000,1000000,0,7000000,634506000,634506000,7000000,7000000,1110000000,1110000000,1117000000,1117000000,1118000000,1125000000,1000000,1000000,0,7000000,0,0,7000000,7000000,1110000000,1110000000,1117000000,1117000000,1000010,74000040,1000000,1000000,10,73000040
845,951506000,951506000,1000000,1000000,8000000,8000000,634506000,634506000,8000000,8000000,300000000,300000000,308000000,308000000,317000000,317000000,1000000,1000000,8000000,8000000,0,0,8000000,8000000,300000000,300000000,308000000,308000000,1000010,11000030,1000000,1000000,10,10000030
875,2640506000,2641506000,1000000,1000000,7000000,8000000,634506000,634506000,8000000,8000000,1990000000,1990000000,1998000000,1998000000,2006000000,2007000000,1000000,1000000,7000000,8000000,0,0,8000000,8000000,1990000000,1990000000,1998000000,1998000000,1000010,86000030,1000000,1000000,10,85000030
905,2910506000,2911506000,1000000,1000000,7000000,8000000,634506000,634506000,8000000,8000000,2260000000,2260000000,2268000000,2268000000,2276000000,2277000000,1000000,1000000,7000000,8000000,0,0,8000000,8000000,2260000000,2260000000,2268000000,2268000000,1000010,8000010,1000000,1000000,10,7000010
935,1837506000,1840506000,1000000,1000000,6000000,9000000,634506000,634506000,6000000,6000000,1190000000,1190000000,1196000000,1196000000,1203000000,1206000000,1000000,1000000,6000000,9000000,0,0,6000000,6000000,1190000000,1190000000,1196000000,1196000000,1000010,9000020,1000000,1000000,10,8000020
965,3690506000,3691506000,1000000,1000000,47000000,48000000,634506000,634506000,48000000,48000000,2960000000,2960000000,3008000000,3008000000,3056000000,3057000000,1000000,1000000,47000000,48000000,0,0,48000000,48000000,2960000000,2960000000,3008000000,3008000000,1000010,5000010,1000000,1000000,10,4000010
995,671506000,3210530000,1000000,1000000,8000000,9000000,634506000,3172530000,8000000,8000000,20000000,20000000,28000000,28000000,37000000,38000000,1000000,1000000,8000000,9000000,0,0,8000000,8000000,20000000,20000000,28000000,28000000,1000010,1000000,1000000,1000000,10,0
1025,673506000,1309012000,1000000,1000000,38000000,39000000,634506000,1269012000,0,0,0,0,0,0,39000000,40000000,1000000,1000000,38000000,39000000,0,0,0,0,0,0,0,0,1000010,1000000,1000000,1000000,10,0
1055,1502506000,2774518000,1000000,1000000,17000000,20000000,634506000,1903518000,20000000,20000000,830000000,830000000,850000000,850000000,868000000,871000000,1000000,1000000,17000000,20000000,0,0,20000000,20000000,830000000,830000000,850000000,850000000,1000010,1000000,1000000,1000000,10,0
1085,655506000,656506000,1000000,1000000,20000000,21000000,634506000,634506000,0,0,0,0,0,0,21000000,22000000,1000000,1000000,20000000,21000000,0,0,0,0,0,0,0,0,1000010,1000000,1000000,1000000,10,0
1115,642506000,1912518000,1000000,1000000,7000000,8000000,634506000,1903518000,0,0,0,0,0,0,8000000,9000000,1000000,1000000,7000000,8000000,0,0,0,0,0,0,0,0,1000010,1000000,1000000,1000000,10,0
1145,916506000,4090036000,1000000,1000000,0,1000000,634506000,3807036000,1000000,1000000,280000000,280000000,281000000,281000000,282000000,283000000,1000000,1000000,0,1000000,0,0,1000000,1000000,280000000,280000000,281000000,281000000,1000010,1000000,1000000,1000000,10,0
1175,644506000,652506000,1000000,1000000,9000000,17000000,634506000,634506000,0,0,0,0,0,0,10000000,18000000,1000000,1000000,9000000,17000000,0,0,0,0,0,0,0,0,1000010,1000000,1000000,1000000,10,0
1205,644506000,1914518000,1000000,1000000,9000000,10000000,634506000,1903518000,0,0,0,0,0,0,10000000,11000000,1000000,1000000,9000000,10000000,0,0,0,0,0,0,0,0,1000010,1000000,1000000,1000000,10,0
1235,645506000,656506000,1000000,1000000,10000000,21000000,634506000,634506000,0,0,0,0,0,0,11000000,22000000,1000000,1000000,10000000,21000000,0,0,0,0,0,0,0,0,1000010,1000000,1000000,1000000,10,0
1265,1081506000,2987024000,1000000,1000000,17000000,19000000,634506000,2538024000,19000000,19000000,410000000,410000000,429000000,429000000,447000000,449000000,1000000,1000000,17000000,19000000,0,0,19000000,19000000,410000000,410000000,429000000,429000000,1000010,1000000,1000000,1000000,10,0
6,2580506000,2581506000,1000000,1000000,17000000,18000000,634506000,634506000,18000000,18000000,1910000000,1910000000,1928000000,1928000000,1946000000,1947000000,1000000,1000000,17000000,18000000,0,0,18000000,18000000,1910000000,1910000000,1928000000,1928000000,1000010,48000020,1000000,1000000,10,47000020
36,1072506000,1073506000,1000000,1000000,18000000,19000000,634506000,634506000,19000000,19000000,400000000,400000000,419000000,419000000,438000000,439000000,1000000,1000000,18000000,19000000,0,0,19000000,19000000,400000000,400000000,419000000,419000000,1000010,23000020,1000000,1000000,10,22000020
66,1669506000,1672506000,1000000,1000000,7000000,10000000,634506000,634506000,7000000,7000000,1020000000,1020000000,1027000000,1027000000,1035000000,1038000000,1000000,1000000,7000000,10000000,0,0,7000000,7000000,1020000000,1020000000,1027000000,1027000000,1000010,9000020,1000000,1000000,10,8000020
96,3154506000,3155506000,1000000,1000000,19000000,20000000,634506000,634506000,20000000,20000000,2480000000,2480000000,2500000000,2500000000,2520000000,2521000000,1000000,1000000,19000000,20000000,0,0,20000000,20000000,2480000000,2480000000,2500000000,2500000000,1000010,23000010,1000000,1000000,10,22000010
126,2247506000,2247506000,1000000,1000000,1000000,1000000,634506000,634506000,1000000,1000000,1610000000,1610000000,1611000000,1611000000,1613000000,1613000000,1000000,1000000,1000000,1000000,0,0,1000000,1000000,1610000000,1610000000,1611000000,1611000000,1000010,13000030,1000000,1000000,10,12000030
156,2340506000,2341506000,1000000,1000000,7000000,8000000,634506000,634506000,8000000,8000000,1690000000,1690000000,1698000000,1698000000,1706000000,1707000000,1000000,1000000,7000000,8000000,0,0,8000000,8000000,1690000000,1690000000,1698000000,1698000000,1000010,9000010,1000000,1000000,10,8000010
186,2275506000,2275506000,1000000,1000000,20000000,20000000,634506000,634506000,20000000,20000000,1600000000,1600000000,1620000000,1620000000,1641000000,1641000000,1000000,1000000,20000000,20000000,0,0,20000000,20000000,1600000000,1600000000,1620000000,1620000000,1000010,28000040,1000000,1000000,10,27000040
216,1105506000,1105506000,1000000,1000000,20000000,20000000,634506000,634506000,20000000,20000000,430000000,430000000,450000000,450000000,471000000,471000000,1000000,1000000,20000000,20000000,0,0,20000000,20000000,430000000,430000000,450000000,450000000,1000010,2000010,1000000,1000000,10,1000010
246,1642506000,1643506000,1000000,1000000,8000000,9000000,634506000,634506000,9000000,9000000,990000000,990000000,999000000,999000000,1008000000,1009000000,1000000,1000000,8000000,9000000,0,0,9000000,9000000,990000000,990000000,999000000,999000000,1000010,17000040,1000000,1000000,10,16000040
276,2363506000,2363506000,1000000,1000000,9000000,9000000,634506000,634506000,9000000,9000000,1710000000,1710000000,1719000000,1719000000,1729000000,1729000000,1000000,1000000,9000000,9000000,0,0,9000000,9000000,1710000000,1710000000,1719000000,1719000000,1000010,17000040,1000000,1000000,10,16000040
306,2373506000,2373506000,1000000,1000000,9000000,9000000,634506000,634506000,9000000,9000000,1720000000,1720000000,1729000000,1729000000,1739000000,1739000000,1000000,1000000,9000000,9000000,0,0,9000000,9000000,1720000000,1720000000,1729000000,1729000000,1000010,17000040,1000000,1000000,10,16000040
336,2802506000,2803506000,1000000,1000000,8000000,9000000,634506000,634506000,9000000,9000000,2150000000,2150000000,2159000000,2159000000,2168000000,2169000000,1000000,1000000,8000000,9000000,0,0,9000000,9000000,2150000000,2150000000,2159000000,2159000000,1000010,18000030,1000000,1000000,10,17000030
366,681506000,682506000,1000000,1000000,8000000,9000000,634506000,634506000,8000000,8000000,30000000,30000000,38000000,38000000,47000000,48000000,1000000,1000000,8000000,9000000,0,0,8000000,8000000,30000000,30000000,38000000,38000000,1000010,2000010,1000000,1000000,10,1000010
396,1953506000,1953506000,1000000,1000000,9000000,9000000,634506000,634506000,9000000,9000000,1300000000,1300000000,1309000000,1309000000,1319000000,1319000000,1000000,1000000,9000000,9000000,0,0,9000000,9000000,1300000000,1300000000,1309000000,1309000000,1000010,17000030,1000000,1000000,10,16000030
426,3708506000,3709506000,1000000,1000000,11000000,12000000,634506000,634506000,12000000,12000000,3050000000,3050000000,3062000000,3062000000,3074000000,3075000000,1000000,1000000,11000000,12000000,0,0,12000000,12000000,3050000000,3050000000,3062000000,3062000000,1000010,36000050,1000000,1000000,10,35000050
456,1687506000,1687506000,1000000,1000000,11000000,11000000,634506000,634506000,11000000,11000000,1030000000,1030000000,1041000000,1041000000,1053000000,1053000000,1000000,1000000,11000000,11000000,0,0,11000000,11000000,1030000000,1030000000,1041000000,1041000000,1000010,87000040,1000000,1000000,10,86000040
486,2049506000,2051506000,1000000,1000000,1000000,3000000,634506000,634506000,3000000,3000000,1410000000,1410000000,1413000000,1413000000,1415000000,1417000000,1000000,1000000,1000000,3000000,0,0,3000000,3000000,1410000000,1410000000,1413000000,1413000000,1000010,81000040,1000000,1000000,10,80000040
516,1752506000,1753506000,1000000,1000000,38000000,39000000,634506000,634506000,39000000,39000000,1040000000,1040000000,1079000000,1079000000,1118000000,1119000000,1000000,1000000,38000000,39000000,0,0,39000000,39000000,1040000000,1040000000,1079000000,1079000000,1000010,23000010,1000000,1000000,10,22000010
546,642506000,646506000,1000000,1000000,7000000,11000000,634506000,634506000,0,0,0,0,0,0,8000000,12000000,1000000,1000000,7000000,11000000,0,0,0,0,0,0,0,0,1000010,1000000,1000000,1000000,10,0
576,1773506000,1774506000,1000000,1000000,9000000,10000000,634506000,634506000,9000000,9000000,1120000000,1120000000,1129000000,1129000000,1139000000,1140000000,1000000,1000000,9000000,10000000,0,0,9000000,9000000,1120000000,1120000000,1129000000,1129000000,1000010,20000030,1000000,1000000,10,19000030
606,1345506000,1353506000,1000000,1000000,1000000,9000000,634506000,634506000,9000000,9000000,700000000,700000000,709000000,709000000,711000000,719000000,1000000,1000000,1000000,9000000,0,0,9000000,9000000,700000000,700000000,709000000,709000000,1000010,12000030,1000000,1000000,10,11000030
636,1613506000,1614506000,1000000,1000000,9000000,10000000,634506000,634506000,9000000,9000000,960000000,960000000,969000000,969000000,979000000,980000000,1000000,1000000,9000000,10000000,0,0,9000000,9000000,960000000,960000000,969000000,969000000,1000010,94000030,1000000,1000000,10,93000030
666,1487506000,1491506000,1000000,1000000,6000000,10000000,634506000,634506000,6000000,6000000,840000000,840000000,846000000,846000000,853000000,857000000,1000000,1000000,6000000,10000000,0,0,6000000,6000000,840000000,840000000,846000000,846000000,1000010,6000030,1000000,1000000,10,5000030
696,2360506000,2361506000,1000000,1000000,17000000,18000000,634506000,634506000,18000000,18000000,1690000000,1690000000,1708000000,1708000000,1726000000,1727000000,1000000,1000000,17000000,18000000,0,0,18000000,18000000,1690000000,1690000000,1708000000,1708000000,1000010,22000010,1000000,1000000,10,21000010
726,1681506000,1683506000,1000000,1000000,18000000,20000000,634506000,634506000,18000000,18000000,1010000000,1010000000,1028000000,1028000000,1047000000,1049000000,1000000,1000000,18000000,20000000,0,0,18000000,18000000,1010000000,1010000000,1028000000,1028000000,1000010,64000020,1000000,1000000,10,63000020
756,2316506000,2317506000,1000000,1000000,0,1000000,634506000,634506000,1000000,1000000,1680000000,1680000000,1681000000,1681000000,1682000000,1683000000,1000000,1000000,0,1000000,0,0,1000000,1000000,1680000000,1680000000,1681000000,1681000000,1000010,82000030,1000000,1000000,10,81000030
786,1757506000,1757506000,1000000,1000000,1000000,1000000,634506000,634506000,1000000,1000000,1120000000,1120000000,1121000000,1121000000,1123000000,1123000000,1000000,1000000,1000000,1000000,0,0,1000000,1000000,1120000000,1120000000,1121000000,1121000000,1000010,82000040,1000000,1000000,10,81000040
816,2720506000,2735506000,1000000,1000000,0,15000000,634506000,634506000,15000000,15000000,2070000000,2070000000,2085000000,2085000000,2086000000,2101000000,1000000,1000000,0,15000000,0,0,15000000,15000000,2070000000,2070000000,2085000000,2085000000,1000010,67000020,1000000,1000000,10,66000020
846,951506000,951506000,1000000,1000000,8000000,8000000,634506000,634506000,8000000,8000000,300000000,300000000,308000000,308000000,317000000,317000000,1000000,1000000,8000000,8000000,0,0,8000000,8000000,300000000,300000000,308000000,308000000,1000010,11000030,1000000,1000000,10,10000030
876,2860506000,2861506000,1000000,1000000,7000000,8000000,634506000,634506000,8000000,8000000,2210000000,2210000000,2218000000,2218000000,2226000000,2227000000,1000000,1000000,7000000,8000000,0,0,8000000,8000000,2210000000,2210000000,2218000000,2218000000,1000010,86000030,1000000,1000000,10,85000030
906,3000506000,3001506000,1000000,1000000,7000000,8000000,634506000,634506000,8000000,8000000,2350000000,2350000000,2358000000,2358000000,2366000000,2367000000,1000000,1000000,7000000,8000000,0,0,8000000,8000000,2350000000,2350000000,2358000000,2358000000,1000010,8000010,1000000,1000000,10,7000010
936,1167506000,1167506000,1000000,1000000,6000000,6000000,634506000,634506000,6000000,6000000,520000000,520000000,526000000,526000000,533000000,533000000,1000000,1000000,6000000,6000000,0,0,6000000,6000000,520000000,520000000,526000000,526000000,1000010,6000010,1000000,1000000,10,5000010
966,3600506000,3629506000,1000000,1000000,8000000,37000000,634506000,634506000,37000000,37000000,2920000000,2920000000,2957000000,2957000000,2966000000,2995000000,1000000,1000000,8000000,37000000,0,0,37000000,37000000,2920000000,2920000000,2957000000,2957000000,1000010,13000040,1000000,1000000,10,12000040
996,3384506000,24976710000,1000000,1000000,0,19000000,634506000,22207710000,9000000,9000000,2740000000,2740000000,2749000000,2749000000,2750000000,2769000000,1000000,1000000,0,19000000,0,0,9000000,9000000,2740000000,2740000000,2749000000,2749000000,1000010,79000040,1000000,1000000,10,78000040
1026,3801506000,8265048000,1000000,1000000,17000000,39000000,634506000,5076048000,39000000,39000000,3110000000,3110000000,3149000000,3149000000,3167000000,3189000000,1000000,1000000,17000000,39000000,0,0,39000000,39000000,3110000000,3110000000,3149000000,3149000000,1000010,63000010,1000000,1000000,10,62000010
1056,1192506000,1829012000,1000000,1000000,18000000,20000000,634506000,1269012000,19000000,19000000,520000000,520000000,539000000,539000000,558000000,560000000,1000000,1000000,18000000,20000000,0,0,19000000,19000000,520000000,520000000,539000000,539000000,1000010,1000000,1000000,1000000,10,0
1086,1522506000,5332542000,1000000,1000000,8000000,11000000,634506000,4441542000,9000000,9000000,870000000,870000000,879000000,879000000,888000000,891000000,1000000,1000000,8000000,11000000,0,0,9000000,9000000,870000000,870000000,879000000,879000000,1000010,57000030,1000000,1000000,10,56000030
1116,642506000,1912518000,1000000,1000000,7000000,8000000,634506000,1903518000,0,0,0,0,0,0,8000000,9000000,1000000,1000000,7000000,8000000,0,0,0,0,0,0,0,0,1000010,1000000,1000000,1000000,10,0
1146,916506000,3455530000,1000000,1000000,0,1000000,634506000,3172530000,1000000,1000000,280000000,280000000,281000000,281000000,282000000,283000000,1000000,1000000,0,1000000,0,0,1000000,1000000,280000000,280000000,281000000,281000000,1000010,1000000,1000000,1000000,10,0
1176,1934506000,6384048000,1000000,1000000,1000000,9000000,634506000,5076048000,8000000,8000000,1290000000,1290000000,1298000000,1298000000,1300000000,1308000000,1000000,1000000,1000000,9000000,0,0,8000000,8000000,1290000000,1290000000,1298000000,1298000000,1000010,34000020,1000000,1000000,10,33000020
1206,644506000,1914518000,1000000,1000000,9000000,10000000,634506000,1903518000,0,0,0,0,0,0,10000000,11000000,1000000,1000000,9000000,10000000,0,0,0,0,0,0,0,0,1000010,1000000,1000000,1000000,10,0
1236,687506000,1964518000,1000000,1000000,1000000,9000000,634506000,1903518000,1000000,1000000,50000000,50000000,51000000,51000000,53000000,61000000,1000000,1000000,1000000,9000000,0,0,1000000,1000000,50000000,50000000,51000000,51000000,1000010,1000000,1000000,1000000,10,0
1266,3676506000,4316012000,1000000,1000000,43000000,48000000,634506000,1269012000,48000000,48000000,2950000000,2950000000,2998000000,2998000000,3042000000,3047000000,1000000,1000000,43000000,48000000,0,0,48000000,48000000,2950000000,2950000000,2998000000,2998000000,1000010,1000000,1000000,1000000,10,0
7,3430506000,3431506000,1000000,1000000,17000000,18000000,634506000,634506000,18000000,18000000,2760000000,2760000000,2778000000,2778000000,2796000000,2797000000,1000000,1000000,17000000,18000000,0,0,18000000,18000000,2760000000,2760000000,2778000000,2778000000,1000010,76000030,1000000,1000000,10,75000030
37,1601506000,1601506000,1000000,1000000,18000000,18000000,634506000,634506000,18000000,18000000,930000000,930000000,948000000,948000000,967000000,967000000,1000000,1000000,18000000,18000000,0,0,18000000,18000000,930000000,930000000,948000000,948000000,1000010,75000030,1000000,1000000,10,74000030
67,2756506000,2757506000,1000000,1000000,10000000,11000000,634506000,634506000,11000000,11000000,2100000000,2100000000,2111000000,2111000000,2122000000,2123000000,1000000,1000000,10000000,11000000,0,0,11000000,11000000,2100000000,2100000000,2111000000,2111000000,1000010,25000030,1000000,1000000,10,24000030
97,3154506000,3155506000,1000000,1000000,19000000,20000000,634506000,634506000,20000000,20000000,2480000000,2480000000,2500000000,2500000000,2520000000,2521000000,1000000,1000000,19000000,20000000,0,0,20000000,20000000,2480000000,2480000000,2500000000,2500000000,1000010,23000010,1000000,1000000,10,22000010
127,1431506000,1435506000,1000000,1000000,1000000,5000000,634506000,634506000,5000000,5000000,790000000,790000000,795000000,795000000,797000000,801000000,1000000,1000000,1000000,5000000,0,0,5000000,5000000,790000000,790000000,795000000,795000000,1000010,10000030,1000000,1000000,10,9000030
157,2110506000,2111506000,1000000,1000000,7000000,8000000,634506000,634506000,8000000,8000000,1460000000,1460000000,1468000000,1468000000,1476000000,1477000000,1000000,1000000,7000000,8000000,0,0,8000000,8000000,1460000000,1460000000,1468000000,1468000000,1000010,86000030,1000000,1000000,10,85000030
187,1865506000,1865506000,1000000,1000000,20000000,20000000,634506000,634506000,20000000,20000000,1190000000,1190000000,1210000000,1210000000,1231000000,1231000000,1000000,1000000,20000000,20000000,0,0,20000000,20000000,1190000000,1190000000,1210000000,1210000000,1000010,28000040,1000000,1000000,10,27000040
217,1105506000,1105506000,1000000,1000000,20000000,20000000,634506000,634506000,20000000,20000000,430000000,430000000,450000000,450000000,471000000,471000000,1000000,1000000,20000000,20000000,0,0,20000000,20000000,430000000,430000000,450000000,450000000,1000010,2000010,1000000,1000000,10,1000010
247,1959506000,1960506000,1000000,1000000,7000000,8000000,634506000,634506000,7000000,7000000,1310000000,1310000000,1317000000,1317000000,1325000000,1326000000,1000000,1000000,7000000,8000000,0,0,7000000,7000000,1310000000,1310000000,1317000000,1317000000,1000010,58000040,1000000,1000000,10,57000040
277,2373506000,2373506000,1000000,1000000,9000000,9000000,634506000,634506000,9000000,9000000,1720000000,1720000000,1729000000,1729000000,1739000000,1739000000,1000000,1000000,9000000,9000000,0,0,9000000,9000000,1720000000,1720000000,1729000000,1729000000,1000010,17000040,1000000,1000000,10,16000040
307,2123506000,2123506000,1000000,1000000,9000000,9000000,634506000,634506000,9000000,9000000,1470000000,1470000000,1479000000,1479000000,1489000000,1489000000,1000000,1000000,9000000,9000000,0,0,9000000,9000000,1470000000,1470000000,1479000000,1479000000,1000010,17000040,1000000,1000000,10,16000040
337,2107506000,2109506000,1000000,1000000,6000000,8000000,634506000,634506000,6000000,6000000,1460000000,1460000000,1466000000,1466000000,1473000000,1475000000,1000000,1000000,6000000,8000000,0,0,6000000,6000000,1460000000,1460000000,1466000000,1466000000,1000010,78000030,1000000,1000000,10,77000030
367,681506000,682506000,1000000,1000000,8000000,9000000,634506000,634506000,8000000,8000000,30000000,30000000,38000000,38000000,47000000,48000000,1000000,1000000,8000000,9000000,0,0,8000000,8000000,30000000,30000000,38000000,38000000,1000010,2000010,1000000,1000000,10,1000010
397,1953506000,1953506000,1000000,1000000,9000000,9000000,634506000,634506000,9000000,9000000,1300000000,1300000000,1309000000,1309000000,1319000000,1319000000,1000000,1000000,9000000,9000000,0,0,9000000,9000000,1300000000,1300000000,1309000000,1309000000,1000010,17000030,1000000,1000000,10,16000030
427,1717506000,1717506000,1000000,1000000,11000000,11000000,634506000,634506000,11000000,11000000,1060000000,1060000000,1071000000,1071000000,1083000000,1083000000,1000000,1000000,11000000,11000000,0,0,11000000,11000000,1060000000,1060000000,1071000000,1071000000,1000010,24000020,1000000,1000000,10,23000020
457,1498506000,1499506000,1000000,1000000,11000000,12000000,634506000,634506000,12000000,12000000,840000000,840000000,852000000,852000000,864000000,865000000,1000000,1000000,11000000,12000000,0,0,12000000,12000000,840000000,840000000,852000000,852000000,1000010,34000020,1000000,1000000,10,33000020
487,3343506000,3343506000,1000000,1000000,4000000,4000000,634506000,634506000,4000000,4000000,2700000000,2700000000,2704000000,2704000000,2709000000,2709000000,1000000,1000000,4000000,4000000,0,0,4000000,4000000,2700000000,2700000000,2704000000,2704000000,1000010,16000040,1000000,1000000,10,15000040
517,2772506000,2793506000,1000000,1000000,18000000,39000000,634506000,634506000,39000000,39000000,2080000000,2080000000,2119000000,2119000000,2138000000,2159000000,1000000,1000000,18000000,39000000,0,0,39000000,39000000,2080000000,2080000000,2119000000,2119000000,1000010,26000040,1000000,1000000,10,25000040
547,2620506000,2621506000,1000000,1000000,7000000,8000000,634506000,634506000,8000000,8000000,1970000000,1970000000,1978000000,1978000000,1986000000,1987000000,1000000,1000000,7000000,8000000,0,0,8000000,8000000,1970000000,1970000000,1978000000,1978000000,1000010,23000030,1000000,1000000,10,22000030
577,2885506000,2885506000,1000000,1000000,10000000,10000000,634506000,634506000,10000000,10000000,2230000000,2230000000,2240000000,2240000000,2251000000,2251000000,1000000,1000000,10000000,10000000,0,0,10000000,10000000,2230000000,2230000000,2240000000,2240000000,1000010,50000020,1000000,1000000,10,49000020
607,1874506000,1883506000,1000000,1000000,0,9000000,634506000,634506000,9000000,9000000,1230000000,1230000000,1239000000,1239000000,1240000000,1249000000,1000000,1000000,0,9000000,0,0,9000000,9000000,1230000000,1230000000,1239000000,1239000000,1000010,13000040,1000000,1000000,10,12000040
637,1859506000,1861506000,1000000,1000000,7000000,9000000,634506000,634506000,7000000,7000000,1210000000,1210000000,1217000000,1217000000,1225000000,1227000000,1000000,1000000,7000000,9000000,0,0,7000000,7000000,1210000000,1210000000,1217000000,1217000000,1000010,84000020,1000000,1000000,10,83000020
667,1847506000,1847506000,1000000,1000000,6000000,6000000,634506000,634506000,6000000,6000000,1200000000,1200000000,1206000000,1206000000,1213000000,1213000000,1000000,1000000,6000000,6000000,0,0,6000000,6000000,1200000000,1200000000,1206000000,1206000000,1000010,21000030,1000000,1000000,10,20000030
697,2360506000,2361506000,1000000,1000000,17000000,18000000,634506000,634506000,18000000,18000000,1690000000,1690000000,1708000000,1708000000,1726000000,1727000000,1000000,1000000,17000000,18000000,0,0,18000000,18000000,1690000000,1690000000,1708000000,1708000000,1000010,22000010,1000000,1000000,10,21000010
727,2457506000,2457506000,1000000,1000000,6000000,6000000,634506000,634506000,6000000,6000000,1810000000,1810000000,1816000000,1816000000,1823000000,1823000000,1000000,1000000,6000000,6000000,0,0,6000000,6000000,1810000000,1810000000,1816000000,1816000000,1000010,83000030,1000000,1000000,10,82000030
757,1357506000,1357506000,1000000,1000000,1000000,1000000,634506000,634506000,1000000,1000000,720000000,720000000,721000000,721000000,723000000,723000000,1000000,1000000,1000000,1000000,0,0,1000000,1000000,720000000,720000000,721000000,721000000,1000010,82000040,1000000,1000000,10,81000040
787,1757506000,1757506000,1000000,1000000,1000000,1000000,634506000,634506000,1000000,1000000,1120000000,1120000000,1121000000,1121000000,1123000000,1123000000,1000000,1000000,1000000,1000000,0,0,1000000,1000000,1120000000,1120000000,1121000000,1121000000,1000010,82000040,1000000,1000000,10,81000040
817,2776506000,2777506000,1000000,1000000,0,1000000,634506000,634506000,1000000,1000000,2140000000,2140000000,2141000000,2141000000,2142000000,2143000000,1000000,1000000,0,1000000,0,0,1000000,1000000,2140000000,2140000000,2141000000,2141000000,1000010,82000030,1000000,1000000,10,81000030
847,951506000,951506000,1000000,1000000,8000000,8000000,634506000,634506000,8000000,8000000,300000000,300000000,308000000,308000000,317000000,317000000,1000000,1000000,8000000,8000000,0,0,8000000,8000000,300000000,300000000,308000000,308000000,1000010,11000030,1000000,1000000,10,10000030
877,2239506000,2240506000,1000000,1000000,12000000,13000000,634506000,634506000,12000000,12000000,1580000000,1580000000,1592000000,1592000000,1605000000,1606000000,1000000,1000000,12000000,13000000,0,0,12000000,12000000,1580000000,1580000000,1592000000,1592000000,1000010,27000040,1000000,1000000,10,26000040
907,2980506000,2981506000,1000000,1000000,7000000,8000000,634506000,634506000,8000000,8000000,2330000000,2330000000,2338000000,2338000000,2346000000,2347000000,1000000,1000000,7000000,8000000,0,0,8000000,8000000,2330000000,2330000000,2338000000,2338000000,1000010,8000010,1000000,1000000,10,7000010
937,933506000,935506000,1000000,1000000,9000000,11000000,634506000,634506000,9000000,9000000,280000000,280000000,289000000,289000000,299000000,301000000,1000000,1000000,9000000,11000000,0,0,9000000,9000000,280000000,280000000,289000000,289000000,1000010,9000010,1000000,1000000,10,8000010
967,1641506000,1641506000,1000000,1000000,8000000,8000000,634506000,634506000,8000000,8000000,990000000,990000000,998000000,998000000,1007000000,1007000000,1000000,1000000,8000000,8000000,0,0,8000000,8000000,990000000,990000000,998000000,998000000,1000010,37000030,1000000,1000000,10,36000030
997,3130506000,25987722000,1000000,1000000,5000000,20000000,634506000,23476722000,20000000,20000000,2470000000,2470000000,2490000000,2490000000,2496000000,2511000000,1000000,1000000,5000000,20000000,0,0,20000000,20000000,2470000000,2470000000,2490000000,2490000000,1000010,64000040,1000000,1000000,10,63000040
1027,3784506000,19718156000,1000000,1000000,9000000,80000000,634506000,16497156000,20000000,20000000,3120000000,3120000000,3140000000,3140000000,3150000000,3221000000,1000000,1000000,9000000,80000000,0,0,20000000,20000000,3120000000,3120000000,3140000000,3140000000,1000010,46000030,1000000,1000000,10,45000030
1057,3735506000,15174614000,1000000,1000000,1000000,19000000,634506000,12055614000,19000000,19000000,3080000000,3080000000,3099000000,3099000000,3101000000,3119000000,1000000,1000000,1000000,19000000,0,0,19000000,19000000,3080000000,3080000000,3099000000,3099000000,1000010,1000000,1000000,1000000,10,0
1087,643506000,1913518000,1000000,1000000,8000000,9000000,634506000,1903518000,0,0,0,0,0,0,9000000,10000000,1000000,1000000,8000000,9000000,0,0,0,0,0,0,0,0,1000010,1000000,1000000,1000000,10,0
1117,642506000,1912518000,1000000,1000000,7000000,8000000,634506000,1903518000,0,0,0,0,0,0,8000000,9000000,1000000,1000000,7000000,8000000,0,0,0,0,0,0,0,0,1000010,1000000,1000000,1000000,10,0
1147,916506000,4090036000,1000000,1000000,0,1000000,634506000,3807036000,1000000,1000000,280000000,280000000,281000000,281000000,282000000,283000000,1000000,1000000,0,1000000,0,0,1000000,1000000,280000000,280000000,281000000,281000000,1000010,1000000,1000000,1000000,10,0
1177,671506000,3210530000,1000000,1000000,8000000,9000000,634506000,3172530000,8000000,8000000,20000000,20000000,28000000,28000000,37000000,38000000,1000000,1000000,8000000,9000000,0,0,8000000,8000000,20000000,20000000,28000000,28000000,1000010,1000000,1000000,1000000,10,0
1207,644506000,1914518000,1000000,1000000,9000000,10000000,634506000,1903518000,0,0,0,0,0,0,10000000,11000000,1000000,1000000,9000000,10000000,0,0,0,0,0,0,0,0,1000010,1000000,1000000,1000000,10,0
1237,679506000,1949518000,1000000,1000000,17000000,18000000,634506000,1903518000,17000000,17000000,10000000,10000000,27000000,27000000,45000000,46000000,1000000,1000000,17000000,18000000,0,0,17000000,17000000,10000000,10000000,27000000,27000000,1000010,1000000,1000000,1000000,10,0
1267,3589506000,4888518000,1000000,1000000,7000000,37000000,634506000,1903518000,37000000,37000000,2910000000,2910000000,2947000000,2947000000,2955000000,2985000000,1000000,1000000,7000000,37000000,0,0,37000000,37000000,2910000000,2910000000,2947000000,2947000000,1000010,9000020,1000000,1000000,10,8000020
8,2100506000,2101506000,1000000,1000000,17000000,18000000,634506000,634506000,18000000,18000000,1430000000,1430000000,1448000000,1448000000,1466000000,1467000000,1000000,1000000,17000000,18000000,0,0,18000000,18000000,1430000000,1430000000,1448000000,1448000000,1000010,26000030,1000000,1000000,10,25000030
38,1421506000,1431506000,1000000,1000000,8000000,18000000,634506000,634506000,18000000,18000000,760000000,760000000,778000000,778000000,787000000,797000000,1000000,1000000,8000000,18000000,0,0,18000000,18000000,760000000,760000000,778000000,778000000,1000010,67000030,1000000,1000000,10,66000030
68,1422506000,1425506000,1000000,1000000,7000000,10000000,634506000,634506000,10000000,10000000,770000000,770000000,780000000,780000000,788000000,791000000,1000000,1000000,7000000,10000000,0,0,10000000,10000000,770000000,770000000,780000000,780000000,1000010,23000020,1000000,1000000,10,22000020
98,3154506000,3155506000,1000000,1000000,19000000,20000000,634506000,634506000,20000000,20000000,2480000000,2480000000,2500000000,2500000000,2520000000,2521000000,1000000,1000000,19000000,20000000,0,0,20000000,20000000,2480000000,2480000000,2500000000,2500000000,1000010,23000010,1000000,1000000,10,22000010
128,2177506000,2177506000,1000000,1000000,1000000,1000000,634506000,634506000,1000000,1000000,1540000000,1540000000,1541000000,1541000000,1543000000,1543000000,1000000,1000000,1000000,1000000,0,0,1000000,1000000,1540000000,1540000000,1541000000,1541000000,1000010,13000030,1000000,1000000,10,12000030
158,1531506000,1531506000,1000000,1000000,8000000,8000000,634506000,634506000,8000000,8000000,880000000,880000000,888000000,888000000,897000000,897000000,1000000,1000000,8000000,8000000,0,0,8000000,8000000,880000000,880000000,888000000,888000000,1000010,45000030,1000000,1000000,10,44000030
188,2275506000,2275506000,1000000,1000000,20000000,20000000,634506000,634506000,20000000,20000000,1600000000,1600000000,1620000000,1620000000,1641000000,1641000000,1000000,1000000,20000000,20000000,0,0,20000000,20000000,1600000000,1600000000,1620000000,1620000000,1000010,28000040,1000000,1000000,10,27000040
218,1643506000,1663506000,1000000,1000000,19000000,39000000,634506000,634506000,39000000,39000000,950000000,950000000,989000000,989000000,1009000000,1029000000,1000000,1000000,19000000,39000000,0,0,39000000,39000000,950000000,950000000,989000000,989000000,1000010,13000020,1000000,1000000,10,12000020
248,2322506000,2323506000,1000000,1000000,8000000,9000000,634506000,634506000,9000000,9000000,1670000000,1670000000,1679000000,1679000000,1688000000,1689000000,1000000,1000000,8000000,9000000,0,0,9000000,9000000,1670000000,1670000000,1679000000,1679000000,1000010,17000040,1000000,1000000,10,16000040
278,1713506000,1713506000,1000000,1000000,9000000,9000000,634506000,634506000,9000000,9000000,1060000000,1060000000,1069000000,1069000000,1079000000,1079000000,1000000,1000000,9000000,9000000,0,0,9000000,9000000,1060000000,1060000000,1069000000,1069000000,1000010,17000040,1000000,1000000,10,16000040
308,2373506000,2373506000,1000000,1000000,9000000,9000000,634506000,634506000,9000000,9000000,1720000000,1720000000,1729000000,1729000000,1739000000,1739000000,1000000,1000000,9000000,9000000,0,0,9000000,9000000,1720000000,1720000000,1729000000,1729000000,1000010,17000040,1000000,1000000,10,16000040
338,2982506000,2993506000,1000000,1000000,8000000,19000000,634506000,634506000,19000000,19000000,2320000000,2320000000,2339000000,2339000000,2348000000,2359000000,1000000,1000000,8000000,19000000,0,0,19000000,19000000,2320000000,2320000000,2339000000,2339000000,1000010,17000030,1000000,1000000,10,16000030
368,681506000,682506000,1000000,1000000,8000000,9000000,634506000,634506000,8000000,8000000,30000000,30000000,38000000,38000000,47000000,48000000,1000000,1000000,8000000,9000000,0,0,8000000,8000000,30000000,30000000,38000000,38000000,1000010,2000010,1000000,1000000,10,1000010
398,1953506000,1953506000,1000000,1000000,9000000,9000000,634506000,634506000,9000000,9000000,1300000000,1300000000,1309000000,1309000000,1319000000,1319000000,1000000,1000000,9000000,9000000,0,0,9000000,9000000,1300000000,1300000000,1309000000,1309000000,1000010,17000030,1000000,1000000,10,16000030
428,2858506000,2859506000,1000000,1000000,11000000,12000000,634506000,634506000,12000000,12000000,2200000000,2200000000,2212000000,2212000000,2224000000,2225000000,1000000,1000000,11000000,12000000,0,0,12000000,12000000,2200000000,2200000000,2212000000,2212000000,1000010,46000040,1000000,1000000,10,45000040
458,1967506000,1967506000,1000000,1000000,11000000,11000000,634506000,634506000,11000000,11000000,1310000000,1310000000,1321000000,1321000000,1333000000,1333000000,1000000,1000000,11000000,11000000,0,0,11000000,11000000,1310000000,1310000000,1321000000,1321000000,1000010,34000020,1000000,1000000,10,33000020
488,1380506000,1387506000,1000000,1000000,4000000,11000000,634506000,634506000,11000000,11000000,730000000,730000000,741000000,741000000,746000000,753000000,1000000,1000000,4000000,11000000,0,0,11000000,11000000,730000000,730000000,741000000,741000000,1000010,75000050,1000000,1000000,10,74000050
518,2813506000,2813506000,1000000,1000000,39000000,39000000,634506000,634506000,39000000,39000000,2100000000,2100000000,2139000000,2139000000,2179000000,2179000000,1000000,1000000,39000000,39000000,0,0,39000000,39000000,2100000000,2100000000,2139000000,2139000000,1000010,34000020,1000000,1000000,10,33000020
548,1539506000,1539506000,1000000,1000000,7000000,7000000,634506000,634506000,7000000,7000000,890000000,890000000,897000000,897000000,905000000,905000000,1000000,1000000,7000000,7000000,0,0,7000000,7000000,890000000,890000000,897000000,897000000,1000010,9000010,1000000,1000000,10,8000010
578,2745506000,2761506000,1000000,1000000,57000000,73000000,634506000,634506000,73000000,73000000,1980000000,1980000000,2053000000,2053000000,2111000000,2127000000,1000000,1000000,57000000,73000000,0,0,73000000,73000000,1980000000,1980000000,2053000000,2053000000,1000010,106000030,1000000,1000000,10,105000030
608,2664506000,2665506000,1000000,1000000,9000000,10000000,634506000,634506000,10000000,10000000,2010000000,2010000000,2020000000,2020000000,2030000000,2031000000,1000000,1000000,9000000,10000000,0,0,10000000,10000000,2010000000,2010000000,2020000000,2020000000,1000010,22000040,1000000,1000000,10,21000040
638,1717506000,1720506000,1000000,1000000,6000000,9000000,634506000,634506000,6000000,6000000,1070000000,1070000000,1076000000,1076000000,1083000000,1086000000,1000000,1000000,6000000,9000000,0,0,6000000,6000000,1070000000,1070000000,1076000000,1076000000,1000010,16000020,1000000,1000000,10,15000020
668,1847506000,1847506000,1000000,1000000,6000000,6000000,634506000,634506000,6000000,6000000,1200000000,1200000000,1206000000,1206000000,1213000000,1213000000,1000000,1000000,6000000,6000000,0,0,6000000,6000000,1200000000,1200000000,1206000000,1206000000,1000010,21000030,1000000,1000000,10,20000030
698,2360506000,2361506000,1000000,1000000,17000000,18000000,634506000,634506000,18000000,18000000,1690000000,1690000000,1708000000,1708000000,1726000000,1727000000,1000000,1000000,17000000,18000000,0,0,18000000,18000000,1690000000,1690000000,1708000000,1708000000,1000010,22000010,1000000,1000000,10,21000010
728,2516506000,2517506000,1000000,1000000,5000000,6000000,634506000,634506000,6000000,6000000,1870000000,1870000000,1876000000,1876000000,1882000000,1883000000,1000000,1000000,5000000,6000000,0,0,6000000,6000000,1870000000,1870000000,1876000000,1876000000,1000010,83000040,1000000,1000000,10,82000040
758,1367506000,1367506000,1000000,1000000,1000000,1000000,634506000,634506000,1000000,1000000,730000000,730000000,731000000,731000000,733000000,733000000,1000000,1000000,1000000,1000000,0,0,1000000,1000000,730000000,730000000,731000000,731000000,1000010,21000030,1000000,1000000,10,20000030
788,2225506000,2233506000,1000000,1000000,1000000,9000000,634506000,634506000,9000000,9000000,1580000000,1580000000,1589000000,1589000000,1591000000,1599000000,1000000,1000000,1000000,9000000,0,0,9000000,9000000,1580000000,1580000000,1589000000,1589000000,1000010,80000030,1000000,1000000,10,79000030
818,635506000,636506000,1000000,1000000,0,1000000,634506000,634506000,0,0,0,0,0,0,1000000,2000000,1000000,1000000,0,1000000,0,0,0,0,0,0,0,0,1000010,1000000,1000000,1000000,10,0
848,3790506000,3791506000,1000000,1000000,12000000,13000000,634506000,634506000,13000000,13000000,3130000000,3130000000,3143000000,3143000000,3156000000,3157000000,1000000,1000000,12000000,13000000,0,0,13000000,13000000,3130000000,3130000000,3143000000,3143000000,1000010,10000010,1000000,1000000,10,9000010
878,1840506000,1841506000,1000000,1000000,12000000,13000000,634506000,634506000,13000000,13000000,1180000000,1180000000,1193000000,1193000000,1206000000,1207000000,1000000,1000000,12000000,13000000,0,0,13000000,13000000,1180000000,1180000000,1193000000,1193000000,1000010,16000040,1000000,1000000,10,15000040
908,1790506000,1791506000,1000000,1000000,7000000,8000000,634506000,634506000,8000000,8000000,1140000000,1140000000,1148000000,1148000000,1156000000,1157000000,1000000,1000000,7000000,8000000,0,0,8000000,8000000,1140000000,1140000000,1148000000,1148000000,1000010,16000030,1000000,1000000,10,15000030
938,1973506000,1974506000,1000000,1000000,9000000,10000000,634506000,634506000,9000000,9000000,1320000000,1320000000,1329000000,1329000000,1339000000,1340000000,1000000,1000000,9000000,10000000,0,0,9000000,9000000,1320000000,1320000000,1329000000,1329000000,1000010,85000030,1000000,1000000,10,84000030
968,881506000,881506000,1000000,1000000,8000000,8000000,634506000,634506000,8000000,8000000,230000000,230000000,238000000,238000000,247000000,247000000,1000000,1000000,8000000,8000000,0,0,8000000,8000000,230000000,230000000,238000000,238000000,1000010,2000010,1000000,1000000,10,1000010
998,3554506000,31502770000,1000000,1000000,0,19000000,634506000,28552770000,9000000,20000000,2910000000,2910000000,2919000000,2930000000,2920000000,2950000000,1000000,1000000,0,19000000,0,0,9000000,20000000,2910000000,2910000000,2919000000,2930000000,1000010,75000030,1000000,1000000,10,74000030
1028,673506000,1309012000,1000000,1000000,38000000,39000000,634506000,1269012000,0,0,0,0,0,0,39000000,40000000,1000000,1000000,38000000,39000000,0,0,0,0,0,0,0,0,1000010,1000000,1000000,1000000,10,0
1058,3765506000,15858120000,1000000,1000000,1000000,38000000,634506000,12690120000,19000000,19000000,3110000000,3110000000,3129000000,3129000000,3131000000,3168000000,1000000,1000000,1000000,38000000,0,0,19000000,19000000,3110000000,3110000000,3129000000,3129000000,1000010,11000020,1000000,1000000,10,10000020
1088,1883506000,3154518000,1000000,1000000,9000000,11000000,634506000,1903518000,9000000,9000000,1230000000,1230000000,1239000000,1239000000,1249000000,1251000000,1000000,1000000,9000000,11000000,0,0,9000000,9000000,1230000000,1230000000,1239000000,1239000000,1000010,35000030,1000000,1000000,10,34000030
1118,3775506000,8223048000,1000000,1000000,7000000,13000000,634506000,5076048000,13000000,13000000,3120000000,3120000000,3133000000,3133000000,3141000000,3147000000,1000000,1000000,7000000,13000000,0,0,13000000,13000000,3120000000,3120000000,3133000000,3133000000,1000010,1000000,1000000,1000000,10,0
1148,669506000,1305012000,1000000,1000000,12000000,13000000,634506000,1269012000,12000000,12000000,10000000,10000000,22000000,22000000,35000000,36000000,1000000,1000000,12000000,13000000,0,0,12000000,12000000,10000000,10000000,22000000,22000000,1000010,1000000,1000000,1000000,10,0
1178,671506000,3210530000,1000000,1000000,8000000,9000000,634506000,3172530000,8000000,8000000,20000000,20000000,28000000,28000000,37000000,38000000,1000000,1000000,8000000,9000000,0,0,8000000,8000000,20000000,20000000,28000000,28000000,1000010,1000000,1000000,1000000,10,0
1208,644506000,1280012000,1000000,1000000,9000000,10000000,634506000,1269012000,0,0,0,0,0,0,10000000,11000000,1000000,1000000,9000000,10000000,0,0,0,0,0,0,0,0,1000010,1000000,1000000,1000000,10,0
1238,1081506000,2987024000,1000000,1000000,17000000,19000000,634506000,2538024000,19000000,19000000,410000000,410000000,429000000,429000000,447000000,449000000,1000000,1000000,17000000,19000000,0,0,19000000,19000000,410000000,410000000,429000000,429000000,1000010,1000000,1000000,1000000,10,0
1268,3531506000,4196012000,1000000,1000000,8000000,38000000,634506000,1269012000,38000000,38000000,2850000000,2850000000,2888000000,2888000000,2897000000,2927000000,1000000,1000000,8000000,38000000,0,0,38000000,38000000,2850000000,2850000000,2888000000,2888000000,1000010,12000030,1000000,1000000,10,11000030
9,3440506000,3441506000,1000000,1000000,17000000,18000000,634506000,634506000,18000000,18000000,2770000000,2770000000,2788000000,2788000000,2806000000,2807000000,1000000,1000000,17000000,18000000,0,0,18000000,18000000,2770000000,2770000000,2788000000,2788000000,1000010,48000020,1000000,1000000,10,47000020
39,2682506000,2683506000,1000000,1000000,18000000,19000000,634506000,634506000,19000000,19000000,2010000000,2010000000,2029000000,2029000000,2048000000,2049000000,1000000,1000000,18000000,19000000,0,0,19000000,19000000,2010000000,2010000000,2029000000,2029000000,1000010,73000020,1000000,1000000,10,72000020
69,2967506000,2969506000,1000000,1000000,10000000,12000000,634506000,634506000,12000000,12000000,2310000000,2310000000,2322000000,2322000000,2333000000,2335000000,1000000,1000000,10000000,12000000,0,0,12000000,12000000,2310000000,2310000000,2322000000,2322000000,1000010,69000040,1000000,1000000,10,68000040
99,3154506000,3155506000,1000000,1000000,19000000,20000000,634506000,634506000,20000000,20000000,2480000000,2480000000,2500000000,2500000000,2520000000,2521000000,1000000,1000000,19000000,20000000,0,0,20000000,20000000,2480000000,2480000000,2500000000,2500000000,1000010,23000010,1000000,1000000,10,22000010
129,2247506000,2247506000,1000000,1000000,1000000,1000000,634506000,634506000,1000000,1000000,1610000000,1610000000,1611000000,1611000000,1613000000,1613000000,1000000,1000000,1000000,1000000,0,0,1000000,1000000,1610000000,1610000000,1611000000,1611000000,1000010,13000030,1000000,1000000,10,12000030
159,5074506000,5077506000,1000000,1000000,43000000,46000000,634506000,634506000,46000000,46000000,4350000000,4350000000,4396000000,4396000000,4440000000,4443000000,1000000,1000000,43000000,46000000,0,0,46000000,46000000,4350000000,4350000000,4396000000,4396000000,1000010,122000060,1000000,1000000,10,121000060
189,1434506000,1435506000,1000000,1000000,19000000,20000000,634506000,634506000,20000000,20000000,760000000,760000000,780000000,780000000,800000000,801000000,1000000,1000000,19000000,20000000,0,0,20000000,20000000,760000000,760000000,780000000,780000000,1000010,23000010,1000000,1000000,10,22000010
219,2884506000,2885506000,1000000,1000000,19000000,20000000,634506000,634506000,20000000,20000000,2210000000,2210000000,2230000000,2230000000,2250000000,2251000000,1000000,1000000,19000000,20000000,0,0,20000000,20000000,2210000000,2210000000,2230000000,2230000000,1000010,24000020,1000000,1000000,10,23000020
249,2322506000,2323506000,1000000,1000000,8000000,9000000,634506000,634506000,9000000,9000000,1670000000,1670000000,1679000000,1679000000,1688000000,1689000000,1000000,1000000,8000000,9000000,0,0,9000000,9000000,1670000000,1670000000,1679000000,1679000000,1000010,17000040,1000000,1000000,10,16000040
279,2373506000,2373506000,1000000,1000000,9000000,9000000,634506000,634506000,9000000,9000000,1720000000,1720000000,1729000000,1729000000,1739000000,1739000000,1000000,1000000,9000000,9000000,0,0,9000000,9000000,1720000000,1720000000,1729000000,1729000000,1000010,17000040,1000000,1000000,10,16000040
309,3052506000,3053506000,1000000,1000000,8000000,9000000,634506000,634506000,9000000,9000000,2400000000,2400000000,2409000000,2409000000,2418000000,2419000000,1000000,1000000,8000000,9000000,0,0,9000000,9000000,2400000000,2400000000,2409000000,2409000000,1000010,34000020,1000000,1000000,10,33000020
339,3052506000,3053506000,1000000,1000000,8000000,9000000,634506000,634506000,9000000,9000000,2400000000,2400000000,2409000000,2409000000,2418000000,2419000000,1000000,1000000,8000000,9000000,0,0,9000000,9000000,2400000000,2400000000,2409000000,2409000000,1000010,34000020,1000000,1000000,10,33000020
369,681506000,682506000,1000000,1000000,8000000,9000000,634506000,634506000,8000000,8000000,30000000,30000000,38000000,38000000,47000000,48000000,1000000,1000000,8000000,9000000,0,0,8000000,8000000,30000000,30000000,38000000,38000000,1000010,2000010,1000000,1000000,10,1000010
399,3740506000,3741506000,1000000,1000000,12000000,13000000,634506000,634506000,13000000,13000000,3080000000,3080000000,3093000000,3093000000,3106000000,3107000000,1000000,1000000,12000000,13000000,0,0,13000000,13000000,3080000000,3080000000,3093000000,3093000000,1000010,3000010,1000000,1000000,10,2000010
429,2267506000,2267506000,1000000,1000000,11000000,11000000,634506000,634506000,11000000,11000000,1610000000,1610000000,1621000000,1621000000,1633000000,1633000000,1000000,1000000,11000000,11000000,0,0,11000000,11000000,1610000000,1610000000,1621000000,1621000000,1000010,27000040,1000000,1000000,10,26000040
459,3569506000,3571506000,1000000,1000000,11000000,13000000,634506000,634506000,13000000,13000000,2910000000,2910000000,2923000000,2923000000,2935000000,2937000000,1000000,1000000,11000000,13000000,0,0,13000000,13000000,2910000000,2910000000,2923000000,2923000000,1000010,70000050,1000000,1000000,10,69000050
489,1723506000,1729506000,1000000,1000000,4000000,10000000,634506000,634506000,4000000,4000000,1080000000,1080000000,1084000000,1084000000,1089000000,1095000000,1000000,1000000,4000000,10000000,0,0,4000000,4000000,1080000000,1080000000,1084000000,1084000000,1000010,75000050,1000000,1000000,10,74000050
519,3832506000,3833506000,1000000,1000000,38000000,39000000,634506000,634506000,39000000,39000000,3120000000,3120000000,3159000000,3159000000,3198000000,3199000000,1000000,1000000,38000000,39000000,0,0,39000000,39000000,3120000000,3120000000,3159000000,3159000000,1000010,84000020,1000000,1000000,10,83000020
549,1553506000,1559506000,1000000,1000000,1000000,7000000,634506000,634506000,7000000,7000000,910000000,910000000,917000000,917000000,919000000,925000000,1000000,1000000,1000000,7000000,0,0,7000000,7000000,910000000,910000000,917000000,917000000,1000010,19000020,1000000,1000000,10,18000020
579,3070506000,3071506000,1000000,1000000,57000000,58000000,634506000,634506000,58000000,58000000,2320000000,2320000000,2378000000,2378000000,2436000000,2437000000,1000000,1000000,57000000,58000000,0,0,58000000,58000000,2320000000,2320000000,2378000000,2378000000,1000010,106000030,1000000,1000000,10,105000030
609,2674506000,2675506000,1000000,1000000,9000000,10000000,634506000,634506000,10000000,10000000,2020000000,2020000000,2030000000,2030000000,2040000000,2041000000,1000000,1000000,9000000,10000000,0,0,10000000,10000000,2020000000,2020000000,2030000000,2030000000,1000010,22000040,1000000,1000000,10,21000040
639,2184506000,2185506000,1000000,1000000,9000000,10000000,634506000,634506000,10000000,10000000,1530000000,1530000000,1540000000,1540000000,1550000000,1551000000,1000000,1000000,9000000,10000000,0,0,10000000,10000000,1530000000,1530000000,1540000000,1540000000,1000010,84000020,1000000,1000000,10,83000020
669,1847506000,1847506000,1000000,1000000,6000000,6000000,634506000,634506000,6000000,6000000,1200000000,1200000000,1206000000,1206000000,1213000000,1213000000,1000000,1000000,6000000,6000000,0,0,6000000,6000000,1200000000,1200000000,1206000000,1206000000,1000010,11000010,1000000,1000000,10,10000010
699,2360506000,2361506000,1000000,1000000,17000000,18000000,634506000,634506000,18000000,18000000,1690000000,1690000000,1708000000,1708000000,1726000000,1727000000,1000000,1000000,17000000,18000000,0,0,18000000,18000000,1690000000,1690000000,1708000000,1708000000,1000010,22000010,1000000,1000000,10,21000010
729,1566506000,1567506000,1000000,1000000,5000000,6000000,634506000,634506000,6000000,6000000,920000000,920000000,926000000,926000000,932000000,933000000,1000000,1000000,5000000,6000000,0,0,6000000,6000000,920000000,920000000,926000000,926000000,1000010,15000030,1000000,1000000,10,14000030
759,1367506000,1367506000,1000000,1000000,1000000,1000000,634506000,634506000,1000000,1000000,730000000,730000000,731000000,731000000,733000000,733000000,1000000,1000000,1000000,1000000,0,0,1000000,1000000,730000000,730000000,731000000,731000000,1000010,21000030,1000000,1000000,10,20000030
789,1727506000,1727506000,1000000,1000000,1000000,1000000,634506000,634506000,1000000,1000000,1090000000,1090000000,1091000000,1091000000,1093000000,1093000000,1000000,1000000,1000000,1000000,0,0,1000000,1000000,1090000000,1090000000,1091000000,1091000000,1000010,82000040,1000000,1000000,10,81000040
819,2282506000,2289506000,1000000,1000000,0,7000000,634506000,634506000,7000000,7000000,1640000000,1640000000,1647000000,1647000000,1648000000,1655000000,1000000,1000000,0,7000000,0,0,7000000,7000000,1640000000,1640000000,1647000000,1647000000,1000010,75000040,1000000,1000000,10,74000040
849,2249506000,2249506000,1000000,1000000,12000000,12000000,634506000,634506000,12000000,12000000,1590000000,1590000000,1602000000,1602000000,1615000000,1615000000,1000000,1000000,12000000,12000000,0,0,12000000,12000000,1590000000,1590000000,1602000000,1602000000,1000010,10000010,1000000,1000000,10,9000010
879,1830506000,1831506000,1000000,1000000,12000000,13000000,634506000,634506000,13000000,13000000,1170000000,1170000000,1183000000,1183000000,1196000000,1197000000,1000000,1000000,12000000,13000000,0,0,13000000,13000000,1170000000,1170000000,1183000000,1183000000,1000010,6000010,1000000,1000000,10,5000010
909,2950506000,2951506000,1000000,1000000,7000000,8000000,634506000,634506000,8000000,8000000,2300000000,2300000000,2308000000,2308000000,2316000000,2317000000,1000000,1000000,7000000,8000000,0,0,8000000,8000000,2300000000,2300000000,2308000000,2308000000,1000010,86000030,1000000,1000000,10,85000030
939,3785506000,3787506000,1000000,1000000,9000000,11000000,634506000,634506000,11000000,11000000,3130000000,3130000000,3141000000,3141000000,3151000000,3153000000,1000000,1000000,9000000,11000000,0,0,11000000,11000000,3130000000,3130000000,3141000000,3141000000,1000010,29000040,1000000,1000000,10,28000040
969,1801506000,1801506000,1000000,1000000,8000000,8000000,634506000,634506000,8000000,8000000,1150000000,1150000000,1158000000,1158000000,1167000000,1167000000,1000000,1000000,8000000,8000000,0,0,8000000,8000000,1150000000,1150000000,1158000000,1158000000,1000010,9000020,1000000,1000000,10,8000020
999,1566506000,20620686000,1000000,1000000,1000000,20000000,634506000,19669686000,20000000,20000000,910000000,910000000,930000000,930000000,932000000,951000000,1000000,1000000,1000000,20000000,0,0,20000000,20000000,910000000,910000000,930000000,930000000,1000010,9000020,1000000,1000000,10,8000020
1029,642506000,646506000,1000000,1000000,7000000,11000000,634506000,634506000,0,0,0,0,0,0,8000000,12000000,1000000,1000000,7000000,11000000,0,0,0,0,0,0,0,0,1000010,1000000,1000000,1000000,10,0
1059,645506000,646506000,1000000,1000000,10000000,11000000,634506000,634506000,0,0,0,0,0,0,11000000,12000000,1000000,1000000,10000000,11000000,0,0,0,0,0,0,0,0,1000010,1000000,1000000,1000000,10,0
1089,3738506000,7548542000,1000000,1000000,10000000,13000000,634506000,4441542000,13000000,13000000,3080000000,3080000000,3093000000,3093000000,3104000000,3107000000,1000000,1000000,10000000,13000000,0,0,13000000,13000000,3080000000,3080000000,3093000000,3093000000,1000010,1000000,1000000,1000000,10,0
1119,2095506000,4005024000,1000000,1000000,7000000,13000000,634506000,2538024000,13000000,13000000,1440000000,1440000000,1453000000,1453000000,1461000000,1467000000,1000000,1000000,7000000,13000000,0,0,13000000,13000000,1440000000,1440000000,1453000000,1453000000,1000010,1000000,1000000,1000000,10,0
1149,909506000,3448530000,1000000,1000000,7000000,8000000,634506000,3172530000,7000000,7000000,260000000,260000000,267000000,267000000,275000000,276000000,1000000,1000000,7000000,8000000,0,0,7000000,7000000,260000000,260000000,267000000,267000000,1000010,1000000,1000000,1000000,10,0
1179,671506000,3210530000,1000000,1000000,8000000,9000000,634506000,3172530000,8000000,8000000,20000000,20000000,28000000,28000000,37000000,38000000,1000000,1000000,8000000,9000000,0,0,8000000,8000000,20000000,20000000,28000000,28000000,1000010,1000000,1000000,1000000,10,0
1209,644506000,1914518000,1000000,1000000,9000000,10000000,634506000,1903518000,0,0,0,0,0,0,10000000,11000000,1000000,1000000,9000000,10000000,0,0,0,0,0,0,0,0,1000010,1000000,1000000,1000000,10,0
1239,847506000,2117518000,1000000,1000000,46000000,47000000,634506000,1903518000,46000000,46000000,120000000,120000000,166000000,166000000,213000000,214000000,1000000,1000000,46000000,47000000,0,0,46000000,46000000,120000000,120000000,166000000,166000000,1000010,8000040,1000000,1000000,10,7000040
1269,2111506000,7189554000,1000000,1000000,7000000,9000000,634506000,5710554000,9000000,9000000,1460000000,1460000000,1469000000,1469000000,1477000000,1479000000,1000000,1000000,7000000,9000000,0,0,9000000,9000000,1460000000,1460000000,1469000000,1469000000,1000010,37000030,1000000,1000000,10,36000030
10,2400506000,2401506000,1000000,1000000,17000000,18000000,634506000,634506000,18000000,18000000,1730000000,1730000000,1748000000,1748000000,1766000000,1767000000,1000000,1000000,17000000,18000000,0,0,18000000,18000000,1730000000,1730000000,1748000000,1748000000,1000010,48000020,1000000,1000000,10,47000020
40,653506000,655506000,1000000,1000000,18000000,20000000,634506000,634506000,0,0,0,0,0,0,19000000,21000000,1000000,1000000,18000000,20000000,0,0,0,0,0,0,0,0,1000010,1000000,1000000,1000000,10,0
70,3066506000,3067506000,1000000,1000000,10000000,11000000,634506000,634506000,11000000,11000000,2410000000,2410000000,2421000000,2421000000,2432000000,2433000000,1000000,1000000,10000000,11000000,0,0,11000000,11000000,2410000000,2410000000,2421000000,2421000000,1000010,69000040,1000000,1000000,10,68000040
100,1571506000,1572506000,1000000,1000000,18000000,19000000,634506000,634506000,18000000,18000000,900000000,900000000,918000000,918000000,937000000,938000000,1000000,1000000,18000000,19000000,0,0,18000000,18000000,900000000,900000000,918000000,918000000,1000010,22000010,1000000,1000000,10,21000010
130,1717506000,1717506000,1000000,1000000,1000000,1000000,634506000,634506000,1000000,1000000,1080000000,1080000000,1081000000,1081000000,1083000000,1083000000,1000000,1000000,1000000,1000000,0,0,1000000,1000000,1080000000,1080000000,1081000000,1081000000,1000010,13000030,1000000,1000000,10,12000030
160,3682506000,3683506000,1000000,1000000,43000000,44000000,634506000,634506000,44000000,44000000,2960000000,2960000000,3004000000,3004000000,3048000000,3049000000,1000000,1000000,43000000,44000000,0,0,44000000,44000000,2960000000,2960000000,3004000000,3004000000,1000010,122000060,1000000,1000000,10,121000060
190,2325506000,2325506000,1000000,1000000,20000000,20000000,634506000,634506000,20000000,20000000,1650000000,1650000000,1670000000,1670000000,1691000000,1691000000,1000000,1000000,20000000,20000000,0,0,20000000,20000000,1650000000,1650000000,1670000000,1670000000,1000010,28000050,1000000,1000000,10,27000050
220,3624506000,3625506000,1000000,1000000,19000000,20000000,634506000,634506000,20000000,20000000,2950000000,2950000000,2970000000,2970000000,2990000000,2991000000,1000000,1000000,19000000,20000000,0,0,20000000,20000000,2950000000,2950000000,2970000000,2970000000,1000010,29000040,1000000,1000000,10,28000040
250,1292506000,1293506000,1000000,1000000,8000000,9000000,634506000,634506000,9000000,9000000,640000000,640000000,649000000,649000000,658000000,659000000,1000000,1000000,8000000,9000000,0,0,9000000,9000000,640000000,640000000,649000000,649000000,1000010,17000030,1000000,1000000,10,16000030
280,2373506000,2373506000,1000000,1000000,9000000,9000000,634506000,634506000,9000000,9000000,1720000000,1720000000,1729000000,1729000000,1739000000,1739000000,1000000,1000000,9000000,9000000,0,0,9000000,9000000,1720000000,1720000000,1729000000,1729000000,1000010,17000040,1000000,1000000,10,16000040
310,3032506000,3033506000,1000000,1000000,8000000,9000000,634506000,634506000,9000000,9000000,2380000000,2380000000,2389000000,2389000000,2398000000,2399000000,1000000,1000000,8000000,9000000,0,0,9000000,9000000,2380000000,2380000000,2389000000,2389000000,1000010,34000020,1000000,1000000,10,33000020
340,3052506000,3053506000,1000000,1000000,8000000,9000000,634506000,634506000,9000000,9000000,2400000000,2400000000,2409000000,2409000000,2418000000,2419000000,1000000,1000000,8000000,9000000,0,0,9000000,9000000,2400000000,2400000000,2409000000,2409000000,1000010,34000020,1000000,1000000,10,33000020
370,681506000,682506000,1000000,1000000,8000000,9000000,634506000,634506000,8000000,8000000,30000000,30000000,38000000,38000000,47000000,48000000,1000000,1000000,8000000,9000000,0,0,8000000,8000000,30000000,30000000,38000000,38000000,1000010,2000010,1000000,1000000,10,1000010
400,3750506000,3751506000,1000000,1000000,12000000,13000000,634506000,634506000,13000000,13000000,3090000000,3090000000,3103000000,3103000000,3116000000,3117000000,1000000,1000000,12000000,13000000,0,0,13000000,13000000,3090000000,3090000000,3103000000,3103000000,1000010,3000010,1000000,1000000,10,2000010
430,2467506000,2467506000,1000000,1000000,11000000,11000000,634506000,634506000,11000000,11000000,1810000000,1810000000,1821000000,1821000000,1833000000,1833000000,1000000,1000000,11000000,11000000,0,0,11000000,11000000,1810000000,1810000000,1821000000,1821000000,1000010,27000040,1000000,1000000,10,26000040
460,1374506000,1377506000,1000000,1000000,8000000,11000000,634506000,634506000,11000000,11000000,720000000,720000000,731000000,731000000,740000000,743000000,1000000,1000000,8000000,11000000,0,0,11000000,11000000,720000000,720000000,731000000,731000000,1000010,67000040,1000000,1000000,10,66000040
490,639506000,640506000,1000000,1000000,4000000,5000000,634506000,634506000,0,0,0,0,0,0,5000000,6000000,1000000,1000000,4000000,5000000,0,0,0,0,0,0,0,0,1000010,1000000,1000000,1000000,10,0
520,3832506000,3833506000,1000000,1000000,38000000,39000000,634506000,634506000,39000000,39000000,3120000000,3120000000,3159000000,3159000000,3198000000,3199000000,1000000,1000000,38000000,39000000,0,0,39000000,39000000,3120000000,3120000000,3159000000,3159000000,1000010,84000020,1000000,1000000,10,83000020
550,2240506000,2241506000,1000000,1000000,7000000,8000000,634506000,634506000,8000000,8000000,1590000000,1590000000,1598000000,1598000000,1606000000,1607000000,1000000,1000000,7000000,8000000,0,0,8000000,8000000,1590000000,1590000000,1598000000,1598000000,1000010,11000030,1000000,1000000,10,10000030
580,3080506000,3081506000,1000000,1000000,57000000,58000000,634506000,634506000,58000000,58000000,2330000000,2330000000,2388000000,2388000000,2446000000,2447000000,1000000,1000000,57000000,58000000,0,0,58000000,58000000,2330000000,2330000000,2388000000,2388000000,1000010,106000030,1000000,1000000,10,105000030
610,2674506000,2675506000,1000000,1000000,9000000,10000000,634506000,634506000,10000000,10000000,2020000000,2020000000,2030000000,2030000000,2040000000,2041000000,1000000,1000000,9000000,10000000,0,0,10000000,10000000,2020000000,2020000000,2030000000,2030000000,1000010,22000040,1000000,1000000,10,21000040
640,1453506000,1463506000,1000000,1000000,9000000,19000000,634506000,634506000,19000000,19000000,790000000,790000000,809000000,809000000,819000000,829000000,1000000,1000000,9000000,19000000,0,0,19000000,19000000,790000000,790000000,809000000,809000000,1000010,73000020,1000000,1000000,10,72000020
670,1857506000,1857506000,1000000,1000000,6000000,6000000,634506000,634506000,6000000,6000000,1210000000,1210000000,1216000000,1216000000,1223000000,1223000000,1000000,1000000,6000000,6000000,0,0,6000000,6000000,1210000000,1210000000,1216000000,1216000000,1000010,21000030,1000000,1000000,10,20000030
700,2360506000,2361506000,1000000,1000000,17000000,18000000,634506000,634506000,18000000,18000000,1690000000,1690000000,1708000000,1708000000,1726000000,1727000000,1000000,1000000,17000000,18000000,0,0,18000000,18000000,1690000000,1690000000,1708000000,1708000000,1000010,22000010,1000000,1000000,10,21000010
730,2867506000,2867506000,1000000,1000000,6000000,6000000,634506000,634506000,6000000,6000000,2220000000,2220000000,2226000000,2226000000,2233000000,2233000000,1000000,1000000,6000000,6000000,0,0,6000000,6000000,2220000000,2220000000,2226000000,2226000000,1000010,83000030,1000000,1000000,10,82000030
760,1297506000,1297506000,1000000,1000000,1000000,1000000,634506000,634506000,1000000,1000000,660000000,660000000,661000000,661000000,663000000,663000000,1000000,1000000,1000000,1000000,0,0,1000000,1000000,660000000,660000000,661000000,661000000,1000010,21000030,1000000,1000000,10,20000030
790,1727506000,1727506000,1000000,1000000,1000000,1000000,634506000,634506000,1000000,1000000,1090000000,1090000000,1091000000,1091000000,1093000000,1093000000,1000000,1000000,1000000,1000000,0,0,1000000,1000000,1090000000,1090000000,1091000000,1091000000,1000010,82000040,1000000,1000000,10,81000040
820,2776506000,2777506000,1000000,1000000,0,1000000,634506000,634506000,1000000,1000000,2140000000,2140000000,2141000000,2141000000,2142000000,2143000000,1000000,1000000,0,1000000,0,0,1000000,1000000,2140000000,2140000000,2141000000,2141000000,1000010,82000030,1000000,1000000,10,81000030
850,3010506000,3011506000,1000000,1000000,12000000,13000000,634506000,634506000,13000000,13000000,2350000000,2350000000,2363000000,2363000000,2376000000,2377000000,1000000,1000000,12000000,13000000,0,0,13000000,13000000,2350000000,2350000000,2363000000,2363000000,1000010,10000010,1000000,1000000,10,9000010
880,3606506000,3607506000,1000000,1000000,15000000,16000000,634506000,634506000,16000000,16000000,2940000000,2940000000,2956000000,2956000000,2972000000,2973000000,1000000,1000000,15000000,16000000,0,0,16000000,16000000,2940000000,2940000000,2956000000,2956000000,1000010,29000040,1000000,1000000,10,28000040
910,671506000,671506000,1000000,1000000,8000000,8000000,634506000,634506000,8000000,8000000,20000000,20000000,28000000,28000000,37000000,37000000,1000000,1000000,8000000,8000000,0,0,8000000,8000000,20000000,20000000,28000000,28000000,1000010,2000010,1000000,1000000,10,1000010
940,2943506000,2943506000,1000000,1000000,9000000,9000000,634506000,634506000,9000000,9000000,2290000000,2290000000,2299000000,2299000000,2309000000,2309000000,1000000,1000000,9000000,9000000,0,0,9000000,9000000,2290000000,2290000000,2299000000,2299000000,1000010,17000040,1000000,1000000,10,16000040
970,1801506000,1801506000,1000000,1000000,8000000,8000000,634506000,634506000,8000000,8000000,1150000000,1150000000,1158000000,1158000000,1167000000,1167000000,1000000,1000000,8000000,8000000,0,0,8000000,8000000,1150000000,1150000000,1158000000,1158000000,1000010,9000020,1000000,1000000,10,8000020
1000,3006506000,22695192000,1000000,1000000,1000000,20000000,634506000,20304192000,20000000,20000000,2350000000,2350000000,2370000000,2370000000,2372000000,2391000000,1000000,1000000,1000000,20000000,0,0,20000000,20000000,2350000000,2350000000,2370000000,2370000000,1000010,16000050,1000000,1000000,10,15000050
1030,2814506000,14881120000,1000000,1000000,1000000,12000000,634506000,12690120000,8000000,8000000,2170000000,2170000000,2178000000,2178000000,2180000000,2191000000,1000000,1000000,1000000,12000000,0,0,8000000,8000000,2170000000,2170000000,2178000000,2178000000,1000010,18000030,1000000,1000000,10,17000030
1060,644506000,1914518000,1000000,1000000,9000000,10000000,634506000,1903518000,0,0,0,0,0,0,10000000,11000000,1000000,1000000,9000000,10000000,0,0,0,0,0,0,0,0,1000010,1000000,1000000,1000000,10,0
1090,3718506000,6894036000,1000000,1000000,10000000,13000000,634506000,3807036000,13000000,13000000,3060000000,3060000000,3073000000,3073000000,3084000000,3087000000,1000000,1000000,10000000,13000000,0,0,13000000,13000000,3060000000,3060000000,3073000000,3073000000,1000010,1000000,1000000,1000000,10,0
1120,1635506000,6082048000,1000000,1000000,8000000,13000000,634506000,5076048000,12000000,12000000,980000000,980000000,992000000,992000000,1001000000,1006000000,1000000,1000000,8000000,13000000,0,0,12000000,12000000,980000000,980000000,992000000,992000000,1000010,23000020,1000000,1000000,10,22000020
1150,2300506000,9284072000,1000000,1000000,7000000,11000000,634506000,7614072000,8000000,8000000,1650000000,1650000000,1658000000,1658000000,1666000000,1670000000,1000000,1000000,7000000,11000000,0,0,8000000,8000000,1650000000,1650000000,1658000000,1658000000,1000010,84000020,1000000,1000000,10,83000020
1180,671506000,3210530000,1000000,1000000,8000000,9000000,634506000,3172530000,8000000,8000000,20000000,20000000,28000000,28000000,37000000,38000000,1000000,1000000,8000000,9000000,0,0,8000000,8000000,20000000,20000000,28000000,28000000,1000010,1000000,1000000,1000000,10,0
1210,644506000,1914518000,1000000,1000000,9000000,10000000,634506000,1903518000,0,0,0,0,0,0,10000000,11000000,1000000,1000000,9000000,10000000,0,0,0,0,0,0,0,0,1000010,1000000,1000000,1000000,10,0
1240,3841506000,5755024000,1000000,1000000,38000000,48000000,634506000,2538024000,48000000,48000000,3120000000,3120000000,3168000000,3168000000,3207000000,3217000000,1000000,1000000,38000000,48000000,0,0,48000000,48000000,3120000000,3120000000,3168000000,3168000000,1000010,33000040,1000000,1000000,10,32000040
1270,909506000,2814024000,1000000,1000000,7000000,8000000,634506000,2538024000,7000000,7000000,260000000,260000000,267000000,267000000,275000000,276000000,1000000,1000000,7000000,8000000,0,0,7000000,7000000,260000000,260000000,267000000,267000000,1000010,1000000,1000000,1000000,10,0
11,1993506000,2009506000,1000000,1000000,1000000,17000000,634506000,634506000,17000000,17000000,1340000000,1340000000,1357000000,1357000000,1359000000,1375000000,1000000,1000000,1000000,17000000,0,0,17000000,17000000,1340000000,1340000000,1357000000,1357000000,1000010,10000030,1000000,1000000,10,9000030
41,1751506000,1751506000,1000000,1000000,18000000,18000000,634506000,634506000,18000000,18000000,1080000000,1080000000,1098000000,1098000000,1117000000,1117000000,1000000,1000000,18000000,18000000,0,0,18000000,18000000,1080000000,1080000000,1098000000,1098000000,1000010,16000020,1000000,1000000,10,15000020
71,2967506000,2969506000,1000000,1000000,10000000,12000000,634506000,634506000,12000000,12000000,2310000000,2310000000,2322000000,2322000000,2333000000,2335000000,1000000,1000000,10000000,12000000,0,0,12000000,12000000,2310000000,2310000000,2322000000,2322000000,1000010,69000040,1000000,1000000,10,68000040
101,1521506000,1523506000,1000000,1000000,18000000,20000000,634506000,634506000,18000000,18000000,850000000,850000000,868000000,868000000,887000000,889000000,1000000,1000000,18000000,20000000,0,0,18000000,18000000,850000000,850000000,868000000,868000000,1000010,22000030,1000000,1000000,10,21000030
131,1237506000,1244506000,1000000,1000000,1000000,8000000,634506000,634506000,1000000,1000000,600000000,600000000,601000000,601000000,603000000,610000000,1000000,1000000,1000000,8000000,0,0,1000000,1000000,600000000,600000000,601000000,601000000,1000010,13000020,1000000,1000000,10,12000020
161,3855506000,3859506000,1000000,1000000,43000000,47000000,634506000,634506000,47000000,47000000,3130000000,3130000000,3177000000,3177000000,3221000000,3225000000,1000000,1000000,43000000,47000000,0,0,47000000,47000000,3130000000,3130000000,3177000000,3177000000,1000010,38000040,1000000,1000000,10,37000040
191,2735506000,2735506000,1000000,1000000,20000000,20000000,634506000,634506000,20000000,20000000,2060000000,2060000000,2080000000,2080000000,2101000000,2101000000,1000000,1000000,20000000,20000000,0,0,20000000,20000000,2060000000,2060000000,2080000000,2080000000,1000010,52000030,1000000,1000000,10,51000030
221,2874506000,2875506000,1000000,1000000,19000000,20000000,634506000,634506000,20000000,20000000,2200000000,2200000000,2220000000,2220000000,2240000000,2241000000,1000000,1000000,19000000,20000000,0,0,20000000,20000000,2200000000,2200000000,2220000000,2220000000,1000010,23000010,1000000,1000000,10,22000010
251,1837506000,1839506000,1000000,1000000,6000000,8000000,634506000,634506000,6000000,6000000,1190000000,1190000000,1196000000,1196000000,1203000000,1205000000,1000000,1000000,6000000,8000000,0,0,6000000,6000000,1190000000,1190000000,1196000000,1196000000,1000010,16000020,1000000,1000000,10,15000020
281,1403506000,1403506000,1000000,1000000,9000000,9000000,634506000,634506000,9000000,9000000,750000000,750000000,759000000,759000000,769000000,769000000,1000000,1000000,9000000,9000000,0,0,9000000,9000000,750000000,750000000,759000000,759000000,1000010,16000020,1000000,1000000,10,15000020
311,3052506000,3053506000,1000000,1000000,8000000,9000000,634506000,634506000,9000000,9000000,2400000000,2400000000,2409000000,2409000000,2418000000,2419000000,1000000,1000000,8000000,9000000,0,0,9000000,9000000,2400000000,2400000000,2409000000,2409000000,1000010,34000020,1000000,1000000,10,33000020
341,3052506000,3053506000,1000000,1000000,8000000,9000000,634506000,634506000,9000000,9000000,2400000000,2400000000,2409000000,2409000000,2418000000,2419000000,1000000,1000000,8000000,9000000,0,0,9000000,9000000,2400000000,2400000000,2409000000,2409000000,1000010,34000020,1000000,1000000,10,33000020
371,681506000,682506000,1000000,1000000,8000000,9000000,634506000,634506000,8000000,8000000,30000000,30000000,38000000,38000000,47000000,48000000,1000000,1000000,8000000,9000000,0,0,8000000,8000000,30000000,30000000,38000000,38000000,1000010,2000010,1000000,1000000,10,1000010
401,3730506000,3731506000,1000000,1000000,12000000,13000000,634506000,634506000,13000000,13000000,3070000000,3070000000,3083000000,3083000000,3096000000,3097000000,1000000,1000000,12000000,13000000,0,0,13000000,13000000,3070000000,3070000000,3083000000,3083000000,1000010,3000010,1000000,1000000,10,2000010
431,1656506000,1657506000,1000000,1000000,10000000,11000000,634506000,634506000,11000000,11000000,1000000000,1000000000,1011000000,1011000000,1022000000,1023000000,1000000,1000000,10000000,11000000,0,0,11000000,11000000,1000000000,1000000000,1011000000,1011000000,1000010,27000040,1000000,1000000,10,26000040
461,1587506000,1587506000,1000000,1000000,11000000,11000000,634506000,634506000,11000000,11000000,930000000,930000000,941000000,941000000,953000000,953000000,1000000,1000000,11000000,11000000,0,0,11000000,11000000,930000000,930000000,941000000,941000000,1000010,34000020,1000000,1000000,10,33000020
491,3343506000,3343506000,1000000,1000000,4000000,4000000,634506000,634506000,4000000,4000000,2700000000,2700000000,2704000000,2704000000,2709000000,2709000000,1000000,1000000,4000000,4000000,0,0,4000000,4000000,2700000000,2700000000,2704000000,2704000000,1000010,16000040,1000000,1000000,10,15000040
521,1612506000,1631506000,1000000,1000000,19000000,38000000,634506000,634506000,38000000,38000000,920000000,920000000,958000000,958000000,978000000,997000000,1000000,1000000,19000000,38000000,0,0,38000000,38000000,920000000,920000000,958000000,958000000,1000010,63000010,1000000,1000000,10,62000010
551,2840506000,2841506000,1000000,1000000,7000000,8000000,634506000,634506000,8000000,8000000,2190000000,2190000000,2198000000,2198000000,2206000000,2207000000,1000000,1000000,7000000,8000000,0,0,8000000,8000000,2190000000,2190000000,2198000000,2198000000,1000010,23000030,1000000,1000000,10,22000030
581,3247506000,3275506000,1000000,1000000,57000000,85000000,634506000,634506000,85000000,85000000,2470000000,2470000000,2555000000,2555000000,2613000000,2641000000,1000000,1000000,57000000,85000000,0,0,85000000,85000000,2470000000,2470000000,2555000000,2555000000,1000010,107000030,1000000,1000000,10,106000030
611,2674506000,2675506000,1000000,1000000,9000000,10000000,634506000,634506000,10000000,10000000,2020000000,2020000000,2030000000,2030000000,2040000000,2041000000,1000000,1000000,9000000,10000000,0,0,10000000,10000000,2020000000,2020000000,2030000000,2030000000,1000010,22000040,1000000,1000000,10,21000040
641,2504506000,2505506000,1000000,1000000,9000000,10000000,634506000,634506000,10000000,10000000,1850000000,1850000000,1860000000,1860000000,1870000000,1871000000,1000000,1000000,9000000,10000000,0,0,10000000,10000000,1850000000,1850000000,1860000000,1860000000,1000010,84000020,1000000,1000000,10,83000020
671,2748506000,2749506000,1000000,1000000,6000000,7000000,634506000,634506000,7000000,7000000,2100000000,2100000000,2107000000,2107000000,2114000000,2115000000,1000000,1000000,6000000,7000000,0,0,7000000,7000000,2100000000,2100000000,2107000000,2107000000,1000010,21000030,1000000,1000000,10,20000030
701,2360506000,2361506000,1000000,1000000,17000000,18000000,634506000,634506000,18000000,18000000,1690000000,1690000000,1708000000,1708000000,1726000000,1727000000,1000000,1000000,17000000,18000000,0,0,18000000,18000000,1690000000,1690000000,1708000000,1708000000,1000010,22000010,1000000,1000000,10,21000010
731,2047506000,2047506000,1000000,1000000,6000000,6000000,634506000,634506000,6000000,6000000,1400000000,1400000000,1406000000,1406000000,1413000000,1413000000,1000000,1000000,6000000,6000000,0,0,6000000,6000000,1400000000,1400000000,1406000000,1406000000,1000010,13000020,1000000,1000000,10,12000020
761,1367506000,1367506000,1000000,1000000,1000000,1000000,634506000,634506000,1000000,1000000,730000000,730000000,731000000,731000000,733000000,733000000,1000000,1000000,1000000,1000000,0,0,1000000,1000000,730000000,730000000,731000000,731000000,1000010,21000030,1000000,1000000,10,20000030
791,1227506000,1227506000,1000000,1000000,1000000,1000000,634506000,634506000,1000000,1000000,590000000,590000000,591000000,591000000,593000000,593000000,1000000,1000000,1000000,1000000,0,0,1000000,1000000,590000000,590000000,591000000,591000000,1000010,82000040,1000000,1000000,10,81000040
821,2776506000,2777506000,1000000,1000000,0,1000000,634506000,634506000,1000000,1000000,2140000000,2140000000,2141000000,2141000000,2142000000,2143000000,1000000,1000000,0,1000000,0,0,1000000,1000000,2140000000,2140000000,2141000000,2141000000,1000010,82000030,1000000,1000000,10,81000030
851,1740506000,1741506000,1000000,1000000,12000000,13000000,634506000,634506000,13000000,13000000,1080000000,1080000000,1093000000,1093000000,1106000000,1107000000,1000000,1000000,12000000,13000000,0,0,13000000,13000000,1080000000,1080000000,1093000000,1093000000,1000010,10000010,1000000,1000000,10,9000010
881,3626506000,3627506000,1000000,1000000,15000000,16000000,634506000,634506000,16000000,16000000,2960000000,2960000000,2976000000,2976000000,2992000000,2993000000,1000000,1000000,15000000,16000000,0,0,16000000,16000000,2960000000,2960000000,2976000000,2976000000,1000010,29000040,1000000,1000000,10,28000040
911,651506000,652506000,1000000,1000000,16000000,17000000,634506000,634506000,0,0,0,0,0,0,17000000,18000000,1000000,1000000,16000000,17000000,0,0,0,0,0,0,0,0,1000010,1000000,1000000,1000000,10,0
941,3434506000,3435506000,1000000,1000000,9000000,10000000,634506000,634506000,10000000,10000000,2780000000,2780000000,2790000000,2790000000,2800000000,2801000000,1000000,1000000,9000000,10000000,0,0,10000000,10000000,2780000000,2780000000,2790000000,2790000000,1000010,28000040,1000000,1000000,10,27000040
971,1407506000,1407506000,1000000,1000000,11000000,11000000,634506000,634506000,11000000,11000000,750000000,750000000,761000000,761000000,773000000,773000000,1000000,1000000,11000000,11000000,0,0,11000000,11000000,750000000,750000000,761000000,761000000,1000010,3000010,1000000,1000000,10,2000010
1001,3738506000,7548542000,1000000,1000000,10000000,13000000,634506000,4441542000,13000000,13000000,3080000000,3080000000,3093000000,3093000000,3104000000,3107000000,1000000,1000000,10000000,13000000,0,0,13000000,13000000,3080000000,3080000000,3093000000,3093000000,1000010,1000000,1000000,1000000,10,0
1031,2113506000,5333036000,1000000,1000000,10000000,57000000,634506000,3807036000,18000000,18000000,1450000000,1450000000,1468000000,1468000000,1479000000,1526000000,1000000,1000000,10000000,57000000,0,0,18000000,18000000,1450000000,1450000000,1468000000,1468000000,1000010,29000010,1000000,1000000,10,28000010
1061,1924506000,5739542000,1000000,1000000,1000000,9000000,634506000,4441542000,8000000,8000000,1280000000,1280000000,1288000000,1288000000,1290000000,1298000000,1000000,1000000,1000000,9000000,0,0,8000000,8000000,1280000000,1280000000,1288000000,1288000000,1000010,34000020,1000000,1000000,10,33000020
1091,3698506000,6239530000,1000000,1000000,10000000,13000000,634506000,3172530000,13000000,13000000,3040000000,3040000000,3053000000,3053000000,3064000000,3067000000,1000000,1000000,10000000,13000000,0,0,13000000,13000000,3040000000,3040000000,3053000000,3053000000,1000010,1000000,1000000,1000000,10,0
1121,643506000,644506000,1000000,1000000,8000000,9000000,634506000,634506000,0,0,0,0,0,0,9000000,10000000,1000000,1000000,8000000,9000000,0,0,0,0,0,0,0,0,1000010,1000000,1000000,1000000,10,0
1151,3333506000,12226590000,1000000,1000000,0,10000000,634506000,9517590000,8000000,8000000,2690000000,2690000000,2698000000,2698000000,2699000000,2709000000,1000000,1000000,0,10000000,0,0,8000000,8000000,2690000000,2690000000,2698000000,2698000000,1000010,81000040,1000000,1000000,10,80000040
1181,671506000,3210530000,1000000,1000000,8000000,9000000,634506000,3172530000,8000000,8000000,20000000,20000000,28000000,28000000,37000000,38000000,1000000,1000000,8000000,9000000,0,0,8000000,8000000,20000000,20000000,28000000,28000000,1000010,1000000,1000000,1000000,10,0
1211,644506000,1914518000,1000000,1000000,9000000,10000000,634506000,1903518000,0,0,0,0,0,0,10000000,11000000,1000000,1000000,9000000,10000000,0,0,0,0,0,0,0,0,1000010,1000000,1000000,1000000,10,0
1241,1042506000,1678012000,1000000,1000000,8000000,9000000,634506000,1269012000,9000000,9000000,390000000,390000000,399000000,399000000,408000000,409000000,1000000,1000000,8000000,9000000,0,0,9000000,9000000,390000000,390000000,399000000,399000000,1000010,1000000,1000000,1000000,10,0
1271,1081506000,2987024000,1000000,1000000,17000000,19000000,634506000,2538024000,19000000,19000000,410000000,410000000,429000000,429000000,447000000,449000000,1000000,1000000,17000000,19000000,0,0,19000000,19000000,410000000,410000000,429000000,429000000,1000010,1000000,1000000,1000000,10,0
12,3784506000,3785506000,1000000,1000000,19000000,20000000,634506000,634506000,20000000,20000000,3110000000,3110000000,3130000000,3130000000,3150000000,3151000000,1000000,1000000,19000000,20000000,0,0,20000000,20000000,3110000000,3110000000,3130000000,3130000000,1000010,24000020,1000000,1000000,10,23000020
42,652506000,653506000,1000000,1000000,17000000,18000000,634506000,634506000,0,0,0,0,0,0,18000000,19000000,1000000,1000000,17000000,18000000,0,0,0,0,0,0,0,0,1000010,1000000,1000000,1000000,10,0
72,3066506000,3067506000,1000000,1000000,10000000,11000000,634506000,634506000,11000000,11000000,2410000000,2410000000,2421000000,2421000000,2432000000,2433000000,1000000,1000000,10000000,11000000,0,0,11000000,11000000,2410000000,2410000000,2421000000,2421000000,1000010,69000040,1000000,1000000,10,68000040
102,1581506000,1581506000,1000000,1000000,18000000,18000000,634506000,634506000,18000000,18000000,910000000,910000000,928000000,928000000,947000000,947000000,1000000,1000000,18000000,18000000,0,0,18000000,18000000,910000000,910000000,928000000,928000000,1000010,48000020,1000000,1000000,10,47000020
132,2247506000,2247506000,1000000,1000000,1000000,1000000,634506000,634506000,1000000,1000000,1610000000,1610000000,1611000000,1611000000,1613000000,1613000000,1000000,1000000,1000000,1000000,0,0,1000000,1000000,1610000000,1610000000,1611000000,1611000000,1000010,13000030,1000000,1000000,10,12000030
162,1021506000,1049506000,1000000,1000000,9000000,37000000,634506000,634506000,37000000,37000000,340000000,340000000,377000000,377000000,387000000,415000000,1000000,1000000,9000000,37000000,0,0,37000000,37000000,340000000,340000000,377000000,377000000,1000010,11000040,1000000,1000000,10,10000040
192,2745506000,2745506000,1000000,1000000,20000000,20000000,634506000,634506000,20000000,20000000,2070000000,2070000000,2090000000,2090000000,2111000000,2111000000,1000000,1000000,20000000,20000000,0,0,20000000,20000000,2070000000,2070000000,2090000000,2090000000,1000010,52000030,1000000,1000000,10,51000030
222,2874506000,2875506000,1000000,1000000,19000000,20000000,634506000,634506000,20000000,20000000,2200000000,2200000000,2220000000,2220000000,2240000000,2241000000,1000000,1000000,19000000,20000000,0,0,20000000,20000000,2200000000,2200000000,2220000000,2220000000,1000010,23000010,1000000,1000000,10,22000010
252,1957506000,1959506000,1000000,1000000,6000000,8000000,634506000,634506000,6000000,6000000,1310000000,1310000000,1316000000,1316000000,1323000000,1325000000,1000000,1000000,6000000,8000000,0,0,6000000,6000000,1310000000,1310000000,1316000000,1316000000,1000010,18000030,1000000,1000000,10,17000030
282,2593506000,2593506000,1000000,1000000,9000000,9000000,634506000,634506000,9000000,9000000,1940000000,1940000000,1949000000,1949000000,1959000000,1959000000,1000000,1000000,9000000,9000000,0,0,9000000,9000000,1940000000,1940000000,1949000000,1949000000,1000010,17000040,1000000,1000000,10,16000040
312,2392506000,2393506000,1000000,1000000,8000000,9000000,634506000,634506000,9000000,9000000,1740000000,1740000000,1749000000,1749000000,1758000000,1759000000,1000000,1000000,8000000,9000000,0,0,9000000,9000000,1740000000,1740000000,1749000000,1749000000,1000010,57000030,1000000,1000000,10,56000030
342,3052506000,3053506000,1000000,1000000,8000000,9000000,634506000,634506000,9000000,9000000,2400000000,2400000000,2409000000,2409000000,2418000000,2419000000,1000000,1000000,8000000,9000000,0,0,9000000,9000000,2400000000,2400000000,2409000000,2409000000,1000010,34000020,1000000,1000000,10,33000020
372,1953506000,1953506000,1000000,1000000,9000000,9000000,634506000,634506000,9000000,9000000,1300000000,1300000000,1309000000,1309000000,1319000000,1319000000,1000000,1000000,9000000,9000000,0,0,9000000,9000000,1300000000,1300000000,1309000000,1309000000,1000010,17000030,1000000,1000000,10,16000030
402,2358506000,2359506000,1000000,1000000,11000000,12000000,634506000,634506000,12000000,12000000,1700000000,1700000000,1712000000,1712000000,1724000000,1725000000,1000000,1000000,11000000,12000000,0,0,12000000,12000000,1700000000,1700000000,1712000000,1712000000,1000010,27000040,1000000,1000000,10,26000040
432,2457506000,2457506000,1000000,1000000,11000000,11000000,634506000,634506000,11000000,11000000,1800000000,1800000000,1811000000,1811000000,1823000000,1823000000,1000000,1000000,11000000,11000000,0,0,11000000,11000000,1800000000,1800000000,1811000000,1811000000,1000010,27000040,1000000,1000000,10,26000040
462,1597506000,1597506000,1000000,1000000,11000000,11000000,634506000,634506000,11000000,11000000,940000000,940000000,951000000,951000000,963000000,963000000,1000000,1000000,11000000,11000000,0,0,11000000,11000000,940000000,940000000,951000000,951000000,1000010,34000020,1000000,1000000,10,33000020
492,3203506000,3203506000,1000000,1000000,4000000,4000000,634506000,634506000,4000000,4000000,2560000000,2560000000,2564000000,2564000000,2569000000,2569000000,1000000,1000000,4000000,4000000,0,0,4000000,4000000,2560000000,2560000000,2564000000,2564000000,1000010,74000040,1000000,1000000,10,73000040
522,1970506000,1991506000,1000000,1000000,17000000,38000000,634506000,634506000,38000000,38000000,1280000000,1280000000,1318000000,1318000000,1336000000,1357000000,1000000,1000000,17000000,38000000,0,0,38000000,38000000,1280000000,1280000000,1318000000,1318000000,1000010,27000040,1000000,1000000,10,26000040
552,2840506000,2841506000,1000000,1000000,7000000,8000000,634506000,634506000,8000000,8000000,2190000000,2190000000,2198000000,2198000000,2206000000,2207000000,1000000,1000000,7000000,8000000,0,0,8000000,8000000,2190000000,2190000000,2198000000,2198000000,1000010,23000030,1000000,1000000,10,22000030
582,865506000,867506000,1000000,1000000,44000000,46000000,634506000,634506000,46000000,46000000,140000000,140000000,186000000,186000000,231000000,233000000,1000000,1000000,44000000,46000000,0,0,46000000,46000000,140000000,140000000,186000000,186000000,1000010,38000060,1000000,1000000,10,37000060
612,2674506000,2675506000,1000000,1000000,9000000,10000000,634506000,634506000,10000000,10000000,2020000000,2020000000,2030000000,2030000000,2040000000,2041000000,1000000,1000000,9000000,10000000,0,0,10000000,10000000,2020000000,2020000000,2030000000,2030000000,1000010,22000040,1000000,1000000,10,21000040
642,2184506000,2185506000,1000000,1000000,9000000,10000000,634506000,634506000,10000000,10000000,1530000000,1530000000,1540000000,1540000000,1550000000,1551000000,1000000,1000000,9000000,10000000,0,0,10000000,10000000,1530000000,1530000000,1540000000,1540000000,1000010,84000020,1000000,1000000,10,83000020
672,2006506000,2007506000,1000000,1000000,5000000,6000000,634506000,634506000,6000000,6000000,1360000000,1360000000,1366000000,1366000000,1372000000,1373000000,1000000,1000000,5000000,6000000,0,0,6000000,6000000,1360000000,1360000000,1366000000,1366000000,1000010,83000040,1000000,1000000,10,82000040
702,1960506000,1961506000,1000000,1000000,17000000,18000000,634506000,634506000,18000000,18000000,1290000000,1290000000,1308000000,1308000000,1326000000,1327000000,1000000,1000000,17000000,18000000,0,0,18000000,18000000,1290000000,1290000000,1308000000,1308000000,1000010,22000010,1000000,1000000,10,21000010
732,2447506000,2447506000,1000000,1000000,6000000,6000000,634506000,634506000,6000000,6000000,1800000000,1800000000,1806000000,1806000000,1813000000,1813000000,1000000,1000000,6000000,6000000,0,0,6000000,6000000,1800000000,1800000000,1806000000,1806000000,1000010,83000030,1000000,1000000,10,82000030
762,1367506000,1367506000,1000000,1000000,1000000,1000000,634506000,634506000,1000000,1000000,730000000,730000000,731000000,731000000,733000000,733000000,1000000,1000000,1000000,1000000,0,0,1000000,1000000,730000000,730000000,731000000,731000000,1000010,21000030,1000000,1000000,10,20000030
792,1757506000,1757506000,1000000,1000000,1000000,1000000,634506000,634506000,1000000,1000000,1120000000,1120000000,1121000000,1121000000,1123000000,1123000000,1000000,1000000,1000000,1000000,0,0,1000000,1000000,1120000000,1120000000,1121000000,1121000000,1000010,82000040,1000000,1000000,10,81000040
822,2776506000,2777506000,1000000,1000000,0,1000000,634506000,634506000,1000000,1000000,2140000000,2140000000,2141000000,2141000000,2142000000,2143000000,1000000,1000000,0,1000000,0,0,1000000,1000000,2140000000,2140000000,2141000000,2141000000,1000010,82000030,1000000,1000000,10,81000030
852,3000506000,3001506000,1000000,1000000,12000000,13000000,634506000,634506000,13000000,13000000,2340000000,2340000000,2353000000,2353000000,2366000000,2367000000,1000000,1000000,12000000,13000000,0,0,13000000,13000000,2340000000,2340000000,2353000000,2353000000,1000010,10000010,1000000,1000000,10,9000010
882,2356506000,2357506000,1000000,1000000,15000000,16000000,634506000,634506000,16000000,16000000,1690000000,1690000000,1706000000,1706000000,1722000000,1723000000,1000000,1000000,15000000,16000000,0,0,16000000,16000000,1690000000,1690000000,1706000000,1706000000,1000010,29000050,1000000,1000000,10,28000050
912,651506000,652506000,1000000,1000000,16000000,17000000,634506000,634506000,0,0,0,0,0,0,17000000,18000000,1000000,1000000,16000000,17000000,0,0,0,0,0,0,0,0,1000010,1000000,1000000,1000000,10,0
942,1662506000,1663506000,1000000,1000000,8000000,9000000,634506000,634506000,9000000,9000000,1010000000,1010000000,1019000000,1019000000,1028000000,1029000000,1000000,1000000,8000000,9000000,0,0,9000000,9000000,1010000000,1010000000,1019000000,1019000000,1000010,39000050,1000000,1000000,10,38000050
972,1588506000,1615506000,1000000,1000000,58000000,85000000,634506000,634506000,85000000,85000000,810000000,810000000,895000000,895000000,954000000,981000000,1000000,1000000,58000000,85000000,0,0,85000000,85000000,810000000,810000000,895000000,895000000,1000010,107000020,1000000,1000000,10,106000020
1002,780506000,4588542000,1000000,1000000,12000000,13000000,634506000,4441542000,13000000,13000000,120000000,120000000,133000000,133000000,146000000,147000000,1000000,1000000,12000000,13000000,0,0,13000000,13000000,120000000,120000000,133000000,133000000,1000010,1000000,1000000,1000000,10,0
1032,652506000,1922518000,1000000,1000000,17000000,18000000,634506000,1903518000,0,0,0,0,0,0,18000000,19000000,1000000,1000000,17000000,18000000,0,0,0,0,0,0,0,0,1000010,1000000,1000000,1000000,10,0
1062,1334506000,5785048000,1000000,1000000,0,9000000,634506000,5076048000,9000000,9000000,690000000,690000000,699000000,699000000,700000000,709000000,1000000,1000000,0,9000000,0,0,9000000,9000000,690000000,690000000,699000000,699000000,1000010,1000000,1000000,1000000,10,0
1092,3738506000,7548542000,1000000,1000000,10000000,13000000,634506000,4441542000,13000000,13000000,3080000000,3080000000,3093000000,3093000000,3104000000,3107000000,1000000,1000000,10000000,13000000,0,0,13000000,13000000,3080000000,3080000000,3093000000,3093000000,1000010,1000000,1000000,1000000,10,0
1122,642506000,1912518000,1000000,1000000,7000000,8000000,634506000,1903518000,0,0,0,0,0,0,8000000,9000000,1000000,1000000,7000000,8000000,0,0,0,0,0,0,0,0,1000010,1000000,1000000,1000000,10,0
1152,909506000,4083036000,1000000,1000000,7000000,8000000,634506000,3807036000,7000000,7000000,260000000,260000000,267000000,267000000,275000000,276000000,1000000,1000000,7000000,8000000,0,0,7000000,7000000,260000000,260000000,267000000,267000000,1000010,1000000,1000000,1000000,10,0
1182,671506000,3210530000,1000000,1000000,8000000,9000000,634506000,3172530000,8000000,8000000,20000000,20000000,28000000,28000000,37000000,38000000,1000000,1000000,8000000,9000000,0,0,8000000,8000000,20000000,20000000,28000000,28000000,1000010,1000000,1000000,1000000,10,0
1212,643506000,1279012000,1000000,1000000,8000000,9000000,634506000,1269012000,0,0,0,0,0,0,9000000,10000000,1000000,1000000,8000000,9000000,0,0,0,0,0,0,0,0,1000010,1000000,1000000,1000000,10,0
1242,2052506000,4593530000,1000000,1000000,8000000,11000000,634506000,3172530000,9000000,9000000,1400000000,1400000000,1409000000,1409000000,1418000000,1421000000,1000000,1000000,8000000,11000000,0,0,9000000,9000000,1400000000,1400000000,1409000000,1409000000,1000010,17000020,1000000,1000000,10,16000020
1272,1081506000,2987024000,1000000,1000000,17000000,19000000,634506000,2538024000,19000000,19000000,410000000,410000000,429000000,429000000,447000000,449000000,1000000,1000000,17000000,19000000,0,0,19000000,19000000,410000000,410000000,429000000,429000000,1000010,1000000,1000000,1000000,10,0
13,3164506000,3165506000,1000000,1000000,19000000,20000000,634506000,634506000,20000000,20000000,2490000000,2490000000,2510000000,2510000000,2530000000,2531000000,1000000,1000000,19000000,20000000,0,0,20000000,20000000,2490000000,2490000000,2510000000,2510000000,1000010,23000010,1000000,1000000,10,22000010
43,2340506000,2341506000,1000000,1000000,17000000,18000000,634506000,634506000,18000000,18000000,1670000000,1670000000,1688000000,1688000000,1706000000,1707000000,1000000,1000000,17000000,18000000,0,0,18000000,18000000,1670000000,1670000000,1688000000,1688000000,1000010,30000040,1000000,1000000,10,29000040
73,3066506000,3067506000,1000000,1000000,10000000,11000000,634506000,634506000,11000000,11000000,2410000000,2410000000,2421000000,2421000000,2432000000,2433000000,1000000,1000000,10000000,11000000,0,0,11000000,11000000,2410000000,2410000000,2421000000,2421000000,1000010,69000040,1000000,1000000,10,68000040
103,1504506000,1511506000,1000000,1000000,11000000,18000000,634506000,634506000,18000000,18000000,840000000,840000000,858000000,858000000,870000000,877000000,1000000,1000000,11000000,18000000,0,0,18000000,18000000,840000000,840000000,858000000,858000000,1000010,76000040,1000000,1000000,10,75000040
133,2247506000,2247506000,1000000,1000000,1000000,1000000,634506000,634506000,1000000,1000000,1610000000,1610000000,1611000000,1611000000,1613000000,1613000000,1000000,1000000,1000000,1000000,0,0,1000000,1000000,1610000000,1610000000,1611000000,1611000000,1000010,13000030,1000000,1000000,10,12000030
163,1021506000,1049506000,1000000,1000000,9000000,37000000,634506000,634506000,37000000,37000000,340000000,340000000,377000000,377000000,387000000,415000000,1000000,1000000,9000000,37000000,0,0,37000000,37000000,340000000,340000000,377000000,377000000,1000010,7000030,1000000,1000000,10,6000030
193,2745506000,2745506000,1000000,1000000,20000000,20000000,634506000,634506000,20000000,20000000,2070000000,2070000000,2090000000,2090000000,2111000000,2111000000,1000000,1000000,20000000,20000000,0,0,20000000,20000000,2070000000,2070000000,2090000000,2090000000,1000010,52000030,1000000,1000000,10,51000030
223,1542506000,1561506000,1000000,1000000,19000000,38000000,634506000,634506000,38000000,38000000,850000000,850000000,888000000,888000000,908000000,927000000,1000000,1000000,19000000,38000000,0,0,38000000,38000000,850000000,850000000,888000000,888000000,1000010,13000020,1000000,1000000,10,12000020
253,1463506000,1471506000,1000000,1000000,0,8000000,634506000,634506000,8000000,8000000,820000000,820000000,828000000,828000000,829000000,837000000,1000000,1000000,0,8000000,0,0,8000000,8000000,820000000,820000000,828000000,828000000,1000010,12000010,1000000,1000000,10,11000010
283,2233506000,2233506000,1000000,1000000,9000000,9000000,634506000,634506000,9000000,9000000,1580000000,1580000000,1589000000,1589000000,1599000000,1599000000,1000000,1000000,9000000,9000000,0,0,9000000,9000000,1580000000,1580000000,1589000000,1589000000,1000010,17000040,1000000,1000000,10,16000040
313,1237506000,1244506000,1000000,1000000,1000000,8000000,634506000,634506000,1000000,1000000,600000000,600000000,601000000,601000000,603000000,610000000,1000000,1000000,1000000,8000000,0,0,1000000,1000000,600000000,600000000,601000000,601000000,1000010,13000020,1000000,1000000,10,12000020
343,1237506000,1244506000,1000000,1000000,1000000,8000000,634506000,634506000,1000000,1000000,600000000,600000000,601000000,601000000,603000000,610000000,1000000,1000000,1000000,8000000,0,0,1000000,1000000,600000000,600000000,601000000,601000000,1000010,13000020,1000000,1000000,10,12000020
373,1943506000,1943506000,1000000,1000000,9000000,9000000,634506000,634506000,9000000,9000000,1290000000,1290000000,1299000000,1299000000,1309000000,1309000000,1000000,1000000,9000000,9000000,0,0,9000000,9000000,1290000000,1290000000,1299000000,1299000000,1000010,17000030,1000000,1000000,10,16000030
403,3730506000,3731506000,1000000,1000000,12000000,13000000,634506000,634506000,13000000,13000000,3070000000,3070000000,3083000000,3083000000,3096000000,3097000000,1000000,1000000,12000000,13000000,0,0,13000000,13000000,3070000000,3070000000,3083000000,3083000000,1000010,3000010,1000000,1000000,10,2000010
433,2358506000,2359506000,1000000,1000000,11000000,12000000,634506000,634506000,12000000,12000000,1700000000,1700000000,1712000000,1712000000,1724000000,1725000000,1000000,1000000,11000000,12000000,0,0,12000000,12000000,1700000000,1700000000,1712000000,1712000000,1000010,27000040,1000000,1000000,10,26000040
463,1233506000,1235506000,1000000,1000000,9000000,11000000,634506000,634506000,9000000,9000000,580000000,580000000,589000000,589000000,599000000,601000000,1000000,1000000,9000000,11000000,0,0,9000000,9000000,580000000,580000000,589000000,589000000,1000010,18000030,1000000,1000000,10,17000030
493,3343506000,3343506000,1000000,1000000,4000000,4000000,634506000,634506000,4000000,4000000,2700000000,2700000000,2704000000,2704000000,2709000000,2709000000,1000000,1000000,4000000,4000000,0,0,4000000,4000000,2700000000,2700000000,2704000000,2704000000,1000010,16000040,1000000,1000000,10,15000040
523,1751506000,1771506000,1000000,1000000,18000000,38000000,634506000,634506000,38000000,38000000,1060000000,1060000000,1098000000,1098000000,1117000000,1137000000,1000000,1000000,18000000,38000000,0,0,38000000,38000000,1060000000,1060000000,1098000000,1098000000,1000010,63000010,1000000,1000000,10,62000010
553,2024506000,2029506000,1000000,1000000,7000000,12000000,634506000,634506000,12000000,12000000,1370000000,1370000000,1382000000,1382000000,1390000000,1395000000,1000000,1000000,7000000,12000000,0,0,12000000,12000000,1370000000,1370000000,1382000000,1382000000,1000010,24000030,1000000,1000000,10,23000030
583,3708506000,3709506000,1000000,1000000,46000000,47000000,634506000,634506000,47000000,47000000,2980000000,2980000000,3027000000,3027000000,3074000000,3075000000,1000000,1000000,46000000,47000000,0,0,47000000,47000000,2980000000,2980000000,3027000000,3027000000,1000010,40000050,1000000,1000000,10,39000050
613,2674506000,2675506000,1000000,1000000,9000000,10000000,634506000,634506000,10000000,10000000,2020000000,2020000000,2030000000,2030000000,2040000000,2041000000,1000000,1000000,9000000,10000000,0,0,10000000,10000000,2020000000,2020000000,2030000000,2030000000,1000010,22000040,1000000,1000000,10,21000040
643,2184506000,2185506000,1000000,1000000,9000000,10000000,634506000,634506000,10000000,10000000,1530000000,1530000000,1540000000,1540000000,1550000000,1551000000,1000000,1000000,9000000,10000000,0,0,10000000,10000000,1530000000,1530000000,1540000000,1540000000,1000010,84000020,1000000,1000000,10,83000020
673,1447506000,1447506000,1000000,1000000,6000000,6000000,634506000,634506000,6000000,6000000,800000000,800000000,806000000,806000000,813000000,813000000,1000000,1000000,6000000,6000000,0,0,6000000,6000000,800000000,800000000,806000000,806000000,1000010,11000010,1000000,1000000,10,10000010
703,2360506000,2361506000,1000000,1000000,17000000,18000000,634506000,634506000,18000000,18000000,1690000000,1690000000,1708000000,1708000000,1726000000,1727000000,1000000,1000000,17000000,18000000,0,0,18000000,18000000,1690000000,1690000000,1708000000,1708000000,1000010,22000010,1000000,1000000,10,21000010
733,2447506000,2447506000,1000000,1000000,6000000,6000000,634506000,634506000,6000000,6000000,1800000000,1800000000,1806000000,1806000000,1813000000,1813000000,1000000,1000000,6000000,6000000,0,0,6000000,6000000,1800000000,1800000000,1806000000,1806000000,1000010,13000020,1000000,1000000,10,12000020
763,1367506000,1367506000,1000000,1000000,1000000,1000000,634506000,634506000,1000000,1000000,730000000,730000000,731000000,731000000,733000000,733000000,1000000,1000000,1000000,1000000,0,0,1000000,1000000,730000000,730000000,731000000,731000000,1000010,21000030,1000000,1000000,10,20000030
793,1757506000,1757506000,1000000,1000000,1000000,1000000,634506000,634506000,1000000,1000000,1120000000,1120000000,1121000000,1121000000,1123000000,1123000000,1000000,1000000,1000000,1000000,0,0,1000000,1000000,1120000000,1120000000,1121000000,1121000000,1000010,82000040,1000000,1000000,10,81000040
823,2776506000,2777506000,1000000,1000000,0,1000000,634506000,634506000,1000000,1000000,2140000000,2140000000,2141000000,2141000000,2142000000,2143000000,1000000,1000000,0,1000000,0,0,1000000,1000000,2140000000,2140000000,2141000000,2141000000,1000010,82000030,1000000,1000000,10,81000030
853,1015506000,1021506000,1000000,1000000,2000000,8000000,634506000,634506000,8000000,8000000,370000000,370000000,378000000,378000000,381000000,387000000,1000000,1000000,2000000,8000000,0,0,8000000,8000000,370000000,370000000,378000000,378000000,1000010,8000030,1000000,1000000,10,7000030
883,3337506000,3337506000,1000000,1000000,81000000,81000000,634506000,634506000,81000000,81000000,2540000000,2540000000,2621000000,2621000000,2703000000,2703000000,1000000,1000000,81000000,81000000,0,0,81000000,81000000,2540000000,2540000000,2621000000,2621000000,1000010,133000030,1000000,1000000,10,132000030
913,645506000,656506000,1000000,1000000,10000000,21000000,634506000,634506000,0,0,0,0,0,0,11000000,22000000,1000000,1000000,10000000,21000000,0,0,0,0,0,0,0,0,1000010,1000000,1000000,1000000,10,0
943,2641506000,2641506000,1000000,1000000,8000000,8000000,634506000,634506000,8000000,8000000,1990000000,1990000000,1998000000,1998000000,2007000000,2007000000,1000000,1000000,8000000,8000000,0,0,8000000,8000000,1990000000,1990000000,1998000000,1998000000,1000010,45000030,1000000,1000000,10,44000030
973,3414506000,9777566000,1000000,1000000,1000000,19000000,634506000,6979566000,18000000,18000000,2760000000,2760000000,2778000000,2778000000,2780000000,2798000000,1000000,1000000,1000000,19000000,0,0,18000000,18000000,2760000000,2760000000,2778000000,2778000000,1000010,69000020,1000000,1000000,10,68000020
1003,770506000,3944036000,1000000,1000000,12000000,13000000,634506000,3807036000,13000000,13000000,110000000,110000000,123000000,123000000,136000000,137000000,1000000,1000000,12000000,13000000,0,0,13000000,13000000,110000000,110000000,123000000,123000000,1000010,1000000,1000000,1000000,10,0
1033,2856506000,10487578000,1000000,1000000,1000000,18000000,634506000,8248578000,10000000,10000000,2210000000,2210000000,2220000000,2220000000,2222000000,2239000000,1000000,1000000,1000000,18000000,0,0,10000000,10000000,2210000000,2210000000,2220000000,2220000000,1000010,69000020,1000000,1000000,10,68000020
1063,714506000,3253530000,1000000,1000000,19000000,20000000,634506000,3172530000,20000000,20000000,40000000,40000000,60000000,60000000,80000000,81000000,1000000,1000000,19000000,20000000,0,0,20000000,20000000,40000000,40000000,60000000,60000000,1000010,1000000,1000000,1000000,10,0
1093,3738506000,7548542000,1000000,1000000,10000000,13000000,634506000,4441542000,13000000,13000000,3080000000,3080000000,3093000000,3093000000,3104000000,3107000000,1000000,1000000,10000000,13000000,0,0,13000000,13000000,3080000000,3080000000,3093000000,3093000000,1000010,1000000,1000000,1000000,10,0
1123,642506000,1912518000,1000000,1000000,7000000,8000000,634506000,1903518000,0,0,0,0,0,0,8000000,9000000,1000000,1000000,7000000,8000000,0,0,0,0,0,0,0,0,1000010,1000000,1000000,1000000,10,0
1153,651506000,652506000,1000000,1000000,16000000,17000000,634506000,634506000,0,0,0,0,0,0,17000000,18000000,1000000,1000000,16000000,17000000,0,0,0,0,0,0,0,0,1000010,1000000,1000000,1000000,10,0
1183,671506000,3210530000,1000000,1000000,8000000,9000000,634506000,3172530000,8000000,8000000,20000000,20000000,28000000,28000000,37000000,38000000,1000000,1000000,8000000,9000000,0,0,8000000,8000000,20000000,20000000,28000000,28000000,1000010,1000000,1000000,1000000,10,0
1213,636506000,637506000,1000000,1000000,1000000,2000000,634506000,634506000,0,0,0,0,0,0,2000000,3000000,1000000,1000000,1000000,2000000,0,0,0,0,0,0,0,0,1000010,1000000,1000000,1000000,10,0
1243,1069506000,1706012000,1000000,1000000,11000000,13000000,634506000,1269012000,13000000,13000000,410000000,410000000,423000000,423000000,435000000,437000000,1000000,1000000,11000000,13000000,0,0,13000000,13000000,410000000,410000000,423000000,423000000,1000010,34000020,1000000,1000000,10,33000020
1273,1351506000,3892530000,1000000,1000000,17000000,20000000,634506000,3172530000,19000000,19000000,680000000,680000000,699000000,699000000,717000000,720000000,1000000,1000000,17000000,20000000,0,0,19000000,19000000,680000000,680000000,699000000,699000000,1000010,63000010,1000000,1000000,10,62000010
14,1043506000,1043506000,1000000,1000000,19000000,19000000,634506000,634506000,19000000,19000000,370000000,370000000,389000000,389000000,409000000,409000000,1000000,1000000,19000000,19000000,0,0,19000000,19000000,370000000,370000000,389000000,389000000,1000010,23000010,1000000,1000000,10,22000010
44,3550506000,3551506000,1000000,1000000,17000000,18000000,634506000,634506000,18000000,18000000,2880000000,2880000000,2898000000,2898000000,2916000000,2917000000,1000000,1000000,17000000,18000000,0,0,18000000,18000000,2880000000,2880000000,2898000000,2898000000,1000010,62000050,1000000,1000000,10,61000050
74,2716506000,2717506000,1000000,1000000,10000000,11000000,634506000,634506000,11000000,11000000,2060000000,2060000000,2071000000,2071000000,2082000000,2083000000,1000000,1000000,10000000,11000000,0,0,11000000,11000000,2060000000,2060000000,2071000000,2071000000,1000010,35000040,1000000,1000000,10,34000040
104,1621506000,1621506000,1000000,1000000,18000000,18000000,634506000,634506000,18000000,18000000,950000000,950000000,968000000,968000000,987000000,987000000,1000000,1000000,18000000,18000000,0,0,18000000,18000000,950000000,950000000,968000000,968000000,1000010,74000030,1000000,1000000,10,73000030
134,2247506000,2247506000,1000000,1000000,1000000,1000000,634506000,634506000,1000000,1000000,1610000000,1610000000,1611000000,1611000000,1613000000,1613000000,1000000,1000000,1000000,1000000,0,0,1000000,1000000,1610000000,1610000000,1611000000,1611000000,1000010,13000030,1000000,1000000,10,12000030
164,1803506000,1805506000,1000000,1000000,9000000,11000000,634506000,634506000,9000000,9000000,1150000000,1150000000,1159000000,1159000000,1169000000,1171000000,1000000,1000000,9000000,11000000,0,0,9000000,9000000,1150000000,1150000000,1159000000,1159000000,1000010,31000010,1000000,1000000,10,30000010
194,3254506000,3265506000,1000000,1000000,9000000,20000000,634506000,634506000,20000000,20000000,2590000000,2590000000,2610000000,2610000000,2620000000,2631000000,1000000,1000000,9000000,20000000,0,0,20000000,20000000,2590000000,2590000000,2610000000,2610000000,1000010,20000040,1000000,1000000,10,19000040
224,2874506000,2875506000,1000000,1000000,19000000,20000000,634506000,634506000,20000000,20000000,2200000000,2200000000,2220000000,2220000000,2240000000,2241000000,1000000,1000000,19000000,20000000,0,0,20000000,20000000,2200000000,2200000000,2220000000,2220000000,1000010,23000010,1000000,1000000,10,22000010
254,2122506000,2123506000,1000000,1000000,8000000,9000000,634506000,634506000,9000000,9000000,1470000000,1470000000,1479000000,1479000000,1488000000,1489000000,1000000,1000000,8000000,9000000,0,0,9000000,9000000,1470000000,1470000000,1479000000,1479000000,1000010,17000040,1000000,1000000,10,16000040
284,1403506000,1403506000,1000000,1000000,9000000,9000000,634506000,634506000,9000000,9000000,750000000,750000000,759000000,759000000,769000000,769000000,1000000,1000000,9000000,9000000,0,0,9000000,9000000,750000000,750000000,759000000,759000000,1000010,14000030,1000000,1000000,10,13000030
314,1993506000,1995506000,1000000,1000000,8000000,10000000,634506000,634506000,10000000,10000000,1340000000,1340000000,1350000000,1350000000,1359000000,1361000000,1000000,1000000,8000000,10000000,0,0,10000000,10000000,1340000000,1340000000,1350000000,1350000000,1000010,78000030,1000000,1000000,10,77000030
344,3052506000,3053506000,1000000,1000000,8000000,9000000,634506000,634506000,9000000,9000000,2400000000,2400000000,2409000000,2409000000,2418000000,2419000000,1000000,1000000,8000000,9000000,0,0,9000000,9000000,2400000000,2400000000,2409000000,2409000000,1000010,34000020,1000000,1000000,10,33000020
374,1953506000,1953506000,1000000,1000000,9000000,9000000,634506000,634506000,9000000,9000000,1300000000,1300000000,1309000000,1309000000,1319000000,1319000000,1000000,1000000,9000000,9000000,0,0,9000000,9000000,1300000000,1300000000,1309000000,1309000000,1000010,17000030,1000000,1000000,10,16000030
404,1498506000,1499506000,1000000,1000000,11000000,12000000,634506000,634506000,12000000,12000000,840000000,840000000,852000000,852000000,864000000,865000000,1000000,1000000,11000000,12000000,0,0,12000000,12000000,840000000,840000000,852000000,852000000,1000010,34000020,1000000,1000000,10,33000020
434,2467506000,2467506000,1000000,1000000,11000000,11000000,634506000,634506000,11000000,11000000,1810000000,1810000000,1821000000,1821000000,1833000000,1833000000,1000000,1000000,11000000,11000000,0,0,11000000,11000000,1810000000,1810000000,1821000000,1821000000,1000010,27000040,1000000,1000000,10,26000040
464,1498506000,1499506000,1000000,1000000,11000000,12000000,634506000,634506000,12000000,12000000,840000000,840000000,852000000,852000000,864000000,865000000,1000000,1000000,11000000,12000000,0,0,12000000,12000000,840000000,840000000,852000000,852000000,1000010,34000020,1000000,1000000,10,33000020
494,3343506000,3343506000,1000000,1000000,4000000,4000000,634506000,634506000,4000000,4000000,2700000000,2700000000,2704000000,2704000000,2709000000,2709000000,1000000,1000000,4000000,4000000,0,0,4000000,4000000,2700000000,2700000000,2704000000,2704000000,1000010,16000040,1000000,1000000,10,15000040
524,3803506000,3805506000,1000000,1000000,18000000,20000000,634506000,634506000,20000000,20000000,3130000000,3130000000,3150000000,3150000000,3169000000,3171000000,1000000,1000000,18000000,20000000,0,0,20000000,20000000,3130000000,3130000000,3150000000,3150000000,1000010,27000040,1000000,1000000,10,26000040
554,2840506000,2841506000,1000000,1000000,7000000,8000000,634506000,634506000,8000000,8000000,2190000000,2190000000,2198000000,2198000000,2206000000,2207000000,1000000,1000000,7000000,8000000,0,0,8000000,8000000,2190000000,2190000000,2198000000,2198000000,1000010,23000030,1000000,1000000,10,22000030
584,681506000,686506000,1000000,1000000,46000000,51000000,634506000,634506000,0,0,0,0,0,0,47000000,52000000,1000000,1000000,46000000,51000000,0,0,0,0,0,0,0,0,1000010,1000000,1000000,1000000,10,0
614,2674506000,2675506000,1000000,1000000,9000000,10000000,634506000,634506000,10000000,10000000,2020000000,2020000000,2030000000,2030000000,2040000000,2041000000,1000000,1000000,9000000,10000000,0,0,10000000,10000000,2020000000,2020000000,2030000000,2030000000,1000010,22000040,1000000,1000000,10,21000040
644,2184506000,2185506000,1000000,1000000,9000000,10000000,634506000,634506000,10000000,10000000,1530000000,1530000000,1540000000,1540000000,1550000000,1551000000,1000000,1000000,9000000,10000000,0,0,10000000,10000000,1530000000,1530000000,1540000000,1540000000,1000010,84000020,1000000,1000000,10,83000020
674,1727506000,1727506000,1000000,1000000,6000000,6000000,634506000,634506000,6000000,6000000,1080000000,1080000000,1086000000,1086000000,1093000000,1093000000,1000000,1000000,6000000,6000000,0,0,6000000,6000000,1080000000,1080000000,1086000000,1086000000,1000010,11000010,1000000,1000000,10,10000010
704,2360506000,2361506000,1000000,1000000,17000000,18000000,634506000,634506000,18000000,18000000,1690000000,1690000000,1708000000,1708000000,1726000000,1727000000,1000000,1000000,17000000,18000000,0,0,18000000,18000000,1690000000,1690000000,1708000000,1708000000,1000010,22000010,1000000,1000000,10,21000010
734,2457506000,2457506000,1000000,1000000,6000000,6000000,634506000,634506000,6000000,6000000,1810000000,1810000000,1816000000,1816000000,1823000000,1823000000,1000000,1000000,6000000,6000000,0,0,6000000,6000000,1810000000,1810000000,1816000000,1816000000,1000010,83000030,1000000,1000000,10,82000030
764,1337506000,1337506000,1000000,1000000,1000000,1000000,634506000,634506000,1000000,1000000,700000000,700000000,701000000,701000000,703000000,703000000,1000000,1000000,1000000,1000000,0,0,1000000,1000000,700000000,700000000,701000000,701000000,1000010,21000030,1000000,1000000,10,20000030
794,1727506000,1727506000,1000000,1000000,1000000,1000000,634506000,634506000,1000000,1000000,1090000000,1090000000,1091000000,1091000000,1093000000,1093000000,1000000,1000000,1000000,1000000,0,0,1000000,1000000,1090000000,1090000000,1091000000,1091000000,1000010,82000040,1000000,1000000,10,81000040
824,2776506000,2777506000,1000000,1000000,0,1000000,634506000,634506000,1000000,1000000,2140000000,2140000000,2141000000,2141000000,2142000000,2143000000,1000000,1000000,0,1000000,0,0,1000000,1000000,2140000000,2140000000,2141000000,2141000000,1000010,82000030,1000000,1000000,10,81000030
854,1951506000,1952506000,1000000,1000000,8000000,9000000,634506000,634506000,8000000,8000000,1300000000,1300000000,1308000000,1308000000,1317000000,1318000000,1000000,1000000,8000000,9000000,0,0,8000000,8000000,1300000000,1300000000,1308000000,1308000000,1000010,35000030,1000000,1000000,10,34000030
884,2097506000,2097506000,1000000,1000000,16000000,16000000,634506000,634506000,16000000,16000000,1430000000,1430000000,1446000000,1446000000,1463000000,1463000000,1000000,1000000,16000000,16000000,0,0,16000000,16000000,1430000000,1430000000,1446000000,1446000000,1000010,26000030,1000000,1000000,10,25000030
914,3749506000,3751506000,1000000,1000000,41000000,43000000,634506000,634506000,43000000,43000000,3030000000,3030000000,3073000000,3073000000,3115000000,3117000000,1000000,1000000,41000000,43000000,0,0,43000000,43000000,3030000000,3030000000,3073000000,3073000000,1000010,116000080,1000000,1000000,10,115000080
944,2641506000,2641506000,1000000,1000000,8000000,8000000,634506000,634506000,8000000,8000000,1990000000,1990000000,1998000000,1998000000,2007000000,2007000000,1000000,1000000,8000000,8000000,0,0,8000000,8000000,1990000000,1990000000,1998000000,1998000000,1000010,45000030,1000000,1000000,10,44000030
974,3763506000,19021650000,1000000,1000000,8000000,38000000,634506000,15862650000,20000000,20000000,3100000000,3100000000,3120000000,3120000000,3129000000,3159000000,1000000,1000000,8000000,38000000,0,0,20000000,20000000,3100000000,3100000000,3120000000,3120000000,1000010,48000020,1000000,1000000,10,47000020
1004,790506000,5233048000,1000000,1000000,12000000,13000000,634506000,5076048000,13000000,13000000,130000000,130000000,143000000,143000000,156000000,157000000,1000000,1000000,12000000,13000000,0,0,13000000,13000000,130000000,130000000,143000000,143000000,1000010,1000000,1000000,1000000,10,0
1034,652506000,1922518000,1000000,1000000,17000000,18000000,634506000,1903518000,0,0,0,0,0,0,18000000,19000000,1000000,1000000,17000000,18000000,0,0,0,0,0,0,0,0,1000010,1000000,1000000,1000000,10,0
1064,654506000,1290012000,1000000,1000000,19000000,20000000,634506000,1269012000,0,0,0,0,0,0,20000000,21000000,1000000,1000000,19000000,20000000,0,0,0,0,0,0,0,0,1000010,1000000,1000000,1000000,10,0
1094,3738506000,7548542000,1000000,1000000,10000000,13000000,634506000,4441542000,13000000,13000000,3080000000,3080000000,3093000000,3093000000,3104000000,3107000000,1000000,1000000,10000000,13000000,0,0,13000000,13000000,3080000000,3080000000,3093000000,3093000000,1000010,1000000,1000000,1000000,10,0
1124,642506000,1912518000,1000000,1000000,7000000,8000000,634506000,1903518000,0,0,0,0,0,0,8000000,9000000,1000000,1000000,7000000,8000000,0,0,0,0,0,0,0,0,1000010,1000000,1000000,1000000,10,0
1154,650506000,2556024000,1000000,1000000,15000000,17000000,634506000,2538024000,0,0,0,0,0,0,16000000,18000000,1000000,1000000,15000000,17000000,0,0,0,0,0,0,0,0,1000010,1000000,1000000,1000000,10,0
1184,671506000,3210530000,1000000,1000000,8000000,9000000,634506000,3172530000,8000000,8000000,20000000,20000000,28000000,28000000,37000000,38000000,1000000,1000000,8000000,9000000,0,0,8000000,8000000,20000000,20000000,28000000,28000000,1000010,1000000,1000000,1000000,10,0
1214,3740506000,4378012000,1000000,1000000,41000000,44000000,634506000,1269012000,44000000,44000000,3020000000,3020000000,3064000000,3064000000,3106000000,3109000000,1000000,1000000,41000000,44000000,0,0,44000000,44000000,3020000000,3020000000,3064000000,3064000000,1000010,116000080,1000000,1000000,10,115000080
1244,646506000,1283012000,1000000,1000000,11000000,13000000,634506000,1269012000,0,0,0,0,0,0,12000000,14000000,1000000,1000000,11000000,13000000,0,0,0,0,0,0,0,0,1000010,1000000,1000000,1000000,10,0
1274,1081506000,2987024000,1000000,1000000,17000000,19000000,634506000,2538024000,19000000,19000000,410000000,410000000,429000000,429000000,447000000,449000000,1000000,1000000,17000000,19000000,0,0,19000000,19000000,410000000,410000000,429000000,429000000,1000010,1000000,1000000,1000000,10,0
15,3174506000,3175506000,1000000,1000000,19000000,20000000,634506000,634506000,20000000,20000000,2500000000,2500000000,2520000000,2520000000,2540000000,2541000000,1000000,1000000,19000000,20000000,0,0,20000000,20000000,2500000000,2500000000,2520000000,2520000000,1000010,52000030,1000000,1000000,10,51000030
45,1532506000,1539506000,1000000,1000000,10000000,17000000,634506000,634506000,17000000,17000000,870000000,870000000,887000000,887000000,898000000,905000000,1000000,1000000,10000000,17000000,0,0,17000000,17000000,870000000,870000000,887000000,887000000,1000010,41000010,1000000,1000000,10,40000010
75,1946506000,1947506000,1000000,1000000,10000000,11000000,634506000,634506000,11000000,11000000,1290000000,1290000000,1301000000,1301000000,1312000000,1313000000,1000000,1000000,10000000,11000000,0,0,11000000,11000000,1290000000,1290000000,1301000000,1301000000,1000010,35000040,1000000,1000000,10,34000040
105,1361506000,1361506000,1000000,1000000,18000000,18000000,634506000,634506000,18000000,18000000,690000000,690000000,708000000,708000000,727000000,727000000,1000000,1000000,18000000,18000000,0,0,18000000,18000000,690000000,690000000,708000000,708000000,1000010,26000020,1000000,1000000,10,25000020
135,2820506000,2823506000,1000000,1000000,1000000,4000000,634506000,634506000,4000000,4000000,2180000000,2180000000,2184000000,2184000000,2186000000,2189000000,1000000,1000000,1000000,4000000,0,0,4000000,4000000,2180000000,2180000000,2184000000,2184000000,1000010,20000030,1000000,1000000,10,19000030
165,3511506000,3513506000,1000000,1000000,7000000,9000000,634506000,634506000,9000000,9000000,2860000000,2860000000,2869000000,2869000000,2877000000,2879000000,1000000,1000000,7000000,9000000,0,0,9000000,9000000,2860000000,2860000000,2869000000,2869000000,1000010,82000040,1000000,1000000,10,81000040
195,2735506000,2735506000,1000000,1000000,20000000,20000000,634506000,634506000,20000000,20000000,2060000000,2060000000,2080000000,2080000000,2101000000,2101000000,1000000,1000000,20000000,20000000,0,0,20000000,20000000,2060000000,2060000000,2080000000,2080000000,1000010,52000030,1000000,1000000,10,51000030
225,2874506000,2875506000,1000000,1000000,19000000,20000000,634506000,634506000,20000000,20000000,2200000000,2200000000,2220000000,2220000000,2240000000,2241000000,1000000,1000000,19000000,20000000,0,0,20000000,20000000,2200000000,2200000000,2220000000,2220000000,1000010,23000010,1000000,1000000,10,22000010
255,2842506000,2843506000,1000000,1000000,8000000,9000000,634506000,634506000,9000000,9000000,2190000000,2190000000,2199000000,2199000000,2208000000,2209000000,1000000,1000000,8000000,9000000,0,0,9000000,9000000,2190000000,2190000000,2199000000,2199000000,1000010,17000040,1000000,1000000,10,16000040
285,2373506000,2373506000,1000000,1000000,9000000,9000000,634506000,634506000,9000000,9000000,1720000000,1720000000,1729000000,1729000000,1739000000,1739000000,1000000,1000000,9000000,9000000,0,0,9000000,9000000,1720000000,1720000000,1729000000,1729000000,1000010,17000040,1000000,1000000,10,16000040
315,3052506000,3053506000,1000000,1000000,8000000,9000000,634506000,634506000,9000000,9000000,2400000000,2400000000,2409000000,2409000000,2418000000,2419000000,1000000,1000000,8000000,9000000,0,0,9000000,9000000,2400000000,2400000000,2409000000,2409000000,1000010,34000020,1000000,1000000,10,33000020
345,3052506000,3053506000,1000000,1000000,8000000,9000000,634506000,634506000,9000000,9000000,2400000000,2400000000,2409000000,2409000000,2418000000,2419000000,1000000,1000000,8000000,9000000,0,0,9000000,9000000,2400000000,2400000000,2409000000,2409000000,1000010,34000020,1000000,1000000,10,33000020
375,1523506000,1523506000,1000000,1000000,9000000,9000000,634506000,634506000,9000000,9000000,870000000,870000000,879000000,879000000,889000000,889000000,1000000,1000000,9000000,9000000,0,0,9000000,9000000,870000000,870000000,879000000,879000000,1000010,17000030,1000000,1000000,10,16000030
405,3740506000,3741506000,1000000,1000000,12000000,13000000,634506000,634506000,13000000,13000000,3080000000,3080000000,3093000000,3093000000,3106000000,3107000000,1000000,1000000,12000000,13000000,0,0,13000000,13000000,3080000000,3080000000,3093000000,3093000000,1000010,3000010,1000000,1000000,10,2000010
435,2358506000,2359506000,1000000,1000000,11000000,12000000,634506000,634506000,12000000,12000000,1700000000,1700000000,1712000000,1712000000,1724000000,1725000000,1000000,1000000,11000000,12000000,0,0,12000000,12000000,1700000000,1700000000,1712000000,1712000000,1000010,27000040,1000000,1000000,10,26000040
465,1597506000,1597506000,1000000,1000000,11000000,11000000,634506000,634506000,11000000,11000000,940000000,940000000,951000000,951000000,963000000,963000000,1000000,1000000,11000000,11000000,0,0,11000000,11000000,940000000,940000000,951000000,951000000,1000010,34000020,1000000,1000000,10,33000020
495,3620506000,3621506000,1000000,1000000,37000000,38000000,634506000,634506000,38000000,38000000,2910000000,2910000000,2948000000,2948000000,2986000000,2987000000,1000000,1000000,37000000,38000000,0,0,38000000,38000000,2910000000,2910000000,2948000000,2948000000,1000010,37000040,1000000,1000000,10,36000040
525,2041506000,2041506000,1000000,1000000,18000000,18000000,634506000,634506000,18000000,18000000,1370000000,1370000000,1388000000,1388000000,1407000000,1407000000,1000000,1000000,18000000,18000000,0,0,18000000,18000000,1370000000,1370000000,1388000000,1388000000,1000010,63000010,1000000,1000000,10,62000010
555,2840506000,2841506000,1000000,1000000,7000000,8000000,634506000,634506000,8000000,8000000,2190000000,2190000000,2198000000,2198000000,2206000000,2207000000,1000000,1000000,7000000,8000000,0,0,8000000,8000000,2190000000,2190000000,2198000000,2198000000,1000010,23000030,1000000,1000000,10,22000030
585,3752506000,3753506000,1000000,1000000,43000000,44000000,634506000,634506000,44000000,44000000,3030000000,3030000000,3074000000,3074000000,3118000000,3119000000,1000000,1000000,43000000,44000000,0,0,44000000,44000000,3030000000,3030000000,3074000000,3074000000,1000010,118000090,1000000,1000000,10,117000090
615,2974506000,2975506000,1000000,1000000,9000000,10000000,634506000,634506000,10000000,10000000,2320000000,2320000000,2330000000,2330000000,2340000000,2341000000,1000000,1000000,9000000,10000000,0,0,10000000,10000000,2320000000,2320000000,2330000000,2330000000,1000010,84000020,1000000,1000000,10,83000020
645,2184506000,2185506000,1000000,1000000,9000000,10000000,634506000,634506000,10000000,10000000,1530000000,1530000000,1540000000,1540000000,1550000000,1551000000,1000000,1000000,9000000,10000000,0,0,10000000,10000000,1530000000,1530000000,1540000000,1540000000,1000010,84000020,1000000,1000000,10,83000020
675,1727506000,1727506000,1000000,1000000,6000000,6000000,634506000,634506000,6000000,6000000,1080000000,1080000000,1086000000,1086000000,1093000000,1093000000,1000000,1000000,6000000,6000000,0,0,6000000,6000000,1080000000,1080000000,1086000000,1086000000,1000010,13000020,1000000,1000000,10,12000020
705,2390506000,2391506000,1000000,1000000,17000000,18000000,634506000,634506000,18000000,18000000,1720000000,1720000000,1738000000,1738000000,1756000000,1757000000,1000000,1000000,17000000,18000000,0,0,18000000,18000000,1720000000,1720000000,1738000000,1738000000,1000010,22000010,1000000,1000000,10,21000010
735,641506000,643506000,1000000,1000000,6000000,8000000,634506000,634506000,0,0,0,0,0,0,7000000,9000000,1000000,1000000,6000000,8000000,0,0,0,0,0,0,0,0,1000010,1000000,1000000,1000000,10,0
765,967506000,967506000,1000000,1000000,1000000,1000000,634506000,634506000,1000000,1000000,330000000,330000000,331000000,331000000,333000000,333000000,1000000,1000000,1000000,1000000,0,0,1000000,1000000,330000000,330000000,331000000,331000000,1000010,12000030,1000000,1000000,10,11000030
795,1957506000,1957506000,1000000,1000000,1000000,1000000,634506000,634506000,1000000,1000000,1320000000,1320000000,1321000000,1321000000,1323000000,1323000000,1000000,1000000,1000000,1000000,0,0,1000000,1000000,1320000000,1320000000,1321000000,1321000000,1000010,19000020,1000000,1000000,10,18000020
825,2746506000,2747506000,1000000,1000000,0,1000000,634506000,634506000,1000000,1000000,2110000000,2110000000,2111000000,2111000000,2112000000,2113000000,1000000,1000000,0,1000000,0,0,1000000,1000000,2110000000,2110000000,2111000000,2111000000,1000010,82000030,1000000,1000000,10,81000030
855,3790506000,3791506000,1000000,1000000,12000000,13000000,634506000,634506000,13000000,13000000,3130000000,3130000000,3143000000,3143000000,3156000000,3157000000,1000000,1000000,12000000,13000000,0,0,13000000,13000000,3130000000,3130000000,3143000000,3143000000,1000010,10000010,1000000,1000000,10,9000010
885,2117506000,2117506000,1000000,1000000,16000000,16000000,634506000,634506000,16000000,16000000,1450000000,1450000000,1466000000,1466000000,1483000000,1483000000,1000000,1000000,16000000,16000000,0,0,16000000,16000000,1450000000,1450000000,1466000000,1466000000,1000010,26000030,1000000,1000000,10,25000030
915,2631506000,2632506000,1000000,1000000,18000000,19000000,634506000,634506000,18000000,18000000,1960000000,1960000000,1978000000,1978000000,1997000000,1998000000,1000000,1000000,18000000,19000000,0,0,18000000,18000000,1960000000,1960000000,1978000000,1978000000,1000010,63000010,1000000,1000000,10,62000010
945,2041506000,2041506000,1000000,1000000,8000000,8000000,634506000,634506000,8000000,8000000,1390000000,1390000000,1398000000,1398000000,1407000000,1407000000,1000000,1000000,8000000,8000000,0,0,8000000,8000000,1390000000,1390000000,1398000000,1398000000,1000010,45000030,1000000,1000000,10,44000030
975,2652506000,6471542000,1000000,1000000,8000000,20000000,634506000,4441542000,19000000,19000000,1990000000,1990000000,2009000000,2009000000,2018000000,2030000000,1000000,1000000,8000000,20000000,0,0,19000000,19000000,1990000000,1990000000,2009000000,2009000000,1000010,73000020,1000000,1000000,10,72000020
1005,3835506000,19074650000,1000000,1000000,7000000,18000000,634506000,15862650000,13000000,13000000,3180000000,3180000000,3193000000,3193000000,3201000000,3212000000,1000000,1000000,7000000,18000000,0,0,13000000,13000000,3180000000,3180000000,3193000000,3193000000,1000010,76000040,1000000,1000000,10,75000040
1035,4315506000,7556036000,1000000,1000000,17000000,85000000,634506000,3807036000,73000000,73000000,3590000000,3590000000,3663000000,3663000000,3681000000,3749000000,1000000,1000000,17000000,85000000,0,0,73000000,73000000,3590000000,3590000000,3663000000,3663000000,1000010,67000030,1000000,1000000,10,66000030
1065,714506000,3888036000,1000000,1000000,19000000,20000000,634506000,3807036000,20000000,20000000,40000000,40000000,60000000,60000000,80000000,81000000,1000000,1000000,19000000,20000000,0,0,20000000,20000000,40000000,40000000,60000000,60000000,1000010,1000000,1000000,1000000,10,0
1095,2409506000,4949530000,1000000,1000000,11000000,13000000,634506000,3172530000,13000000,13000000,1750000000,1750000000,1763000000,1763000000,1775000000,1777000000,1000000,1000000,11000000,13000000,0,0,13000000,13000000,1750000000,1750000000,1763000000,1763000000,1000010,1000000,1000000,1000000,10,0
1125,3723506000,16408120000,1000000,1000000,0,10000000,634506000,12690120000,8000000,37000000,3080000000,3670000000,3088000000,3707000000,3089000000,3718000000,1000000,1000000,0,10000000,0,0,8000000,37000000,3080000000,3670000000,3088000000,3707000000,1000010,81000040,1000000,1000000,10,80000040
1155,786506000,1422012000,1000000,1000000,10000000,11000000,634506000,1269012000,11000000,11000000,130000000,130000000,141000000,141000000,152000000,153000000,1000000,1000000,10000000,11000000,0,0,11000000,11000000,130000000,130000000,141000000,141000000,1000010,1000000,1000000,1000000,10,0
1185,671506000,3210530000,1000000,1000000,8000000,9000000,634506000,3172530000,8000000,8000000,20000000,20000000,28000000,28000000,37000000,38000000,1000000,1000000,8000000,9000000,0,0,8000000,8000000,20000000,20000000,28000000,28000000,1000010,1000000,1000000,1000000,10,0
1215,679506000,1949518000,1000000,1000000,17000000,18000000,634506000,1903518000,17000000,17000000,10000000,10000000,27000000,27000000,45000000,46000000,1000000,1000000,17000000,18000000,0,0,17000000,17000000,10000000,10000000,27000000,27000000,1000010,1000000,1000000,1000000,10,0
1245,644506000,645506000,1000000,1000000,9000000,10000000,634506000,634506000,0,0,0,0,0,0,10000000,11000000,1000000,1000000,9000000,10000000,0,0,0,0,0,0,0,0,1000010,1000000,1000000,1000000,10,0
1275,1081506000,2987024000,1000000,1000000,17000000,19000000,634506000,2538024000,19000000,19000000,410000000,410000000,429000000,429000000,447000000,449000000,1000000,1000000,17000000,19000000,0,0,19000000,19000000,410000000,410000000,429000000,429000000,1000010,1000000,1000000,1000000,10,0
16,3164506000,3165506000,1000000,1000000,19000000,20000000,634506000,634506000,20000000,20000000,2490000000,2490000000,2510000000,2510000000,2530000000,2531000000,1000000,1000000,19000000,20000000,0,0,20000000,20000000,2490000000,2490000000,2510000000,2510000000,1000010,23000010,1000000,1000000,10,22000010
46,3210506000,3211506000,1000000,1000000,17000000,18000000,634506000,634506000,18000000,18000000,2540000000,2540000000,2558000000,2558000000,2576000000,2577000000,1000000,1000000,17000000,18000000,0,0,18000000,18000000,2540000000,2540000000,2558000000,2558000000,1000010,69000020,1000000,1000000,10,68000020
76,3066506000,3067506000,1000000,1000000,10000000,11000000,634506000,634506000,11000000,11000000,2410000000,2410000000,2421000000,2421000000,2432000000,2433000000,1000000,1000000,10000000,11000000,0,0,11000000,11000000,2410000000,2410000000,2421000000,2421000000,1000010,69000040,1000000,1000000,10,68000040
106,2081506000,2081506000,1000000,1000000,18000000,18000000,634506000,634506000,18000000,18000000,1410000000,1410000000,1428000000,1428000000,1447000000,1447000000,1000000,1000000,18000000,18000000,0,0,18000000,18000000,1410000000,1410000000,1428000000,1428000000,1000010,26000040,1000000,1000000,10,25000040
136,1405506000,1413506000,1000000,1000000,1000000,9000000,634506000,634506000,9000000,9000000,760000000,760000000,769000000,769000000,771000000,779000000,1000000,1000000,1000000,9000000,0,0,9000000,9000000,760000000,760000000,769000000,769000000,1000010,12000030,1000000,1000000,10,11000030
166,2275506000,2275506000,1000000,1000000,20000000,20000000,634506000,634506000,20000000,20000000,1600000000,1600000000,1620000000,1620000000,1641000000,1641000000,1000000,1000000,20000000,20000000,0,0,20000000,20000000,1600000000,1600000000,1620000000,1620000000,1000010,28000040,1000000,1000000,10,27000040
196,2735506000,2735506000,1000000,1000000,20000000,20000000,634506000,634506000,20000000,20000000,2060000000,2060000000,2080000000,2080000000,2101000000,2101000000,1000000,1000000,20000000,20000000,0,0,20000000,20000000,2060000000,2060000000,2080000000,2080000000,1000010,52000030,1000000,1000000,10,51000030
226,3434506000,3435506000,1000000,1000000,19000000,20000000,634506000,634506000,20000000,20000000,2760000000,2760000000,2780000000,2780000000,2800000000,2801000000,1000000,1000000,19000000,20000000,0,0,20000000,20000000,2760000000,2760000000,2780000000,2780000000,1000010,23000010,1000000,1000000,10,22000010
256,2322506000,2323506000,1000000,1000000,8000000,9000000,634506000,634506000,9000000,9000000,1670000000,1670000000,1679000000,1679000000,1688000000,1689000000,1000000,1000000,8000000,9000000,0,0,9000000,9000000,1670000000,1670000000,1679000000,1679000000,1000010,17000040,1000000,1000000,10,16000040
286,1795506000,1799506000,1000000,1000000,5000000,9000000,634506000,634506000,5000000,5000000,1150000000,1150000000,1155000000,1155000000,1161000000,1165000000,1000000,1000000,5000000,9000000,0,0,5000000,5000000,1150000000,1150000000,1155000000,1155000000,1000010,18000030,1000000,1000000,10,17000030
316,3052506000,3053506000,1000000,1000000,8000000,9000000,634506000,634506000,9000000,9000000,2400000000,2400000000,2409000000,2409000000,2418000000,2419000000,1000000,1000000,8000000,9000000,0,0,9000000,9000000,2400000000,2400000000,2409000000,2409000000,1000010,34000020,1000000,1000000,10,33000020
346,681506000,682506000,1000000,1000000,8000000,9000000,634506000,634506000,8000000,8000000,30000000,30000000,38000000,38000000,47000000,48000000,1000000,1000000,8000000,9000000,0,0,8000000,8000000,30000000,30000000,38000000,38000000,1000010,2000010,1000000,1000000,10,1000010
376,1953506000,1953506000,1000000,1000000,9000000,9000000,634506000,634506000,9000000,9000000,1300000000,1300000000,1309000000,1309000000,1319000000,1319000000,1000000,1000000,9000000,9000000,0,0,9000000,9000000,1300000000,1300000000,1309000000,1309000000,1000010,17000030,1000000,1000000,10,16000030
406,3730506000,3731506000,1000000,1000000,12000000,13000000,634506000,634506000,13000000,13000000,3070000000,3070000000,3083000000,3083000000,3096000000,3097000000,1000000,1000000,12000000,13000000,0,0,13000000,13000000,3070000000,3070000000,3083000000,3083000000,1000010,3000010,1000000,1000000,10,2000010
436,2358506000,2359506000,1000000,1000000,11000000,12000000,634506000,634506000,12000000,12000000,1700000000,1700000000,1712000000,1712000000,1724000000,1725000000,1000000,1000000,11000000,12000000,0,0,12000000,12000000,1700000000,1700000000,1712000000,1712000000,1000010,27000040,1000000,1000000,10,26000040
466,1498506000,1499506000,1000000,1000000,11000000,12000000,634506000,634506000,12000000,12000000,840000000,840000000,852000000,852000000,864000000,865000000,1000000,1000000,11000000,12000000,0,0,12000000,12000000,840000000,840000000,852000000,852000000,1000010,34000020,1000000,1000000,10,33000020
496,3582506000,3585506000,1000000,1000000,37000000,40000000,634506000,634506000,40000000,40000000,2870000000,2870000000,2910000000,2910000000,2948000000,2951000000,1000000,1000000,37000000,40000000,0,0,40000000,40000000,2870000000,2870000000,2910000000,2910000000,1000010,31000010,1000000,1000000,10,30000010
526,2742506000,2743506000,1000000,1000000,18000000,19000000,634506000,634506000,19000000,19000000,2070000000,2070000000,2089000000,2089000000,2108000000,2109000000,1000000,1000000,18000000,19000000,0,0,19000000,19000000,2070000000,2070000000,2089000000,2089000000,1000010,63000010,1000000,1000000,10,62000010
556,2840506000,2841506000,1000000,1000000,7000000,8000000,634506000,634506000,8000000,8000000,2190000000,2190000000,2198000000,2198000000,2206000000,2207000000,1000000,1000000,7000000,8000000,0,0,8000000,8000000,2190000000,2190000000,2198000000,2198000000,1000010,23000030,1000000,1000000,10,22000030
586,3766506000,3769506000,1000000,1000000,44000000,47000000,634506000,634506000,47000000,47000000,3040000000,3040000000,3087000000,3087000000,3132000000,3135000000,1000000,1000000,44000000,47000000,0,0,47000000,47000000,3040000000,3040000000,3087000000,3087000000,1000010,39000050,1000000,1000000,10,38000050
616,2184506000,2185506000,1000000,1000000,9000000,10000000,634506000,634506000,10000000,10000000,1530000000,1530000000,1540000000,1540000000,1550000000,1551000000,1000000,1000000,9000000,10000000,0,0,10000000,10000000,1530000000,1530000000,1540000000,1540000000,1000010,84000020,1000000,1000000,10,83000020
646,2505506000,2505506000,1000000,1000000,10000000,10000000,634506000,634506000,10000000,10000000,1850000000,1850000000,1860000000,1860000000,1871000000,1871000000,1000000,1000000,10000000,10000000,0,0,10000000,10000000,1850000000,1850000000,1860000000,1860000000,1000010,43000020,1000000,1000000,10,42000020
676,1757506000,1761506000,1000000,1000000,6000000,10000000,634506000,634506000,6000000,6000000,1110000000,1110000000,1116000000,1116000000,1123000000,1127000000,1000000,1000000,6000000,10000000,0,0,6000000,6000000,1110000000,1110000000,1116000000,1116000000,1000010,7000040,1000000,1000000,10,6000040
706,1863506000,1879506000,1000000,1000000,1000000,17000000,634506000,634506000,17000000,17000000,1210000000,1210000000,1227000000,1227000000,1229000000,1245000000,1000000,1000000,1000000,17000000,0,0,17000000,17000000,1210000000,1210000000,1227000000,1227000000,1000010,23000020,1000000,1000000,10,22000020
736,3348506000,3349506000,1000000,1000000,6000000,7000000,634506000,634506000,7000000,7000000,2700000000,2700000000,2707000000,2707000000,2714000000,2715000000,1000000,1000000,6000000,7000000,0,0,7000000,7000000,2700000000,2700000000,2707000000,2707000000,1000010,39000030,1000000,1000000,10,38000030
766,1367506000,1367506000,1000000,1000000,1000000,1000000,634506000,634506000,1000000,1000000,730000000,730000000,731000000,731000000,733000000,733000000,1000000,1000000,1000000,1000000,0,0,1000000,1000000,730000000,730000000,731000000,731000000,1000010,21000030,1000000,1000000,10,20000030
796,1987506000,1987506000,1000000,1000000,1000000,1000000,634506000,634506000,1000000,1000000,1350000000,1350000000,1351000000,1351000000,1353000000,1353000000,1000000,1000000,1000000,1000000,0,0,1000000,1000000,1350000000,1350000000,1351000000,1351000000,1000010,19000020,1000000,1000000,10,18000020
826,2246506000,2247506000,1000000,1000000,0,1000000,634506000,634506000,1000000,1000000,1610000000,1610000000,1611000000,1611000000,1612000000,1613000000,1000000,1000000,0,1000000,0,0,1000000,1000000,1610000000,1610000000,1611000000,1611000000,1000010,82000030,1000000,1000000,10,81000030
856,2249506000,2249506000,1000000,1000000,12000000,12000000,634506000,634506000,12000000,12000000,1590000000,1590000000,1602000000,1602000000,1615000000,1615000000,1000000,1000000,12000000,12000000,0,0,12000000,12000000,1590000000,1590000000,1602000000,1602000000,1000010,10000010,1000000,1000000,10,9000010
886,1469506000,1469506000,1000000,1000000,2000000,2000000,634506000,634506000,2000000,2000000,830000000,830000000,832000000,832000000,835000000,835000000,1000000,1000000,2000000,2000000,0,0,2000000,2000000,830000000,830000000,832000000,832000000,1000010,8000020,1000000,1000000,10,7000020
916,2923506000,2923506000,1000000,1000000,19000000,19000000,634506000,634506000,19000000,19000000,2250000000,2250000000,2269000000,2269000000,2289000000,2289000000,1000000,1000000,19000000,19000000,0,0,19000000,19000000,2250000000,2250000000,2269000000,2269000000,1000010,63000010,1000000,1000000,10,62000010
946,3052506000,3053506000,1000000,1000000,8000000,9000000,634506000,634506000,9000000,9000000,2400000000,2400000000,2409000000,2409000000,2418000000,2419000000,1000000,1000000,8000000,9000000,0,0,9000000,9000000,2400000000,2400000000,2409000000,2409000000,1000010,46000040,1000000,1000000,10,45000040
976,3522506000,10574072000,1000000,1000000,9000000,81000000,634506000,7614072000,18000000,18000000,2860000000,2860000000,2878000000,2878000000,2888000000,2960000000,1000000,1000000,9000000,81000000,0,0,18000000,18000000,2860000000,2860000000,2878000000,2878000000,1000010,53000050,1000000,1000000,10,52000050
1006,790506000,5233048000,1000000,1000000,12000000,13000000,634506000,5076048000,13000000,13000000,130000000,130000000,143000000,143000000,156000000,157000000,1000000,1000000,12000000,13000000,0,0,13000000,13000000,130000000,130000000,143000000,143000000,1000010,1000000,1000000,1000000,10,0
1036,3685506000,5597024000,1000000,1000000,43000000,51000000,634506000,2538024000,47000000,47000000,2960000000,2960000000,3007000000,3007000000,3051000000,3059000000,1000000,1000000,43000000,51000000,0,0,47000000,47000000,2960000000,2960000000,3007000000,3007000000,1000010,37000050,1000000,1000000,10,36000050
1066,714506000,3888036000,1000000,1000000,19000000,20000000,634506000,3807036000,20000000,20000000,40000000,40000000,60000000,60000000,80000000,81000000,1000000,1000000,19000000,20000000,0,0,20000000,20000000,40000000,40000000,60000000,60000000,1000010,1000000,1000000,1000000,10,0
1096,916506000,4090036000,1000000,1000000,0,1000000,634506000,3807036000,1000000,1000000,280000000,280000000,281000000,281000000,282000000,283000000,1000000,1000000,0,1000000,0,0,1000000,1000000,280000000,280000000,281000000,281000000,1000010,1000000,1000000,1000000,10,0
1126,1885506000,5064036000,1000000,1000000,7000000,13000000,634506000,3807036000,13000000,13000000,1230000000,1230000000,1243000000,1243000000,1251000000,1257000000,1000000,1000000,7000000,13000000,0,0,13000000,13000000,1230000000,1230000000,1243000000,1243000000,1000010,11000030,1000000,1000000,10,10000030
1156,644506000,1280012000,1000000,1000000,9000000,10000000,634506000,1269012000,0,0,0,0,0,0,10000000,11000000,1000000,1000000,9000000,10000000,0,0,0,0,0,0,0,0,1000010,1000000,1000000,1000000,10,0
1186,671506000,3210530000,1000000,1000000,8000000,9000000,634506000,3172530000,8000000,8000000,20000000,20000000,28000000,28000000,37000000,38000000,1000000,1000000,8000000,9000000,0,0,8000000,8000000,20000000,20000000,28000000,28000000,1000010,1000000,1000000,1000000,10,0
1216,1081506000,2987024000,1000000,1000000,17000000,19000000,634506000,2538024000,19000000,19000000,410000000,410000000,429000000,429000000,447000000,449000000,1000000,1000000,17000000,19000000,0,0,19000000,19000000,410000000,410000000,429000000,429000000,1000010,1000000,1000000,1000000,10,0
1246,643506000,1279012000,1000000,1000000,8000000,9000000,634506000,1269012000,0,0,0,0,0,0,9000000,10000000,1000000,1000000,8000000,9000000,0,0,0,0,0,0,0,0,1000010,1000000,1000000,1000000,10,0
1276,1395506000,2032012000,1000000,1000000,9000000,11000000,634506000,1269012000,11000000,11000000,740000000,740000000,751000000,751000000,761000000,763000000,1000000,1000000,9000000,11000000,0,0,11000000,11000000,740000000,740000000,751000000,751000000,1000010,1000000,1000000,1000000,10,0
17,1692506000,1711506000,1000000,1000000,19000000,38000000,634506000,634506000,38000000,38000000,1000000000,1000000000,1038000000,1038000000,1058000000,1077000000,1000000,1000000,19000000,38000000,0,0,38000000,38000000,1000000000,1000000000,1038000000,1038000000,1000010,20000030,1000000,1000000,10,19000030
47,2177506000,2179506000,1000000,1000000,15000000,17000000,634506000,634506000,17000000,17000000,1510000000,1510000000,1527000000,1527000000,1543000000,1545000000,1000000,1000000,15000000,17000000,0,0,17000000,17000000,1510000000,1510000000,1527000000,1527000000,1000010,65000010,1000000,1000000,10,64000010
77,2976506000,2977506000,1000000,1000000,10000000,11000000,634506000,634506000,11000000,11000000,2320000000,2320000000,2331000000,2331000000,2342000000,2343000000,1000000,1000000,10000000,11000000,0,0,11000000,11000000,2320000000,2320000000,2331000000,2331000000,1000010,69000040,1000000,1000000,10,68000040
107,1321506000,1321506000,1000000,1000000,18000000,18000000,634506000,634506000,18000000,18000000,650000000,650000000,668000000,668000000,687000000,687000000,1000000,1000000,18000000,18000000,0,0,18000000,18000000,650000000,650000000,668000000,668000000,1000010,69000020,1000000,1000000,10,68000020
137,2217506000,2217506000,1000000,1000000,1000000,1000000,634506000,634506000,1000000,1000000,1580000000,1580000000,1581000000,1581000000,1583000000,1583000000,1000000,1000000,1000000,1000000,0,0,1000000,1000000,1580000000,1580000000,1581000000,1581000000,1000010,13000030,1000000,1000000,10,12000030
167,2735506000,2735506000,1000000,1000000,20000000,20000000,634506000,634506000,20000000,20000000,2060000000,2060000000,2080000000,2080000000,2101000000,2101000000,1000000,1000000,20000000,20000000,0,0,20000000,20000000,2060000000,2060000000,2080000000,2080000000,1000010,52000030,1000000,1000000,10,51000030
197,2735506000,2735506000,1000000,1000000,20000000,20000000,634506000,634506000,20000000,20000000,2060000000,2060000000,2080000000,2080000000,2101000000,2101000000,1000000,1000000,20000000,20000000,0,0,20000000,20000000,2060000000,2060000000,2080000000,2080000000,1000010,52000030,1000000,1000000,10,51000030
227,1243506000,1253506000,1000000,1000000,9000000,19000000,634506000,634506000,9000000,9000000,590000000,590000000,599000000,599000000,609000000,619000000,1000000,1000000,9000000,19000000,0,0,9000000,9000000,590000000,590000000,599000000,599000000,1000010,24000020,1000000,1000000,10,23000020
257,2262506000,2263506000,1000000,1000000,8000000,9000000,634506000,634506000,9000000,9000000,1610000000,1610000000,1619000000,1619000000,1628000000,1629000000,1000000,1000000,8000000,9000000,0,0,9000000,9000000,1610000000,1610000000,1619000000,1619000000,1000010,12000010,1000000,1000000,10,11000010
287,2313506000,2313506000,1000000,1000000,9000000,9000000,634506000,634506000,9000000,9000000,1660000000,1660000000,1669000000,1669000000,1679000000,1679000000,1000000,1000000,9000000,9000000,0,0,9000000,9000000,1660000000,1660000000,1669000000,1669000000,1000010,17000040,1000000,1000000,10,16000040
317,1942506000,1943506000,1000000,1000000,8000000,9000000,634506000,634506000,9000000,9000000,1290000000,1290000000,1299000000,1299000000,1308000000,1309000000,1000000,1000000,8000000,9000000,0,0,9000000,9000000,1290000000,1290000000,1299000000,1299000000,1000010,74000040,1000000,1000000,10,73000040
347,681506000,682506000,1000000,1000000,8000000,9000000,634506000,634506000,8000000,8000000,30000000,30000000,38000000,38000000,47000000,48000000,1000000,1000000,8000000,9000000,0,0,8000000,8000000,30000000,30000000,38000000,38000000,1000010,2000010,1000000,1000000,10,1000010
377,1953506000,1953506000,1000000,1000000,9000000,9000000,634506000,634506000,9000000,9000000,1300000000,1300000000,1309000000,1309000000,1319000000,1319000000,1000000,1000000,9000000,9000000,0,0,9000000,9000000,1300000000,1300000000,1309000000,1309000000,1000010,17000030,1000000,1000000,10,16000030
407,3740506000,3741506000,1000000,1000000,12000000,13000000,634506000,634506000,13000000,13000000,3080000000,3080000000,3093000000,3093000000,3106000000,3107000000,1000000,1000000,12000000,13000000,0,0,13000000,13000000,3080000000,3080000000,3093000000,3093000000,1000010,3000010,1000000,1000000,10,2000010
437,3729506000,3731506000,1000000,1000000,11000000,13000000,634506000,634506000,13000000,13000000,3070000000,3070000000,3083000000,3083000000,3095000000,3097000000,1000000,1000000,11000000,13000000,0,0,13000000,13000000,3070000000,3070000000,3083000000,3083000000,1000010,97000050,1000000,1000000,10,96000050
467,1597506000,1597506000,1000000,1000000,11000000,11000000,634506000,634506000,11000000,11000000,940000000,940000000,951000000,951000000,963000000,963000000,1000000,1000000,11000000,11000000,0,0,11000000,11000000,940000000,940000000,951000000,951000000,1000010,34000020,1000000,1000000,10,33000020
497,672506000,676506000,1000000,1000000,37000000,41000000,634506000,634506000,0,0,0,0,0,0,38000000,42000000,1000000,1000000,37000000,41000000,0,0,0,0,0,0,0,0,1000010,1000000,1000000,1000000,10,0
527,1392506000,1401506000,1000000,1000000,9000000,18000000,634506000,634506000,18000000,18000000,730000000,730000000,748000000,748000000,758000000,767000000,1000000,1000000,9000000,18000000,0,0,18000000,18000000,730000000,730000000,748000000,748000000,1000010,63000010,1000000,1000000,10,62000010
557,2840506000,2841506000,1000000,1000000,7000000,8000000,634506000,634506000,8000000,8000000,2190000000,2190000000,2198000000,2198000000,2206000000,2207000000,1000000,1000000,7000000,8000000,0,0,8000000,8000000,2190000000,2190000000,2198000000,2198000000,1000010,23000030,1000000,1000000,10,22000030
587,859506000,859506000,1000000,1000000,47000000,47000000,634506000,634506000,47000000,47000000,130000000,130000000,177000000,177000000,225000000,225000000,1000000,1000000,47000000,47000000,0,0,47000000,47000000,130000000,130000000,177000000,177000000,1000010,38000030,1000000,1000000,10,37000030
617,2505506000,2505506000,1000000,1000000,10000000,10000000,634506000,634506000,10000000,10000000,1850000000,1850000000,1860000000,1860000000,1871000000,1871000000,1000000,1000000,10000000,10000000,0,0,10000000,10000000,1850000000,1850000000,1860000000,1860000000,1000010,43000020,1000000,1000000,10,42000020
647,2505506000,2505506000,1000000,1000000,10000000,10000000,634506000,634506000,10000000,10000000,1850000000,1850000000,1860000000,1860000000,1871000000,1871000000,1000000,1000000,10000000,10000000,0,0,10000000,10000000,1850000000,1850000000,1860000000,1860000000,1000010,43000020,1000000,1000000,10,42000020
677,1717506000,1717506000,1000000,1000000,6000000,6000000,634506000,634506000,6000000,6000000,1070000000,1070000000,1076000000,1076000000,1083000000,1083000000,1000000,1000000,6000000,6000000,0,0,6000000,6000000,1070000000,1070000000,1076000000,1076000000,1000010,11000010,1000000,1000000,10,10000010
707,3270506000,3271506000,1000000,1000000,17000000,18000000,634506000,634506000,18000000,18000000,2600000000,2600000000,2618000000,2618000000,2636000000,2637000000,1000000,1000000,17000000,18000000,0,0,18000000,18000000,2600000000,2600000000,2618000000,2618000000,1000010,22000010,1000000,1000000,10,21000010
737,641506000,643506000,1000000,1000000,6000000,8000000,634506000,634506000,0,0,0,0,0,0,7000000,9000000,1000000,1000000,6000000,8000000,0,0,0,0,0,0,0,0,1000010,1000000,1000000,1000000,10,0
767,1367506000,1367506000,1000000,1000000,1000000,1000000,634506000,634506000,1000000,1000000,730000000,730000000,731000000,731000000,733000000,733000000,1000000,1000000,1000000,1000000,0,0,1000000,1000000,730000000,730000000,731000000,731000000,1000010,21000030,1000000,1000000,10,20000030
797,3908506000,3909506000,1000000,1000000,1000000,2000000,634506000,634506000,2000000,2000000,3270000000,3270000000,3272000000,3272000000,3274000000,3275000000,1000000,1000000,1000000,2000000,0,0,2000000,2000000,3270000000,3270000000,3272000000,3272000000,1000010,59000030,1000000,1000000,10,58000030
827,2776506000,2777506000,1000000,1000000,0,1000000,634506000,634506000,1000000,1000000,2140000000,2140000000,2141000000,2141000000,2142000000,2143000000,1000000,1000000,0,1000000,0,0,1000000,1000000,2140000000,2140000000,2141000000,2141000000,1000010,82000030,1000000,1000000,10,81000030
857,3010506000,3011506000,1000000,1000000,12000000,13000000,634506000,634506000,13000000,13000000,2350000000,2350000000,2363000000,2363000000,2376000000,2377000000,1000000,1000000,12000000,13000000,0,0,13000000,13000000,2350000000,2350000000,2363000000,2363000000,1000010,10000010,1000000,1000000,10,9000010
887,1403506000,1403506000,1000000,1000000,9000000,9000000,634506000,634506000,9000000,9000000,750000000,750000000,759000000,759000000,769000000,769000000,1000000,1000000,9000000,9000000,0,0,9000000,9000000,750000000,750000000,759000000,759000000,1000010,27000030,1000000,1000000,10,26000030
917,2631506000,2632506000,1000000,1000000,18000000,19000000,634506000,634506000,18000000,18000000,1960000000,1960000000,1978000000,1978000000,1997000000,1998000000,1000000,1000000,18000000,19000000,0,0,18000000,18000000,1960000000,1960000000,1978000000,1978000000,1000010,63000010,1000000,1000000,10,62000010
947,2021506000,2021506000,1000000,1000000,8000000,8000000,634506000,634506000,8000000,8000000,1370000000,1370000000,1378000000,1378000000,1387000000,1387000000,1000000,1000000,8000000,8000000,0,0,8000000,8000000,1370000000,1370000000,1378000000,1378000000,1000010,45000030,1000000,1000000,10,44000030
977,3713506000,20220662000,1000000,1000000,7000000,17000000,634506000,17131662000,11000000,11000000,3060000000,3060000000,3071000000,3071000000,3079000000,3089000000,1000000,1000000,7000000,17000000,0,0,11000000,11000000,3060000000,3060000000,3071000000,3071000000,1000010,66000030,1000000,1000000,10,65000030
1007,3546506000,18781650000,1000000,1000000,8000000,15000000,634506000,15862650000,13000000,13000000,2890000000,2890000000,2903000000,2903000000,2912000000,2919000000,1000000,1000000,8000000,15000000,0,0,13000000,13000000,2890000000,2890000000,2903000000,2903000000,1000010,67000040,1000000,1000000,10,66000040
1037,854506000,1492012000,1000000,1000000,43000000,46000000,634506000,1269012000,46000000,46000000,130000000,130000000,176000000,176000000,220000000,223000000,1000000,1000000,43000000,46000000,0,0,46000000,46000000,130000000,130000000,176000000,176000000,1000010,37000050,1000000,1000000,10,36000050
1067,714506000,3888036000,1000000,1000000,19000000,20000000,634506000,3807036000,20000000,20000000,40000000,40000000,60000000,60000000,80000000,81000000,1000000,1000000,19000000,20000000,0,0,20000000,20000000,40000000,40000000,60000000,60000000,1000010,1000000,1000000,1000000,10,0
1097,1723506000,14422626000,1000000,1000000,0,9000000,634506000,13324626000,8000000,8000000,1080000000,1080000000,1088000000,1088000000,1089000000,1098000000,1000000,1000000,0,9000000,0,0,8000000,8000000,1080000000,1080000000,1088000000,1088000000,1000010,74000040,1000000,1000000,10,73000040
1127,1006506000,1655012000,1000000,1000000,4000000,18000000,634506000,1269012000,17000000,17000000,350000000,350000000,367000000,367000000,372000000,386000000,1000000,1000000,4000000,18000000,0,0,17000000,17000000,350000000,350000000,367000000,367000000,1000010,69000020,1000000,1000000,10,68000020
1157,645506000,647506000,1000000,1000000,10000000,12000000,634506000,634506000,0,0,0,0,0,0,11000000,13000000,1000000,1000000,10000000,12000000,0,0,0,0,0,0,0,0,1000010,1000000,1000000,1000000,10,0
1187,671506000,3210530000,1000000,1000000,8000000,9000000,634506000,3172530000,8000000,8000000,20000000,20000000,28000000,28000000,37000000,38000000,1000000,1000000,8000000,9000000,0,0,8000000,8000000,20000000,20000000,28000000,28000000,1000010,1000000,1000000,1000000,10,0
1217,653506000,654506000,1000000,1000000,18000000,19000000,634506000,634506000,0,0,0,0,0,0,19000000,20000000,1000000,1000000,18000000,19000000,0,0,0,0,0,0,0,0,1000010,1000000,1000000,1000000,10,0
1247,655506000,656506000,1000000,1000000,20000000,21000000,634506000,634506000,0,0,0,0,0,0,21000000,22000000,1000000,1000000,20000000,21000000,0,0,0,0,0,0,0,0,1000010,1000000,1000000,1000000,10,0
1277,644506000,1280012000,1000000,1000000,9000000,10000000,634506000,1269012000,0,0,0,0,0,0,10000000,11000000,1000000,1000000,9000000,10000000,0,0,0,0,0,0,0,0,1000010,1000000,1000000,1000000,10,0
18,1774506000,1775506000,1000000,1000000,19000000,20000000,634506000,634506000,20000000,20000000,1100000000,1100000000,1120000000,1120000000,1140000000,1141000000,1000000,1000000,19000000,20000000,0,0,20000000,20000000,1100000000,1100000000,1120000000,1120000000,1000010,24000020,1000000,1000000,10,23000020
48,1583506000,1647506000,1000000,1000000,17000000,81000000,634506000,634506000,81000000,81000000,850000000,850000000,931000000,931000000,949000000,1013000000,1000000,1000000,17000000,81000000,0,0,81000000,81000000,850000000,850000000,931000000,931000000,1000010,69000020,1000000,1000000,10,68000020
78,2967506000,2969506000,1000000,1000000,10000000,12000000,634506000,634506000,12000000,12000000,2310000000,2310000000,2322000000,2322000000,2333000000,2335000000,1000000,1000000,10000000,12000000,0,0,12000000,12000000,2310000000,2310000000,2322000000,2322000000,1000010,69000040,1000000,1000000,10,68000040
108,2381506000,2381506000,1000000,1000000,18000000,18000000,634506000,634506000,18000000,18000000,1710000000,1710000000,1728000000,1728000000,1747000000,1747000000,1000000,1000000,18000000,18000000,0,0,18000000,18000000,1710000000,1710000000,1728000000,1728000000,1000010,48000020,1000000,1000000,10,47000020
138,2247506000,2247506000,1000000,1000000,1000000,1000000,634506000,634506000,1000000,1000000,1610000000,1610000000,1611000000,1611000000,1613000000,1613000000,1000000,1000000,1000000,1000000,0,0,1000000,1000000,1610000000,1610000000,1611000000,1611000000,1000010,13000030,1000000,1000000,10,12000030
168,1105506000,1105506000,1000000,1000000,20000000,20000000,634506000,634506000,20000000,20000000,430000000,430000000,450000000,450000000,471000000,471000000,1000000,1000000,20000000,20000000,0,0,20000000,20000000,430000000,430000000,450000000,450000000,1000010,2000010,1000000,1000000,10,1000010
198,1673506000,1674506000,1000000,1000000,19000000,20000000,634506000,634506000,19000000,19000000,1000000000,1000000000,1019000000,1019000000,1039000000,1040000000,1000000,1000000,19000000,20000000,0,0,19000000,19000000,1000000000,1000000000,1019000000,1019000000,1000010,52000030,1000000,1000000,10,51000030
228,3434506000,3435506000,1000000,1000000,19000000,20000000,634506000,634506000,20000000,20000000,2760000000,2760000000,2780000000,2780000000,2800000000,2801000000,1000000,1000000,19000000,20000000,0,0,20000000,20000000,2760000000,2760000000,2780000000,2780000000,1000010,23000010,1000000,1000000,10,22000010
258,3372506000,3373506000,1000000,1000000,8000000,9000000,634506000,634506000,9000000,9000000,2720000000,2720000000,2729000000,2729000000,2738000000,2739000000,1000000,1000000,8000000,9000000,0,0,9000000,9000000,2720000000,2720000000,2729000000,2729000000,1000010,86000050,1000000,1000000,10,85000050
288,2463506000,2463506000,1000000,1000000,9000000,9000000,634506000,634506000,9000000,9000000,1810000000,1810000000,1819000000,1819000000,1829000000,1829000000,1000000,1000000,9000000,9000000,0,0,9000000,9000000,1810000000,1810000000,1819000000,1819000000,1000010,17000040,1000000,1000000,10,16000040
318,1253506000,1261506000,1000000,1000000,0,8000000,634506000,634506000,8000000,8000000,610000000,610000000,618000000,618000000,619000000,627000000,1000000,1000000,0,8000000,0,0,8000000,8000000,610000000,610000000,618000000,618000000,1000010,13000020,1000000,1000000,10,12000020
348,681506000,682506000,1000000,1000000,8000000,9000000,634506000,634506000,8000000,8000000,30000000,30000000,38000000,38000000,47000000,48000000,1000000,1000000,8000000,9000000,0,0,8000000,8000000,30000000,30000000,38000000,38000000,1000010,2000010,1000000,1000000,10,1000010
378,1353506000,1354506000,1000000,1000000,9000000,10000000,634506000,634506000,9000000,9000000,700000000,700000000,709000000,709000000,719000000,720000000,1000000,1000000,9000000,10000000,0,0,9000000,9000000,700000000,700000000,709000000,709000000,1000010,13000020,1000000,1000000,10,12000020
408,3740506000,3741506000,1000000,1000000,12000000,13000000,634506000,634506000,13000000,13000000,3080000000,3080000000,3093000000,3093000000,3106000000,3107000000,1000000,1000000,12000000,13000000,0,0,13000000,13000000,3080000000,3080000000,3093000000,3093000000,1000010,3000010,1000000,1000000,10,2000010
438,2358506000,2359506000,1000000,1000000,11000000,12000000,634506000,634506000,12000000,12000000,1700000000,1700000000,1712000000,1712000000,1724000000,1725000000,1000000,1000000,11000000,12000000,0,0,12000000,12000000,1700000000,1700000000,1712000000,1712000000,1000010,27000040,1000000,1000000,10,26000040
468,1597506000,1597506000,1000000,1000000,11000000,11000000,634506000,634506000,11000000,11000000,940000000,940000000,951000000,951000000,963000000,963000000,1000000,1000000,11000000,11000000,0,0,11000000,11000000,940000000,940000000,951000000,951000000,1000010,34000020,1000000,1000000,10,33000020
498,3540506000,3569506000,1000000,1000000,8000000,37000000,634506000,634506000,37000000,37000000,2860000000,2860000000,2897000000,2897000000,2906000000,2935000000,1000000,1000000,8000000,37000000,0,0,37000000,37000000,2860000000,2860000000,2897000000,2897000000,1000010,29000050,1000000,1000000,10,28000050
528,2971506000,2971506000,1000000,1000000,18000000,18000000,634506000,634506000,18000000,18000000,2300000000,2300000000,2318000000,2318000000,2337000000,2337000000,1000000,1000000,18000000,18000000,0,0,18000000,18000000,2300000000,2300000000,2318000000,2318000000,1000010,27000040,1000000,1000000,10,26000040
558,2310506000,2311506000,1000000,1000000,7000000,8000000,634506000,634506000,8000000,8000000,1660000000,1660000000,1668000000,1668000000,1676000000,1677000000,1000000,1000000,7000000,8000000,0,0,8000000,8000000,1660000000,1660000000,1668000000,1668000000,1000010,16000020,1000000,1000000,10,15000020
588,1581506000,1581506000,1000000,1000000,8000000,8000000,634506000,634506000,8000000,8000000,930000000,930000000,938000000,938000000,947000000,947000000,1000000,1000000,8000000,8000000,0,0,8000000,8000000,930000000,930000000,938000000,938000000,1000010,9000020,1000000,1000000,10,8000020
618,2974506000,2975506000,1000000,1000000,9000000,10000000,634506000,634506000,10000000,10000000,2320000000,2320000000,2330000000,2330000000,2340000000,2341000000,1000000,1000000,9000000,10000000,0,0,10000000,10000000,2320000000,2320000000,2330000000,2330000000,1000010,84000020,1000000,1000000,10,83000020
648,2016506000,2017506000,1000000,1000000,10000000,11000000,634506000,634506000,11000000,11000000,1360000000,1360000000,1371000000,1371000000,1382000000,1383000000,1000000,1000000,10000000,11000000,0,0,11000000,11000000,1360000000,1360000000,1371000000,1371000000,1000010,95000040,1000000,1000000,10,94000040
678,1717506000,1717506000,1000000,1000000,6000000,6000000,634506000,634506000,6000000,6000000,1070000000,1070000000,1076000000,1076000000,1083000000,1083000000,1000000,1000000,6000000,6000000,0,0,6000000,6000000,1070000000,1070000000,1076000000,1076000000,1000010,11000010,1000000,1000000,10,10000010
708,2390506000,2391506000,1000000,1000000,17000000,18000000,634506000,634506000,18000000,18000000,1720000000,1720000000,1738000000,1738000000,1756000000,1757000000,1000000,1000000,17000000,18000000,0,0,18000000,18000000,1720000000,1720000000,1738000000,1738000000,1000010,22000010,1000000,1000000,10,21000010
738,1600506000,1605506000,1000000,1000000,0,5000000,634506000,634506000,5000000,5000000,960000000,960000000,965000000,965000000,966000000,971000000,1000000,1000000,0,5000000,0,0,5000000,5000000,960000000,960000000,965000000,965000000,1000010,45000050,1000000,1000000,10,44000050
768,1367506000,1367506000,1000000,1000000,1000000,1000000,634506000,634506000,1000000,1000000,730000000,730000000,731000000,731000000,733000000,733000000,1000000,1000000,1000000,1000000,0,0,1000000,1000000,730000000,730000000,731000000,731000000,1000010,21000030,1000000,1000000,10,20000030
798,2918506000,2919506000,1000000,1000000,1000000,2000000,634506000,634506000,2000000,2000000,2280000000,2280000000,2282000000,2282000000,2284000000,2285000000,1000000,1000000,1000000,2000000,0,0,2000000,2000000,2280000000,2280000000,2282000000,2282000000,1000010,59000030,1000000,1000000,10,58000030
828,2746506000,2747506000,1000000,1000000,0,1000000,634506000,634506000,1000000,1000000,2110000000,2110000000,2111000000,2111000000,2112000000,2113000000,1000000,1000000,0,1000000,0,0,1000000,1000000,2110000000,2110000000,2111000000,2111000000,1000010,82000030,1000000,1000000,10,81000030
858,1740506000,1741506000,1000000,1000000,12000000,13000000,634506000,634506000,13000000,13000000,1080000000,1080000000,1093000000,1093000000,1106000000,1107000000,1000000,1000000,12000000,13000000,0,0,13000000,13000000,1080000000,1080000000,1093000000,1093000000,1000010,10000010,1000000,1000000,10,9000010
888,3785506000,3787506000,1000000,1000000,9000000,11000000,634506000,634506000,11000000,11000000,3130000000,3130000000,3141000000,3141000000,3151000000,3153000000,1000000,1000000,9000000,11000000,0,0,11000000,11000000,3130000000,3130000000,3141000000,3141000000,1000010,67000040,1000000,1000000,10,66000040
918,2631506000,2632506000,1000000,1000000,18000000,19000000,634506000,634506000,18000000,18000000,1960000000,1960000000,1978000000,1978000000,1997000000,1998000000,1000000,1000000,18000000,19000000,0,0,18000000,18000000,1960000000,1960000000,1978000000,1978000000,1000010,63000010,1000000,1000000,10,62000010
948,1599506000,1599506000,1000000,1000000,12000000,12000000,634506000,634506000,12000000,12000000,940000000,940000000,952000000,952000000,965000000,965000000,1000000,1000000,12000000,12000000,0,0,12000000,12000000,940000000,940000000,952000000,952000000,1000010,35000030,1000000,1000000,10,34000030
978,3743506000,17733638000,1000000,1000000,8000000,39000000,634506000,14593638000,20000000,20000000,3080000000,3080000000,3100000000,3100000000,3109000000,3140000000,1000000,1000000,8000000,39000000,0,0,20000000,20000000,3080000000,3080000000,3100000000,3100000000,1000010,9000020,1000000,1000000,10,8000020
1008,652506000,653506000,1000000,1000000,17000000,18000000,634506000,634506000,0,0,0,0,0,0,18000000,19000000,1000000,1000000,17000000,18000000,0,0,0,0,0,0,0,0,1000010,1000000,1000000,1000000,10,0
1038,846506000,2118518000,1000000,1000000,44000000,47000000,634506000,1903518000,47000000,47000000,120000000,120000000,167000000,167000000,212000000,215000000,1000000,1000000,44000000,47000000,0,0,47000000,47000000,120000000,120000000,167000000,167000000,1000010,35000020,1000000,1000000,10,34000020
1068,714506000,3888036000,1000000,1000000,19000000,20000000,634506000,3807036000,20000000,20000000,40000000,40000000,60000000,60000000,80000000,81000000,1000000,1000000,19000000,20000000,0,0,20000000,20000000,40000000,40000000,60000000,60000000,1000010,1000000,1000000,1000000,10,0
1098,2324506000,9313072000,1000000,1000000,0,9000000,634506000,7614072000,9000000,9000000,1680000000,1680000000,1689000000,1689000000,1690000000,1699000000,1000000,1000000,0,9000000,0,0,9000000,9000000,1680000000,1680000000,1689000000,1689000000,1000010,82000030,1000000,1000000,10,81000030
1128,3601506000,6156530000,1000000,1000000,0,17000000,634506000,3172530000,16000000,16000000,2950000000,2950000000,2966000000,2966000000,2967000000,2984000000,1000000,1000000,0,17000000,0,0,16000000,16000000,2950000000,2950000000,2966000000,2966000000,1000010,65000010,1000000,1000000,10,64000010
1158,644506000,1280012000,1000000,1000000,9000000,10000000,634506000,1269012000,0,0,0,0,0,0,10000000,11000000,1000000,1000000,9000000,10000000,0,0,0,0,0,0,0,0,1000010,1000000,1000000,1000000,10,0
1188,666506000,3205530000,1000000,1000000,5000000,6000000,634506000,3172530000,6000000,6000000,20000000,20000000,26000000,26000000,32000000,33000000,1000000,1000000,5000000,6000000,0,0,6000000,6000000,20000000,20000000,26000000,26000000,1000010,1000000,1000000,1000000,10,0
1218,640506000,1276012000,1000000,1000000,5000000,6000000,634506000,1269012000,0,0,0,0,0,0,6000000,7000000,1000000,1000000,5000000,6000000,0,0,0,0,0,0,0,0,1000010,1000000,1000000,1000000,10,0
1248,642506000,1912518000,1000000,1000000,7000000,8000000,634506000,1903518000,0,0,0,0,0,0,8000000,9000000,1000000,1000000,7000000,8000000,0,0,0,0,0,0,0,0,1000010,1000000,1000000,1000000,10,0
1278,1811506000,4986036000,1000000,1000000,7000000,9000000,634506000,3807036000,9000000,9000000,1160000000,1160000000,1169000000,1169000000,1177000000,1179000000,1000000,1000000,7000000,9000000,0,0,9000000,9000000,1160000000,1160000000,1169000000,1169000000,1000010,38000040,1000000,1000000,10,37000040
19,3164506000,3165506000,1000000,1000000,19000000,20000000,634506000,634506000,20000000,20000000,2490000000,2490000000,2510000000,2510000000,2530000000,2531000000,1000000,1000000,19000000,20000000,0,0,20000000,20000000,2490000000,2490000000,2510000000,2510000000,1000010,23000010,1000000,1000000,10,22000010
49,1203506000,1211506000,1000000,1000000,9000000,17000000,634506000,634506000,9000000,9000000,550000000,550000000,559000000,559000000,569000000,577000000,1000000,1000000,9000000,17000000,0,0,9000000,9000000,550000000,550000000,559000000,559000000,1000010,33000040,1000000,1000000,10,32000040
79,3764506000,3765506000,1000000,1000000,19000000,20000000,634506000,634506000,20000000,20000000,3090000000,3090000000,3110000000,3110000000,3130000000,3131000000,1000000,1000000,19000000,20000000,0,0,20000000,20000000,3090000000,3090000000,3110000000,3110000000,1000010,24000020,1000000,1000000,10,23000020
109,2149506000,2150506000,1000000,1000000,17000000,18000000,634506000,634506000,17000000,17000000,1480000000,1480000000,1497000000,1497000000,1515000000,1516000000,1000000,1000000,17000000,18000000,0,0,17000000,17000000,1480000000,1480000000,1497000000,1497000000,1000010,23000040,1000000,1000000,10,22000040
139,1717506000,1717506000,1000000,1000000,1000000,1000000,634506000,634506000,1000000,1000000,1080000000,1080000000,1081000000,1081000000,1083000000,1083000000,1000000,1000000,1000000,1000000,0,0,1000000,1000000,1080000000,1080000000,1081000000,1081000000,1000010,13000030,1000000,1000000,10,12000030
169,2874506000,2875506000,1000000,1000000,19000000,20000000,634506000,634506000,20000000,20000000,2200000000,2200000000,2220000000,2220000000,2240000000,2241000000,1000000,1000000,19000000,20000000,0,0,20000000,20000000,2200000000,2200000000,2220000000,2220000000,1000010,23000010,1000000,1000000,10,22000010
199,2435506000,2435506000,1000000,1000000,20000000,20000000,634506000,634506000,20000000,20000000,1760000000,1760000000,1780000000,1780000000,1801000000,1801000000,1000000,1000000,20000000,20000000,0,0,20000000,20000000,1760000000,1760000000,1780000000,1780000000,1000010,51000040,1000000,1000000,10,50000040
229,1343506000,1353506000,1000000,1000000,9000000,19000000,634506000,634506000,19000000,19000000,680000000,680000000,699000000,699000000,709000000,719000000,1000000,1000000,9000000,19000000,0,0,19000000,19000000,680000000,680000000,699000000,699000000,1000010,7000030,1000000,1000000,10,6000030
259,2842506000,2843506000,1000000,1000000,8000000,9000000,634506000,634506000,9000000,9000000,2190000000,2190000000,2199000000,2199000000,2208000000,2209000000,1000000,1000000,8000000,9000000,0,0,9000000,9000000,2190000000,2190000000,2199000000,2199000000,1000010,17000040,1000000,1000000,10,16000040
289,2373506000,2373506000,1000000,1000000,9000000,9000000,634506000,634506000,9000000,9000000,1720000000,1720000000,1729000000,1729000000,1739000000,1739000000,1000000,1000000,9000000,9000000,0,0,9000000,9000000,1720000000,1720000000,1729000000,1729000000,1000010,17000040,1000000,1000000,10,16000040
319,3272506000,3273506000,1000000,1000000,8000000,9000000,634506000,634506000,9000000,9000000,2620000000,2620000000,2629000000,2629000000,2638000000,2639000000,1000000,1000000,8000000,9000000,0,0,9000000,9000000,2620000000,2620000000,2629000000,2629000000,1000010,18000030,1000000,1000000,10,17000030
349,691506000,692506000,1000000,1000000,8000000,9000000,634506000,634506000,8000000,8000000,40000000,40000000,48000000,48000000,57000000,58000000,1000000,1000000,8000000,9000000,0,0,8000000,8000000,40000000,40000000,48000000,48000000,1000010,2000010,1000000,1000000,10,1000010
379,1953506000,1953506000,1000000,1000000,9000000,9000000,634506000,634506000,9000000,9000000,1300000000,1300000000,1309000000,1309000000,1319000000,1319000000,1000000,1000000,9000000,9000000,0,0,9000000,9000000,1300000000,1300000000,1309000000,1309000000,1000010,17000030,1000000,1000000,10,16000030
409,2411506000,2411506000,1000000,1000000,13000000,13000000,634506000,634506000,13000000,13000000,1750000000,1750000000,1763000000,1763000000,1777000000,1777000000,1000000,1000000,13000000,13000000,0,0,13000000,13000000,1750000000,1750000000,1763000000,1763000000,1000010,3000010,1000000,1000000,10,2000010
439,2467506000,2467506000,1000000,1000000,11000000,11000000,634506000,634506000,11000000,11000000,1810000000,1810000000,1821000000,1821000000,1833000000,1833000000,1000000,1000000,11000000,11000000,0,0,11000000,11000000,1810000000,1810000000,1821000000,1821000000,1000010,27000040,1000000,1000000,10,26000040
469,1498506000,1499506000,1000000,1000000,11000000,12000000,634506000,634506000,12000000,12000000,840000000,840000000,852000000,852000000,864000000,865000000,1000000,1000000,11000000,12000000,0,0,12000000,12000000,840000000,840000000,852000000,852000000,1000010,34000020,1000000,1000000,10,33000020
499,853506000,855506000,1000000,1000000,38000000,40000000,634506000,634506000,40000000,40000000,140000000,140000000,180000000,180000000,219000000,221000000,1000000,1000000,38000000,40000000,0,0,40000000,40000000,140000000,140000000,180000000,180000000,1000010,12000030,1000000,1000000,10,11000030
529,2041506000,2041506000,1000000,1000000,18000000,18000000,634506000,634506000,18000000,18000000,1370000000,1370000000,1388000000,1388000000,1407000000,1407000000,1000000,1000000,18000000,18000000,0,0,18000000,18000000,1370000000,1370000000,1388000000,1388000000,1000010,63000010,1000000,1000000,10,62000010
559,2840506000,2841506000,1000000,1000000,7000000,8000000,634506000,634506000,8000000,8000000,2190000000,2190000000,2198000000,2198000000,2206000000,2207000000,1000000,1000000,7000000,8000000,0,0,8000000,8000000,2190000000,2190000000,2198000000,2198000000,1000010,23000030,1000000,1000000,10,22000030
589,3770506000,3771506000,1000000,1000000,7000000,8000000,634506000,634506000,8000000,8000000,3120000000,3120000000,3128000000,3128000000,3136000000,3137000000,1000000,1000000,7000000,8000000,0,0,8000000,8000000,3120000000,3120000000,3128000000,3128000000,1000010,27000040,1000000,1000000,10,26000040
619,1943506000,1943506000,1000000,1000000,9000000,9000000,634506000,634506000,9000000,9000000,1290000000,1290000000,1299000000,1299000000,1309000000,1309000000,1000000,1000000,9000000,9000000,0,0,9000000,9000000,1290000000,1290000000,1299000000,1299000000,1000010,26000040,1000000,1000000,10,25000040
649,1965506000,1965506000,1000000,1000000,10000000,10000000,634506000,634506000,10000000,10000000,1310000000,1310000000,1320000000,1320000000,1331000000,1331000000,1000000,1000000,10000000,10000000,0,0,10000000,10000000,1310000000,1310000000,1320000000,1320000000,1000010,43000020,1000000,1000000,10,42000020
679,1717506000,1717506000,1000000,1000000,6000000,6000000,634506000,634506000,6000000,6000000,1070000000,1070000000,1076000000,1076000000,1083000000,1083000000,1000000,1000000,6000000,6000000,0,0,6000000,6000000,1070000000,1070000000,1076000000,1076000000,1000010,11000010,1000000,1000000,10,10000010
709,3270506000,3271506000,1000000,1000000,17000000,18000000,634506000,634506000,18000000,18000000,2600000000,2600000000,2618000000,2618000000,2636000000,2637000000,1000000,1000000,17000000,18000000,0,0,18000000,18000000,2600000000,2600000000,2618000000,2618000000,1000010,22000010,1000000,1000000,10,21000010
739,2506506000,2507506000,1000000,1000000,5000000,6000000,634506000,634506000,6000000,6000000,1860000000,1860000000,1866000000,1866000000,1872000000,1873000000,1000000,1000000,5000000,6000000,0,0,6000000,6000000,1860000000,1860000000,1866000000,1866000000,1000010,83000040,1000000,1000000,10,82000040
769,1337506000,1337506000,1000000,1000000,1000000,1000000,634506000,634506000,1000000,1000000,700000000,700000000,701000000,701000000,703000000,703000000,1000000,1000000,1000000,1000000,0,0,1000000,1000000,700000000,700000000,701000000,701000000,1000010,21000030,1000000,1000000,10,20000030
799,2116506000,2117506000,1000000,1000000,0,1000000,634506000,634506000,1000000,1000000,1480000000,1480000000,1481000000,1481000000,1482000000,1483000000,1000000,1000000,0,1000000,0,0,1000000,1000000,1480000000,1480000000,1481000000,1481000000,1000010,18000020,1000000,1000000,10,17000020
829,2776506000,2777506000,1000000,1000000,0,1000000,634506000,634506000,1000000,1000000,2140000000,2140000000,2141000000,2141000000,2142000000,2143000000,1000000,1000000,0,1000000,0,0,1000000,1000000,2140000000,2140000000,2141000000,2141000000,1000010,82000030,1000000,1000000,10,81000030
859,3000506000,3001506000,1000000,1000000,12000000,13000000,634506000,634506000,13000000,13000000,2340000000,2340000000,2353000000,2353000000,2366000000,2367000000,1000000,1000000,12000000,13000000,0,0,13000000,13000000,2340000000,2340000000,2353000000,2353000000,1000010,10000010,1000000,1000000,10,9000010
889,2553506000,2553506000,1000000,1000000,9000000,9000000,634506000,634506000,9000000,9000000,1900000000,1900000000,1909000000,1909000000,1919000000,1919000000,1000000,1000000,9000000,9000000,0,0,9000000,9000000,1900000000,1900000000,1909000000,1909000000,1000010,29000040,1000000,1000000,10,28000040
919,2631506000,2632506000,1000000,1000000,18000000,19000000,634506000,634506000,18000000,18000000,1960000000,1960000000,1978000000,1978000000,1997000000,1998000000,1000000,1000000,18000000,19000000,0,0,18000000,18000000,1960000000,1960000000,1978000000,1978000000,1000010,63000010,1000000,1000000,10,62000010
949,2158506000,2159506000,1000000,1000000,11000000,12000000,634506000,634506000,12000000,12000000,1500000000,1500000000,1512000000,1512000000,1524000000,1525000000,1000000,1000000,11000000,12000000,0,0,12000000,12000000,1500000000,1500000000,1512000000,1512000000,1000010,45000030,1000000,1000000,10,44000030
979,1604506000,5420542000,1000000,1000000,11000000,20000000,634506000,4441542000,18000000,18000000,940000000,940000000,958000000,958000000,970000000,979000000,1000000,1000000,11000000,20000000,0,0,18000000,18000000,940000000,940000000,958000000,958000000,1000010,74000030,1000000,1000000,10,73000030
1009,671506000,3210530000,1000000,1000000,8000000,9000000,634506000,3172530000,8000000,8000000,20000000,20000000,28000000,28000000,37000000,38000000,1000000,1000000,8000000,9000000,0,0,8000000,8000000,20000000,20000000,28000000,28000000,1000010,1000000,1000000,1000000,10,0
1039,681506000,686506000,1000000,1000000,46000000,51000000,634506000,634506000,0,0,0,0,0,0,47000000,52000000,1000000,1000000,46000000,51000000,0,0,0,0,0,0,0,0,1000010,1000000,1000000,1000000,10,0
1069,654506000,1924518000,1000000,1000000,19000000,20000000,634506000,1903518000,0,0,0,0,0,0,20000000,21000000,1000000,1000000,19000000,20000000,0,0,0,0,0,0,0,0,1000010,1000000,1000000,1000000,10,0
1099,2214506000,16825144000,1000000,1000000,0,17000000,634506000,15228144000,9000000,9000000,1570000000,1570000000,1579000000,1579000000,1580000000,1597000000,1000000,1000000,0,17000000,0,0,9000000,9000000,1570000000,1570000000,1579000000,1579000000,1000010,66000040,1000000,1000000,10,65000040
1129,1293506000,1992012000,1000000,1000000,17000000,81000000,634506000,1269012000,81000000,81000000,560000000,560000000,641000000,641000000,659000000,723000000,1000000,1000000,17000000,81000000,0,0,81000000,81000000,560000000,560000000,641000000,641000000,1000010,69000020,1000000,1000000,10,68000020
1159,644506000,1280012000,1000000,1000000,9000000,10000000,634506000,1269012000,0,0,0,0,0,0,10000000,11000000,1000000,1000000,9000000,10000000,0,0,0,0,0,0,0,0,1000010,1000000,1000000,1000000,10,0
1189,799506000,3341530000,1000000,1000000,5000000,9000000,634506000,3172530000,9000000,9000000,150000000,150000000,159000000,159000000,165000000,169000000,1000000,1000000,5000000,9000000,0,0,9000000,9000000,150000000,150000000,159000000,159000000,1000010,1000000,1000000,1000000,10,0
1219,640506000,642506000,1000000,1000000,5000000,7000000,634506000,634506000,0,0,0,0,0,0,6000000,8000000,1000000,1000000,5000000,7000000,0,0,0,0,0,0,0,0,1000010,1000000,1000000,1000000,10,0
1249,642506000,1912518000,1000000,1000000,7000000,8000000,634506000,1903518000,0,0,0,0,0,0,8000000,9000000,1000000,1000000,7000000,8000000,0,0,0,0,0,0,0,0,1000010,1000000,1000000,1000000,10,0
1279,1005506000,1642012000,1000000,1000000,9000000,11000000,634506000,1269012000,11000000,11000000,350000000,350000000,361000000,361000000,371000000,373000000,1000000,1000000,9000000,11000000,0,0,11000000,11000000,350000000,350000000,361000000,361000000,1000010,1000000,1000000,1000000,10,0
20,3164506000,3165506000,1000000,1000000,19000000,20000000,634506000,634506000,20000000,20000000,2490000000,2490000000,2510000000,2510000000,2530000000,2531000000,1000000,1000000,19000000,20000000,0,0,20000000,20000000,2490000000,2490000000,2510000000,2510000000,1000010,23000010,1000000,1000000,10,22000010
50,3550506000,3551506000,1000000,1000000,17000000,18000000,634506000,634506000,18000000,18000000,2880000000,2880000000,2898000000,2898000000,2916000000,2917000000,1000000,1000000,17000000,18000000,0,0,18000000,18000000,2880000000,2880000000,2898000000,2898000000,1000010,62000050,1000000,1000000,10,61000050
80,3154506000,3155506000,1000000,1000000,19000000,20000000,634506000,634506000,20000000,20000000,2480000000,2480000000,2500000000,2500000000,2520000000,2521000000,1000000,1000000,19000000,20000000,0,0,20000000,20000000,2480000000,2480000000,2500000000,2500000000,1000010,23000010,1000000,1000000,10,22000010
110,653506000,654506000,1000000,1000000,18000000,19000000,634506000,634506000,0,0,0,0,0,0,19000000,20000000,1000000,1000000,18000000,19000000,0,0,0,0,0,0,0,0,1000010,1000000,1000000,1000000,10,0
140,2217506000,2217506000,1000000,1000000,1000000,1000000,634506000,634506000,1000000,1000000,1580000000,1580000000,1581000000,1581000000,1583000000,1583000000,1000000,1000000,1000000,1000000,0,0,1000000,1000000,1580000000,1580000000,1581000000,1581000000,1000010,13000030,1000000,1000000,10,12000030
170,1484506000,1485506000,1000000,1000000,19000000,20000000,634506000,634506000,20000000,20000000,810000000,810000000,830000000,830000000,850000000,851000000,1000000,1000000,19000000,20000000,0,0,20000000,20000000,810000000,810000000,830000000,830000000,1000010,24000020,1000000,1000000,10,23000020
200,2735506000,2735506000,1000000,1000000,20000000,20000000,634506000,634506000,20000000,20000000,2060000000,2060000000,2080000000,2080000000,2101000000,2101000000,1000000,1000000,20000000,20000000,0,0,20000000,20000000,2060000000,2060000000,2080000000,2080000000,1000010,52000030,1000000,1000000,10,51000030
230,2884506000,2885506000,1000000,1000000,19000000,20000000,634506000,634506000,20000000,20000000,2210000000,2210000000,2230000000,2230000000,2250000000,2251000000,1000000,1000000,19000000,20000000,0,0,20000000,20000000,2210000000,2210000000,2230000000,2230000000,1000010,24000020,1000000,1000000,10,23000020
260,2322506000,2323506000,1000000,1000000,8000000,9000000,634506000,634506000,9000000,9000000,1670000000,1670000000,1679000000,1679000000,1688000000,1689000000,1000000,1000000,8000000,9000000,0,0,9000000,9000000,1670000000,1670000000,1679000000,1679000000,1000010,17000040,1000000,1000000,10,16000040
290,2373506000,2373506000,1000000,1000000,9000000,9000000,634506000,634506000,9000000,9000000,1720000000,1720000000,1729000000,1729000000,1739000000,1739000000,1000000,1000000,9000000,9000000,0,0,9000000,9000000,1720000000,1720000000,1729000000,1729000000,1000010,17000040,1000000,1000000,10,16000040
320,2822506000,2823506000,1000000,1000000,8000000,9000000,634506000,634506000,9000000,9000000,2170000000,2170000000,2179000000,2179000000,2188000000,2189000000,1000000,1000000,8000000,9000000,0,0,9000000,9000000,2170000000,2170000000,2179000000,2179000000,1000010,74000040,1000000,1000000,10,73000040
350,681506000,682506000,1000000,1000000,8000000,9000000,634506000,634506000,8000000,8000000,30000000,30000000,38000000,38000000,47000000,48000000,1000000,1000000,8000000,9000000,0,0,8000000,8000000,30000000,30000000,38000000,38000000,1000010,2000010,1000000,1000000,10,1000010
380,1697506000,1700506000,1000000,1000000,6000000,9000000,634506000,634506000,6000000,6000000,1050000000,1050000000,1056000000,1056000000,1063000000,1066000000,1000000,1000000,6000000,9000000,0,0,6000000,6000000,1050000000,1050000000,1056000000,1056000000,1000010,18000030,1000000,1000000,10,17000030
410,3740506000,3741506000,1000000,1000000,12000000,13000000,634506000,634506000,13000000,13000000,3080000000,3080000000,3093000000,3093000000,3106000000,3107000000,1000000,1000000,12000000,13000000,0,0,13000000,13000000,3080000000,3080000000,3093000000,3093000000,1000010,3000010,1000000,1000000,10,2000010
440,2358506000,2359506000,1000000,1000000,11000000,12000000,634506000,634506000,12000000,12000000,1700000000,1700000000,1712000000,1712000000,1724000000,1725000000,1000000,1000000,11000000,12000000,0,0,12000000,12000000,1700000000,1700000000,1712000000,1712000000,1000010,27000040,1000000,1000000,10,26000040
470,1498506000,1499506000,1000000,1000000,11000000,12000000,634506000,634506000,12000000,12000000,840000000,840000000,852000000,852000000,864000000,865000000,1000000,1000000,11000000,12000000,0,0,12000000,12000000,840000000,840000000,852000000,852000000,1000010,34000020,1000000,1000000,10,33000020
500,6834506000,6837506000,1000000,1000000,38000000,41000000,634506000,634506000,41000000,41000000,6120000000,6120000000,6161000000,6161000000,6200000000,6203000000,1000000,1000000,38000000,41000000,0,0,41000000,41000000,6120000000,6120000000,6161000000,6161000000,1000010,113000070,1000000,1000000,10,112000070
530,2971506000,2971506000,1000000,1000000,18000000,18000000,634506000,634506000,18000000,18000000,2300000000,2300000000,2318000000,2318000000,2337000000,2337000000,1000000,1000000,18000000,18000000,0,0,18000000,18000000,2300000000,2300000000,2318000000,2318000000,1000010,27000040,1000000,1000000,10,26000040
560,2840506000,2841506000,1000000,1000000,7000000,8000000,634506000,634506000,8000000,8000000,2190000000,2190000000,2198000000,2198000000,2206000000,2207000000,1000000,1000000,7000000,8000000,0,0,8000000,8000000,2190000000,2190000000,2198000000,2198000000,1000010,23000030,1000000,1000000,10,22000030
590,1941506000,1942506000,1000000,1000000,8000000,9000000,634506000,634506000,8000000,8000000,1290000000,1290000000,1298000000,1298000000,1307000000,1308000000,1000000,1000000,8000000,9000000,0,0,8000000,8000000,1290000000,1290000000,1298000000,1298000000,1000010,35000030,1000000,1000000,10,34000030
620,2474506000,2475506000,1000000,1000000,9000000,10000000,634506000,634506000,10000000,10000000,1820000000,1820000000,1830000000,1830000000,1840000000,1841000000,1000000,1000000,9000000,10000000,0,0,10000000,10000000,1820000000,1820000000,1830000000,1830000000,1000010,44000030,1000000,1000000,10,43000030
650,3576506000,3577506000,1000000,1000000,10000000,11000000,634506000,634506000,11000000,11000000,2920000000,2920000000,2931000000,2931000000,2942000000,2943000000,1000000,1000000,10000000,11000000,0,0,11000000,11000000,2920000000,2920000000,2931000000,2931000000,1000010,87000050,1000000,1000000,10,86000050
680,1727506000,1727506000,1000000,1000000,6000000,6000000,634506000,634506000,6000000,6000000,1080000000,1080000000,1086000000,1086000000,1093000000,1093000000,1000000,1000000,6000000,6000000,0,0,6000000,6000000,1080000000,1080000000,1086000000,1086000000,1000010,11000010,1000000,1000000,10,10000010
710,2390506000,2391506000,1000000,1000000,17000000,18000000,634506000,634506000,18000000,18000000,1720000000,1720000000,1738000000,1738000000,1756000000,1757000000,1000000,1000000,17000000,18000000,0,0,18000000,18000000,1720000000,1720000000,1738000000,1738000000,1000010,22000010,1000000,1000000,10,21000010
740,2496506000,2497506000,1000000,1000000,5000000,6000000,634506000,634506000,6000000,6000000,1850000000,1850000000,1856000000,1856000000,1862000000,1863000000,1000000,1000000,5000000,6000000,0,0,6000000,6000000,1850000000,1850000000,1856000000,1856000000,1000010,83000040,1000000,1000000,10,82000040
770,1337506000,1337506000,1000000,1000000,1000000,1000000,634506000,634506000,1000000,1000000,700000000,700000000,701000000,701000000,703000000,703000000,1000000,1000000,1000000,1000000,0,0,1000000,1000000,700000000,700000000,701000000,701000000,1000010,21000030,1000000,1000000,10,20000030
800,2918506000,2919506000,1000000,1000000,1000000,2000000,634506000,634506000,2000000,2000000,2280000000,2280000000,2282000000,2282000000,2284000000,2285000000,1000000,1000000,1000000,2000000,0,0,2000000,2000000,2280000000,2280000000,2282000000,2282000000,1000010,59000030,1000000,1000000,10,58000030
830,2746506000,2747506000,1000000,1000000,0,1000000,634506000,634506000,1000000,1000000,2110000000,2110000000,2111000000,2111000000,2112000000,2113000000,1000000,1000000,0,1000000,0,0,1000000,1000000,2110000000,2110000000,2111000000,2111000000,1000010,82000030,1000000,1000000,10,81000030
860,2106506000,2111506000,1000000,1000000,8000000,13000000,634506000,634506000,13000000,13000000,1450000000,1450000000,1463000000,1463000000,1472000000,1477000000,1000000,1000000,8000000,13000000,0,0,13000000,13000000,1450000000,1450000000,1463000000,1463000000,1000010,3000020,1000000,1000000,10,2000020
890,3044506000,3045506000,1000000,1000000,9000000,10000000,634506000,634506000,10000000,10000000,2390000000,2390000000,2400000000,2400000000,2410000000,2411000000,1000000,1000000,9000000,10000000,0,0,10000000,10000000,2390000000,2390000000,2400000000,2400000000,1000010,67000040,1000000,1000000,10,66000040
920,2631506000,2632506000,1000000,1000000,18000000,19000000,634506000,634506000,18000000,18000000,1960000000,1960000000,1978000000,1978000000,1997000000,1998000000,1000000,1000000,18000000,19000000,0,0,18000000,18000000,1960000000,1960000000,1978000000,1978000000,1000010,63000010,1000000,1000000,10,62000010
950,1998506000,1999506000,1000000,1000000,11000000,12000000,634506000,634506000,12000000,12000000,1340000000,1340000000,1352000000,1352000000,1364000000,1365000000,1000000,1000000,11000000,12000000,0,0,12000000,12000000,1340000000,1340000000,1352000000,1352000000,1000010,26000040,1000000,1000000,10,25000040
980,652506000,1288012000,1000000,1000000,17000000,18000000,634506000,1269012000,0,0,0,0,0,0,18000000,19000000,1000000,1000000,17000000,18000000,0,0,0,0,0,0,0,0,1000010,1000000,1000000,1000000,10,0
1010,638506000,1274012000,1000000,1000000,3000000,4000000,634506000,1269012000,0,0,0,0,0,0,4000000,5000000,1000000,1000000,3000000,4000000,0,0,0,0,0,0,0,0,1000010,1000000,1000000,1000000,10,0
1040,642506000,1278012000,1000000,1000000,7000000,8000000,634506000,1269012000,0,0,0,0,0,0,8000000,9000000,1000000,1000000,7000000,8000000,0,0,0,0,0,0,0,0,1000010,1000000,1000000,1000000,10,0
1070,872506000,2152518000,1000000,1000000,8000000,19000000,634506000,1903518000,19000000,19000000,210000000,210000000,229000000,229000000,238000000,249000000,1000000,1000000,8000000,19000000,0,0,19000000,19000000,210000000,210000000,229000000,229000000,1000010,1000000,1000000,1000000,10,0
1100,3897506000,21673674000,1000000,1000000,0,10000000,634506000,18400674000,2000000,2000000,3260000000,3260000000,3262000000,3262000000,3263000000,3273000000,1000000,1000000,0,10000000,0,0,2000000,2000000,3260000000,3260000000,3262000000,3262000000,1000010,50000020,1000000,1000000,10,49000020
1130,2096506000,4646530000,1000000,1000000,5000000,17000000,634506000,3172530000,16000000,16000000,1440000000,1440000000,1456000000,1456000000,1462000000,1474000000,1000000,1000000,5000000,17000000,0,0,16000000,16000000,1440000000,1440000000,1456000000,1456000000,1000010,67000030,1000000,1000000,10,66000030
1160,644506000,1280012000,1000000,1000000,9000000,10000000,634506000,1269012000,0,0,0,0,0,0,10000000,11000000,1000000,1000000,9000000,10000000,0,0,0,0,0,0,0,0,1000010,1000000,1000000,1000000,10,0
1190,666506000,2571024000,1000000,1000000,5000000,6000000,634506000,2538024000,6000000,6000000,20000000,20000000,26000000,26000000,32000000,33000000,1000000,1000000,5000000,6000000,0,0,6000000,6000000,20000000,20000000,26000000,26000000,1000010,1000000,1000000,1000000,10,0
1220,2406506000,3692518000,1000000,1000000,57000000,74000000,634506000,1903518000,74000000,74000000,1640000000,1640000000,1714000000,1714000000,1772000000,1789000000,1000000,1000000,57000000,74000000,0,0,74000000,74000000,1640000000,1640000000,1714000000,1714000000,1000010,105000020,1000000,1000000,10,104000020
1250,909506000,2814024000,1000000,1000000,7000000,8000000,634506000,2538024000,7000000,7000000,260000000,260000000,267000000,267000000,275000000,276000000,1000000,1000000,7000000,8000000,0,0,7000000,7000000,260000000,260000000,267000000,267000000,1000010,1000000,1000000,1000000,10,0
1280,896506000,1535012000,1000000,1000000,44000000,48000000,634506000,1269012000,47000000,47000000,170000000,170000000,217000000,217000000,262000000,266000000,1000000,1000000,44000000,48000000,0,0,47000000,47000000,170000000,170000000,217000000,217000000,1000010,1000000,1000000,1000000,10,0
21,3164506000,3165506000,1000000,1000000,19000000,20000000,634506000,634506000,20000000,20000000,2490000000,2490000000,2510000000,2510000000,2530000000,2531000000,1000000,1000000,19000000,20000000,0,0,20000000,20000000,2490000000,2490000000,2510000000,2510000000,1000010,23000010,1000000,1000000,10,22000010
51,1977506000,1978506000,1000000,1000000,16000000,17000000,634506000,634506000,16000000,16000000,1310000000,1310000000,1326000000,1326000000,1343000000,1344000000,1000000,1000000,16000000,17000000,0,0,16000000,16000000,1310000000,1310000000,1326000000,1326000000,1000010,67000030,1000000,1000000,10,66000030
81,1773506000,1793506000,1000000,1000000,19000000,39000000,634506000,634506000,39000000,39000000,1080000000,1080000000,1119000000,1119000000,1139000000,1159000000,1000000,1000000,19000000,39000000,0,0,39000000,39000000,1080000000,1080000000,1119000000,1119000000,1000010,20000030,1000000,1000000,10,19000030
111,2149506000,2150506000,1000000,1000000,17000000,18000000,634506000,634506000,17000000,17000000,1480000000,1480000000,1497000000,1497000000,1515000000,1516000000,1000000,1000000,17000000,18000000,0,0,17000000,17000000,1480000000,1480000000,1497000000,1497000000,1000010,23000040,1000000,1000000,10,22000040
141,2247506000,2247506000,1000000,1000000,1000000,1000000,634506000,634506000,1000000,1000000,1610000000,1610000000,1611000000,1611000000,1613000000,1613000000,1000000,1000000,1000000,1000000,0,0,1000000,1000000,1610000000,1610000000,1611000000,1611000000,1000010,13000030,1000000,1000000,10,12000030
171,3005506000,3005506000,1000000,1000000,20000000,20000000,634506000,634506000,20000000,20000000,2330000000,2330000000,2350000000,2350000000,2371000000,2371000000,1000000,1000000,20000000,20000000,0,0,20000000,20000000,2330000000,2330000000,2350000000,2350000000,1000010,28000040,1000000,1000000,10,27000040
201,655506000,656506000,1000000,1000000,20000000,21000000,634506000,634506000,0,0,0,0,0,0,21000000,22000000,1000000,1000000,20000000,21000000,0,0,0,0,0,0,0,0,1000010,1000000,1000000,1000000,10,0
231,2972506000,2983506000,1000000,1000000,8000000,19000000,634506000,634506000,19000000,19000000,2310000000,2310000000,2329000000,2329000000,2338000000,2349000000,1000000,1000000,8000000,19000000,0,0,19000000,19000000,2310000000,2310000000,2329000000,2329000000,1000010,23000010,1000000,1000000,10,22000010
261,2322506000,2323506000,1000000,1000000,8000000,9000000,634506000,634506000,9000000,9000000,1670000000,1670000000,1679000000,1679000000,1688000000,1689000000,1000000,1000000,8000000,9000000,0,0,9000000,9000000,1670000000,1670000000,1679000000,1679000000,1000010,17000040,1000000,1000000,10,16000040
291,2079506000,2081506000,1000000,1000000,7000000,9000000,634506000,634506000,7000000,7000000,1430000000,1430000000,1437000000,1437000000,1445000000,1447000000,1000000,1000000,7000000,9000000,0,0,7000000,7000000,1430000000,1430000000,1437000000,1437000000,1000010,75000030,1000000,1000000,10,74000030
321,1237506000,1244506000,1000000,1000000,1000000,8000000,634506000,634506000,1000000,1000000,600000000,600000000,601000000,601000000,603000000,610000000,1000000,1000000,1000000,8000000,0,0,1000000,1000000,600000000,600000000,601000000,601000000,1000010,13000020,1000000,1000000,10,12000020
351,681506000,682506000,1000000,1000000,8000000,9000000,634506000,634506000,8000000,8000000,30000000,30000000,38000000,38000000,47000000,48000000,1000000,1000000,8000000,9000000,0,0,8000000,8000000,30000000,30000000,38000000,38000000,1000010,2000010,1000000,1000000,10,1000010
381,1953506000,1953506000,1000000,1000000,9000000,9000000,634506000,634506000,9000000,9000000,1300000000,1300000000,1309000000,1309000000,1319000000,1319000000,1000000,1000000,9000000,9000000,0,0,9000000,9000000,1300000000,1300000000,1309000000,1309000000,1000010,17000030,1000000,1000000,10,16000030
411,3750506000,3751506000,1000000,1000000,12000000,13000000,634506000,634506000,13000000,13000000,3090000000,3090000000,3103000000,3103000000,3116000000,3117000000,1000000,1000000,12000000,13000000,0,0,13000000,13000000,3090000000,3090000000,3103000000,3103000000,1000010,3000010,1000000,1000000,10,2000010
441,3689506000,3691506000,1000000,1000000,11000000,13000000,634506000,634506000,13000000,13000000,3030000000,3030000000,3043000000,3043000000,3055000000,3057000000,1000000,1000000,11000000,13000000,0,0,13000000,13000000,3030000000,3030000000,3043000000,3043000000,1000010,97000050,1000000,1000000,10,96000050
471,1597506000,1597506000,1000000,1000000,11000000,11000000,634506000,634506000,11000000,11000000,940000000,940000000,951000000,951000000,963000000,963000000,1000000,1000000,11000000,11000000,0,0,11000000,11000000,940000000,940000000,951000000,951000000,1000010,34000020,1000000,1000000,10,33000020
501,1747506000,1753506000,1000000,1000000,38000000,44000000,634506000,634506000,44000000,44000000,1030000000,1030000000,1074000000,1074000000,1113000000,1119000000,1000000,1000000,38000000,44000000,0,0,44000000,44000000,1030000000,1030000000,1074000000,1074000000,1000010,33000040,1000000,1000000,10,32000040
531,2041506000,2041506000,1000000,1000000,18000000,18000000,634506000,634506000,18000000,18000000,1370000000,1370000000,1388000000,1388000000,1407000000,1407000000,1000000,1000000,18000000,18000000,0,0,18000000,18000000,1370000000,1370000000,1388000000,1388000000,1000010,63000010,1000000,1000000,10,62000010
561,2820506000,2821506000,1000000,1000000,7000000,8000000,634506000,634506000,8000000,8000000,2170000000,2170000000,2178000000,2178000000,2186000000,2187000000,1000000,1000000,7000000,8000000,0,0,8000000,8000000,2170000000,2170000000,2178000000,2178000000,1000010,23000030,1000000,1000000,10,22000030
591,2860506000,2861506000,1000000,1000000,7000000,8000000,634506000,634506000,8000000,8000000,2210000000,2210000000,2218000000,2218000000,2226000000,2227000000,1000000,1000000,7000000,8000000,0,0,8000000,8000000,2210000000,2210000000,2218000000,2218000000,1000010,24000030,1000000,1000000,10,23000030
621,2111506000,2112506000,1000000,1000000,8000000,9000000,634506000,634506000,8000000,8000000,1460000000,1460000000,1468000000,1468000000,1477000000,1478000000,1000000,1000000,8000000,9000000,0,0,8000000,8000000,1460000000,1460000000,1468000000,1468000000,1000010,84000020,1000000,1000000,10,83000020
651,1835506000,1835506000,1000000,1000000,10000000,10000000,634506000,634506000,10000000,10000000,1180000000,1180000000,1190000000,1190000000,1201000000,1201000000,1000000,1000000,10000000,10000000,0,0,10000000,10000000,1180000000,1180000000,1190000000,1190000000,1000010,43000020,1000000,1000000,10,42000020
681,2618506000,2619506000,1000000,1000000,6000000,7000000,634506000,634506000,7000000,7000000,1970000000,1970000000,1977000000,1977000000,1984000000,1985000000,1000000,1000000,6000000,7000000,0,0,7000000,7000000,1970000000,1970000000,1977000000,1977000000,1000010,11000010,1000000,1000000,10,10000010
711,2390506000,2391506000,1000000,1000000,17000000,18000000,634506000,634506000,18000000,18000000,1720000000,1720000000,1738000000,1738000000,1756000000,1757000000,1000000,1000000,17000000,18000000,0,0,18000000,18000000,1720000000,1720000000,1738000000,1738000000,1000010,22000010,1000000,1000000,10,21000010
741,2926506000,2927506000,1000000,1000000,5000000,6000000,634506000,634506000,6000000,6000000,2280000000,2280000000,2286000000,2286000000,2292000000,2293000000,1000000,1000000,5000000,6000000,0,0,6000000,6000000,2280000000,2280000000,2286000000,2286000000,1000010,83000040,1000000,1000000,10,82000040
771,707506000,707506000,1000000,1000000,1000000,1000000,634506000,634506000,1000000,1000000,70000000,70000000,71000000,71000000,73000000,73000000,1000000,1000000,1000000,1000000,0,0,1000000,1000000,70000000,70000000,71000000,71000000,1000010,2000010,1000000,1000000,10,1000010
801,1987506000,1987506000,1000000,1000000,1000000,1000000,634506000,634506000,1000000,1000000,1350000000,1350000000,1351000000,1351000000,1353000000,1353000000,1000000,1000000,1000000,1000000,0,0,1000000,1000000,1350000000,1350000000,1351000000,1351000000,1000010,19000020,1000000,1000000,10,18000020
831,1005506000,1005506000,1000000,1000000,10000000,10000000,634506000,634506000,10000000,10000000,350000000,350000000,360000000,360000000,371000000,371000000,1000000,1000000,10000000,10000000,0,0,10000000,10000000,350000000,350000000,360000000,360000000,1000010,12000020,1000000,1000000,10,11000020
861,1658506000,1659506000,1000000,1000000,11000000,12000000,634506000,634506000,12000000,12000000,1000000000,1000000000,1012000000,1012000000,1024000000,1025000000,1000000,1000000,11000000,12000000,0,0,12000000,12000000,1000000000,1000000000,1012000000,1012000000,1000010,13000030,1000000,1000000,10,12000030
891,2221506000,2221506000,1000000,1000000,8000000,8000000,634506000,634506000,8000000,8000000,1570000000,1570000000,1578000000,1578000000,1587000000,1587000000,1000000,1000000,8000000,8000000,0,0,8000000,8000000,1570000000,1570000000,1578000000,1578000000,1000010,7000030,1000000,1000000,10,6000030
921,2631506000,2632506000,1000000,1000000,18000000,19000000,634506000,634506000,18000000,18000000,1960000000,1960000000,1978000000,1978000000,1997000000,1998000000,1000000,1000000,18000000,19000000,0,0,18000000,18000000,1960000000,1960000000,1978000000,1978000000,1000010,63000010,1000000,1000000,10,62000010
951,2460506000,2461506000,1000000,1000000,12000000,13000000,634506000,634506000,13000000,13000000,1800000000,1800000000,1813000000,1813000000,1826000000,1827000000,1000000,1000000,12000000,13000000,0,0,13000000,13000000,1800000000,1800000000,1813000000,1813000000,1000010,26000040,1000000,1000000,10,25000040
981,2360506000,7439554000,1000000,1000000,17000000,20000000,634506000,5710554000,18000000,18000000,1690000000,1690000000,1708000000,1708000000,1726000000,1729000000,1000000,1000000,17000000,20000000,0,0,18000000,18000000,1690000000,1690000000,1708000000,1708000000,1000010,41000010,1000000,1000000,10,40000010
1011,3329506000,9684566000,1000000,1000000,0,10000000,634506000,6979566000,4000000,4000000,2690000000,2690000000,2694000000,2694000000,2695000000,2705000000,1000000,1000000,0,10000000,0,0,4000000,4000000,2690000000,2690000000,2694000000,2694000000,1000010,81000040,1000000,1000000,10,80000040
1041,1570506000,3476024000,1000000,1000000,7000000,9000000,634506000,2538024000,8000000,8000000,920000000,920000000,928000000,928000000,936000000,938000000,1000000,1000000,7000000,9000000,0,0,8000000,8000000,920000000,920000000,928000000,928000000,1000010,2000010,1000000,1000000,10,1000010
1071,654506000,1924518000,1000000,1000000,19000000,20000000,634506000,1903518000,0,0,0,0,0,0,20000000,21000000,1000000,1000000,19000000,20000000,0,0,0,0,0,0,0,0,1000010,1000000,1000000,1000000,10,0
1101,2756506000,20622674000,1000000,1000000,0,15000000,634506000,18400674000,1000000,16000000,2120000000,2190000000,2121000000,2206000000,2122000000,2222000000,1000000,1000000,0,15000000,0,0,1000000,16000000,2120000000,2190000000,2121000000,2206000000,1000010,67000020,1000000,1000000,10,66000020
1131,916506000,3455530000,1000000,1000000,0,1000000,634506000,3172530000,1000000,1000000,280000000,280000000,281000000,281000000,282000000,283000000,1000000,1000000,0,1000000,0,0,1000000,1000000,280000000,280000000,281000000,281000000,1000010,1000000,1000000,1000000,10,0
1161,644506000,1280012000,1000000,1000000,9000000,10000000,634506000,1269012000,0,0,0,0,0,0,10000000,11000000,1000000,1000000,9000000,10000000,0,0,0,0,0,0,0,0,1000010,1000000,1000000,1000000,10,0
1191,667506000,1937518000,1000000,1000000,6000000,7000000,634506000,1903518000,6000000,6000000,20000000,20000000,26000000,26000000,33000000,34000000,1000000,1000000,6000000,7000000,0,0,6000000,6000000,20000000,20000000,26000000,26000000,1000010,1000000,1000000,1000000,10,0
1221,1906506000,2597012000,1000000,1000000,18000000,74000000,634506000,1269012000,73000000,73000000,1180000000,1180000000,1253000000,1253000000,1272000000,1328000000,1000000,1000000,18000000,74000000,0,0,73000000,73000000,1180000000,1180000000,1253000000,1253000000,1000010,64000020,1000000,1000000,10,63000020
1251,1603506000,4145530000,1000000,1000000,7000000,11000000,634506000,3172530000,11000000,11000000,950000000,950000000,961000000,961000000,969000000,973000000,1000000,1000000,7000000,11000000,0,0,11000000,11000000,950000000,950000000,961000000,961000000,1000010,26000030,1000000,1000000,10,25000030
1281,2029506000,2666012000,1000000,1000000,11000000,13000000,634506000,1269012000,13000000,13000000,1370000000,1370000000,1383000000,1383000000,1395000000,1397000000,1000000,1000000,11000000,13000000,0,0,13000000,13000000,1370000000,1370000000,1383000000,1383000000,1000010,46000040,1000000,1000000,10,45000040
22,3724506000,3725506000,1000000,1000000,19000000,20000000,634506000,634506000,20000000,20000000,3050000000,3050000000,3070000000,3070000000,3090000000,3091000000,1000000,1000000,19000000,20000000,0,0,20000000,20000000,3050000000,3050000000,3070000000,3070000000,1000010,23000010,1000000,1000000,10,22000010
52,3409506000,3449506000,1000000,1000000,17000000,57000000,634506000,634506000,57000000,57000000,2700000000,2700000000,2757000000,2757000000,2775000000,2815000000,1000000,1000000,17000000,57000000,0,0,57000000,57000000,2700000000,2700000000,2757000000,2757000000,1000010,67000030,1000000,1000000,10,66000030
82,1043506000,1043506000,1000000,1000000,19000000,19000000,634506000,634506000,19000000,19000000,370000000,370000000,389000000,389000000,409000000,409000000,1000000,1000000,19000000,19000000,0,0,19000000,19000000,370000000,370000000,389000000,389000000,1000010,23000010,1000000,1000000,10,22000010
112,1141506000,1143506000,1000000,1000000,18000000,20000000,634506000,634506000,18000000,18000000,470000000,470000000,488000000,488000000,507000000,509000000,1000000,1000000,18000000,20000000,0,0,18000000,18000000,470000000,470000000,488000000,488000000,1000010,48000020,1000000,1000000,10,47000020
142,2217506000,2217506000,1000000,1000000,1000000,1000000,634506000,634506000,1000000,1000000,1580000000,1580000000,1581000000,1581000000,1583000000,1583000000,1000000,1000000,1000000,1000000,0,0,1000000,1000000,1580000000,1580000000,1581000000,1581000000,1000010,13000030,1000000,1000000,10,12000030
172,2285506000,2285506000,1000000,1000000,20000000,20000000,634506000,634506000,20000000,20000000,1610000000,1610000000,1630000000,1630000000,1651000000,1651000000,1000000,1000000,20000000,20000000,0,0,20000000,20000000,1610000000,1610000000,1630000000,1630000000,1000010,28000040,1000000,1000000,10,27000040
202,2735506000,2735506000,1000000,1000000,20000000,20000000,634506000,634506000,20000000,20000000,2060000000,2060000000,2080000000,2080000000,2101000000,2101000000,1000000,1000000,20000000,20000000,0,0,20000000,20000000,2060000000,2060000000,2080000000,2080000000,1000010,52000030,1000000,1000000,10,51000030
232,1233506000,1233506000,1000000,1000000,19000000,19000000,634506000,634506000,19000000,19000000,560000000,560000000,579000000,579000000,599000000,599000000,1000000,1000000,19000000,19000000,0,0,19000000,19000000,560000000,560000000,579000000,579000000,1000010,23000010,1000000,1000000,10,22000010
262,1601506000,1601506000,1000000,1000000,8000000,8000000,634506000,634506000,8000000,8000000,950000000,950000000,958000000,958000000,967000000,967000000,1000000,1000000,8000000,8000000,0,0,8000000,8000000,950000000,950000000,958000000,958000000,1000010,74000040,1000000,1000000,10,73000040
292,1852506000,1853506000,1000000,1000000,8000000,9000000,634506000,634506000,9000000,9000000,1200000000,1200000000,1209000000,1209000000,1218000000,1219000000,1000000,1000000,8000000,9000000,0,0,9000000,9000000,1200000000,1200000000,1209000000,1209000000,1000010,74000040,1000000,1000000,10,73000040
322,3572506000,3573506000,1000000,1000000,8000000,9000000,634506000,634506000,9000000,9000000,2920000000,2920000000,2929000000,2929000000,2938000000,2939000000,1000000,1000000,8000000,9000000,0,0,9000000,9000000,2920000000,2920000000,2929000000,2929000000,1000010,34000020,1000000,1000000,10,33000020
352,849506000,851506000,1000000,1000000,6000000,8000000,634506000,634506000,8000000,8000000,200000000,200000000,208000000,208000000,215000000,217000000,1000000,1000000,6000000,8000000,0,0,8000000,8000000,200000000,200000000,208000000,208000000,1000010,3000020,1000000,1000000,10,2000020
382,2197506000,2201506000,1000000,1000000,9000000,13000000,634506000,634506000,13000000,13000000,1540000000,1540000000,1553000000,1553000000,1563000000,1567000000,1000000,1000000,9000000,13000000,0,0,13000000,13000000,1540000000,1540000000,1553000000,1553000000,1000010,21000040,1000000,1000000,10,20000040
412,3750506000,3751506000,1000000,1000000,12000000,13000000,634506000,634506000,13000000,13000000,3090000000,3090000000,3103000000,3103000000,3116000000,3117000000,1000000,1000000,12000000,13000000,0,0,13000000,13000000,3090000000,3090000000,3103000000,3103000000,1000010,3000010,1000000,1000000,10,2000010
442,2467506000,2467506000,1000000,1000000,11000000,11000000,634506000,634506000,11000000,11000000,1810000000,1810000000,1821000000,1821000000,1833000000,1833000000,1000000,1000000,11000000,11000000,0,0,11000000,11000000,1810000000,1810000000,1821000000,1821000000,1000010,27000040,1000000,1000000,10,26000040
472,1447506000,1447506000,1000000,1000000,11000000,11000000,634506000,634506000,11000000,11000000,790000000,790000000,801000000,801000000,813000000,813000000,1000000,1000000,11000000,11000000,0,0,11000000,11000000,790000000,790000000,801000000,801000000,1000010,34000020,1000000,1000000,10,33000020
502,3570506000,3571506000,1000000,1000000,37000000,38000000,634506000,634506000,38000000,38000000,2860000000,2860000000,2898000000,2898000000,2936000000,2937000000,1000000,1000000,37000000,38000000,0,0,38000000,38000000,2860000000,2860000000,2898000000,2898000000,1000010,39000040,1000000,1000000,10,38000040
532,2041506000,2041506000,1000000,1000000,18000000,18000000,634506000,634506000,18000000,18000000,1370000000,1370000000,1388000000,1388000000,1407000000,1407000000,1000000,1000000,18000000,18000000,0,0,18000000,18000000,1370000000,1370000000,1388000000,1388000000,1000010,63000010,1000000,1000000,10,62000010
562,2024506000,2029506000,1000000,1000000,7000000,12000000,634506000,634506000,12000000,12000000,1370000000,1370000000,1382000000,1382000000,1390000000,1395000000,1000000,1000000,7000000,12000000,0,0,12000000,12000000,1370000000,1370000000,1382000000,1382000000,1000010,24000030,1000000,1000000,10,23000030
592,3200506000,3201506000,1000000,1000000,7000000,8000000,634506000,634506000,8000000,8000000,2550000000,2550000000,2558000000,2558000000,2566000000,2567000000,1000000,1000000,7000000,8000000,0,0,8000000,8000000,2550000000,2550000000,2558000000,2558000000,1000010,27000040,1000000,1000000,10,26000040
622,1834506000,1835506000,1000000,1000000,9000000,10000000,634506000,634506000,10000000,10000000,1180000000,1180000000,1190000000,1190000000,1200000000,1201000000,1000000,1000000,9000000,10000000,0,0,10000000,10000000,1180000000,1180000000,1190000000,1190000000,1000010,44000030,1000000,1000000,10,43000030
652,1725506000,1725506000,1000000,1000000,10000000,10000000,634506000,634506000,10000000,10000000,1070000000,1070000000,1080000000,1080000000,1091000000,1091000000,1000000,1000000,10000000,10000000,0,0,10000000,10000000,1070000000,1070000000,1080000000,1080000000,1000010,43000020,1000000,1000000,10,42000020
682,2056506000,2057506000,1000000,1000000,5000000,6000000,634506000,634506000,6000000,6000000,1410000000,1410000000,1416000000,1416000000,1422000000,1423000000,1000000,1000000,5000000,6000000,0,0,6000000,6000000,1410000000,1410000000,1416000000,1416000000,1000010,83000040,1000000,1000000,10,82000040
712,2390506000,2391506000,1000000,1000000,17000000,18000000,634506000,634506000,18000000,18000000,1720000000,1720000000,1738000000,1738000000,1756000000,1757000000,1000000,1000000,17000000,18000000,0,0,18000000,18000000,1720000000,1720000000,1738000000,1738000000,1000010,22000010,1000000,1000000,10,21000010
742,2516506000,2517506000,1000000,1000000,5000000,6000000,634506000,634506000,6000000,6000000,1870000000,1870000000,1876000000,1876000000,1882000000,1883000000,1000000,1000000,5000000,6000000,0,0,6000000,6000000,1870000000,1870000000,1876000000,1876000000,1000010,83000040,1000000,1000000,10,82000040
772,1917506000,1917506000,1000000,1000000,1000000,1000000,634506000,634506000,1000000,1000000,1280000000,1280000000,1281000000,1281000000,1283000000,1283000000,1000000,1000000,1000000,1000000,0,0,1000000,1000000,1280000000,1280000000,1281000000,1281000000,1000010,19000020,1000000,1000000,10,18000020
802,2918506000,2919506000,1000000,1000000,1000000,2000000,634506000,634506000,2000000,2000000,2280000000,2280000000,2282000000,2282000000,2284000000,2285000000,1000000,1000000,1000000,2000000,0,0,2000000,2000000,2280000000,2280000000,2282000000,2282000000,1000010,59000030,1000000,1000000,10,58000030
832,2045506000,2045506000,1000000,1000000,10000000,10000000,634506000,634506000,10000000,10000000,1390000000,1390000000,1400000000,1400000000,1411000000,1411000000,1000000,1000000,10000000,10000000,0,0,10000000,10000000,1390000000,1390000000,1400000000,1400000000,1000010,26000030,1000000,1000000,10,25000030
862,1567506000,1567506000,1000000,1000000,11000000,11000000,634506000,634506000,11000000,11000000,910000000,910000000,921000000,921000000,933000000,933000000,1000000,1000000,11000000,11000000,0,0,11000000,11000000,910000000,910000000,921000000,921000000,1000010,12000020,1000000,1000000,10,11000020
892,2990506000,2991506000,1000000,1000000,7000000,8000000,634506000,634506000,8000000,8000000,2340000000,2340000000,2348000000,2348000000,2356000000,2357000000,1000000,1000000,7000000,8000000,0,0,8000000,8000000,2340000000,2340000000,2348000000,2348000000,1000010,8000010,1000000,1000000,10,7000010
922,2631506000,2632506000,1000000,1000000,18000000,19000000,634506000,634506000,18000000,18000000,1960000000,1960000000,1978000000,1978000000,1997000000,1998000000,1000000,1000000,18000000,19000000,0,0,18000000,18000000,1960000000,1960000000,1978000000,1978000000,1000010,63000010,1000000,1000000,10,62000010
952,2432506000,2433506000,1000000,1000000,73000000,74000000,634506000,634506000,74000000,74000000,1650000000,1650000000,1724000000,1724000000,1798000000,1799000000,1000000,1000000,73000000,74000000,0,0,74000000,74000000,1650000000,1650000000,1724000000,1724000000,1000010,121000030,1000000,1000000,10,120000030
982,652506000,1288012000,1000000,1000000,17000000,18000000,634506000,1269012000,0,0,0,0,0,0,18000000,19000000,1000000,1000000,17000000,18000000,0,0,0,0,0,0,0,0,1000010,1000000,1000000,1000000,10,0
1012,3320506000,9675566000,1000000,1000000,1000000,11000000,634506000,6979566000,4000000,4000000,2680000000,2680000000,2684000000,2684000000,2686000000,2696000000,1000000,1000000,1000000,11000000,0,0,4000000,4000000,2680000000,2680000000,2684000000,2684000000,1000010,74000040,1000000,1000000,10,73000040
1042,4074506000,15506614000,1000000,1000000,1000000,12000000,634506000,12055614000,8000000,8000000,3430000000,3430000000,3438000000,3438000000,3440000000,3451000000,1000000,1000000,1000000,12000000,0,0,8000000,8000000,3430000000,3430000000,3438000000,3438000000,1000010,20000040,1000000,1000000,10,19000040
1072,1332506000,4516036000,1000000,1000000,8000000,19000000,634506000,3807036000,19000000,19000000,670000000,670000000,689000000,689000000,698000000,709000000,1000000,1000000,8000000,19000000,0,0,19000000,19000000,670000000,670000000,689000000,689000000,1000010,1000000,1000000,1000000,10,0
1102,916506000,4090036000,1000000,1000000,0,1000000,634506000,3807036000,1000000,1000000,280000000,280000000,281000000,281000000,282000000,283000000,1000000,1000000,0,1000000,0,0,1000000,1000000,280000000,280000000,281000000,281000000,1000010,1000000,1000000,1000000,10,0
1132,998506000,2274518000,1000000,1000000,1000000,8000000,634506000,1903518000,2000000,2000000,360000000,360000000,362000000,362000000,364000000,371000000,1000000,1000000,1000000,8000000,0,0,2000000,2000000,360000000,360000000,362000000,362000000,1000010,2000010,1000000,1000000,10,1000010
1162,644506000,1925518000,1000000,1000000,9000000,21000000,634506000,1903518000,0,0,0,0,0,0,10000000,22000000,1000000,1000000,9000000,21000000,0,0,0,0,0,0,0,0,1000010,1000000,1000000,1000000,10,0
1192,1156506000,4333036000,1000000,1000000,5000000,9000000,634506000,3807036000,6000000,6000000,510000000,510000000,516000000,516000000,522000000,526000000,1000000,1000000,5000000,9000000,0,0,6000000,6000000,510000000,510000000,516000000,516000000,1000010,1000000,1000000,1000000,10,0
1222,1371506000,2694518000,1000000,1000000,19000000,73000000,634506000,1903518000,57000000,57000000,660000000,660000000,717000000,717000000,737000000,791000000,1000000,1000000,19000000,73000000,0,0,57000000,57000000,660000000,660000000,717000000,717000000,1000010,1000000,1000000,1000000,10,0
1252,646506000,648506000,1000000,1000000,11000000,13000000,634506000,634506000,0,0,0,0,0,0,12000000,14000000,1000000,1000000,11000000,13000000,0,0,0,0,0,0,0,0,1000010,1000000,1000000,1000000,10,0
1282,1539506000,2874518000,1000000,1000000,19000000,85000000,634506000,1903518000,85000000,85000000,800000000,800000000,885000000,885000000,905000000,971000000,1000000,1000000,19000000,85000000,0,0,85000000,85000000,800000000,800000000,885000000,885000000,1000010,63000010,1000000,1000000,10,62000010
23,3724506000,3725506000,1000000,1000000,19000000,20000000,634506000,634506000,20000000,20000000,3050000000,3050000000,3070000000,3070000000,3090000000,3091000000,1000000,1000000,19000000,20000000,0,0,20000000,20000000,3050000000,3050000000,3070000000,3070000000,1000010,23000010,1000000,1000000,10,22000010
53,1995506000,1995506000,1000000,1000000,10000000,10000000,634506000,634506000,10000000,10000000,1340000000,1340000000,1350000000,1350000000,1361000000,1361000000,1000000,1000000,10000000,10000000,0,0,10000000,10000000,1340000000,1340000000,1350000000,1350000000,1000010,26000040,1000000,1000000,10,25000040
83,1784506000,1785506000,1000000,1000000,19000000,20000000,634506000,634506000,20000000,20000000,1110000000,1110000000,1130000000,1130000000,1150000000,1151000000,1000000,1000000,19000000,20000000,0,0,20000000,20000000,1110000000,1110000000,1130000000,1130000000,1000010,24000020,1000000,1000000,10,23000020
113,1751506000,1751506000,1000000,1000000,18000000,18000000,634506000,634506000,18000000,18000000,1080000000,1080000000,1098000000,1098000000,1117000000,1117000000,1000000,1000000,18000000,18000000,0,0,18000000,18000000,1080000000,1080000000,1098000000,1098000000,1000010,25000030,1000000,1000000,10,24000030
143,2393506000,2395506000,1000000,1000000,8000000,10000000,634506000,634506000,10000000,10000000,1740000000,1740000000,1750000000,1750000000,1759000000,1761000000,1000000,1000000,8000000,10000000,0,0,10000000,10000000,1740000000,1740000000,1750000000,1750000000,1000010,87000040,1000000,1000000,10,86000040
173,2275506000,2275506000,1000000,1000000,20000000,20000000,634506000,634506000,20000000,20000000,1600000000,1600000000,1620000000,1620000000,1641000000,1641000000,1000000,1000000,20000000,20000000,0,0,20000000,20000000,1600000000,1600000000,1620000000,1620000000,1000010,28000040,1000000,1000000,10,27000040
203,2735506000,2735506000,1000000,1000000,20000000,20000000,634506000,634506000,20000000,20000000,2060000000,2060000000,2080000000,2080000000,2101000000,2101000000,1000000,1000000,20000000,20000000,0,0,20000000,20000000,2060000000,2060000000,2080000000,2080000000,1000010,52000030,1000000,1000000,10,51000030
233,2874506000,2875506000,1000000,1000000,19000000,20000000,634506000,634506000,20000000,20000000,2200000000,2200000000,2220000000,2220000000,2240000000,2241000000,1000000,1000000,19000000,20000000,0,0,20000000,20000000,2200000000,2200000000,2220000000,2220000000,1000010,23000010,1000000,1000000,10,22000010
263,2322506000,2323506000,1000000,1000000,8000000,9000000,634506000,634506000,9000000,9000000,1670000000,1670000000,1679000000,1679000000,1688000000,1689000000,1000000,1000000,8000000,9000000,0,0,9000000,9000000,1670000000,1670000000,1679000000,1679000000,1000010,17000040,1000000,1000000,10,16000040
293,1937506000,1940506000,1000000,1000000,6000000,9000000,634506000,634506000,6000000,6000000,1290000000,1290000000,1296000000,1296000000,1303000000,1306000000,1000000,1000000,6000000,9000000,0,0,6000000,6000000,1290000000,1290000000,1296000000,1296000000,1000010,18000030,1000000,1000000,10,17000030
323,3052506000,3053506000,1000000,1000000,8000000,9000000,634506000,634506000,9000000,9000000,2400000000,2400000000,2409000000,2409000000,2418000000,2419000000,1000000,1000000,8000000,9000000,0,0,9000000,9000000,2400000000,2400000000,2409000000,2409000000,1000010,34000020,1000000,1000000,10,33000020
353,681506000,682506000,1000000,1000000,8000000,9000000,634506000,634506000,8000000,8000000,30000000,30000000,38000000,38000000,47000000,48000000,1000000,1000000,8000000,9000000,0,0,8000000,8000000,30000000,30000000,38000000,38000000,1000010,2000010,1000000,1000000,10,1000010
383,1793506000,1793506000,1000000,1000000,9000000,9000000,634506000,634506000,9000000,9000000,1140000000,1140000000,1149000000,1149000000,1159000000,1159000000,1000000,1000000,9000000,9000000,0,0,9000000,9000000,1140000000,1140000000,1149000000,1149000000,1000010,17000030,1000000,1000000,10,16000030
413,3750506000,3751506000,1000000,1000000,12000000,13000000,634506000,634506000,13000000,13000000,3090000000,3090000000,3103000000,3103000000,3116000000,3117000000,1000000,1000000,12000000,13000000,0,0,13000000,13000000,3090000000,3090000000,3103000000,3103000000,1000010,3000010,1000000,1000000,10,2000010
443,2467506000,2467506000,1000000,1000000,11000000,11000000,634506000,634506000,11000000,11000000,1810000000,1810000000,1821000000,1821000000,1833000000,1833000000,1000000,1000000,11000000,11000000,0,0,11000000,11000000,1810000000,1810000000,1821000000,1821000000,1000010,27000040,1000000,1000000,10,26000040
473,1597506000,1597506000,1000000,1000000,11000000,11000000,634506000,634506000,11000000,11000000,940000000,940000000,951000000,951000000,963000000,963000000,1000000,1000000,11000000,11000000,0,0,11000000,11000000,940000000,940000000,951000000,951000000,1000010,34000020,1000000,1000000,10,33000020
503,673506000,677506000,1000000,1000000,38000000,42000000,634506000,634506000,0,0,0,0,0,0,39000000,43000000,1000000,1000000,38000000,42000000,0,0,0,0,0,0,0,0,1000010,1000000,1000000,1000000,10,0
533,2041506000,2041506000,1000000,1000000,18000000,18000000,634506000,634506000,18000000,18000000,1370000000,1370000000,1388000000,1388000000,1407000000,1407000000,1000000,1000000,18000000,18000000,0,0,18000000,18000000,1370000000,1370000000,1388000000,1388000000,1000010,63000010,1000000,1000000,10,62000010
563,2131506000,2131506000,1000000,1000000,18000000,18000000,634506000,634506000,18000000,18000000,1460000000,1460000000,1478000000,1478000000,1497000000,1497000000,1000000,1000000,18000000,18000000,0,0,18000000,18000000,1460000000,1460000000,1478000000,1478000000,1000010,41000010,1000000,1000000,10,40000010
593,3400506000,3401506000,1000000,1000000,7000000,8000000,634506000,634506000,8000000,8000000,2750000000,2750000000,2758000000,2758000000,2766000000,2767000000,1000000,1000000,7000000,8000000,0,0,8000000,8000000,2750000000,2750000000,2758000000,2758000000,1000010,27000040,1000000,1000000,10,26000040
623,1959506000,1961506000,1000000,1000000,7000000,9000000,634506000,634506000,7000000,7000000,1310000000,1310000000,1317000000,1317000000,1325000000,1327000000,1000000,1000000,7000000,9000000,0,0,7000000,7000000,1310000000,1310000000,1317000000,1317000000,1000010,84000020,1000000,1000000,10,83000020
653,2505506000,2505506000,1000000,1000000,10000000,10000000,634506000,634506000,10000000,10000000,1850000000,1850000000,1860000000,1860000000,1871000000,1871000000,1000000,1000000,10000000,10000000,0,0,10000000,10000000,1850000000,1850000000,1860000000,1860000000,1000010,43000020,1000000,1000000,10,42000020
683,1357506000,1357506000,1000000,1000000,6000000,6000000,634506000,634506000,6000000,6000000,710000000,710000000,716000000,716000000,723000000,723000000,1000000,1000000,6000000,6000000,0,0,6000000,6000000,710000000,710000000,716000000,716000000,1000010,11000010,1000000,1000000,10,10000010
713,2390506000,2391506000,1000000,1000000,17000000,18000000,634506000,634506000,18000000,18000000,1720000000,1720000000,1738000000,1738000000,1756000000,1757000000,1000000,1000000,17000000,18000000,0,0,18000000,18000000,1720000000,1720000000,1738000000,1738000000,1000010,22000010,1000000,1000000,10,21000010
743,640506000,642506000,1000000,1000000,5000000,7000000,634506000,634506000,0,0,0,0,0,0,6000000,8000000,1000000,1000000,5000000,7000000,0,0,0,0,0,0,0,0,1000010,1000000,1000000,1000000,10,0
773,2706506000,2707506000,1000000,1000000,0,1000000,634506000,634506000,1000000,1000000,2070000000,2070000000,2071000000,2071000000,2072000000,2073000000,1000000,1000000,0,1000000,0,0,1000000,1000000,2070000000,2070000000,2071000000,2071000000,1000010,82000030,1000000,1000000,10,81000030
803,1987506000,1987506000,1000000,1000000,1000000,1000000,634506000,634506000,1000000,1000000,1350000000,1350000000,1351000000,1351000000,1353000000,1353000000,1000000,1000000,1000000,1000000,0,0,1000000,1000000,1350000000,1350000000,1351000000,1351000000,1000010,19000020,1000000,1000000,10,18000020
833,1337506000,1351506000,1000000,1000000,4000000,18000000,634506000,634506000,18000000,18000000,680000000,680000000,698000000,698000000,703000000,717000000,1000000,1000000,4000000,18000000,0,0,18000000,18000000,680000000,680000000,698000000,698000000,1000010,70000030,1000000,1000000,10,69000030
863,1614506000,1617506000,1000000,1000000,8000000,11000000,634506000,634506000,11000000,11000000,960000000,960000000,971000000,971000000,980000000,983000000,1000000,1000000,8000000,11000000,0,0,11000000,11000000,960000000,960000000,971000000,971000000,1000010,27000040,1000000,1000000,10,26000040
893,671506000,671506000,1000000,1000000,8000000,8000000,634506000,634506000,8000000,8000000,20000000,20000000,28000000,28000000,37000000,37000000,1000000,1000000,8000000,8000000,0,0,8000000,8000000,20000000,20000000,28000000,28000000,1000010,2000010,1000000,1000000,10,1000010
923,2631506000,2632506000,1000000,1000000,18000000,19000000,634506000,634506000,18000000,18000000,1960000000,1960000000,1978000000,1978000000,1997000000,1998000000,1000000,1000000,18000000,19000000,0,0,18000000,18000000,1960000000,1960000000,1978000000,1978000000,1000010,63000010,1000000,1000000,10,62000010
953,776506000,791506000,1000000,1000000,58000000,73000000,634506000,634506000,73000000,73000000,10000000,10000000,83000000,83000000,142000000,157000000,1000000,1000000,58000000,73000000,0,0,73000000,73000000,10000000,10000000,83000000,83000000,1000010,1000000,1000000,1000000,10,0
983,2070506000,4609530000,1000000,1000000,17000000,18000000,634506000,3172530000,18000000,18000000,1400000000,1400000000,1418000000,1418000000,1436000000,1437000000,1000000,1000000,17000000,18000000,0,0,18000000,18000000,1400000000,1400000000,1418000000,1418000000,1000010,24000030,1000000,1000000,10,23000030
1013,3541506000,6112530000,1000000,1000000,8000000,41000000,634506000,3172530000,38000000,38000000,2860000000,2860000000,2898000000,2898000000,2907000000,2940000000,1000000,1000000,8000000,41000000,0,0,38000000,38000000,2860000000,2860000000,2898000000,2898000000,1000010,12000030,1000000,1000000,10,11000030
1043,966506000,2236518000,1000000,1000000,10000000,11000000,634506000,1903518000,11000000,11000000,310000000,310000000,321000000,321000000,332000000,333000000,1000000,1000000,10000000,11000000,0,0,11000000,11000000,310000000,310000000,321000000,321000000,1000010,1000000,1000000,1000000,10,0
1073,714506000,3253530000,1000000,1000000,19000000,20000000,634506000,3172530000,20000000,20000000,40000000,40000000,60000000,60000000,80000000,81000000,1000000,1000000,19000000,20000000,0,0,20000000,20000000,40000000,40000000,60000000,60000000,1000010,1000000,1000000,1000000,10,0
1103,1491506000,5305542000,1000000,1000000,3000000,10000000,634506000,4441542000,3000000,3000000,850000000,850000000,853000000,853000000,857000000,864000000,1000000,1000000,3000000,10000000,0,0,3000000,3000000,850000000,850000000,853000000,853000000,1000010,18000030,1000000,1000000,10,17000030
1133,636506000,1272012000,1000000,1000000,1000000,2000000,634506000,1269012000,0,0,0,0,0,0,2000000,3000000,1000000,1000000,1000000,2000000,0,0,0,0,0,0,0,0,1000010,1000000,1000000,1000000,10,0
1163,644506000,1280012000,1000000,1000000,9000000,10000000,634506000,1269012000,0,0,0,0,0,0,10000000,11000000,1000000,1000000,9000000,10000000,0,0,0,0,0,0,0,0,1000010,1000000,1000000,1000000,10,0
1193,635506000,636506000,1000000,1000000,0,1000000,634506000,634506000,0,0,0,0,0,0,1000000,2000000,1000000,1000000,0,1000000,0,0,0,0,0,0,0,0,1000010,1000000,1000000,1000000,10,0
1223,2888506000,6064036000,1000000,1000000,10000000,13000000,634506000,3807036000,13000000,13000000,2230000000,2230000000,2243000000,2243000000,2254000000,2257000000,1000000,1000000,10000000,13000000,0,0,13000000,13000000,2230000000,2230000000,2243000000,2243000000,1000010,69000040,1000000,1000000,10,68000040
1253,3732506000,4372012000,1000000,1000000,41000000,46000000,634506000,1269012000,46000000,46000000,3010000000,3010000000,3056000000,3056000000,3098000000,3103000000,1000000,1000000,41000000,46000000,0,0,46000000,46000000,3010000000,3010000000,3056000000,3056000000,1000010,116000080,1000000,1000000,10,115000080
1283,692506000,1355012000,1000000,1000000,57000000,85000000,634506000,1269012000,0,0,0,0,0,0,58000000,86000000,1000000,1000000,57000000,85000000,0,0,0,0,0,0,0,0,1000010,1000000,1000000,1000000,10,0
24,3174506000,3175506000,1000000,1000000,19000000,20000000,634506000,634506000,20000000,20000000,2500000000,2500000000,2520000000,2520000000,2540000000,2541000000,1000000,1000000,19000000,20000000,0,0,20000000,20000000,2500000000,2500000000,2520000000,2520000000,1000010,52000030,1000000,1000000,10,51000030
54,2967506000,2969506000,1000000,1000000,10000000,12000000,634506000,634506000,12000000,12000000,2310000000,2310000000,2322000000,2322000000,2333000000,2335000000,1000000,1000000,10000000,12000000,0,0,12000000,12000000,2310000000,2310000000,2322000000,2322000000,1000010,69000040,1000000,1000000,10,68000040
84,3704506000,3705506000,1000000,1000000,19000000,20000000,634506000,634506000,20000000,20000000,3030000000,3030000000,3050000000,3050000000,3070000000,3071000000,1000000,1000000,19000000,20000000,0,0,20000000,20000000,3030000000,3030000000,3050000000,3050000000,1000010,23000010,1000000,1000000,10,22000010
114,2217506000,2217506000,1000000,1000000,1000000,1000000,634506000,634506000,1000000,1000000,1580000000,1580000000,1581000000,1581000000,1583000000,1583000000,1000000,1000000,1000000,1000000,0,0,1000000,1000000,1580000000,1580000000,1581000000,1581000000,1000010,13000030,1000000,1000000,10,12000030
144,3618506000,3651506000,1000000,1000000,10000000,43000000,634506000,634506000,43000000,43000000,2930000000,2930000000,2973000000,2973000000,2984000000,3017000000,1000000,1000000,10000000,43000000,0,0,43000000,43000000,2930000000,2930000000,2973000000,2973000000,1000010,89000050,1000000,1000000,10,88000050
174,2275506000,2275506000,1000000,1000000,20000000,20000000,634506000,634506000,20000000,20000000,1600000000,1600000000,1620000000,1620000000,1641000000,1641000000,1000000,1000000,20000000,20000000,0,0,20000000,20000000,1600000000,1600000000,1620000000,1620000000,1000010,28000040,1000000,1000000,10,27000040
204,2735506000,2735506000,1000000,1000000,20000000,20000000,634506000,634506000,20000000,20000000,2060000000,2060000000,2080000000,2080000000,2101000000,2101000000,1000000,1000000,20000000,20000000,0,0,20000000,20000000,2060000000,2060000000,2080000000,2080000000,1000010,52000030,1000000,1000000,10,51000030
234,2574506000,2575506000,1000000,1000000,19000000,20000000,634506000,634506000,20000000,20000000,1900000000,1900000000,1920000000,1920000000,1940000000,1941000000,1000000,1000000,19000000,20000000,0,0,20000000,20000000,1900000000,1900000000,1920000000,1920000000,1000010,23000010,1000000,1000000,10,22000010
264,2322506000,2323506000,1000000,1000000,8000000,9000000,634506000,634506000,9000000,9000000,1670000000,1670000000,1679000000,1679000000,1688000000,1689000000,1000000,1000000,8000000,9000000,0,0,9000000,9000000,1670000000,1670000000,1679000000,1679000000,1000010,17000040,1000000,1000000,10,16000040
294,2373506000,2373506000,1000000,1000000,9000000,9000000,634506000,634506000,9000000,9000000,1720000000,1720000000,1729000000,1729000000,1739000000,1739000000,1000000,1000000,9000000,9000000,0,0,9000000,9000000,1720000000,1720000000,1729000000,1729000000,1000010,17000040,1000000,1000000,10,16000040
324,3002506000,3003506000,1000000,1000000,8000000,9000000,634506000,634506000,9000000,9000000,2350000000,2350000000,2359000000,2359000000,2368000000,2369000000,1000000,1000000,8000000,9000000,0,0,9000000,9000000,2350000000,2350000000,2359000000,2359000000,1000010,34000020,1000000,1000000,10,33000020
354,681506000,682506000,1000000,1000000,8000000,9000000,634506000,634506000,8000000,8000000,30000000,30000000,38000000,38000000,47000000,48000000,1000000,1000000,8000000,9000000,0,0,8000000,8000000,30000000,30000000,38000000,38000000,1000010,2000010,1000000,1000000,10,1000010
384,2043506000,2043506000,1000000,1000000,9000000,9000000,634506000,634506000,9000000,9000000,1390000000,1390000000,1399000000,1399000000,1409000000,1409000000,1000000,1000000,9000000,9000000,0,0,9000000,9000000,1390000000,1390000000,1399000000,1399000000,1000010,17000030,1000000,1000000,10,16000030
414,2421506000,2421506000,1000000,1000000,13000000,13000000,634506000,634506000,13000000,13000000,1760000000,1760000000,1773000000,1773000000,1787000000,1787000000,1000000,1000000,13000000,13000000,0,0,13000000,13000000,1760000000,1760000000,1773000000,1773000000,1000010,3000010,1000000,1000000,10,2000010
444,2467506000,2467506000,1000000,1000000,11000000,11000000,634506000,634506000,11000000,11000000,1810000000,1810000000,1821000000,1821000000,1833000000,1833000000,1000000,1000000,11000000,11000000,0,0,11000000,11000000,1810000000,1810000000,1821000000,1821000000,1000010,27000040,1000000,1000000,10,26000040
474,1898506000,1899506000,1000000,1000000,11000000,12000000,634506000,634506000,12000000,12000000,1240000000,1240000000,1252000000,1252000000,1264000000,1265000000,1000000,1000000,11000000,12000000,0,0,12000000,12000000,1240000000,1240000000,1252000000,1252000000,1000010,34000020,1000000,1000000,10,33000020
504,3632506000,3635506000,1000000,1000000,37000000,40000000,634506000,634506000,40000000,40000000,2920000000,2920000000,2960000000,2960000000,2998000000,3001000000,1000000,1000000,37000000,40000000,0,0,40000000,40000000,2920000000,2920000000,2960000000,2960000000,1000010,39000040,1000000,1000000,10,38000040
534,2041506000,2041506000,1000000,1000000,18000000,18000000,634506000,634506000,18000000,18000000,1370000000,1370000000,1388000000,1388000000,1407000000,1407000000,1000000,1000000,18000000,18000000,0,0,18000000,18000000,1370000000,1370000000,1388000000,1388000000,1000010,63000010,1000000,1000000,10,62000010
564,1963506000,1971506000,1000000,1000000,10000000,18000000,634506000,634506000,18000000,18000000,1300000000,1300000000,1318000000,1318000000,1329000000,1337000000,1000000,1000000,10000000,18000000,0,0,18000000,18000000,1300000000,1300000000,1318000000,1318000000,1000010,41000010,1000000,1000000,10,40000010
594,1369506000,1369506000,1000000,1000000,7000000,7000000,634506000,634506000,7000000,7000000,720000000,720000000,727000000,727000000,735000000,735000000,1000000,1000000,7000000,7000000,0,0,7000000,7000000,720000000,720000000,727000000,727000000,1000010,9000020,1000000,1000000,10,8000020
624,1494506000,1495506000,1000000,1000000,9000000,10000000,634506000,634506000,10000000,10000000,840000000,840000000,850000000,850000000,860000000,861000000,1000000,1000000,9000000,10000000,0,0,10000000,10000000,840000000,840000000,850000000,850000000,1000010,25000030,1000000,1000000,10,24000030
654,1762506000,1769506000,1000000,1000000,10000000,17000000,634506000,634506000,17000000,17000000,1100000000,1100000000,1117000000,1117000000,1128000000,1135000000,1000000,1000000,10000000,17000000,0,0,17000000,17000000,1100000000,1100000000,1117000000,1117000000,1000010,6000030,1000000,1000000,10,5000030
684,641506000,647506000,1000000,1000000,6000000,12000000,634506000,634506000,0,0,0,0,0,0,7000000,13000000,1000000,1000000,6000000,12000000,0,0,0,0,0,0,0,0,1000010,1000000,1000000,1000000,10,0
714,2390506000,2391506000,1000000,1000000,17000000,18000000,634506000,634506000,18000000,18000000,1720000000,1720000000,1738000000,1738000000,1756000000,1757000000,1000000,1000000,17000000,18000000,0,0,18000000,18000000,1720000000,1720000000,1738000000,1738000000,1000010,22000010,1000000,1000000,10,21000010
744,1996506000,1997506000,1000000,1000000,5000000,6000000,634506000,634506000,6000000,6000000,1350000000,1350000000,1356000000,1356000000,1362000000,1363000000,1000000,1000000,5000000,6000000,0,0,6000000,6000000,1350000000,1350000000,1356000000,1356000000,1000010,83000040,1000000,1000000,10,82000040
774,1687506000,1687506000,1000000,1000000,1000000,1000000,634506000,634506000,1000000,1000000,1050000000,1050000000,1051000000,1051000000,1053000000,1053000000,1000000,1000000,1000000,1000000,0,0,1000000,1000000,1050000000,1050000000,1051000000,1051000000,1000010,82000040,1000000,1000000,10,81000040
804,1987506000,1987506000,1000000,1000000,1000000,1000000,634506000,634506000,1000000,1000000,1350000000,1350000000,1351000000,1351000000,1353000000,1353000000,1000000,1000000,1000000,1000000,0,0,1000000,1000000,1350000000,1350000000,1351000000,1351000000,1000010,19000020,1000000,1000000,10,18000020
834,1305506000,1309506000,1000000,1000000,8000000,12000000,634506000,634506000,12000000,12000000,650000000,650000000,662000000,662000000,671000000,675000000,1000000,1000000,8000000,12000000,0,0,12000000,12000000,650000000,650000000,662000000,662000000,1000010,11000030,1000000,1000000,10,10000030
864,646506000,648506000,1000000,1000000,11000000,13000000,634506000,634506000,0,0,0,0,0,0,12000000,14000000,1000000,1000000,11000000,13000000,0,0,0,0,0,0,0,0,1000010,1000000,1000000,1000000,10,0
894,2221506000,2221506000,1000000,1000000,8000000,8000000,634506000,634506000,8000000,8000000,1570000000,1570000000,1578000000,1578000000,1587000000,1587000000,1000000,1000000,8000000,8000000,0,0,8000000,8000000,1570000000,1570000000,1578000000,1578000000,1000010,7000030,1000000,1000000,10,6000030
924,2631506000,2632506000,1000000,1000000,18000000,19000000,634506000,634506000,18000000,18000000,1960000000,1960000000,1978000000,1978000000,1997000000,1998000000,1000000,1000000,18000000,19000000,0,0,18000000,18000000,1960000000,1960000000,1978000000,1978000000,1000010,63000010,1000000,1000000,10,62000010
954,2899506000,2901506000,1000000,1000000,11000000,13000000,634506000,634506000,13000000,13000000,2240000000,2240000000,2253000000,2253000000,2265000000,2267000000,1000000,1000000,11000000,13000000,0,0,13000000,13000000,2240000000,2240000000,2253000000,2253000000,1000010,70000050,1000000,1000000,10,69000050
984,3767506000,22185180000,1000000,1000000,0,17000000,634506000,19035180000,2000000,2000000,3130000000,3130000000,3132000000,3132000000,3133000000,3150000000,1000000,1000000,0,17000000,0,0,2000000,2000000,3130000000,3130000000,3132000000,3132000000,1000010,68000020,1000000,1000000,10,67000020
1014,6793506000,9973036000,1000000,1000000,37000000,44000000,634506000,3807036000,41000000,41000000,6080000000,6080000000,6121000000,6121000000,6159000000,6166000000,1000000,1000000,37000000,44000000,0,0,41000000,41000000,6080000000,6080000000,6121000000,6121000000,1000010,112000060,1000000,1000000,10,111000060
1044,644506000,646506000,1000000,1000000,9000000,11000000,634506000,634506000,0,0,0,0,0,0,10000000,12000000,1000000,1000000,9000000,11000000,0,0,0,0,0,0,0,0,1000010,1000000,1000000,1000000,10,0
1074,2313506000,6132542000,1000000,1000000,8000000,20000000,634506000,4441542000,20000000,20000000,1650000000,1650000000,1670000000,1670000000,1679000000,1691000000,1000000,1000000,8000000,20000000,0,0,20000000,20000000,1650000000,1650000000,1670000000,1670000000,1000010,1000000,1000000,1000000,10,0
1104,638506000,1274012000,1000000,1000000,3000000,4000000,634506000,1269012000,0,0,0,0,0,0,4000000,5000000,1000000,1000000,3000000,4000000,0,0,0,0,0,0,0,0,1000010,1000000,1000000,1000000,10,0
1134,636506000,1272012000,1000000,1000000,1000000,2000000,634506000,1269012000,0,0,0,0,0,0,2000000,3000000,1000000,1000000,1000000,2000000,0,0,0,0,0,0,0,0,1000010,1000000,1000000,1000000,10,0
1164,671506000,3210530000,1000000,1000000,8000000,9000000,634506000,3172530000,8000000,8000000,20000000,20000000,28000000,28000000,37000000,38000000,1000000,1000000,8000000,9000000,0,0,8000000,8000000,20000000,20000000,28000000,28000000,1000010,1000000,1000000,1000000,10,0
1194,643506000,1279012000,1000000,1000000,8000000,9000000,634506000,1269012000,0,0,0,0,0,0,9000000,10000000,1000000,1000000,8000000,9000000,0,0,0,0,0,0,0,0,1000010,1000000,1000000,1000000,10,0
1224,966506000,2236518000,1000000,1000000,10000000,11000000,634506000,1903518000,11000000,11000000,310000000,310000000,321000000,321000000,332000000,333000000,1000000,1000000,10000000,11000000,0,0,11000000,11000000,310000000,310000000,321000000,321000000,1000010,1000000,1000000,1000000,10,0
1254,3734506000,4374012000,1000000,1000000,42000000,47000000,634506000,1269012000,47000000,47000000,3010000000,3010000000,3057000000,3057000000,3100000000,3105000000,1000000,1000000,42000000,47000000,0,0,47000000,47000000,3010000000,3010000000,3057000000,3057000000,1000010,117000090,1000000,1000000,10,116000090
1284,642506000,1278012000,1000000,1000000,7000000,8000000,634506000,1269012000,0,0,0,0,0,0,8000000,9000000,1000000,1000000,7000000,8000000,0,0,0,0,0,0,0,0,1000010,1000000,1000000,1000000,10,0
25,2772506000,2783506000,1000000,1000000,8000000,19000000,634506000,634506000,19000000,19000000,2110000000,2110000000,2129000000,2129000000,2138000000,2149000000,1000000,1000000,8000000,19000000,0,0,19000000,19000000,2110000000,2110000000,2129000000,2129000000,1000010,23000010,1000000,1000000,10,22000010
55,3066506000,3067506000,1000000,1000000,10000000,11000000,634506000,634506000,11000000,11000000,2410000000,2410000000,2421000000,2421000000,2432000000,2433000000,1000000,1000000,10000000,11000000,0,0,11000000,11000000,2410000000,2410000000,2421000000,2421000000,1000010,69000040,1000000,1000000,10,68000040
85,3704506000,3705506000,1000000,1000000,19000000,20000000,634506000,634506000,20000000,20000000,3030000000,3030000000,3050000000,3050000000,3070000000,3071000000,1000000,1000000,19000000,20000000,0,0,20000000,20000000,3030000000,3030000000,3050000000,3050000000,1000010,23000010,1000000,1000000,10,22000010
115,2217506000,2217506000,1000000,1000000,1000000,1000000,634506000,634506000,1000000,1000000,1580000000,1580000000,1581000000,1581000000,1583000000,1583000000,1000000,1000000,1000000,1000000,0,0,1000000,1000000,1580000000,1580000000,1581000000,1581000000,1000010,13000030,1000000,1000000,10,12000030
145,1793506000,1794506000,1000000,1000000,9000000,10000000,634506000,634506000,9000000,9000000,1140000000,1140000000,1149000000,1149000000,1159000000,1160000000,1000000,1000000,9000000,10000000,0,0,9000000,9000000,1140000000,1140000000,1149000000,1149000000,1000010,41000050,1000000,1000000,10,40000050
175,2275506000,2275506000,1000000,1000000,20000000,20000000,634506000,634506000,20000000,20000000,1600000000,1600000000,1620000000,1620000000,1641000000,1641000000,1000000,1000000,20000000,20000000,0,0,20000000,20000000,1600000000,1600000000,1620000000,1620000000,1000010,28000040,1000000,1000000,10,27000040
205,2464506000,2465506000,1000000,1000000,19000000,20000000,634506000,634506000,20000000,20000000,1790000000,1790000000,1810000000,1810000000,1830000000,1831000000,1000000,1000000,19000000,20000000,0,0,20000000,20000000,1790000000,1790000000,1810000000,1810000000,1000010,24000020,1000000,1000000,10,23000020
235,2874506000,2875506000,1000000,1000000,19000000,20000000,634506000,634506000,20000000,20000000,2200000000,2200000000,2220000000,2220000000,2240000000,2241000000,1000000,1000000,19000000,20000000,0,0,20000000,20000000,2200000000,2200000000,2220000000,2220000000,1000010,23000010,1000000,1000000,10,22000010
265,2322506000,2323506000,1000000,1000000,8000000,9000000,634506000,634506000,9000000,9000000,1670000000,1670000000,1679000000,1679000000,1688000000,1689000000,1000000,1000000,8000000,9000000,0,0,9000000,9000000,1670000000,1670000000,1679000000,1679000000,1000010,17000040,1000000,1000000,10,16000040
295,2146506000,2149506000,1000000,1000000,9000000,12000000,634506000,634506000,12000000,12000000,1490000000,1490000000,1502000000,1502000000,1512000000,1515000000,1000000,1000000,9000000,12000000,0,0,12000000,12000000,1490000000,1490000000,1502000000,1502000000,1000010,20000020,1000000,1000000,10,19000020
325,3142506000,3143506000,1000000,1000000,8000000,9000000,634506000,634506000,9000000,9000000,2490000000,2490000000,2499000000,2499000000,2508000000,2509000000,1000000,1000000,8000000,9000000,0,0,9000000,9000000,2490000000,2490000000,2499000000,2499000000,1000010,17000030,1000000,1000000,10,16000030
355,681506000,682506000,1000000,1000000,8000000,9000000,634506000,634506000,8000000,8000000,30000000,30000000,38000000,38000000,47000000,48000000,1000000,1000000,8000000,9000000,0,0,8000000,8000000,30000000,30000000,38000000,38000000,1000010,2000010,1000000,1000000,10,1000010
385,644506000,652506000,1000000,1000000,9000000,17000000,634506000,634506000,0,0,0,0,0,0,10000000,18000000,1000000,1000000,9000000,17000000,0,0,0,0,0,0,0,0,1000010,1000000,1000000,1000000,10,0
415,3750506000,3751506000,1000000,1000000,12000000,13000000,634506000,634506000,13000000,13000000,3090000000,3090000000,3103000000,3103000000,3116000000,3117000000,1000000,1000000,12000000,13000000,0,0,13000000,13000000,3090000000,3090000000,3103000000,3103000000,1000010,3000010,1000000,1000000,10,2000010
445,3730506000,3731506000,1000000,1000000,12000000,13000000,634506000,634506000,13000000,13000000,3070000000,3070000000,3083000000,3083000000,3096000000,3097000000,1000000,1000000,12000000,13000000,0,0,13000000,13000000,3070000000,3070000000,3083000000,3083000000,1000010,3000010,1000000,1000000,10,2000010
475,3352506000,3353506000,1000000,1000000,3000000,4000000,634506000,634506000,4000000,4000000,2710000000,2710000000,2714000000,2714000000,2718000000,2719000000,1000000,1000000,3000000,4000000,0,0,4000000,4000000,2710000000,2710000000,2714000000,2714000000,1000010,84000050,1000000,1000000,10,83000050
505,3776506000,3777506000,1000000,1000000,40000000,41000000,634506000,634506000,41000000,41000000,3060000000,3060000000,3101000000,3101000000,3142000000,3143000000,1000000,1000000,40000000,41000000,0,0,41000000,41000000,3060000000,3060000000,3101000000,3101000000,1000010,115000070,1000000,1000000,10,114000070
535,2041506000,2041506000,1000000,1000000,18000000,18000000,634506000,634506000,18000000,18000000,1370000000,1370000000,1388000000,1388000000,1407000000,1407000000,1000000,1000000,18000000,18000000,0,0,18000000,18000000,1370000000,1370000000,1388000000,1388000000,1000010,63000010,1000000,1000000,10,62000010
565,2131506000,2131506000,1000000,1000000,18000000,18000000,634506000,634506000,18000000,18000000,1460000000,1460000000,1478000000,1478000000,1497000000,1497000000,1000000,1000000,18000000,18000000,0,0,18000000,18000000,1460000000,1460000000,1478000000,1478000000,1000010,41000010,1000000,1000000,10,40000010
595,3400506000,3401506000,1000000,1000000,7000000,8000000,634506000,634506000,8000000,8000000,2750000000,2750000000,2758000000,2758000000,2766000000,2767000000,1000000,1000000,7000000,8000000,0,0,8000000,8000000,2750000000,2750000000,2758000000,2758000000,1000010,27000040,1000000,1000000,10,26000040
625,2974506000,2975506000,1000000,1000000,9000000,10000000,634506000,634506000,10000000,10000000,2320000000,2320000000,2330000000,2330000000,2340000000,2341000000,1000000,1000000,9000000,10000000,0,0,10000000,10000000,2320000000,2320000000,2330000000,2330000000,1000010,84000020,1000000,1000000,10,83000020
655,2643506000,2644506000,1000000,1000000,9000000,10000000,634506000,634506000,9000000,9000000,1990000000,1990000000,1999000000,1999000000,2009000000,2010000000,1000000,1000000,9000000,10000000,0,0,9000000,9000000,1990000000,1990000000,1999000000,1999000000,1000010,26000040,1000000,1000000,10,25000040
685,2506506000,2507506000,1000000,1000000,5000000,6000000,634506000,634506000,6000000,6000000,1860000000,1860000000,1866000000,1866000000,1872000000,1873000000,1000000,1000000,5000000,6000000,0,0,6000000,6000000,1860000000,1860000000,1866000000,1866000000,1000010,83000040,1000000,1000000,10,82000040
715,2390506000,2391506000,1000000,1000000,17000000,18000000,634506000,634506000,18000000,18000000,1720000000,1720000000,1738000000,1738000000,1756000000,1757000000,1000000,1000000,17000000,18000000,0,0,18000000,18000000,1720000000,1720000000,1738000000,1738000000,1000010,22000010,1000000,1000000,10,21000010
745,1096506000,1107506000,1000000,1000000,5000000,16000000,634506000,634506000,16000000,16000000,440000000,440000000,456000000,456000000,462000000,473000000,1000000,1000000,5000000,16000000,0,0,16000000,16000000,440000000,440000000,456000000,456000000,1000010,69000040,1000000,1000000,10,68000040
775,636506000,637506000,1000000,1000000,1000000,2000000,634506000,634506000,0,0,0,0,0,0,2000000,3000000,1000000,1000000,1000000,2000000,0,0,0,0,0,0,0,0,1000010,1000000,1000000,1000000,10,0
805,1987506000,1987506000,1000000,1000000,1000000,1000000,634506000,634506000,1000000,1000000,1350000000,1350000000,1351000000,1351000000,1353000000,1353000000,1000000,1000000,1000000,1000000,0,0,1000000,1000000,1350000000,1350000000,1351000000,1351000000,1000010,19000020,1000000,1000000,10,18000020
835,1281506000,1281506000,1000000,1000000,8000000,8000000,634506000,634506000,8000000,8000000,630000000,630000000,638000000,638000000,647000000,647000000,1000000,1000000,8000000,8000000,0,0,8000000,8000000,630000000,630000000,638000000,638000000,1000010,13000020,1000000,1000000,10,12000020
865,2900506000,2901506000,1000000,1000000,7000000,8000000,634506000,634506000,8000000,8000000,2250000000,2250000000,2258000000,2258000000,2266000000,2267000000,1000000,1000000,7000000,8000000,0,0,8000000,8000000,2250000000,2250000000,2258000000,2258000000,1000010,86000030,1000000,1000000,10,85000030
895,2231506000,2231506000,1000000,1000000,8000000,8000000,634506000,634506000,8000000,8000000,1580000000,1580000000,1588000000,1588000000,1597000000,1597000000,1000000,1000000,8000000,8000000,0,0,8000000,8000000,1580000000,1580000000,1588000000,1588000000,1000010,7000030,1000000,1000000,10,6000030
925,1852506000,1891506000,1000000,1000000,19000000,58000000,634506000,634506000,58000000,58000000,1140000000,1140000000,1198000000,1198000000,1218000000,1257000000,1000000,1000000,19000000,58000000,0,0,58000000,58000000,1140000000,1140000000,1198000000,1198000000,1000010,63000010,1000000,1000000,10,62000010
955,646506000,648506000,1000000,1000000,11000000,13000000,634506000,634506000,0,0,0,0,0,0,12000000,14000000,1000000,1000000,11000000,13000000,0,0,0,0,0,0,0,0,1000010,1000000,1000000,1000000,10,0
985,654506000,1290012000,1000000,1000000,19000000,20000000,634506000,1269012000,0,0,0,0,0,0,20000000,21000000,1000000,1000000,19000000,20000000,0,0,0,0,0,0,0,0,1000010,1000000,1000000,1000000,10,0
1015,3763506000,5671024000,1000000,1000000,37000000,41000000,634506000,2538024000,41000000,41000000,3050000000,3050000000,3091000000,3091000000,3129000000,3133000000,1000000,1000000,37000000,41000000,0,0,41000000,41000000,3050000000,3050000000,3091000000,3091000000,1000010,112000060,1000000,1000000,10,111000060
1045,2645506000,10276578000,1000000,1000000,0,17000000,634506000,8248578000,10000000,10000000,2000000000,2000000000,2010000000,2010000000,2011000000,2028000000,1000000,1000000,0,17000000,0,0,10000000,10000000,2000000000,2000000000,2010000000,2010000000,1000010,13000030,1000000,1000000,10,12000030
1075,714506000,3888036000,1000000,1000000,19000000,20000000,634506000,3807036000,20000000,20000000,40000000,40000000,60000000,60000000,80000000,81000000,1000000,1000000,19000000,20000000,0,0,20000000,20000000,40000000,40000000,60000000,60000000,1000010,1000000,1000000,1000000,10,0
1105,638506000,639506000,1000000,1000000,3000000,4000000,634506000,634506000,0,0,0,0,0,0,4000000,5000000,1000000,1000000,3000000,4000000,0,0,0,0,0,0,0,0,1000010,1000000,1000000,1000000,10,0
1135,916506000,3455530000,1000000,1000000,0,1000000,634506000,3172530000,1000000,1000000,280000000,280000000,281000000,281000000,282000000,283000000,1000000,1000000,0,1000000,0,0,1000000,1000000,280000000,280000000,281000000,281000000,1000010,1000000,1000000,1000000,10,0
1165,671506000,3210530000,1000000,1000000,8000000,9000000,634506000,3172530000,8000000,8000000,20000000,20000000,28000000,28000000,37000000,38000000,1000000,1000000,8000000,9000000,0,0,8000000,8000000,20000000,20000000,28000000,28000000,1000010,1000000,1000000,1000000,10,0
1195,3767506000,8219048000,1000000,1000000,1000000,11000000,634506000,5076048000,11000000,11000000,3120000000,3120000000,3131000000,3131000000,3133000000,3143000000,1000000,1000000,1000000,11000000,0,0,11000000,11000000,3120000000,3120000000,3131000000,3131000000,1000010,39000050,1000000,1000000,10,38000050
1225,966506000,2236518000,1000000,1000000,10000000,11000000,634506000,1903518000,11000000,11000000,310000000,310000000,321000000,321000000,332000000,333000000,1000000,1000000,10000000,11000000,0,0,11000000,11000000,310000000,310000000,321000000,321000000,1000010,1000000,1000000,1000000,10,0
1255,646506000,648506000,1000000,1000000,11000000,13000000,634506000,634506000,0,0,0,0,0,0,12000000,14000000,1000000,1000000,11000000,13000000,0,0,0,0,0,0,0,0,1000010,1000000,1000000,1000000,10,0
1285,642506000,1278012000,1000000,1000000,7000000,8000000,634506000,1269012000,0,0,0,0,0,0,8000000,9000000,1000000,1000000,7000000,8000000,0,0,0,0,0,0,0,0,1000010,1000000,1000000,1000000,10,0
26,1584506000,1585506000,1000000,1000000,19000000,20000000,634506000,634506000,20000000,20000000,910000000,910000000,930000000,930000000,950000000,951000000,1000000,1000000,19000000,20000000,0,0,20000000,20000000,910000000,910000000,930000000,930000000,1000010,23000010,1000000,1000000,10,22000010
56,645506000,646506000,1000000,1000000,10000000,11000000,634506000,634506000,0,0,0,0,0,0,11000000,12000000,1000000,1000000,10000000,11000000,0,0,0,0,0,0,0,0,1000010,1000000,1000000,1000000,10,0
86,3154506000,3155506000,1000000,1000000,19000000,20000000,634506000,634506000,20000000,20000000,2480000000,2480000000,2500000000,2500000000,2520000000,2521000000,1000000,1000000,19000000,20000000,0,0,20000000,20000000,2480000000,2480000000,2500000000,2500000000,1000010,23000010,1000000,1000000,10,22000010
116,1773506000,1779506000,1000000,1000000,1000000,7000000,634506000,634506000,7000000,7000000,1130000000,1130000000,1137000000,1137000000,1139000000,1145000000,1000000,1000000,1000000,7000000,0,0,7000000,7000000,1130000000,1130000000,1137000000,1137000000,1000010,21000040,1000000,1000000,10,20000040
146,2144506000,2151506000,1000000,1000000,1000000,8000000,634506000,634506000,8000000,8000000,1500000000,1500000000,1508000000,1508000000,1510000000,1517000000,1000000,1000000,1000000,8000000,0,0,8000000,8000000,1500000000,1500000000,1508000000,1508000000,1000010,59000030,1000000,1000000,10,58000030
176,1333506000,1345506000,1000000,1000000,8000000,20000000,634506000,634506000,20000000,20000000,670000000,670000000,690000000,690000000,699000000,711000000,1000000,1000000,8000000,20000000,0,0,20000000,20000000,670000000,670000000,690000000,690000000,1000010,24000020,1000000,1000000,10,23000020
206,1105506000,1105506000,1000000,1000000,20000000,20000000,634506000,634506000,20000000,20000000,430000000,430000000,450000000,450000000,471000000,471000000,1000000,1000000,20000000,20000000,0,0,20000000,20000000,430000000,430000000,450000000,450000000,1000010,2000010,1000000,1000000,10,1000010
236,2874506000,2875506000,1000000,1000000,19000000,20000000,634506000,634506000,20000000,20000000,2200000000,2200000000,2220000000,2220000000,2240000000,2241000000,1000000,1000000,19000000,20000000,0,0,20000000,20000000,2200000000,2200000000,2220000000,2220000000,1000010,23000010,1000000,1000000,10,22000010
266,1181506000,1182506000,1000000,1000000,8000000,9000000,634506000,634506000,8000000,8000000,530000000,530000000,538000000,538000000,547000000,548000000,1000000,1000000,8000000,9000000,0,0,8000000,8000000,530000000,530000000,538000000,538000000,1000010,16000030,1000000,1000000,10,15000030
296,2146506000,2149506000,1000000,1000000,9000000,12000000,634506000,634506000,12000000,12000000,1490000000,1490000000,1502000000,1502000000,1512000000,1515000000,1000000,1000000,9000000,12000000,0,0,12000000,12000000,1490000000,1490000000,1502000000,1502000000,1000010,20000020,1000000,1000000,10,19000020
326,1217506000,1224506000,1000000,1000000,1000000,8000000,634506000,634506000,1000000,1000000,580000000,580000000,581000000,581000000,583000000,590000000,1000000,1000000,1000000,8000000,0,0,1000000,1000000,580000000,580000000,581000000,581000000,1000010,13000020,1000000,1000000,10,12000020
356,681506000,682506000,1000000,1000000,8000000,9000000,634506000,634506000,8000000,8000000,30000000,30000000,38000000,38000000,47000000,48000000,1000000,1000000,8000000,9000000,0,0,8000000,8000000,30000000,30000000,38000000,38000000,1000010,2000010,1000000,1000000,10,1000010
386,1913506000,1913506000,1000000,1000000,9000000,9000000,634506000,634506000,9000000,9000000,1260000000,1260000000,1269000000,1269000000,1279000000,1279000000,1000000,1000000,9000000,9000000,0,0,9000000,9000000,1260000000,1260000000,1269000000,1269000000,1000010,17000030,1000000,1000000,10,16000030
416,3710506000,3711506000,1000000,1000000,12000000,13000000,634506000,634506000,13000000,13000000,3050000000,3050000000,3063000000,3063000000,3076000000,3077000000,1000000,1000000,12000000,13000000,0,0,13000000,13000000,3050000000,3050000000,3063000000,3063000000,1000010,3000010,1000000,1000000,10,2000010
446,3720506000,3721506000,1000000,1000000,12000000,13000000,634506000,634506000,13000000,13000000,3060000000,3060000000,3073000000,3073000000,3086000000,3087000000,1000000,1000000,12000000,13000000,0,0,13000000,13000000,3060000000,3060000000,3073000000,3073000000,1000010,3000010,1000000,1000000,10,2000010
476,3343506000,3343506000,1000000,1000000,4000000,4000000,634506000,634506000,4000000,4000000,2700000000,2700000000,2704000000,2704000000,2709000000,2709000000,1000000,1000000,4000000,4000000,0,0,4000000,4000000,2700000000,2700000000,2704000000,2704000000,1000010,16000040,1000000,1000000,10,15000040
506,3480506000,3509506000,1000000,1000000,8000000,37000000,634506000,634506000,37000000,37000000,2800000000,2800000000,2837000000,2837000000,2846000000,2875000000,1000000,1000000,8000000,37000000,0,0,37000000,37000000,2800000000,2800000000,2837000000,2837000000,1000010,4000010,1000000,1000000,10,3000010
536,1500506000,1501506000,1000000,1000000,17000000,18000000,634506000,634506000,18000000,18000000,830000000,830000000,848000000,848000000,866000000,867000000,1000000,1000000,17000000,18000000,0,0,18000000,18000000,830000000,830000000,848000000,848000000,1000010,22000010,1000000,1000000,10,21000010
566,1790506000,1829506000,1000000,1000000,18000000,57000000,634506000,634506000,57000000,57000000,1080000000,1080000000,1137000000,1137000000,1156000000,1195000000,1000000,1000000,18000000,57000000,0,0,57000000,57000000,1080000000,1080000000,1137000000,1137000000,1000010,29000010,1000000,1000000,10,28000010
596,3400506000,3401506000,1000000,1000000,7000000,8000000,634506000,634506000,8000000,8000000,2750000000,2750000000,2758000000,2758000000,2766000000,2767000000,1000000,1000000,7000000,8000000,0,0,8000000,8000000,2750000000,2750000000,2758000000,2758000000,1000010,27000040,1000000,1000000,10,26000040
626,2974506000,2975506000,1000000,1000000,9000000,10000000,634506000,634506000,10000000,10000000,2320000000,2320000000,2330000000,2330000000,2340000000,2341000000,1000000,1000000,9000000,10000000,0,0,10000000,10000000,2320000000,2320000000,2330000000,2330000000,1000010,84000020,1000000,1000000,10,83000020
656,1911506000,1913506000,1000000,1000000,8000000,10000000,634506000,634506000,8000000,8000000,1260000000,1260000000,1268000000,1268000000,1277000000,1279000000,1000000,1000000,8000000,10000000,0,0,8000000,8000000,1260000000,1260000000,1268000000,1268000000,1000010,85000030,1000000,1000000,10,84000030
686,2447506000,2447506000,1000000,1000000,6000000,6000000,634506000,634506000,6000000,6000000,1800000000,1800000000,1806000000,1806000000,1813000000,1813000000,1000000,1000000,6000000,6000000,0,0,6000000,6000000,1800000000,1800000000,1806000000,1806000000,1000010,83000030,1000000,1000000,10,82000030
716,2390506000,2391506000,1000000,1000000,17000000,18000000,634506000,634506000,18000000,18000000,1720000000,1720000000,1738000000,1738000000,1756000000,1757000000,1000000,1000000,17000000,18000000,0,0,18000000,18000000,1720000000,1720000000,1738000000,1738000000,1000010,22000010,1000000,1000000,10,21000010
746,1533506000,1533506000,1000000,1000000,9000000,9000000,634506000,634506000,9000000,9000000,880000000,880000000,889000000,889000000,899000000,899000000,1000000,1000000,9000000,9000000,0,0,9000000,9000000,880000000,880000000,889000000,889000000,1000010,17000040,1000000,1000000,10,16000040
776,2345506000,2353506000,1000000,1000000,1000000,9000000,634506000,634506000,9000000,9000000,1700000000,1700000000,1709000000,1709000000,1711000000,1719000000,1000000,1000000,1000000,9000000,0,0,9000000,9000000,1700000000,1700000000,1709000000,1709000000,1000010,83000040,1000000,1000000,10,82000040
806,1987506000,1987506000,1000000,1000000,1000000,1000000,634506000,634506000,1000000,1000000,1350000000,1350000000,1351000000,1351000000,1353000000,1353000000,1000000,1000000,1000000,1000000,0,0,1000000,1000000,1350000000,1350000000,1351000000,1351000000,1000010,19000020,1000000,1000000,10,18000020
836,951506000,951506000,1000000,1000000,8000000,8000000,634506000,634506000,8000000,8000000,300000000,300000000,308000000,308000000,317000000,317000000,1000000,1000000,8000000,8000000,0,0,8000000,8000000,300000000,300000000,308000000,308000000,1000010,11000030,1000000,1000000,10,10000030
866,2900506000,2901506000,1000000,1000000,7000000,8000000,634506000,634506000,8000000,8000000,2250000000,2250000000,2258000000,2258000000,2266000000,2267000000,1000000,1000000,7000000,8000000,0,0,8000000,8000000,2250000000,2250000000,2258000000,2258000000,1000010,86000030,1000000,1000000,10,85000030
896,2151506000,2151506000,1000000,1000000,8000000,8000000,634506000,634506000,8000000,8000000,1500000000,1500000000,1508000000,1508000000,1517000000,1517000000,1000000,1000000,8000000,8000000,0,0,8000000,8000000,1500000000,1500000000,1508000000,1508000000,1000010,4000010,1000000,1000000,10,3000010
926,2031506000,2032506000,1000000,1000000,18000000,19000000,634506000,634506000,18000000,18000000,1360000000,1360000000,1378000000,1378000000,1397000000,1398000000,1000000,1000000,18000000,19000000,0,0,18000000,18000000,1360000000,1360000000,1378000000,1378000000,1000010,63000010,1000000,1000000,10,62000010
956,3446506000,3447506000,1000000,1000000,80000000,81000000,634506000,634506000,81000000,81000000,2650000000,2650000000,2731000000,2731000000,2812000000,2813000000,1000000,1000000,80000000,81000000,0,0,81000000,81000000,2650000000,2650000000,2731000000,2731000000,1000010,134000040,1000000,1000000,10,133000040
986,3606506000,5545024000,1000000,1000000,8000000,43000000,634506000,2538024000,43000000,43000000,2920000000,2920000000,2963000000,2963000000,2972000000,3007000000,1000000,1000000,8000000,43000000,0,0,43000000,43000000,2920000000,2920000000,2963000000,2963000000,1000010,87000040,1000000,1000000,10,86000040
1016,672506000,676506000,1000000,1000000,37000000,41000000,634506000,634506000,0,0,0,0,0,0,38000000,42000000,1000000,1000000,37000000,41000000,0,0,0,0,0,0,0,0,1000010,1000000,1000000,1000000,10,0
1046,644506000,1914518000,1000000,1000000,9000000,10000000,634506000,1903518000,0,0,0,0,0,0,10000000,11000000,1000000,1000000,9000000,10000000,0,0,0,0,0,0,0,0,1000010,1000000,1000000,1000000,10,0
1076,1671506000,5480542000,1000000,1000000,18000000,20000000,634506000,4441542000,18000000,18000000,1000000000,1000000000,1018000000,1018000000,1037000000,1039000000,1000000,1000000,18000000,20000000,0,0,18000000,18000000,1000000000,1000000000,1018000000,1018000000,1000010,64000020,1000000,1000000,10,63000020
1106,1326506000,2610518000,1000000,1000000,3000000,18000000,634506000,1903518000,18000000,18000000,670000000,670000000,688000000,688000000,692000000,707000000,1000000,1000000,3000000,18000000,0,0,18000000,18000000,670000000,670000000,688000000,688000000,1000010,70000030,1000000,1000000,10,69000030
1136,636506000,1272012000,1000000,1000000,1000000,2000000,634506000,1269012000,0,0,0,0,0,0,2000000,3000000,1000000,1000000,1000000,2000000,0,0,0,0,0,0,0,0,1000010,1000000,1000000,1000000,10,0
1166,3738506000,4376012000,1000000,1000000,40000000,43000000,634506000,1269012000,43000000,43000000,3020000000,3020000000,3063000000,3063000000,3104000000,3107000000,1000000,1000000,40000000,43000000,0,0,43000000,43000000,3020000000,3020000000,3063000000,3063000000,1000010,115000070,1000000,1000000,10,114000070
1196,3055506000,8140554000,1000000,1000000,1000000,10000000,634506000,5710554000,9000000,9000000,2410000000,2410000000,2419000000,2419000000,2421000000,2430000000,1000000,1000000,1000000,10000000,0,0,9000000,9000000,2410000000,2410000000,2419000000,2419000000,1000010,40000030,1000000,1000000,10,39000030
1226,966506000,2873024000,1000000,1000000,10000000,13000000,634506000,2538024000,11000000,11000000,310000000,310000000,321000000,321000000,332000000,335000000,1000000,1000000,10000000,13000000,0,0,11000000,11000000,310000000,310000000,321000000,321000000,1000010,1000000,1000000,1000000,10,0
1256,1081506000,2987024000,1000000,1000000,17000000,19000000,634506000,2538024000,19000000,19000000,410000000,410000000,429000000,429000000,447000000,449000000,1000000,1000000,17000000,19000000,0,0,19000000,19000000,410000000,410000000,429000000,429000000,1000010,1000000,1000000,1000000,10,0
1286,653506000,655506000,1000000,1000000,18000000,20000000,634506000,634506000,0,0,0,0,0,0,19000000,21000000,1000000,1000000,18000000,20000000,0,0,0,0,0,0,0,0,1000010,1000000,1000000,1000000,10,0
27,2572506000,2583506000,1000000,1000000,8000000,19000000,634506000,634506000,19000000,19000000,1910000000,1910000000,1929000000,1929000000,1938000000,1949000000,1000000,1000000,8000000,19000000,0,0,19000000,19000000,1910000000,1910000000,1929000000,1929000000,1000010,24000020,1000000,1000000,10,23000020
57,2967506000,2969506000,1000000,1000000,10000000,12000000,634506000,634506000,12000000,12000000,2310000000,2310000000,2322000000,2322000000,2333000000,2335000000,1000000,1000000,10000000,12000000,0,0,12000000,12000000,2310000000,2310000000,2322000000,2322000000,1000010,69000040,1000000,1000000,10,68000040
87,1203506000,1213506000,1000000,1000000,9000000,19000000,634506000,634506000,9000000,9000000,550000000,550000000,559000000,559000000,569000000,579000000,1000000,1000000,9000000,19000000,0,0,9000000,9000000,550000000,550000000,559000000,559000000,1000010,23000010,1000000,1000000,10,22000010
117,1497506000,1497506000,1000000,1000000,1000000,1000000,634506000,634506000,1000000,1000000,860000000,860000000,861000000,861000000,863000000,863000000,1000000,1000000,1000000,1000000,0,0,1000000,1000000,860000000,860000000,861000000,861000000,1000010,20000030,1000000,1000000,10,19000030
147,1671506000,1671506000,1000000,1000000,8000000,8000000,634506000,634506000,8000000,8000000,1020000000,1020000000,1028000000,1028000000,1037000000,1037000000,1000000,1000000,8000000,8000000,0,0,8000000,8000000,1020000000,1020000000,1028000000,1028000000,1000010,26000030,1000000,1000000,10,25000030
177,3054506000,3065506000,1000000,1000000,9000000,20000000,634506000,634506000,20000000,20000000,2390000000,2390000000,2410000000,2410000000,2420000000,2431000000,1000000,1000000,9000000,20000000,0,0,20000000,20000000,2390000000,2390000000,2410000000,2410000000,1000010,18000030,1000000,1000000,10,17000030
207,1105506000,1105506000,1000000,1000000,20000000,20000000,634506000,634506000,20000000,20000000,430000000,430000000,450000000,450000000,471000000,471000000,1000000,1000000,20000000,20000000,0,0,20000000,20000000,430000000,430000000,450000000,450000000,1000010,2000010,1000000,1000000,10,1000010
237,2874506000,2875506000,1000000,1000000,19000000,20000000,634506000,634506000,20000000,20000000,2200000000,2200000000,2220000000,2220000000,2240000000,2241000000,1000000,1000000,19000000,20000000,0,0,20000000,20000000,2200000000,2200000000,2220000000,2220000000,1000010,23000010,1000000,1000000,10,22000010
267,2322506000,2323506000,1000000,1000000,8000000,9000000,634506000,634506000,9000000,9000000,1670000000,1670000000,1679000000,1679000000,1688000000,1689000000,1000000,1000000,8000000,9000000,0,0,9000000,9000000,1670000000,1670000000,1679000000,1679000000,1000010,17000040,1000000,1000000,10,16000040
297,711506000,712506000,1000000,1000000,8000000,9000000,634506000,634506000,8000000,8000000,60000000,60000000,68000000,68000000,77000000,78000000,1000000,1000000,8000000,9000000,0,0,8000000,8000000,60000000,60000000,68000000,68000000,1000010,3000010,1000000,1000000,10,2000010
327,3572506000,3573506000,1000000,1000000,8000000,9000000,634506000,634506000,9000000,9000000,2920000000,2920000000,2929000000,2929000000,2938000000,2939000000,1000000,1000000,8000000,9000000,0,0,9000000,9000000,2920000000,2920000000,2929000000,2929000000,1000010,34000020,1000000,1000000,10,33000020
357,681506000,682506000,1000000,1000000,8000000,9000000,634506000,634506000,8000000,8000000,30000000,30000000,38000000,38000000,47000000,48000000,1000000,1000000,8000000,9000000,0,0,8000000,8000000,30000000,30000000,38000000,38000000,1000010,2000010,1000000,1000000,10,1000010
387,1953506000,1953506000,1000000,1000000,9000000,9000000,634506000,634506000,9000000,9000000,1300000000,1300000000,1309000000,1309000000,1319000000,1319000000,1000000,1000000,9000000,9000000,0,0,9000000,9000000,1300000000,1300000000,1309000000,1309000000,1000010,17000030,1000000,1000000,10,16000030
417,3720506000,3721506000,1000000,1000000,12000000,13000000,634506000,634506000,13000000,13000000,3060000000,3060000000,3073000000,3073000000,3086000000,3087000000,1000000,1000000,12000000,13000000,0,0,13000000,13000000,3060000000,3060000000,3073000000,3073000000,1000010,3000010,1000000,1000000,10,2000010
447,3710506000,3711506000,1000000,1000000,12000000,13000000,634506000,634506000,13000000,13000000,3050000000,3050000000,3063000000,3063000000,3076000000,3077000000,1000000,1000000,12000000,13000000,0,0,13000000,13000000,3050000000,3050000000,3063000000,3063000000,1000010,3000010,1000000,1000000,10,2000010
477,1501506000,1508506000,1000000,1000000,3000000,10000000,634506000,634506000,3000000,3000000,860000000,860000000,863000000,863000000,867000000,874000000,1000000,1000000,3000000,10000000,0,0,3000000,3000000,860000000,860000000,863000000,863000000,1000010,19000030,1000000,1000000,10,18000030
507,3590506000,3591506000,1000000,1000000,7000000,8000000,634506000,634506000,8000000,8000000,2940000000,2940000000,2948000000,2948000000,2956000000,2957000000,1000000,1000000,7000000,8000000,0,0,8000000,8000000,2940000000,2940000000,2948000000,2948000000,1000010,37000030,1000000,1000000,10,36000030
537,2041506000,2041506000,1000000,1000000,18000000,18000000,634506000,634506000,18000000,18000000,1370000000,1370000000,1388000000,1388000000,1407000000,1407000000,1000000,1000000,18000000,18000000,0,0,18000000,18000000,1370000000,1370000000,1388000000,1388000000,1000010,63000010,1000000,1000000,10,62000010
567,681506000,681506000,1000000,1000000,18000000,18000000,634506000,634506000,18000000,18000000,10000000,10000000,28000000,28000000,47000000,47000000,1000000,1000000,18000000,18000000,0,0,18000000,18000000,10000000,10000000,28000000,28000000,1000010,1000000,1000000,1000000,10,0
597,3400506000,3401506000,1000000,1000000,7000000,8000000,634506000,634506000,8000000,8000000,2750000000,2750000000,2758000000,2758000000,2766000000,2767000000,1000000,1000000,7000000,8000000,0,0,8000000,8000000,2750000000,2750000000,2758000000,2758000000,1000010,27000040,1000000,1000000,10,26000040
627,2974506000,2975506000,1000000,1000000,9000000,10000000,634506000,634506000,10000000,10000000,2320000000,2320000000,2330000000,2330000000,2340000000,2341000000,1000000,1000000,9000000,10000000,0,0,10000000,10000000,2320000000,2320000000,2330000000,2330000000,1000010,84000020,1000000,1000000,10,83000020
657,2505506000,2505506000,1000000,1000000,10000000,10000000,634506000,634506000,10000000,10000000,1850000000,1850000000,1860000000,1860000000,1871000000,1871000000,1000000,1000000,10000000,10000000,0,0,10000000,10000000,1850000000,1850000000,1860000000,1860000000,1000010,43000020,1000000,1000000,10,42000020
687,1514506000,1515506000,1000000,1000000,19000000,20000000,634506000,634506000,20000000,20000000,840000000,840000000,860000000,860000000,880000000,881000000,1000000,1000000,19000000,20000000,0,0,20000000,20000000,840000000,840000000,860000000,860000000,1000010,3000010,1000000,1000000,10,2000010
717,1990506000,1991506000,1000000,1000000,17000000,18000000,634506000,634506000,18000000,18000000,1320000000,1320000000,1338000000,1338000000,1356000000,1357000000,1000000,1000000,17000000,18000000,0,0,18000000,18000000,1320000000,1320000000,1338000000,1338000000,1000010,22000010,1000000,1000000,10,21000010
747,1903506000,1905506000,1000000,1000000,9000000,11000000,634506000,634506000,9000000,9000000,1250000000,1250000000,1259000000,1259000000,1269000000,1271000000,1000000,1000000,9000000,11000000,0,0,9000000,9000000,1250000000,1250000000,1259000000,1259000000,1000010,58000040,1000000,1000000,10,57000040
777,707506000,707506000,1000000,1000000,1000000,1000000,634506000,634506000,1000000,1000000,70000000,70000000,71000000,71000000,73000000,73000000,1000000,1000000,1000000,1000000,0,0,1000000,1000000,70000000,70000000,71000000,71000000,1000010,2000010,1000000,1000000,10,1000010
807,2055506000,2063506000,1000000,1000000,1000000,9000000,634506000,634506000,9000000,9000000,1410000000,1410000000,1419000000,1419000000,1421000000,1429000000,1000000,1000000,1000000,9000000,0,0,9000000,9000000,1410000000,1410000000,1419000000,1419000000,1000010,59000030,1000000,1000000,10,58000030
837,951506000,951506000,1000000,1000000,8000000,8000000,634506000,634506000,8000000,8000000,300000000,300000000,308000000,308000000,317000000,317000000,1000000,1000000,8000000,8000000,0,0,8000000,8000000,300000000,300000000,308000000,308000000,1000010,11000030,1000000,1000000,10,10000030
867,2910506000,2911506000,1000000,1000000,7000000,8000000,634506000,634506000,8000000,8000000,2260000000,2260000000,2268000000,2268000000,2276000000,2277000000,1000000,1000000,7000000,8000000,0,0,8000000,8000000,2260000000,2260000000,2268000000,2268000000,1000010,86000030,1000000,1000000,10,85000030
897,2231506000,2231506000,1000000,1000000,8000000,8000000,634506000,634506000,8000000,8000000,1580000000,1580000000,1588000000,1588000000,1597000000,1597000000,1000000,1000000,8000000,8000000,0,0,8000000,8000000,1580000000,1580000000,1588000000,1588000000,1000010,7000030,1000000,1000000,10,6000030
927,1852506000,1891506000,1000000,1000000,19000000,58000000,634506000,634506000,58000000,58000000,1140000000,1140000000,1198000000,1198000000,1218000000,1257000000,1000000,1000000,19000000,58000000,0,0,58000000,58000000,1140000000,1140000000,1198000000,1198000000,1000010,63000010,1000000,1000000,10,62000010
957,3748506000,3749506000,1000000,1000000,46000000,47000000,634506000,634506000,47000000,47000000,3020000000,3020000000,3067000000,3067000000,3114000000,3115000000,1000000,1000000,46000000,47000000,0,0,47000000,47000000,3020000000,3020000000,3067000000,3067000000,1000010,121000100,1000000,1000000,10,120000100
987,3385506000,11643084000,1000000,1000000,1000000,10000000,634506000,8883084000,9000000,9000000,2740000000,2740000000,2749000000,2749000000,2751000000,2760000000,1000000,1000000,1000000,10000000,0,0,9000000,9000000,2740000000,2740000000,2749000000,2749000000,1000010,82000040,1000000,1000000,10,81000040
1017,3529506000,6981518000,1000000,1000000,7000000,37000000,634506000,1903518000,37000000,40000000,2850000000,5000000000,2887000000,5040000000,2895000000,5078000000,1000000,1000000,7000000,37000000,0,0,37000000,40000000,2850000000,5000000000,2887000000,5040000000,1000010,28000040,1000000,1000000,10,27000040
1047,3512506000,13675602000,1000000,1000000,7000000,18000000,634506000,10786602000,10000000,10000000,2860000000,2860000000,2870000000,2870000000,2878000000,2889000000,1000000,1000000,7000000,18000000,0,0,10000000,10000000,2860000000,2860000000,2870000000,2870000000,1000010,65000030,1000000,1000000,10,64000030
1077,714506000,3888036000,1000000,1000000,19000000,20000000,634506000,3807036000,20000000,20000000,40000000,40000000,60000000,60000000,80000000,81000000,1000000,1000000,19000000,20000000,0,0,20000000,20000000,40000000,40000000,60000000,60000000,1000010,1000000,1000000,1000000,10,0
1107,638506000,1274012000,1000000,1000000,3000000,4000000,634506000,1269012000,0,0,0,0,0,0,4000000,5000000,1000000,1000000,3000000,4000000,0,0,0,0,0,0,0,0,1000010,1000000,1000000,1000000,10,0
1137,916506000,3455530000,1000000,1000000,0,1000000,634506000,3172530000,1000000,1000000,280000000,280000000,281000000,281000000,282000000,283000000,1000000,1000000,0,1000000,0,0,1000000,1000000,280000000,280000000,281000000,281000000,1000010,1000000,1000000,1000000,10,0
1167,1458506000,2094012000,1000000,1000000,1000000,2000000,634506000,1269012000,2000000,2000000,820000000,820000000,822000000,822000000,824000000,825000000,1000000,1000000,1000000,2000000,0,0,2000000,2000000,820000000,820000000,822000000,822000000,1000010,1000000,1000000,1000000,10,0
1197,1093506000,2369518000,1000000,1000000,4000000,11000000,634506000,1903518000,4000000,4000000,450000000,450000000,454000000,454000000,459000000,466000000,1000000,1000000,4000000,11000000,0,0,4000000,4000000,450000000,450000000,454000000,454000000,1000010,1000000,1000000,1000000,10,0
1227,966506000,2236518000,1000000,1000000,10000000,11000000,634506000,1903518000,11000000,11000000,310000000,310000000,321000000,321000000,332000000,333000000,1000000,1000000,10000000,11000000,0,0,11000000,11000000,310000000,310000000,321000000,321000000,1000010,1000000,1000000,1000000,10,0
1257,643506000,1280012000,1000000,1000000,8000000,10000000,634506000,1269012000,0,0,0,0,0,0,9000000,11000000,1000000,1000000,8000000,10000000,0,0,0,0,0,0,0,0,1000010,1000000,1000000,1000000,10,0
1287,673506000,677506000,1000000,1000000,38000000,42000000,634506000,634506000,0,0,0,0,0,0,39000000,43000000,1000000,1000000,38000000,42000000,0,0,0,0,0,0,0,0,1000010,1000000,1000000,1000000,10,0
28,1523506000,1523506000,1000000,1000000,19000000,19000000,634506000,634506000,19000000,19000000,850000000,850000000,869000000,869000000,889000000,889000000,1000000,1000000,19000000,19000000,0,0,19000000,19000000,850000000,850000000,869000000,869000000,1000010,23000010,1000000,1000000,10,22000010
58,3716506000,3717506000,1000000,1000000,10000000,11000000,634506000,634506000,11000000,11000000,3060000000,3060000000,3071000000,3071000000,3082000000,3083000000,1000000,1000000,10000000,11000000,0,0,11000000,11000000,3060000000,3060000000,3071000000,3071000000,1000010,47000040,1000000,1000000,10,46000040
88,1594506000,1595506000,1000000,1000000,19000000,20000000,634506000,634506000,20000000,20000000,920000000,920000000,940000000,940000000,960000000,961000000,1000000,1000000,19000000,20000000,0,0,20000000,20000000,920000000,920000000,940000000,940000000,1000010,23000010,1000000,1000000,10,22000010
118,3758506000,3759506000,1000000,1000000,1000000,2000000,634506000,634506000,2000000,2000000,3120000000,3120000000,3122000000,3122000000,3124000000,3125000000,1000000,1000000,1000000,2000000,0,0,2000000,2000000,3120000000,3120000000,3122000000,3122000000,1000010,83000030,1000000,1000000,10,82000030
148,1671506000,1671506000,1000000,1000000,8000000,8000000,634506000,634506000,8000000,8000000,1020000000,1020000000,1028000000,1028000000,1037000000,1037000000,1000000,1000000,8000000,8000000,0,0,8000000,8000000,1020000000,1020000000,1028000000,1028000000,1000010,26000030,1000000,1000000,10,25000030
178,2275506000,2275506000,1000000,1000000,20000000,20000000,634506000,634506000,20000000,20000000,1600000000,1600000000,1620000000,1620000000,1641000000,1641000000,1000000,1000000,20000000,20000000,0,0,20000000,20000000,1600000000,1600000000,1620000000,1620000000,1000010,28000040,1000000,1000000,10,27000040
208,1105506000,1105506000,1000000,1000000,20000000,20000000,634506000,634506000,20000000,20000000,430000000,430000000,450000000,450000000,471000000,471000000,1000000,1000000,20000000,20000000,0,0,20000000,20000000,430000000,430000000,450000000,450000000,1000010,2000010,1000000,1000000,10,1000010
238,2322506000,2323506000,1000000,1000000,8000000,9000000,634506000,634506000,9000000,9000000,1670000000,1670000000,1679000000,1679000000,1688000000,1689000000,1000000,1000000,8000000,9000000,0,0,9000000,9000000,1670000000,1670000000,1679000000,1679000000,1000010,17000040,1000000,1000000,10,16000040
268,711506000,711506000,1000000,1000000,8000000,8000000,634506000,634506000,8000000,8000000,60000000,60000000,68000000,68000000,77000000,77000000,1000000,1000000,8000000,8000000,0,0,8000000,8000000,60000000,60000000,68000000,68000000,1000010,2000010,1000000,1000000,10,1000010
298,2373506000,2373506000,1000000,1000000,9000000,9000000,634506000,634506000,9000000,9000000,1720000000,1720000000,1729000000,1729000000,1739000000,1739000000,1000000,1000000,9000000,9000000,0,0,9000000,9000000,1720000000,1720000000,1729000000,1729000000,1000010,17000040,1000000,1000000,10,16000040
328,3052506000,3053506000,1000000,1000000,8000000,9000000,634506000,634506000,9000000,9000000,2400000000,2400000000,2409000000,2409000000,2418000000,2419000000,1000000,1000000,8000000,9000000,0,0,9000000,9000000,2400000000,2400000000,2409000000,2409000000,1000010,34000020,1000000,1000000,10,33000020
358,681506000,682506000,1000000,1000000,8000000,9000000,634506000,634506000,8000000,8000000,30000000,30000000,38000000,38000000,47000000,48000000,1000000,1000000,8000000,9000000,0,0,8000000,8000000,30000000,30000000,38000000,38000000,1000010,2000010,1000000,1000000,10,1000010
388,1953506000,1953506000,1000000,1000000,9000000,9000000,634506000,634506000,9000000,9000000,1300000000,1300000000,1309000000,1309000000,1319000000,1319000000,1000000,1000000,9000000,9000000,0,0,9000000,9000000,1300000000,1300000000,1309000000,1309000000,1000010,17000030,1000000,1000000,10,16000030
418,3730506000,3731506000,1000000,1000000,12000000,13000000,634506000,634506000,13000000,13000000,3070000000,3070000000,3083000000,3083000000,3096000000,3097000000,1000000,1000000,12000000,13000000,0,0,13000000,13000000,3070000000,3070000000,3083000000,3083000000,1000010,3000010,1000000,1000000,10,2000010
448,3730506000,3731506000,1000000,1000000,12000000,13000000,634506000,634506000,13000000,13000000,3070000000,3070000000,3083000000,3083000000,3096000000,3097000000,1000000,1000000,12000000,13000000,0,0,13000000,13000000,3070000000,3070000000,3083000000,3083000000,1000010,3000010,1000000,1000000,10,2000010
478,3352506000,3353506000,1000000,1000000,3000000,4000000,634506000,634506000,4000000,4000000,2710000000,2710000000,2714000000,2714000000,2718000000,2719000000,1000000,1000000,3000000,4000000,0,0,4000000,4000000,2710000000,2710000000,2714000000,2714000000,1000010,84000050,1000000,1000000,10,83000050
508,3530506000,3559506000,1000000,1000000,8000000,37000000,634506000,634506000,37000000,37000000,2850000000,2850000000,2887000000,2887000000,2896000000,2925000000,1000000,1000000,8000000,37000000,0,0,37000000,37000000,2850000000,2850000000,2887000000,2887000000,1000010,11000040,1000000,1000000,10,10000040
538,2041506000,2041506000,1000000,1000000,18000000,18000000,634506000,634506000,18000000,18000000,1370000000,1370000000,1388000000,1388000000,1407000000,1407000000,1000000,1000000,18000000,18000000,0,0,18000000,18000000,1370000000,1370000000,1388000000,1388000000,1000010,63000010,1000000,1000000,10,62000010
568,2216506000,2225506000,1000000,1000000,1000000,10000000,634506000,634506000,10000000,10000000,1570000000,1570000000,1580000000,1580000000,1582000000,1591000000,1000000,1000000,1000000,10000000,0,0,10000000,10000000,1570000000,1570000000,1580000000,1580000000,1000010,50000020,1000000,1000000,10,49000020
598,2780506000,2781506000,1000000,1000000,7000000,8000000,634506000,634506000,8000000,8000000,2130000000,2130000000,2138000000,2138000000,2146000000,2147000000,1000000,1000000,7000000,8000000,0,0,8000000,8000000,2130000000,2130000000,2138000000,2138000000,1000010,24000030,1000000,1000000,10,23000030
628,3294506000,3295506000,1000000,1000000,9000000,10000000,634506000,634506000,10000000,10000000,2640000000,2640000000,2650000000,2650000000,2660000000,2661000000,1000000,1000000,9000000,10000000,0,0,10000000,10000000,2640000000,2640000000,2650000000,2650000000,1000010,84000020,1000000,1000000,10,83000020
658,2505506000,2505506000,1000000,1000000,10000000,10000000,634506000,634506000,10000000,10000000,1850000000,1850000000,1860000000,1860000000,1871000000,1871000000,1000000,1000000,10000000,10000000,0,0,10000000,10000000,1850000000,1850000000,1860000000,1860000000,1000010,43000020,1000000,1000000,10,42000020
688,3761506000,3763506000,1000000,1000000,17000000,19000000,634506000,634506000,19000000,19000000,3090000000,3090000000,3109000000,3109000000,3127000000,3129000000,1000000,1000000,17000000,19000000,0,0,19000000,19000000,3090000000,3090000000,3109000000,3109000000,1000010,22000010,1000000,1000000,10,21000010
718,2390506000,2391506000,1000000,1000000,17000000,18000000,634506000,634506000,18000000,18000000,1720000000,1720000000,1738000000,1738000000,1756000000,1757000000,1000000,1000000,17000000,18000000,0,0,18000000,18000000,1720000000,1720000000,1738000000,1738000000,1000010,22000010,1000000,1000000,10,21000010
748,1417506000,1417506000,1000000,1000000,11000000,11000000,634506000,634506000,11000000,11000000,760000000,760000000,771000000,771000000,783000000,783000000,1000000,1000000,11000000,11000000,0,0,11000000,11000000,760000000,760000000,771000000,771000000,1000010,46000040,1000000,1000000,10,45000040
778,707506000,707506000,1000000,1000000,1000000,1000000,634506000,634506000,1000000,1000000,70000000,70000000,71000000,71000000,73000000,73000000,1000000,1000000,1000000,1000000,0,0,1000000,1000000,70000000,70000000,71000000,71000000,1000010,2000010,1000000,1000000,10,1000010
808,1957506000,1957506000,1000000,1000000,1000000,1000000,634506000,634506000,1000000,1000000,1320000000,1320000000,1321000000,1321000000,1323000000,1323000000,1000000,1000000,1000000,1000000,0,0,1000000,1000000,1320000000,1320000000,1321000000,1321000000,1000010,19000020,1000000,1000000,10,18000020
838,951506000,951506000,1000000,1000000,8000000,8000000,634506000,634506000,8000000,8000000,300000000,300000000,308000000,308000000,317000000,317000000,1000000,1000000,8000000,8000000,0,0,8000000,8000000,300000000,300000000,308000000,308000000,1000010,11000030,1000000,1000000,10,10000030
868,2800506000,2801506000,1000000,1000000,7000000,8000000,634506000,634506000,8000000,8000000,2150000000,2150000000,2158000000,2158000000,2166000000,2167000000,1000000,1000000,7000000,8000000,0,0,8000000,8000000,2150000000,2150000000,2158000000,2158000000,1000010,86000030,1000000,1000000,10,85000030
898,2211506000,2211506000,1000000,1000000,8000000,8000000,634506000,634506000,8000000,8000000,1560000000,1560000000,1568000000,1568000000,1577000000,1577000000,1000000,1000000,8000000,8000000,0,0,8000000,8000000,1560000000,1560000000,1568000000,1568000000,1000010,7000030,1000000,1000000,10,6000030
928,2631506000,2632506000,1000000,1000000,18000000,19000000,634506000,634506000,18000000,18000000,1960000000,1960000000,1978000000,1978000000,1997000000,1998000000,1000000,1000000,18000000,19000000,0,0,18000000,18000000,1960000000,1960000000,1978000000,1978000000,1000010,63000010,1000000,1000000,10,62000010
958,3857506000,3861506000,1000000,1000000,44000000,48000000,634506000,634506000,48000000,48000000,3130000000,3130000000,3178000000,3178000000,3223000000,3227000000,1000000,1000000,44000000,48000000,0,0,48000000,48000000,3130000000,3130000000,3178000000,3178000000,1000010,39000050,1000000,1000000,10,38000050
988,3812506000,5753024000,1000000,1000000,10000000,47000000,634506000,2538024000,47000000,47000000,3120000000,3120000000,3167000000,3167000000,3178000000,3215000000,1000000,1000000,10000000,47000000,0,0,47000000,47000000,3120000000,3120000000,3167000000,3167000000,1000010,89000050,1000000,1000000,10,88000050
1018,3593506000,5529024000,1000000,1000000,8000000,40000000,634506000,2538024000,40000000,40000000,2910000000,2910000000,2950000000,2950000000,2959000000,2991000000,1000000,1000000,8000000,40000000,0,0,40000000,40000000,2910000000,2910000000,2950000000,2950000000,1000010,10000030,1000000,1000000,10,9000030
1048,2481506000,12012096000,1000000,1000000,6000000,19000000,634506000,10152096000,10000000,10000000,1830000000,1830000000,1840000000,1840000000,1847000000,1860000000,1000000,1000000,6000000,19000000,0,0,10000000,10000000,1830000000,1830000000,1840000000,1840000000,1000010,73000020,1000000,1000000,10,72000020
1078,714506000,3888036000,1000000,1000000,19000000,20000000,634506000,3807036000,20000000,20000000,40000000,40000000,60000000,60000000,80000000,81000000,1000000,1000000,19000000,20000000,0,0,20000000,20000000,40000000,40000000,60000000,60000000,1000010,1000000,1000000,1000000,10,0
1108,638506000,1274012000,1000000,1000000,3000000,4000000,634506000,1269012000,0,0,0,0,0,0,4000000,5000000,1000000,1000000,3000000,4000000,0,0,0,0,0,0,0,0,1000010,1000000,1000000,1000000,10,0
1138,916506000,3455530000,1000000,1000000,0,1000000,634506000,3172530000,1000000,1000000,280000000,280000000,281000000,281000000,282000000,283000000,1000000,1000000,0,1000000,0,0,1000000,1000000,280000000,280000000,281000000,281000000,1000010,1000000,1000000,1000000,10,0
1168,1081506000,2987024000,1000000,1000000,17000000,19000000,634506000,2538024000,19000000,19000000,410000000,410000000,429000000,429000000,447000000,449000000,1000000,1000000,17000000,19000000,0,0,19000000,19000000,410000000,410000000,429000000,429000000,1000010,1000000,1000000,1000000,10,0
1198,1958506000,5137036000,1000000,1000000,4000000,10000000,634506000,3807036000,9000000,9000000,1310000000,1310000000,1319000000,1319000000,1324000000,1330000000,1000000,1000000,4000000,10000000,0,0,9000000,9000000,1310000000,1310000000,1319000000,1319000000,1000010,84000020,1000000,1000000,10,83000020
1228,966506000,2236518000,1000000,1000000,10000000,11000000,634506000,1903518000,11000000,11000000,310000000,310000000,321000000,321000000,332000000,333000000,1000000,1000000,10000000,11000000,0,0,11000000,11000000,310000000,310000000,321000000,321000000,1000010,1000000,1000000,1000000,10,0
1258,1081506000,2987024000,1000000,1000000,17000000,19000000,634506000,2538024000,19000000,19000000,410000000,410000000,429000000,429000000,447000000,449000000,1000000,1000000,17000000,19000000,0,0,19000000,19000000,410000000,410000000,429000000,429000000,1000010,1000000,1000000,1000000,10,0
29,3164506000,3165506000,1000000,1000000,19000000,20000000,634506000,634506000,20000000,20000000,2490000000,2490000000,2510000000,2510000000,2530000000,2531000000,1000000,1000000,19000000,20000000,0,0,20000000,20000000,2490000000,2490000000,2510000000,2510000000,1000010,23000010,1000000,1000000,10,22000010
59,1612506000,1615506000,1000000,1000000,7000000,10000000,634506000,634506000,10000000,10000000,960000000,960000000,970000000,970000000,978000000,981000000,1000000,1000000,7000000,10000000,0,0,10000000,10000000,960000000,960000000,970000000,970000000,1000010,32000030,1000000,1000000,10,31000030
89,2772506000,2783506000,1000000,1000000,8000000,19000000,634506000,634506000,19000000,19000000,2110000000,2110000000,2129000000,2129000000,2138000000,2149000000,1000000,1000000,8000000,19000000,0,0,19000000,19000000,2110000000,2110000000,2129000000,2129000000,1000010,23000010,1000000,1000000,10,22000010
119,3438506000,3439506000,1000000,1000000,1000000,2000000,634506000,634506000,2000000,2000000,2800000000,2800000000,2802000000,2802000000,2804000000,2805000000,1000000,1000000,1000000,2000000,0,0,2000000,2000000,2800000000,2800000000,2802000000,2802000000,1000010,83000030,1000000,1000000,10,82000030
149,3402506000,3403506000,1000000,1000000,8000000,9000000,634506000,634506000,9000000,9000000,2750000000,2750000000,2759000000,2759000000,2768000000,2769000000,1000000,1000000,8000000,9000000,0,0,9000000,9000000,2750000000,2750000000,2759000000,2759000000,1000010,66000040,1000000,1000000,10,65000040
179,655506000,657506000,1000000,1000000,20000000,22000000,634506000,634506000,0,0,0,0,0,0,21000000,23000000,1000000,1000000,20000000,22000000,0,0,0,0,0,0,0,0,1000010,1000000,1000000,1000000,10,0
209,1105506000,1105506000,1000000,1000000,20000000,20000000,634506000,634506000,20000000,20000000,430000000,430000000,450000000,450000000,471000000,471000000,1000000,1000000,20000000,20000000,0,0,20000000,20000000,430000000,430000000,450000000,450000000,1000010,2000010,1000000,1000000,10,1000010
239,2373506000,2373506000,1000000,1000000,9000000,9000000,634506000,634506000,9000000,9000000,1720000000,1720000000,1729000000,1729000000,1739000000,1739000000,1000000,1000000,9000000,9000000,0,0,9000000,9000000,1720000000,1720000000,1729000000,1729000000,1000010,17000040,1000000,1000000,10,16000040
269,2322506000,2323506000,1000000,1000000,8000000,9000000,634506000,634506000,9000000,9000000,1670000000,1670000000,1679000000,1679000000,1688000000,1689000000,1000000,1000000,8000000,9000000,0,0,9000000,9000000,1670000000,1670000000,1679000000,1679000000,1000010,17000040,1000000,1000000,10,16000040
299,2373506000,2373506000,1000000,1000000,9000000,9000000,634506000,634506000,9000000,9000000,1720000000,1720000000,1729000000,1729000000,1739000000,1739000000,1000000,1000000,9000000,9000000,0,0,9000000,9000000,1720000000,1720000000,1729000000,1729000000,1000010,17000040,1000000,1000000,10,16000040
329,3052506000,3053506000,1000000,1000000,8000000,9000000,634506000,634506000,9000000,9000000,2400000000,2400000000,2409000000,2409000000,2418000000,2419000000,1000000,1000000,8000000,9000000,0,0,9000000,9000000,2400000000,2400000000,2409000000,2409000000,1000010,34000020,1000000,1000000,10,33000020
359,3391506000,3393506000,1000000,1000000,8000000,10000000,634506000,634506000,8000000,8000000,2740000000,2740000000,2748000000,2748000000,2757000000,2759000000,1000000,1000000,8000000,10000000,0,0,8000000,8000000,2740000000,2740000000,2748000000,2748000000,1000010,25000030,1000000,1000000,10,24000030
389,1287506000,1295506000,1000000,1000000,1000000,9000000,634506000,634506000,1000000,1000000,650000000,650000000,651000000,651000000,653000000,661000000,1000000,1000000,1000000,9000000,0,0,1000000,1000000,650000000,650000000,651000000,651000000,1000010,13000020,1000000,1000000,10,12000020
419,3730506000,3731506000,1000000,1000000,12000000,13000000,634506000,634506000,13000000,13000000,3070000000,3070000000,3083000000,3083000000,3096000000,3097000000,1000000,1000000,12000000,13000000,0,0,13000000,13000000,3070000000,3070000000,3083000000,3083000000,1000010,3000010,1000000,1000000,10,2000010
449,3730506000,3731506000,1000000,1000000,12000000,13000000,634506000,634506000,13000000,13000000,3070000000,3070000000,3083000000,3083000000,3096000000,3097000000,1000000,1000000,12000000,13000000,0,0,13000000,13000000,3070000000,3070000000,3083000000,3083000000,1000010,3000010,1000000,1000000,10,2000010
479,638506000,639506000,1000000,1000000,3000000,4000000,634506000,634506000,0,0,0,0,0,0,4000000,5000000,1000000,1000000,3000000,4000000,0,0,0,0,0,0,0,0,1000010,1000000,1000000,1000000,10,0
509,3660506000,3661506000,1000000,1000000,7000000,8000000,634506000,634506000,8000000,8000000,3010000000,3010000000,3018000000,3018000000,3026000000,3027000000,1000000,1000000,7000000,8000000,0,0,8000000,8000000,3010000000,3010000000,3018000000,3018000000,1000010,82000040,1000000,1000000,10,81000040
539,3267506000,3323506000,1000000,1000000,18000000,74000000,634506000,634506000,74000000,74000000,2540000000,2540000000,2614000000,2614000000,2633000000,2689000000,1000000,1000000,18000000,74000000,0,0,74000000,74000000,2540000000,2540000000,2614000000,2614000000,1000010,65000030,1000000,1000000,10,64000030
569,2885506000,2885506000,1000000,1000000,10000000,10000000,634506000,634506000,10000000,10000000,2230000000,2230000000,2240000000,2240000000,2251000000,2251000000,1000000,1000000,10000000,10000000,0,0,10000000,10000000,2230000000,2230000000,2240000000,2240000000,1000010,50000020,1000000,1000000,10,49000020
599,3400506000,3401506000,1000000,1000000,7000000,8000000,634506000,634506000,8000000,8000000,2750000000,2750000000,2758000000,2758000000,2766000000,2767000000,1000000,1000000,7000000,8000000,0,0,8000000,8000000,2750000000,2750000000,2758000000,2758000000,1000010,27000040,1000000,1000000,10,26000040
629,2974506000,2975506000,1000000,1000000,9000000,10000000,634506000,634506000,10000000,10000000,2320000000,2320000000,2330000000,2330000000,2340000000,2341000000,1000000,1000000,9000000,10000000,0,0,10000000,10000000,2320000000,2320000000,2330000000,2330000000,1000010,84000020,1000000,1000000,10,83000020
659,2505506000,2505506000,1000000,1000000,10000000,10000000,634506000,634506000,10000000,10000000,1850000000,1850000000,1860000000,1860000000,1871000000,1871000000,1000000,1000000,10000000,10000000,0,0,10000000,10000000,1850000000,1850000000,1860000000,1860000000,1000010,43000020,1000000,1000000,10,42000020
689,3791506000,3793506000,1000000,1000000,17000000,19000000,634506000,634506000,19000000,19000000,3120000000,3120000000,3139000000,3139000000,3157000000,3159000000,1000000,1000000,17000000,19000000,0,0,19000000,19000000,3120000000,3120000000,3139000000,3139000000,1000010,23000020,1000000,1000000,10,22000020
719,2390506000,2391506000,1000000,1000000,17000000,18000000,634506000,634506000,18000000,18000000,1720000000,1720000000,1738000000,1738000000,1756000000,1757000000,1000000,1000000,17000000,18000000,0,0,18000000,18000000,1720000000,1720000000,1738000000,1738000000,1000010,22000010,1000000,1000000,10,21000010
749,1337506000,1337506000,1000000,1000000,1000000,1000000,634506000,634506000,1000000,1000000,700000000,700000000,701000000,701000000,703000000,703000000,1000000,1000000,1000000,1000000,0,0,1000000,1000000,700000000,700000000,701000000,701000000,1000010,21000030,1000000,1000000,10,20000030
779,707506000,707506000,1000000,1000000,1000000,1000000,634506000,634506000,1000000,1000000,70000000,70000000,71000000,71000000,73000000,73000000,1000000,1000000,1000000,1000000,0,0,1000000,1000000,70000000,70000000,71000000,71000000,1000010,2000010,1000000,1000000,10,1000010
809,1457506000,1457506000,1000000,1000000,1000000,1000000,634506000,634506000,1000000,1000000,820000000,820000000,821000000,821000000,823000000,823000000,1000000,1000000,1000000,1000000,0,0,1000000,1000000,820000000,820000000,821000000,821000000,1000010,19000020,1000000,1000000,10,18000020
839,951506000,951506000,1000000,1000000,8000000,8000000,634506000,634506000,8000000,8000000,300000000,300000000,308000000,308000000,317000000,317000000,1000000,1000000,8000000,8000000,0,0,8000000,8000000,300000000,300000000,308000000,308000000,1000010,11000030,1000000,1000000,10,10000030
869,3580506000,3581506000,1000000,1000000,7000000,8000000,634506000,634506000,8000000,8000000,2930000000,2930000000,2938000000,2938000000,2946000000,2947000000,1000000,1000000,7000000,8000000,0,0,8000000,8000000,2930000000,2930000000,2938000000,2938000000,1000010,82000040,1000000,1000000,10,81000040
899,1480506000,1481506000,1000000,1000000,7000000,8000000,634506000,634506000,8000000,8000000,830000000,830000000,838000000,838000000,846000000,847000000,1000000,1000000,7000000,8000000,0,0,8000000,8000000,830000000,830000000,838000000,838000000,1000010,8000010,1000000,1000000,10,7000010
929,2631506000,2632506000,1000000,1000000,18000000,19000000,634506000,634506000,18000000,18000000,1960000000,1960000000,1978000000,1978000000,1997000000,1998000000,1000000,1000000,18000000,19000000,0,0,18000000,18000000,1960000000,1960000000,1978000000,1978000000,1000010,63000010,1000000,1000000,10,62000010
959,2063506000,2063506000,1000000,1000000,9000000,9000000,634506000,634506000,9000000,9000000,1410000000,1410000000,1419000000,1419000000,1429000000,1429000000,1000000,1000000,9000000,9000000,0,0,9000000,9000000,1410000000,1410000000,1419000000,1419000000,1000010,8000040,1000000,1000000,10,7000040
989,1772506000,4340530000,1000000,1000000,7000000,37000000,634506000,3172530000,10000000,10000000,1120000000,1120000000,1130000000,1130000000,1138000000,1168000000,1000000,1000000,7000000,37000000,0,0,10000000,10000000,1120000000,1120000000,1130000000,1130000000,1000010,11000040,1000000,1000000,10,10000040
1019,3519506000,4818518000,1000000,1000000,7000000,37000000,634506000,1903518000,37000000,37000000,2840000000,2840000000,2877000000,2877000000,2885000000,2915000000,1000000,1000000,7000000,37000000,0,0,37000000,37000000,2840000000,2840000000,2877000000,2877000000,1000010,11000040,1000000,1000000,10,10000040
1049,3564506000,14994614000,1000000,1000000,8000000,17000000,634506000,12055614000,11000000,11000000,2910000000,2910000000,2921000000,2921000000,2930000000,2939000000,1000000,1000000,8000000,17000000,0,0,11000000,11000000,2910000000,2910000000,2921000000,2921000000,1000010,75000040,1000000,1000000,10,74000040
1079,714506000,3888036000,1000000,1000000,19000000,20000000,634506000,3807036000,20000000,20000000,40000000,40000000,60000000,60000000,80000000,81000000,1000000,1000000,19000000,20000000,0,0,20000000,20000000,40000000,40000000,60000000,60000000,1000010,1000000,1000000,1000000,10,0
1109,638506000,1274012000,1000000,1000000,3000000,4000000,634506000,1269012000,0,0,0,0,0,0,4000000,5000000,1000000,1000000,3000000,4000000,0,0,0,0,0,0,0,0,1000010,1000000,1000000,1000000,10,0
1139,916506000,3455530000,1000000,1000000,0,1000000,634506000,3172530000,1000000,1000000,280000000,280000000,281000000,281000000,282000000,283000000,1000000,1000000,0,1000000,0,0,1000000,1000000,280000000,280000000,281000000,281000000,1000010,1000000,1000000,1000000,10,0
1169,2903506000,15030120000,1000000,1000000,9000000,80000000,634506000,12690120000,19000000,19000000,2240000000,2240000000,2259000000,2259000000,2269000000,2340000000,1000000,1000000,9000000,80000000,0,0,19000000,19000000,2240000000,2240000000,2259000000,2259000000,1000010,40000050,1000000,1000000,10,39000050
1199,639506000,640506000,1000000,1000000,4000000,5000000,634506000,634506000,0,0,0,0,0,0,5000000,6000000,1000000,1000000,4000000,5000000,0,0,0,0,0,0,0,0,1000010,1000000,1000000,1000000,10,0
1229,966506000,2236518000,1000000,1000000,10000000,11000000,634506000,1903518000,11000000,11000000,310000000,310000000,321000000,321000000,332000000,333000000,1000000,1000000,10000000,11000000,0,0,11000000,11000000,310000000,310000000,321000000,321000000,1000010,1000000,1000000,1000000,10,0
1259,669506000,2574024000,1000000,1000000,12000000,13000000,634506000,2538024000,12000000,12000000,10000000,10000000,22000000,22000000,35000000,36000000,1000000,1000000,12000000,13000000,0,0,12000000,12000000,10000000,10000000,22000000,22000000,1000010,1000000,1000000,1000000,10,0
30,2864506000,2865506000,1000000,1000000,19000000,20000000,634506000,634506000,20000000,20000000,2190000000,2190000000,2210000000,2210000000,2230000000,2231000000,1000000,1000000,19000000,20000000,0,0,20000000,20000000,2190000000,2190000000,2210000000,2210000000,1000010,51000040,1000000,1000000,10,50000040
60,2967506000,2969506000,1000000,1000000,10000000,12000000,634506000,634506000,12000000,12000000,2310000000,2310000000,2322000000,2322000000,2333000000,2335000000,1000000,1000000,10000000,12000000,0,0,12000000,12000000,2310000000,2310000000,2322000000,2322000000,1000010,69000040,1000000,1000000,10,68000040
90,2562506000,2573506000,1000000,1000000,8000000,19000000,634506000,634506000,19000000,19000000,1900000000,1900000000,1919000000,1919000000,1928000000,1939000000,1000000,1000000,8000000,19000000,0,0,19000000,19000000,1900000000,1900000000,1919000000,1919000000,1000010,24000020,1000000,1000000,10,23000020
120,1576506000,1577506000,1000000,1000000,0,1000000,634506000,634506000,1000000,1000000,940000000,940000000,941000000,941000000,942000000,943000000,1000000,1000000,0,1000000,0,0,1000000,1000000,940000000,940000000,941000000,941000000,1000010,41000040,1000000,1000000,10,40000040
150,1681506000,1681506000,1000000,1000000,8000000,8000000,634506000,634506000,8000000,8000000,1030000000,1030000000,1038000000,1038000000,1047000000,1047000000,1000000,1000000,8000000,8000000,0,0,8000000,8000000,1030000000,1030000000,1038000000,1038000000,1000010,26000030,1000000,1000000,10,25000030
180,655506000,656506000,1000000,1000000,20000000,21000000,634506000,634506000,0,0,0,0,0,0,21000000,22000000,1000000,1000000,20000000,21000000,0,0,0,0,0,0,0,0,1000010,1000000,1000000,1000000,10,0
210,1105506000,1105506000,1000000,1000000,20000000,20000000,634506000,634506000,20000000,20000000,430000000,430000000,450000000,450000000,471000000,471000000,1000000,1000000,20000000,20000000,0,0,20000000,20000000,430000000,430000000,450000000,450000000,1000010,2000010,1000000,1000000,10,1000010
240,3052506000,3053506000,1000000,1000000,8000000,9000000,634506000,634506000,9000000,9000000,2400000000,2400000000,2409000000,2409000000,2418000000,2419000000,1000000,1000000,8000000,9000000,0,0,9000000,9000000,2400000000,2400000000,2409000000,2409000000,1000010,34000020,1000000,1000000,10,33000020
270,2322506000,2323506000,1000000,1000000,8000000,9000000,634506000,634506000,9000000,9000000,1670000000,1670000000,1679000000,1679000000,1688000000,1689000000,1000000,1000000,8000000,9000000,0,0,9000000,9000000,1670000000,1670000000,1679000000,1679000000,1000010,17000040,1000000,1000000,10,16000040
300,2373506000,2373506000,1000000,1000000,9000000,9000000,634506000,634506000,9000000,9000000,1720000000,1720000000,1729000000,1729000000,1739000000,1739000000,1000000,1000000,9000000,9000000,0,0,9000000,9000000,1720000000,1720000000,1729000000,1729000000,1000010,17000040,1000000,1000000,10,16000040
330,3273506000,3275506000,1000000,1000000,8000000,10000000,634506000,634506000,10000000,10000000,2620000000,2620000000,2630000000,2630000000,2639000000,2641000000,1000000,1000000,8000000,10000000,0,0,10000000,10000000,2620000000,2620000000,2630000000,2630000000,1000010,18000030,1000000,1000000,10,17000030
360,681506000,682506000,1000000,1000000,8000000,9000000,634506000,634506000,8000000,8000000,30000000,30000000,38000000,38000000,47000000,48000000,1000000,1000000,8000000,9000000,0,0,8000000,8000000,30000000,30000000,38000000,38000000,1000010,2000010,1000000,1000000,10,1000010
390,1953506000,1953506000,1000000,1000000,9000000,9000000,634506000,634506000,9000000,9000000,1300000000,1300000000,1309000000,1309000000,1319000000,1319000000,1000000,1000000,9000000,9000000,0,0,9000000,9000000,1300000000,1300000000,1309000000,1309000000,1000010,17000030,1000000,1000000,10,16000030
420,3730506000,3731506000,1000000,1000000,12000000,13000000,634506000,634506000,13000000,13000000,3070000000,3070000000,3083000000,3083000000,3096000000,3097000000,1000000,1000000,12000000,13000000,0,0,13000000,13000000,3070000000,3070000000,3083000000,3083000000,1000010,3000010,1000000,1000000,10,2000010
450,3730506000,3731506000,1000000,1000000,12000000,13000000,634506000,634506000,13000000,13000000,3070000000,3070000000,3083000000,3083000000,3096000000,3097000000,1000000,1000000,12000000,13000000,0,0,13000000,13000000,3070000000,3070000000,3083000000,3083000000,1000010,3000010,1000000,1000000,10,2000010
480,1082506000,1083506000,1000000,1000000,3000000,4000000,634506000,634506000,4000000,4000000,440000000,440000000,444000000,444000000,448000000,449000000,1000000,1000000,3000000,4000000,0,0,4000000,4000000,440000000,440000000,444000000,444000000,1000010,11000020,1000000,1000000,10,10000020
510,1741506000,1741506000,1000000,1000000,8000000,8000000,634506000,634506000,8000000,8000000,1090000000,1090000000,1098000000,1098000000,1107000000,1107000000,1000000,1000000,8000000,8000000,0,0,8000000,8000000,1090000000,1090000000,1098000000,1098000000,1000010,40000050,1000000,1000000,10,39000050
540,1771506000,1771506000,1000000,1000000,18000000,18000000,634506000,634506000,18000000,18000000,1100000000,1100000000,1118000000,1118000000,1137000000,1137000000,1000000,1000000,18000000,18000000,0,0,18000000,18000000,1100000000,1100000000,1118000000,1118000000,1000010,63000010,1000000,1000000,10,62000010
570,645506000,647506000,1000000,1000000,10000000,12000000,634506000,634506000,0,0,0,0,0,0,11000000,13000000,1000000,1000000,10000000,12000000,0,0,0,0,0,0,0,0,1000010,1000000,1000000,1000000,10,0
600,3400506000,3401506000,1000000,1000000,7000000,8000000,634506000,634506000,8000000,8000000,2750000000,2750000000,2758000000,2758000000,2766000000,2767000000,1000000,1000000,7000000,8000000,0,0,8000000,8000000,2750000000,2750000000,2758000000,2758000000,1000010,27000040,1000000,1000000,10,26000040
630,2974506000,2975506000,1000000,1000000,9000000,10000000,634506000,634506000,10000000,10000000,2320000000,2320000000,2330000000,2330000000,2340000000,2341000000,1000000,1000000,9000000,10000000,0,0,10000000,10000000,2320000000,2320000000,2330000000,2330000000,1000010,84000020,1000000,1000000,10,83000020
660,1762506000,1769506000,1000000,1000000,10000000,17000000,634506000,634506000,17000000,17000000,1100000000,1100000000,1117000000,1117000000,1128000000,1135000000,1000000,1000000,10000000,17000000,0,0,17000000,17000000,1100000000,1100000000,1117000000,1117000000,1000010,23000020,1000000,1000000,10,22000020
690,2360506000,2361506000,1000000,1000000,17000000,18000000,634506000,634506000,18000000,18000000,1690000000,1690000000,1708000000,1708000000,1726000000,1727000000,1000000,1000000,17000000,18000000,0,0,18000000,18000000,1690000000,1690000000,1708000000,1708000000,1000010,22000010,1000000,1000000,10,21000010
720,1345506000,1353506000,1000000,1000000,1000000,9000000,634506000,634506000,9000000,9000000,700000000,700000000,709000000,709000000,711000000,719000000,1000000,1000000,1000000,9000000,0,0,9000000,9000000,700000000,700000000,709000000,709000000,1000010,2000010,1000000,1000000,10,1000010
750,707506000,707506000,1000000,1000000,1000000,1000000,634506000,634506000,1000000,1000000,70000000,70000000,71000000,71000000,73000000,73000000,1000000,1000000,1000000,1000000,0,0,1000000,1000000,70000000,70000000,71000000,71000000,1000010,2000010,1000000,1000000,10,1000010
780,1727506000,1727506000,1000000,1000000,1000000,1000000,634506000,634506000,1000000,1000000,1090000000,1090000000,1091000000,1091000000,1093000000,1093000000,1000000,1000000,1000000,1000000,0,0,1000000,1000000,1090000000,1090000000,1091000000,1091000000,1000010,82000040,1000000,1000000,10,81000040
810,1987506000,1987506000,1000000,1000000,1000000,1000000,634506000,634506000,1000000,1000000,1350000000,1350000000,1351000000,1351000000,1353000000,1353000000,1000000,1000000,1000000,1000000,0,0,1000000,1000000,1350000000,1350000000,1351000000,1351000000,1000010,19000020,1000000,1000000,10,18000020
840,951506000,951506000,1000000,1000000,8000000,8000000,634506000,634506000,8000000,8000000,300000000,300000000,308000000,308000000,317000000,317000000,1000000,1000000,8000000,8000000,0,0,8000000,8000000,300000000,300000000,308000000,308000000,1000010,11000030,1000000,1000000,10,10000030
870,2910506000,2911506000,1000000,1000000,7000000,8000000,634506000,634506000,8000000,8000000,2260000000,2260000000,2268000000,2268000000,2276000000,2277000000,1000000,1000000,7000000,8000000,0,0,8000000,8000000,2260000000,2260000000,2268000000,2268000000,1000010,86000030,1000000,1000000,10,85000030
900,2311506000,2311506000,1000000,1000000,8000000,8000000,634506000,634506000,8000000,8000000,1660000000,1660000000,1668000000,1668000000,1677000000,1677000000,1000000,1000000,8000000,8000000,0,0,8000000,8000000,1660000000,1660000000,1668000000,1668000000,1000010,86000030,1000000,1000000,10,85000030
930,2694506000,2755506000,1000000,1000000,19000000,80000000,634506000,634506000,80000000,80000000,1960000000,1960000000,2040000000,2040000000,2060000000,2121000000,1000000,1000000,19000000,80000000,0,0,80000000,80000000,1960000000,1960000000,2040000000,2040000000,1000010,73000020,1000000,1000000,10,72000020
960,1822506000,1823506000,1000000,1000000,8000000,9000000,634506000,634506000,9000000,9000000,1170000000,1170000000,1179000000,1179000000,1188000000,1189000000,1000000,1000000,8000000,9000000,0,0,9000000,9000000,1170000000,1170000000,1179000000,1179000000,1000010,7000030,1000000,1000000,10,6000030
990,714506000,3888036000,1000000,1000000,19000000,20000000,634506000,3807036000,20000000,20000000,40000000,40000000,60000000,60000000,80000000,81000000,1000000,1000000,19000000,20000000,0,0,20000000,20000000,40000000,40000000,60000000,60000000,1000010,1000000,1000000,1000000,10,0
1020,646506000,650506000,1000000,1000000,11000000,15000000,634506000,634506000,0,0,0,0,0,0,12000000,16000000,1000000,1000000,11000000,15000000,0,0,0,0,0,0,0,0,1000010,1000000,1000000,1000000,10,0
1050,641506000,1278012000,1000000,1000000,6000000,8000000,634506000,1269012000,0,0,0,0,0,0,7000000,9000000,1000000,1000000,6000000,8000000,0,0,0,0,0,0,0,0,1000010,1000000,1000000,1000000,10,0
1080,666506000,2571024000,1000000,1000000,5000000,6000000,634506000,2538024000,6000000,6000000,20000000,20000000,26000000,26000000,32000000,33000000,1000000,1000000,5000000,6000000,0,0,6000000,6000000,20000000,20000000,26000000,26000000,1000010,1000000,1000000,1000000,10,0
1110,1363506000,10886096000,1000000,1000000,7000000,12000000,634506000,10152096000,11000000,11000000,710000000,710000000,721000000,721000000,729000000,734000000,1000000,1000000,7000000,12000000,0,0,11000000,11000000,710000000,710000000,721000000,721000000,1000010,8000010,1000000,1000000,10,7000010
1140,916506000,3455530000,1000000,1000000,0,1000000,634506000,3172530000,1000000,1000000,280000000,280000000,281000000,281000000,282000000,283000000,1000000,1000000,0,1000000,0,0,1000000,1000000,280000000,280000000,281000000,281000000,1000010,1000000,1000000,1000000,10,0
1170,3351506000,7796048000,1000000,1000000,8000000,11000000,634506000,5076048000,8000000,8000000,2700000000,2700000000,2708000000,2708000000,2717000000,2720000000,1000000,1000000,8000000,11000000,0,0,8000000,8000000,2700000000,2700000000,2708000000,2708000000,1000010,19000040,1000000,1000000,10,18000040
1200,646506000,1282012000,1000000,1000000,11000000,12000000,634506000,1269012000,0,0,0,0,0,0,12000000,13000000,1000000,1000000,11000000,12000000,0,0,0,0,0,0,0,0,1000010,1000000,1000000,1000000,10,0
1230,2147506000,4687530000,1000000,1000000,10000000,12000000,634506000,3172530000,12000000,12000000,1490000000,1490000000,1502000000,1502000000,1513000000,1515000000,1000000,1000000,10000000,12000000,0,0,12000000,12000000,1490000000,1490000000,1502000000,1502000000,1000010,85000030,1000000,1000000,10,84000030
1260,711506000,3254530000,1000000,1000000,8000000,13000000,634506000,3172530000,8000000,8000000,60000000,60000000,68000000,68000000,77000000,82000000,1000000,1000000,8000000,13000000,0,0,8000000,8000000,60000000,60000000,68000000,68000000,1000010,2000010,1000000,1000000,10,1000010
