,ssdn_lo,ssdn_hi,ssdn_detection_lo,ssdn_detection_hi,ssdn_notification_lo,ssdn_notification_hi,ssdn_computation_lo,ssdn_computation_hi,ssdn_transference_lo,ssdn_transference_hi,ssdn_installation_lo,ssdn_installation_hi,ssdn_update_lo,ssdn_update_hi,pcsdn_lo,pcsdn_hi,pcsdn_detection_lo,pcsdn_detection_hi,pcsdn_notification_lo,pcsdn_notification_hi,pcsdn_computation_lo,pcsdn_computation_hi,pcsdn_transference_lo,pcsdn_transference_hi,pcsdn_installation_lo,pcsdn_installation_hi,pcsdn_update_lo,pcsdn_update_hi,felix_lo,felix_hi,felix_detection_lo,felix_detection_hi,felix_coordination_lo,felix_coordination_hi
1,103649000,104046000,1000000,1000000,1997000,2394000,100652000,100652000,0,0,0,0,0,0,2997000,3394000,1000000,1000000,1997000,2394000,0,0,0,0,0,0,0,0,1000010,1000000,1000000,1000000,10,0
31,106191000,106345000,1000000,1000000,4539000,4693000,100652000,100652000,0,0,0,0,0,0,5539000,5693000,1000000,1000000,4539000,4693000,0,0,0,0,0,0,0,0,1000010,1000000,1000000,1000000,10,0
61,354741000,355846000,1000000,1000000,992000,2097000,100652000,100652000,2097000,2097000,250000000,250000000,252097000,252097000,254089000,255194000,1000000,1000000,992000,2097000,0,0,2097000,2097000,250000000,250000000,252097000,252097000,1000010,8088060,1000000,1000000,10,7088060
91,103720000,104016000,1000000,1000000,2068000,2364000,100652000,100652000,0,0,0,0,0,0,3068000,3364000,1000000,1000000,2068000,2364000,0,0,0,0,0,0,0,0,1000010,1000000,1000000,1000000,10,0
2,466299000,466952000,1000000,1000000,1997000,2650000,100652000,100652000,2650000,2650000,360000000,360000000,362650000,362650000,365647000,366300000,1000000,1000000,1997000,2650000,0,0,2650000,2650000,360000000,360000000,362650000,362650000,1000010,2154030,1000000,1000000,10,1154030
32,151078000,151152000,1000000,1000000,4676000,4750000,100652000,100652000,4750000,4750000,40000000,40000000,44750000,44750000,50426000,50500000,1000000,1000000,4676000,4750000,0,0,4750000,4750000,40000000,40000000,44750000,44750000,1000010,1245010,1000000,1000000,10,245010
62,342644000,344741000,1000000,1000000,0,992000,100652000,100652000,992000,2097000,240000000,240000000,240992000,242097000,241992000,244089000,1000000,1000000,0,992000,0,0,992000,2097000,240000000,240000000,240992000,242097000,1000010,7096050,1000000,1000000,10,6096050
92,486018000,890199000,1000000,1000000,1621000,3194000,100652000,503260000,2745000,2745000,380000000,380000000,382745000,382745000,385366000,386939000,1000000,1000000,1621000,3194000,0,0,2745000,2745000,380000000,380000000,382745000,382745000,1000010,7066010,1000000,1000000,10,6066010
3,457144000,457776000,1000000,1000000,2650000,2842000,100652000,100652000,2842000,3282000,350000000,350000000,352842000,353282000,356492000,357124000,1000000,1000000,2650000,2842000,0,0,2842000,3282000,350000000,350000000,352842000,353282000,1000010,2106020,1000000,1000000,10,1106020
33,541355000,541706000,1000000,1000000,4676000,5027000,100652000,100652000,5027000,5027000,430000000,430000000,435027000,435027000,440703000,441054000,1000000,1000000,4676000,5027000,0,0,5027000,5027000,430000000,430000000,435027000,435027000,1000010,2499010,1000000,1000000,10,1499010
63,362836000,364020000,1000000,1000000,0,1184000,100652000,100652000,1184000,1184000,260000000,260000000,261184000,261184000,262184000,263368000,1000000,1000000,0,1184000,0,0,1184000,1184000,260000000,260000000,261184000,261184000,1000010,2058020,1000000,1000000,10,1058020
93,357928000,459540000,1000000,1000000,2658000,3618000,100652000,201304000,3618000,3618000,250000000,250000000,253618000,253618000,257276000,258236000,1000000,1000000,2658000,3618000,0,0,3618000,3618000,250000000,250000000,253618000,253618000,1000010,3658020,1000000,1000000,10,2658020
4,103649000,104283000,1000000,1000000,1997000,2631000,100652000,100652000,0,0,0,0,0,0,2997000,3631000,1000000,1000000,1997000,2631000,0,0,0,0,0,0,0,0,1000010,1000000,1000000,1000000,10,0
34,530853000,541355000,1000000,1000000,4525000,4676000,100652000,100652000,4676000,5027000,420000000,430000000,424676000,435027000,430201000,440703000,1000000,1000000,4525000,4676000,0,0,4676000,5027000,420000000,430000000,424676000,435027000,1000010,2850020,1000000,1000000,10,1850020
64,362548000,363444000,1000000,1000000,0,896000,100652000,100652000,896000,896000,260000000,260000000,260896000,260896000,261896000,262792000,1000000,1000000,0,896000,0,0,896000,896000,260000000,260000000,260896000,260896000,1000010,8915040,1000000,1000000,10,7915040
94,526410000,829684000,1000000,1000000,1928000,3246000,100652000,402608000,2830000,2830000,420000000,420000000,422830000,422830000,425758000,427076000,1000000,1000000,1928000,3246000,0,0,2830000,2830000,420000000,420000000,422830000,422830000,1000010,8333050,1000000,1000000,10,7333050
5,446594000,447542000,1000000,1000000,1997000,2945000,100652000,100652000,2945000,2945000,340000000,340000000,342945000,342945000,345942000,346890000,1000000,1000000,1997000,2945000,0,0,2945000,2945000,340000000,340000000,342945000,342945000,1000010,7160010,1000000,1000000,10,6160010
35,551397000,551642000,1000000,1000000,4750000,4995000,100652000,100652000,4995000,4995000,440000000,440000000,444995000,444995000,450745000,450990000,1000000,1000000,4750000,4995000,0,0,4995000,4995000,440000000,440000000,444995000,444995000,1000010,2412010,1000000,1000000,10,1412010
65,103649000,104046000,1000000,1000000,1997000,2394000,100652000,100652000,0,0,0,0,0,0,2997000,3394000,1000000,1000000,1997000,2394000,0,0,0,0,0,0,0,0,1000010,1000000,1000000,1000000,10,0
95,104846000,306618000,1000000,1000000,3194000,3662000,100652000,301956000,0,0,0,0,0,0,4194000,4662000,1000000,1000000,3194000,3662000,0,0,0,0,0,0,0,0,1000010,1000000,1000000,1000000,10,0
6,435891000,436136000,1000000,1000000,1997000,2242000,100652000,100652000,2242000,2242000,330000000,330000000,332242000,332242000,335239000,335484000,1000000,1000000,1997000,2242000,0,0,2242000,2242000,330000000,330000000,332242000,332242000,1000010,2997020,1000000,1000000,10,1997020
36,143086000,144466000,1000000,1000000,5027000,6407000,100652000,100652000,6407000,6407000,30000000,30000000,36407000,36407000,42434000,43814000,1000000,1000000,5027000,6407000,0,0,6407000,6407000,30000000,30000000,36407000,36407000,1000010,1351010,1000000,1000000,10,351010
66,446491000,548428000,1000000,1000000,1997000,2842000,100652000,201304000,2842000,3282000,340000000,340000000,342842000,343282000,345839000,347124000,1000000,1000000,1997000,2842000,0,0,2842000,3282000,340000000,340000000,342842000,343282000,1000010,1440010,1000000,1000000,10,440010
96,380251000,785761000,1000000,1000000,3194000,6096000,100652000,503260000,5405000,5405000,270000000,270000000,275405000,275405000,279599000,282501000,1000000,1000000,3194000,6096000,0,0,5405000,5405000,270000000,270000000,275405000,275405000,1000010,8277050,1000000,1000000,10,7277050
7,364833000,365891000,1000000,1000000,1184000,1997000,100652000,100652000,1997000,2242000,260000000,260000000,261997000,262242000,264181000,265239000,1000000,1000000,1184000,1997000,0,0,1997000,2242000,260000000,260000000,261997000,262242000,1000010,8108020,1000000,1000000,10,7108020
37,151674000,151706000,1000000,1000000,4995000,5027000,100652000,100652000,5027000,5027000,40000000,40000000,45027000,45027000,51022000,51054000,1000000,1000000,4995000,5027000,0,0,5027000,5027000,40000000,40000000,45027000,45027000,1000010,1245010,1000000,1000000,10,245010
67,435486000,940507000,1000000,1000000,1184000,2945000,100652000,603912000,2650000,2650000,330000000,330000000,332650000,332650000,334834000,336595000,1000000,1000000,1184000,2945000,0,0,2650000,2650000,330000000,330000000,332650000,332650000,1000010,7160010,1000000,1000000,10,6160010
97,105005000,105314000,1000000,1000000,3353000,3662000,100652000,100652000,0,0,0,0,0,0,4353000,4662000,1000000,1000000,3353000,3662000,0,0,0,0,0,0,0,0,1000010,1000000,1000000,1000000,10,0
8,217542000,218128000,1000000,1000000,2945000,3194000,100652000,100652000,2945000,3282000,110000000,110000000,112945000,113282000,116890000,117476000,1000000,1000000,2945000,3194000,0,0,2945000,3282000,110000000,110000000,112945000,113282000,1000010,2298020,1000000,1000000,10,1298020
38,553054000,554466000,1000000,1000000,4995000,6407000,100652000,100652000,6407000,6407000,440000000,440000000,446407000,446407000,452402000,453814000,1000000,1000000,4995000,6407000,0,0,6407000,6407000,440000000,440000000,446407000,446407000,1000010,2077020,1000000,1000000,10,1077020
68,103649000,104283000,1000000,1000000,1997000,2631000,100652000,100652000,0,0,0,0,0,0,2997000,3631000,1000000,1000000,1997000,2631000,0,0,0,0,0,0,0,0,1000010,1000000,1000000,1000000,10,0
98,517238000,921296000,1000000,1000000,2068000,3518000,100652000,503260000,3518000,3518000,410000000,410000000,413518000,413518000,416586000,418036000,1000000,1000000,2068000,3518000,0,0,3518000,3518000,410000000,410000000,413518000,413518000,1000010,7238040,1000000,1000000,10,6238040
9,193408000,199274000,1000000,1000000,2945000,8811000,100652000,100652000,8811000,8811000,80000000,80000000,88811000,88811000,92756000,98622000,1000000,1000000,2945000,8811000,0,0,8811000,8811000,80000000,80000000,88811000,88811000,1000010,2298020,1000000,1000000,10,1298020
39,103720000,104016000,1000000,1000000,2068000,2364000,100652000,100652000,0,0,0,0,0,0,3068000,3364000,1000000,1000000,2068000,2364000,0,0,0,0,0,0,0,0,1000010,1000000,1000000,1000000,10,0
69,206931000,515701000,1000000,1000000,1997000,8811000,100652000,402608000,3282000,3282000,100000000,100000000,103282000,103282000,106279000,113093000,1000000,1000000,1997000,8811000,0,0,3282000,3282000,100000000,100000000,103282000,103282000,1000010,1632020,1000000,1000000,10,632020
99,525735000,731122000,1000000,1000000,0,4083000,100652000,301956000,4083000,4083000,420000000,420000000,424083000,424083000,425083000,429166000,1000000,1000000,0,4083000,0,0,4083000,4083000,420000000,420000000,424083000,424083000,1000010,6405060,1000000,1000000,10,5405060
10,217879000,218216000,1000000,1000000,2945000,3282000,100652000,100652000,3282000,3282000,110000000,110000000,113282000,113282000,117227000,117564000,1000000,1000000,2945000,3282000,0,0,3282000,3282000,110000000,110000000,113282000,113282000,1000010,1885020,1000000,1000000,10,885020
40,406914000,408040000,1000000,1000000,2068000,3194000,100652000,100652000,3194000,3194000,300000000,300000000,303194000,303194000,306262000,307388000,1000000,1000000,2068000,3194000,0,0,3194000,3194000,300000000,300000000,303194000,303194000,1000010,1000000,1000000,1000000,10,0
70,104397000,211115000,1000000,1000000,2745000,8811000,100652000,201304000,0,0,0,0,0,0,3745000,9811000,1000000,1000000,2745000,8811000,0,0,0,0,0,0,0,0,1000010,1000000,1000000,1000000,10,0
100,280575000,484457000,1000000,1000000,3518000,6096000,100652000,301956000,5405000,5405000,170000000,170000000,175405000,175405000,179923000,182501000,1000000,1000000,3518000,6096000,0,0,5405000,5405000,170000000,170000000,175405000,175405000,1000010,2446020,1000000,1000000,10,1446020
11,503208000,509274000,1000000,1000000,2745000,8811000,100652000,100652000,8811000,8811000,390000000,390000000,398811000,398811000,402556000,408622000,1000000,1000000,2745000,8811000,0,0,8811000,8811000,390000000,390000000,398811000,398811000,1000010,3745040,1000000,1000000,10,2745040
41,375341000,396914000,1000000,1000000,1621000,2068000,100652000,100652000,2068000,3194000,270000000,290000000,272068000,293194000,274689000,296262000,1000000,1000000,1621000,2068000,0,0,2068000,3194000,270000000,290000000,272068000,293194000,1000010,7743020,1000000,1000000,10,6743020
71,457584000,558868000,1000000,1000000,2650000,3282000,100652000,201304000,3282000,3282000,350000000,350000000,353282000,353282000,356932000,357564000,1000000,1000000,2650000,3282000,0,0,3282000,3282000,350000000,350000000,353282000,353282000,1000010,1666010,1000000,1000000,10,666010
101,290513000,494395000,1000000,1000000,3518000,6096000,100652000,301956000,5343000,5343000,180000000,180000000,185343000,185343000,189861000,192439000,1000000,1000000,3518000,6096000,0,0,5343000,5343000,180000000,180000000,185343000,185343000,1000010,8043040,1000000,1000000,10,7043040
12,467776000,468216000,1000000,1000000,2842000,3282000,100652000,100652000,3282000,3282000,360000000,360000000,363282000,363282000,367124000,367564000,1000000,1000000,2842000,3282000,0,0,3282000,3282000,360000000,360000000,363282000,363282000,1000010,2551030,1000000,1000000,10,1551030
42,245962000,246136000,1000000,1000000,2068000,2242000,100652000,100652000,2242000,2242000,140000000,140000000,142242000,142242000,145310000,145484000,1000000,1000000,2068000,2242000,0,0,2242000,2242000,140000000,140000000,142242000,142242000,1000010,7743020,1000000,1000000,10,6743020
72,217336000,318428000,1000000,1000000,2842000,3282000,100652000,201304000,2842000,2842000,110000000,110000000,112842000,112842000,116684000,117124000,1000000,1000000,2842000,3282000,0,0,2842000,2842000,110000000,110000000,112842000,112842000,1000010,1885020,1000000,1000000,10,885020
102,105170000,207709000,1000000,1000000,3518000,5405000,100652000,201304000,0,0,0,0,0,0,4518000,6405000,1000000,1000000,3518000,5405000,0,0,0,0,0,0,0,0,1000010,1000000,1000000,1000000,10,0
13,104397000,104477000,1000000,1000000,2745000,2825000,100652000,100652000,0,0,0,0,0,0,3745000,3825000,1000000,1000000,2745000,2825000,0,0,0,0,0,0,0,0,1000010,1000000,1000000,1000000,10,0
43,537140000,537312000,1000000,1000000,2658000,2830000,100652000,100652000,2830000,2830000,430000000,430000000,432830000,432830000,436488000,436660000,1000000,1000000,2658000,2830000,0,0,2830000,2830000,430000000,430000000,432830000,432830000,1000010,9063050,1000000,1000000,10,8063050
73,482531000,791230000,1000000,1000000,2068000,8811000,100652000,402608000,8811000,8811000,370000000,370000000,378811000,378811000,381879000,388622000,1000000,1000000,2068000,8811000,0,0,8811000,8811000,370000000,370000000,378811000,378811000,1000010,3068030,1000000,1000000,10,2068030
103,364616000,477566000,1000000,1000000,896000,2068000,100652000,201304000,2068000,3194000,260000000,270000000,262068000,273194000,263964000,276262000,1000000,1000000,896000,2068000,0,0,2068000,3194000,260000000,270000000,262068000,273194000,1000010,7743020,1000000,1000000,10,6743020
14,456465000,457142000,1000000,1000000,2068000,2745000,100652000,100652000,2745000,2745000,350000000,350000000,352745000,352745000,355813000,356490000,1000000,1000000,2068000,2745000,0,0,2745000,2745000,350000000,350000000,352745000,352745000,1000010,7066010,1000000,1000000,10,6066010
44,325508000,326238000,1000000,1000000,1928000,2658000,100652000,100652000,1928000,1928000,220000000,220000000,221928000,221928000,224856000,225586000,1000000,1000000,1928000,2658000,0,0,1928000,1928000,220000000,220000000,221928000,221928000,1000010,3155010,1000000,1000000,10,2155010
74,104397000,104477000,1000000,1000000,2745000,2825000,100652000,100652000,0,0,0,0,0,0,3745000,3825000,1000000,1000000,2745000,2825000,0,0,0,0,0,0,0,0,1000010,1000000,1000000,1000000,10,0
104,195717000,307291000,1000000,1000000,1997000,2242000,100652000,201304000,2068000,2745000,90000000,100000000,92068000,102745000,95065000,105987000,1000000,1000000,1997000,2242000,0,0,2068000,2745000,90000000,100000000,92068000,102745000,1000010,2285020,1000000,1000000,10,1285020
15,207142000,207591000,1000000,1000000,2745000,3194000,100652000,100652000,2745000,2745000,100000000,100000000,102745000,102745000,106490000,106939000,1000000,1000000,2745000,3194000,0,0,2745000,2745000,100000000,100000000,102745000,102745000,1000010,7066010,1000000,1000000,10,6066010
45,356407000,356968000,1000000,1000000,2097000,2658000,100652000,100652000,2658000,2658000,250000000,250000000,252658000,252658000,255755000,256316000,1000000,1000000,2097000,2658000,0,0,2658000,2658000,250000000,250000000,252658000,252658000,1000010,8502060,1000000,1000000,10,7502060
75,106345000,106629000,1000000,1000000,4693000,4977000,100652000,100652000,0,0,0,0,0,0,5693000,5977000,1000000,1000000,4693000,4977000,0,0,0,0,0,0,0,0,1000010,1000000,1000000,1000000,10,0
105,550897000,754679000,1000000,1000000,3618000,6096000,100652000,301956000,5627000,5627000,440000000,440000000,445627000,445627000,450245000,452723000,1000000,1000000,3618000,6096000,0,0,5627000,5627000,440000000,440000000,445627000,445627000,1000010,4618040,1000000,1000000,10,3618040
16,106345000,106629000,1000000,1000000,4693000,4977000,100652000,100652000,0,0,0,0,0,0,5693000,5977000,1000000,1000000,4693000,4977000,0,0,0,0,0,0,0,0,1000010,1000000,1000000,1000000,10,0
46,105005000,105314000,1000000,1000000,3353000,3662000,100652000,100652000,0,0,0,0,0,0,4353000,4662000,1000000,1000000,3353000,3662000,0,0,0,0,0,0,0,0,1000010,1000000,1000000,1000000,10,0
76,106402000,207299000,1000000,1000000,4750000,4995000,100652000,201304000,0,0,0,0,0,0,5750000,5995000,1000000,1000000,4750000,4995000,0,0,0,0,0,0,0,0,1000010,1000000,1000000,1000000,10,0
106,139818000,242014000,1000000,1000000,4083000,5627000,100652000,201304000,4083000,4083000,30000000,30000000,34083000,34083000,39166000,40710000,1000000,1000000,4083000,5627000,0,0,4083000,4083000,30000000,30000000,34083000,34083000,1000010,7153010,1000000,1000000,10,6153010
17,141592000,141617000,1000000,1000000,4970000,4995000,100652000,100652000,4970000,4970000,30000000,30000000,34970000,34970000,40940000,40965000,1000000,1000000,4970000,4995000,0,0,4970000,4970000,30000000,30000000,34970000,34970000,1000010,1000000,1000000,1000000,10,0
47,528199000,528358000,1000000,1000000,3194000,3353000,100652000,100652000,3353000,3353000,420000000,420000000,423353000,423353000,427547000,427706000,1000000,1000000,3194000,3353000,0,0,3353000,3353000,420000000,420000000,423353000,423353000,1000010,1000000,1000000,1000000,10,0
77,638652000,841296000,1000000,1000000,2830000,4170000,100652000,301956000,4170000,4170000,530000000,530000000,534170000,534170000,538000000,539340000,1000000,1000000,2830000,4170000,0,0,4170000,4170000,530000000,530000000,534170000,534170000,1000010,8094030,1000000,1000000,10,7094030
107,119207000,223558000,1000000,1000000,1928000,5627000,100652000,201304000,5627000,5627000,10000000,10000000,15627000,15627000,18555000,22254000,1000000,1000000,1928000,5627000,0,0,5627000,5627000,10000000,10000000,15627000,15627000,1000010,1000000,1000000,1000000,10,0
18,551372000,551592000,1000000,1000000,4750000,4970000,100652000,100652000,4970000,4970000,440000000,440000000,444970000,444970000,450720000,450940000,1000000,1000000,4750000,4970000,0,0,4970000,4970000,440000000,440000000,444970000,444970000,1000010,1000000,1000000,1000000,10,0
48,148358000,148523000,1000000,1000000,3353000,3518000,100652000,100652000,3353000,3353000,40000000,40000000,43353000,43353000,47706000,47871000,1000000,1000000,3353000,3518000,0,0,3353000,3353000,40000000,40000000,43353000,43353000,1000010,1000000,1000000,1000000,10,0
78,377835000,479354000,1000000,1000000,2658000,3525000,100652000,201304000,3525000,3525000,270000000,270000000,273525000,273525000,277183000,278050000,1000000,1000000,2658000,3525000,0,0,3525000,3525000,270000000,270000000,273525000,273525000,1000010,4329020,1000000,1000000,10,3329020
108,345302000,447620000,1000000,1000000,992000,2658000,100652000,201304000,2658000,2658000,240000000,240000000,242658000,242658000,244650000,246316000,1000000,1000000,992000,2658000,0,0,2658000,2658000,240000000,240000000,242658000,242658000,1000010,7397070,1000000,1000000,10,6397070
19,649440000,649992000,1000000,1000000,3618000,4170000,100652000,100652000,4170000,4170000,540000000,540000000,544170000,544170000,548788000,549340000,1000000,1000000,3618000,4170000,0,0,4170000,4170000,540000000,540000000,544170000,544170000,1000010,8136030,1000000,1000000,10,7136030
49,528364000,528688000,1000000,1000000,3194000,3518000,100652000,100652000,3518000,3518000,420000000,420000000,423518000,423518000,427712000,428036000,1000000,1000000,3194000,3518000,0,0,3518000,3518000,420000000,420000000,423518000,423518000,1000010,6291060,1000000,1000000,10,5291060
79,148144000,450772000,1000000,1000000,3246000,3918000,100652000,402608000,3246000,3246000,40000000,40000000,43246000,43246000,47492000,48164000,1000000,1000000,3246000,3918000,0,0,3246000,3246000,40000000,40000000,43246000,43246000,1000010,1000000,1000000,1000000,10,0
109,343749000,446498000,1000000,1000000,0,2097000,100652000,201304000,2097000,2097000,240000000,240000000,242097000,242097000,243097000,245194000,1000000,1000000,0,2097000,0,0,2097000,2097000,240000000,240000000,242097000,242097000,1000010,7096050,1000000,1000000,10,6096050
20,368100000,368888000,1000000,1000000,2830000,3618000,100652000,100652000,3618000,3618000,260000000,260000000,263618000,263618000,267448000,268236000,1000000,1000000,2830000,3618000,0,0,3618000,3618000,260000000,260000000,263618000,263618000,1000010,3830030,1000000,1000000,10,2830030
50,351266000,353844000,1000000,1000000,3518000,6096000,100652000,100652000,6096000,6096000,240000000,240000000,246096000,246096000,250614000,253192000,1000000,1000000,3518000,6096000,0,0,6096000,6096000,240000000,240000000,246096000,246096000,1000010,6615060,1000000,1000000,10,5615060
80,105177000,206222000,1000000,1000000,3525000,3918000,100652000,201304000,0,0,0,0,0,0,4525000,4918000,1000000,1000000,3525000,3918000,0,0,0,0,0,0,0,0,1000010,1000000,1000000,1000000,10,0
110,352836000,888186000,1000000,1000000,0,1928000,100652000,402608000,1184000,2650000,250000000,480000000,251184000,482650000,252184000,485578000,1000000,1000000,0,1928000,0,0,1184000,2650000,250000000,480000000,251184000,482650000,1000010,6092050,1000000,1000000,10,5092050
21,258795000,258888000,1000000,1000000,3525000,3618000,100652000,100652000,3618000,3618000,150000000,150000000,153618000,153618000,158143000,158236000,1000000,1000000,3525000,3618000,0,0,3618000,3618000,150000000,150000000,153618000,153618000,1000010,8646040,1000000,1000000,10,7646040
51,390575000,392462000,1000000,1000000,3518000,5405000,100652000,100652000,5405000,5405000,280000000,280000000,285405000,285405000,289923000,291810000,1000000,1000000,3518000,5405000,0,0,5405000,5405000,280000000,280000000,285405000,285405000,1000010,1000000,1000000,1000000,10,0
81,105177000,509010000,1000000,1000000,3525000,4750000,100652000,503260000,0,0,0,0,0,0,4525000,5750000,1000000,1000000,3525000,4750000,0,0,0,0,0,0,0,0,1000010,1000000,1000000,1000000,10,0
111,353649000,456543000,1000000,1000000,0,1997000,100652000,201304000,1997000,2242000,250000000,250000000,251997000,252242000,252997000,255239000,1000000,1000000,0,1997000,0,0,1997000,2242000,250000000,250000000,251997000,252242000,1000010,1245010,1000000,1000000,10,245010
22,397556000,398144000,1000000,1000000,2658000,3246000,100652000,100652000,3246000,3246000,290000000,290000000,293246000,293246000,296904000,297492000,1000000,1000000,2658000,3246000,0,0,3246000,3246000,290000000,290000000,293246000,293246000,1000010,9063050,1000000,1000000,10,8063050
52,390513000,392338000,1000000,1000000,3518000,5343000,100652000,100652000,5343000,5343000,280000000,280000000,285343000,285343000,289861000,291686000,1000000,1000000,3518000,5343000,0,0,5343000,5343000,280000000,280000000,285343000,285343000,1000010,1000000,1000000,1000000,10,0
82,105570000,206843000,1000000,1000000,3918000,4539000,100652000,201304000,0,0,0,0,0,0,4918000,5539000,1000000,1000000,3918000,4539000,0,0,0,0,0,0,0,0,1000010,1000000,1000000,1000000,10,0
112,353273000,462736000,1000000,1000000,0,1621000,100652000,201304000,1621000,8811000,250000000,250000000,251621000,258811000,252621000,261432000,1000000,1000000,0,1621000,0,0,1621000,8811000,250000000,250000000,251621000,258811000,1000010,8190030,1000000,1000000,10,7190030
23,388423000,388702000,1000000,1000000,3246000,3525000,100652000,100652000,3525000,3525000,280000000,280000000,283525000,283525000,287771000,288050000,1000000,1000000,3246000,3525000,0,0,3525000,3525000,280000000,280000000,283525000,283525000,1000010,4917030,1000000,1000000,10,3917030
53,537663000,539818000,1000000,1000000,1928000,4083000,100652000,100652000,4083000,4083000,430000000,430000000,434083000,434083000,437011000,439166000,1000000,1000000,1928000,4083000,0,0,4083000,4083000,430000000,430000000,434083000,434083000,1000010,8333050,1000000,1000000,10,7333050
83,105874000,206997000,1000000,1000000,4222000,4693000,100652000,201304000,0,0,0,0,0,0,5222000,5693000,1000000,1000000,4222000,4693000,0,0,0,0,0,0,0,0,1000010,1000000,1000000,1000000,10,0
24,459095000,459488000,1000000,1000000,3525000,3918000,100652000,100652000,3918000,3918000,350000000,350000000,353918000,353918000,358443000,358836000,1000000,1000000,3525000,3918000,0,0,3918000,3918000,350000000,350000000,353918000,353918000,1000010,1000000,1000000,1000000,10,0
54,343580000,345508000,1000000,1000000,0,1928000,100652000,100652000,1928000,1928000,240000000,240000000,241928000,241928000,242928000,244856000,1000000,1000000,0,1928000,0,0,1928000,1928000,240000000,240000000,241928000,241928000,1000010,7096050,1000000,1000000,10,6096050
84,106191000,207281000,1000000,1000000,4539000,4977000,100652000,201304000,0,0,0,0,0,0,5539000,5977000,1000000,1000000,4539000,4977000,0,0,0,0,0,0,0,0,1000010,1000000,1000000,1000000,10,0
25,458927000,459152000,1000000,1000000,3525000,3750000,100652000,100652000,3750000,3750000,350000000,350000000,353750000,353750000,358275000,358500000,1000000,1000000,3525000,3750000,0,0,3750000,3750000,350000000,350000000,353750000,353750000,1000010,1000000,1000000,1000000,10,0
55,321918000,323844000,1000000,1000000,4170000,6096000,100652000,100652000,6096000,6096000,210000000,210000000,216096000,216096000,221266000,223192000,1000000,1000000,4170000,6096000,0,0,6096000,6096000,210000000,210000000,216096000,216096000,1000010,4392020,1000000,1000000,10,3392020
85,531204000,733010000,1000000,1000000,4525000,5027000,100652000,301956000,5027000,5027000,420000000,420000000,425027000,425027000,430552000,431054000,1000000,1000000,4525000,5027000,0,0,5027000,5027000,420000000,420000000,425027000,425027000,1000010,2499010,1000000,1000000,10,1499010
26,229152000,229320000,1000000,1000000,3750000,3918000,100652000,100652000,3750000,3750000,120000000,120000000,123750000,123750000,128500000,128668000,1000000,1000000,3750000,3918000,0,0,3750000,3750000,120000000,120000000,123750000,123750000,1000010,1000000,1000000,1000000,10,0
56,292462000,293153000,1000000,1000000,5405000,6096000,100652000,100652000,5405000,5405000,180000000,180000000,185405000,185405000,191810000,192501000,1000000,1000000,5405000,6096000,0,0,5405000,5405000,180000000,180000000,185405000,185405000,1000010,8599030,1000000,1000000,10,7599030
86,540565000,843598000,1000000,1000000,3918000,4995000,100652000,402608000,4995000,4995000,430000000,430000000,434995000,434995000,439913000,440990000,1000000,1000000,3918000,4995000,0,0,4995000,4995000,430000000,430000000,434995000,434995000,1000010,2412010,1000000,1000000,10,1412010
27,105570000,105874000,1000000,1000000,3918000,4222000,100652000,100652000,0,0,0,0,0,0,4918000,5222000,1000000,1000000,3918000,4222000,0,0,0,0,0,0,0,0,1000010,1000000,1000000,1000000,10,0
57,302338000,302400000,1000000,1000000,5343000,5405000,100652000,100652000,5343000,5343000,190000000,190000000,195343000,195343000,201686000,201748000,1000000,1000000,5343000,5405000,0,0,5343000,5343000,190000000,190000000,195343000,195343000,1000010,9462040,1000000,1000000,10,8462040
87,132735000,335770000,1000000,1000000,4676000,6407000,100652000,301956000,6407000,6407000,20000000,20000000,26407000,26407000,32083000,33814000,1000000,1000000,4676000,6407000,0,0,6407000,6407000,20000000,20000000,26407000,26407000,1000010,1000000,1000000,1000000,10,0
28,520095000,521204000,1000000,1000000,3918000,4525000,100652000,100652000,4525000,5027000,410000000,410000000,414525000,415027000,419443000,420552000,1000000,1000000,3918000,4525000,0,0,4525000,5027000,410000000,410000000,414525000,415027000,1000010,1502020,1000000,1000000,10,502020
58,364169000,376467000,1000000,1000000,896000,1621000,100652000,100652000,1621000,3194000,260000000,270000000,261621000,273194000,263517000,275815000,1000000,1000000,896000,1621000,0,0,1621000,3194000,260000000,270000000,261621000,273194000,1000010,8190030,1000000,1000000,10,7190030
88,520246000,622007000,1000000,1000000,3918000,4676000,100652000,201304000,4676000,5027000,410000000,410000000,414676000,415027000,419594000,420703000,1000000,1000000,3918000,4676000,0,0,4676000,5027000,410000000,410000000,414676000,415027000,1000010,1351010,1000000,1000000,10,351010
29,520320000,522809000,1000000,1000000,3918000,4750000,100652000,100652000,4750000,6407000,410000000,410000000,414750000,416407000,419668000,422157000,1000000,1000000,3918000,4750000,0,0,4750000,6407000,410000000,410000000,414750000,416407000,1000010,2657020,1000000,1000000,10,1657020
59,561449000,562906000,1000000,1000000,4170000,5627000,100652000,100652000,5627000,5627000,450000000,450000000,455627000,455627000,460797000,462254000,1000000,1000000,4170000,5627000,0,0,5627000,5627000,450000000,450000000,455627000,455627000,1000010,8094030,1000000,1000000,10,7094030
89,106647000,208711000,1000000,1000000,4995000,6407000,100652000,201304000,0,0,0,0,0,0,5995000,7407000,1000000,1000000,4995000,6407000,0,0,0,0,0,0,0,0,1000010,1000000,1000000,1000000,10,0
30,105874000,106191000,1000000,1000000,4222000,4539000,100652000,100652000,0,0,0,0,0,0,5222000,5539000,1000000,1000000,4222000,4539000,0,0,0,0,0,0,0,0,1000010,1000000,1000000,1000000,10,0
60,149818000,151362000,1000000,1000000,4083000,5627000,100652000,100652000,4083000,4083000,40000000,40000000,44083000,44083000,49166000,50710000,1000000,1000000,4083000,5627000,0,0,4083000,4083000,40000000,40000000,44083000,44083000,1000010,8610020,1000000,1000000,10,7610020
90,542809000,846422000,1000000,1000000,4750000,6407000,100652000,402608000,6407000,6407000,430000000,430000000,436407000,436407000,442157000,443814000,1000000,1000000,4750000,6407000,0,0,6407000,6407000,430000000,430000000,436407000,436407000,1000010,1832010,1000000,1000000,10,832010
