,ssdn_lo,ssdn_hi,ssdn_detection_lo,ssdn_detection_hi,ssdn_notification_lo,ssdn_notification_hi,ssdn_computation_lo,ssdn_computation_hi,ssdn_transference_lo,ssdn_transference_hi,ssdn_installation_lo,ssdn_installation_hi,ssdn_update_lo,ssdn_update_hi,pcsdn_lo,pcsdn_hi,pcsdn_detection_lo,pcsdn_detection_hi,pcsdn_notification_lo,pcsdn_notification_hi,pcsdn_computation_lo,pcsdn_computation_hi,pcsdn_transference_lo,pcsdn_transference_hi,pcsdn_installation_lo,pcsdn_installation_hi,pcsdn_update_lo,pcsdn_update_hi,felix_lo,felix_hi,felix_detection_lo,felix_detection_hi,felix_coordination_lo,felix_coordination_hi
1,2111058000,2111883000,1000000,1000000,2919000,3744000,263395000,263395000,3744000,3744000,1840000000,1840000000,1843744000,1843744000,1847663000,1848488000,1000000,1000000,2919000,3744000,0,0,3744000,3744000,1840000000,1840000000,1843744000,1843744000,1000010,2650020,1000000,1000000,10,1650020
31,2012155000,3686075000,1000000,1000000,13135000,14625000,263395000,263395000,14625000,17055000,1720000000,3390000000,1734625000,3407055000,1748760000,3422680000,1000000,1000000,13135000,14625000,0,0,14625000,17055000,1720000000,3390000000,1734625000,3407055000,1000010,5278060,1000000,1000000,10,4278060
61,1136596000,1136909000,1000000,1000000,10944000,11257000,263395000,263395000,11257000,11257000,850000000,850000000,861257000,861257000,873201000,873514000,1000000,1000000,10944000,11257000,0,0,11257000,11257000,850000000,850000000,861257000,861257000,1000010,13063070,1000000,1000000,10,12063070
91,2151970000,2152123000,1000000,1000000,3711000,3864000,263395000,263395000,3864000,3864000,1880000000,1880000000,1883864000,1883864000,1888575000,1888728000,1000000,1000000,3711000,3864000,0,0,3864000,3864000,1880000000,1880000000,1883864000,1883864000,1000010,5682130,1000000,1000000,10,4682130
121,2177348000,2177703000,1000000,1000000,1299000,1654000,263395000,263395000,1654000,1654000,1910000000,1910000000,1911654000,1911654000,1913953000,1914308000,1000000,1000000,1299000,1654000,0,0,1654000,1654000,1910000000,1910000000,1911654000,1911654000,1000010,4228120,1000000,1000000,10,3228120
151,282604000,283222000,1000000,1000000,18209000,18827000,263395000,263395000,0,0,0,0,0,0,19209000,19827000,1000000,1000000,18209000,18827000,0,0,0,0,0,0,0,0,1000010,1000000,1000000,1000000,10,0
181,1846114000,3248470000,1000000,1000000,15549000,16170000,263395000,263395000,16170000,17905000,1550000000,2950000000,1566170000,2967905000,1582719000,2985075000,1000000,1000000,15549000,16170000,0,0,16170000,17905000,1550000000,2950000000,1566170000,2967905000,1000010,6446070,1000000,1000000,10,5446070
211,275113000,275170000,1000000,1000000,10718000,10775000,263395000,263395000,0,0,0,0,0,0,11718000,11775000,1000000,1000000,10718000,10775000,0,0,0,0,0,0,0,0,1000010,1000000,1000000,1000000,10,0
241,267252000,267674000,1000000,1000000,2857000,3279000,263395000,263395000,0,0,0,0,0,0,3857000,4279000,1000000,1000000,2857000,3279000,0,0,0,0,0,0,0,0,1000010,1000000,1000000,1000000,10,0
271,266170000,529998000,1000000,1000000,1775000,2208000,263395000,526790000,0,0,0,0,0,0,2775000,3208000,1000000,1000000,1775000,2208000,0,0,0,0,0,0,0,0,1000010,1000000,1000000,1000000,10,0
301,1931342000,2195374000,1000000,1000000,3155000,3792000,263395000,526790000,3792000,3792000,1660000000,1660000000,1663792000,1663792000,1667947000,1668584000,1000000,1000000,3155000,3792000,0,0,3792000,3792000,1660000000,1660000000,1663792000,1663792000,1000010,5355140,1000000,1000000,10,4355140
331,1992783000,2520465000,1000000,1000000,13748000,14640000,263395000,790185000,14640000,14640000,1700000000,1700000000,1714640000,1714640000,1729388000,1730280000,1000000,1000000,13748000,14640000,0,0,14640000,14640000,1700000000,1700000000,1714640000,1714640000,1000010,16225120,1000000,1000000,10,15225120
361,2203005000,2466770000,1000000,1000000,4120000,4490000,263395000,526790000,4490000,4490000,1930000000,1930000000,1934490000,1934490000,1939610000,1939980000,1000000,1000000,4120000,4490000,0,0,4490000,4490000,1930000000,1930000000,1934490000,1934490000,1000010,1825010,1000000,1000000,10,825010
391,306423000,834038000,1000000,1000000,978000,1803000,263395000,790185000,1050000,1050000,40000000,40000000,41050000,41050000,43028000,43853000,1000000,1000000,978000,1803000,0,0,1050000,1050000,40000000,40000000,41050000,41050000,1000010,1000000,1000000,1000000,10,0
421,264933000,792988000,1000000,1000000,538000,1803000,263395000,790185000,0,0,0,0,0,0,1538000,2803000,1000000,1000000,538000,1803000,0,0,0,0,0,0,0,0,1000010,1000000,1000000,1000000,10,0
2,2119802000,2120233000,1000000,1000000,2488000,2919000,263395000,263395000,2919000,2919000,1850000000,1850000000,1852919000,1852919000,1856407000,1856838000,1000000,1000000,2488000,2919000,0,0,2919000,2919000,1850000000,1850000000,1852919000,1852919000,1000010,2950020,1000000,1000000,10,1950020
32,1800016000,3215739000,1000000,1000000,12486000,13135000,263395000,263395000,13135000,18209000,1510000000,2920000000,1523135000,2938209000,1536621000,2952344000,1000000,1000000,12486000,13135000,0,0,13135000,18209000,1510000000,2920000000,1523135000,2938209000,1000010,6074070,1000000,1000000,10,5074070
62,1105814000,1706514000,1000000,1000000,10475000,10944000,263395000,263395000,10944000,11175000,820000000,1420000000,830944000,1431175000,842419000,1443119000,1000000,1000000,10475000,10944000,0,0,10944000,11175000,820000000,1420000000,830944000,1431175000,1000010,13215100,1000000,1000000,10,12215100
92,2025337000,2025539000,1000000,1000000,15370000,15572000,263395000,263395000,15572000,15572000,1730000000,1730000000,1745572000,1745572000,1761942000,1762144000,1000000,1000000,15370000,15572000,0,0,15572000,15572000,1730000000,1730000000,1745572000,1745572000,1000010,6112070,1000000,1000000,10,5112070
122,1986644000,3688016000,1000000,1000000,950000,1299000,263395000,263395000,1299000,2322000,1720000000,3420000000,1721299000,3422322000,1723249000,3424621000,1000000,1000000,950000,1299000,0,0,1299000,2322000,1720000000,3420000000,1721299000,3422322000,1000010,3879110,1000000,1000000,10,2879110
152,680739000,680813000,1000000,1000000,18135000,18209000,263395000,263395000,18209000,18209000,380000000,380000000,398209000,398209000,417344000,417418000,1000000,1000000,18135000,18209000,0,0,18209000,18209000,380000000,380000000,398209000,398209000,1000010,9629120,1000000,1000000,10,8629120
182,1994743000,3237849000,1000000,1000000,14799000,15549000,263395000,263395000,15549000,17905000,1700000000,2940000000,1715549000,2957905000,1731348000,2974454000,1000000,1000000,14799000,15549000,0,0,15549000,17905000,1700000000,2940000000,1715549000,2957905000,1000010,6699080,1000000,1000000,10,5699080
212,1491521000,1500027000,1000000,1000000,9310000,17816000,263395000,263395000,17816000,17816000,1200000000,1200000000,1217816000,1217816000,1228126000,1236632000,1000000,1000000,9310000,17816000,0,0,17816000,17816000,1200000000,1200000000,1217816000,1217816000,1000010,9772010,1000000,1000000,10,8772010
242,266818000,267252000,1000000,1000000,2423000,2857000,263395000,263395000,0,0,0,0,0,0,3423000,3857000,1000000,1000000,2423000,2857000,0,0,0,0,0,0,0,0,1000010,1000000,1000000,1000000,10,0
272,2129027000,3277753000,1000000,1000000,1775000,2857000,263395000,790185000,2857000,3711000,1860000000,2480000000,1862857000,2483711000,1865632000,2487568000,1000000,1000000,1775000,2857000,0,0,2857000,3711000,1860000000,2480000000,1862857000,2483711000,1000010,4704140,1000000,1000000,10,3704140
302,2141572000,2405518000,1000000,1000000,3313000,3864000,263395000,526790000,3864000,3864000,1870000000,1870000000,1873864000,1873864000,1878177000,1878728000,1000000,1000000,3313000,3864000,0,0,3864000,3864000,1870000000,1870000000,1873864000,1873864000,1000010,5284120,1000000,1000000,10,4284120
332,2001462000,2265966000,1000000,1000000,12979000,14088000,263395000,526790000,14088000,14088000,1710000000,1710000000,1724088000,1724088000,1738067000,1739176000,1000000,1000000,12979000,14088000,0,0,14088000,14088000,1710000000,1710000000,1724088000,1724088000,1000010,15456110,1000000,1000000,10,14456110
362,2192730000,2456550000,1000000,1000000,4065000,4270000,263395000,526790000,4270000,4490000,1920000000,1920000000,1924270000,1924490000,1929335000,1929760000,1000000,1000000,4065000,4270000,0,0,4270000,4490000,1920000000,1920000000,1924270000,1924490000,1000010,2045020,1000000,1000000,10,1045020
392,1647481000,2175921000,1000000,1000000,10718000,12368000,263395000,790185000,12368000,12368000,1360000000,1360000000,1372368000,1372368000,1384086000,1385736000,1000000,1000000,10718000,12368000,0,0,12368000,12368000,1360000000,1360000000,1372368000,1372368000,1000010,13195080,1000000,1000000,10,12195080
422,281745000,282138000,1000000,1000000,17350000,17743000,263395000,263395000,0,0,0,0,0,0,18350000,18743000,1000000,1000000,17350000,17743000,0,0,0,0,0,0,0,0,1000010,1000000,1000000,1000000,10,0
3,2100170000,2102235000,1000000,1000000,2215000,3560000,263395000,263395000,3560000,4280000,1830000000,1830000000,1833560000,1834280000,1836775000,1838840000,1000000,1000000,2215000,3560000,0,0,3560000,4280000,1830000000,1830000000,1833560000,1834280000,1000010,1720020,1000000,1000000,10,720020
33,277009000,277343000,1000000,1000000,12614000,12948000,263395000,263395000,0,0,0,0,0,0,13614000,13948000,1000000,1000000,12614000,12948000,0,0,0,0,0,0,0,0,1000010,1000000,1000000,1000000,10,0
63,1654643000,1655345000,1000000,1000000,9773000,10475000,263395000,263395000,10475000,10475000,1370000000,1370000000,1380475000,1380475000,1391248000,1391950000,1000000,1000000,9773000,10475000,0,0,10475000,10475000,1370000000,1370000000,1380475000,1380475000,1000010,12513110,1000000,1000000,10,11513110
93,2014738000,2015337000,1000000,1000000,14973000,15370000,263395000,263395000,15370000,15572000,1720000000,1720000000,1735370000,1735572000,1751343000,1751942000,1000000,1000000,14973000,15370000,0,0,15370000,15572000,1720000000,1720000000,1735370000,1735572000,1000010,5753070,1000000,1000000,10,4753070
123,279035000,279149000,1000000,1000000,14640000,14754000,263395000,263395000,0,0,0,0,0,0,15640000,15754000,1000000,1000000,14640000,14754000,0,0,0,0,0,0,0,0,1000010,1000000,1000000,1000000,10,0
153,2160435000,2160665000,1000000,1000000,17905000,18135000,263395000,263395000,18135000,18135000,1860000000,1860000000,1878135000,1878135000,1897040000,1897270000,1000000,1000000,17905000,18135000,0,0,18135000,18135000,1860000000,1860000000,1878135000,1878135000,1000010,9399110,1000000,1000000,10,8399110
183,2083819000,3227099000,1000000,1000000,14625000,14799000,263395000,263395000,14799000,17905000,1790000000,2930000000,1804799000,2947905000,1820424000,2963704000,1000000,1000000,14625000,14799000,0,0,14799000,17905000,1790000000,2930000000,1804799000,2947905000,1000010,6768070,1000000,1000000,10,5768070
213,1453130000,1453245000,1000000,1000000,9310000,9425000,263395000,263395000,9425000,9425000,1170000000,1170000000,1179425000,1179425000,1189735000,1189850000,1000000,1000000,9310000,9425000,0,0,9425000,9425000,1170000000,1170000000,1179425000,1179425000,1000010,13838060,1000000,1000000,10,12838060
243,1051984000,1060027000,1000000,1000000,9773000,17816000,263395000,263395000,17816000,17816000,760000000,760000000,777816000,777816000,788589000,796632000,1000000,1000000,9773000,17816000,0,0,17816000,17816000,760000000,760000000,777816000,777816000,1000010,1000000,1000000,1000000,10,0
273,2027469000,2292343000,1000000,1000000,1299000,1775000,263395000,526790000,1775000,2778000,1760000000,1760000000,1761775000,1762778000,1764074000,1765553000,1000000,1000000,1299000,1775000,0,0,1775000,2778000,1760000000,1760000000,1761775000,1762778000,1000010,4228120,1000000,1000000,10,3228120
303,551898000,815446000,1000000,1000000,3711000,3864000,263395000,526790000,3792000,3792000,280000000,280000000,283792000,283792000,288503000,288656000,1000000,1000000,3711000,3864000,0,0,3792000,3792000,280000000,280000000,283792000,283792000,1000010,4569080,1000000,1000000,10,3569080
333,960620000,1225334000,1000000,1000000,12453000,13772000,263395000,526790000,13772000,13772000,670000000,670000000,683772000,683772000,697225000,698544000,1000000,1000000,12453000,13772000,0,0,13772000,13772000,670000000,670000000,683772000,683772000,1000010,13453060,1000000,1000000,10,12453060
363,292524000,556744000,1000000,1000000,3744000,4569000,263395000,526790000,4385000,4385000,20000000,20000000,24385000,24385000,29129000,29954000,1000000,1000000,3744000,4569000,0,0,4385000,4385000,20000000,20000000,24385000,24385000,1000010,1000000,1000000,1000000,10,0
393,531683000,1059737000,1000000,1000000,13516000,14780000,263395000,790185000,13772000,13772000,240000000,240000000,253772000,253772000,268288000,269552000,1000000,1000000,13516000,14780000,0,0,13772000,13772000,240000000,240000000,253772000,253772000,1000010,6788080,1000000,1000000,10,5788080
423,377239000,905350000,1000000,1000000,16422000,17743000,263395000,790185000,16422000,16422000,80000000,80000000,96422000,96422000,113844000,115165000,1000000,1000000,16422000,17743000,0,0,16422000,16422000,80000000,80000000,96422000,96422000,1000010,1000000,1000000,1000000,10,0
4,381699000,381883000,1000000,1000000,3560000,3744000,263395000,263395000,3744000,3744000,110000000,110000000,113744000,113744000,118304000,118488000,1000000,1000000,3560000,3744000,0,0,3744000,3744000,110000000,110000000,113744000,113744000,1000010,2461020,1000000,1000000,10,1461020
34,1768881000,1769301000,1000000,1000000,12033000,12453000,263395000,263395000,12453000,12453000,1480000000,1480000000,1492453000,1492453000,1505486000,1505906000,1000000,1000000,12033000,12453000,0,0,12453000,12453000,1480000000,1480000000,1492453000,1492453000,1000010,14773120,1000000,1000000,10,13773120
64,1514209000,1515545000,1000000,1000000,9239000,10575000,263395000,263395000,10575000,10575000,1230000000,1230000000,1240575000,1240575000,1250814000,1252150000,1000000,1000000,9239000,10575000,0,0,10575000,10575000,1230000000,1230000000,1240575000,1240575000,1000010,1600010,1000000,1000000,10,600010
94,616137000,638774000,1000000,1000000,15572000,16170000,263395000,263395000,16170000,18209000,320000000,340000000,336170000,358209000,352742000,375379000,1000000,1000000,15572000,16170000,0,0,16170000,18209000,320000000,340000000,336170000,358209000,1000010,6314080,1000000,1000000,10,5314080
124,533335000,533675000,1000000,1000000,14300000,14640000,263395000,263395000,14640000,14640000,240000000,240000000,254640000,254640000,269940000,270280000,1000000,1000000,14300000,14640000,0,0,14640000,14640000,240000000,240000000,254640000,254640000,1000010,8771110,1000000,1000000,10,7771110
154,2009041000,2009149000,1000000,1000000,17269000,17377000,263395000,263395000,17377000,17377000,1710000000,1710000000,1727377000,1727377000,1745646000,1745754000,1000000,1000000,17269000,17377000,0,0,17377000,17377000,1710000000,1710000000,1727377000,1727377000,1000010,9169110,1000000,1000000,10,8169110
184,1507973000,1508253000,1000000,1000000,1649000,1929000,263395000,263395000,1929000,1929000,1240000000,1240000000,1241929000,1241929000,1244578000,1244858000,1000000,1000000,1649000,1929000,0,0,1929000,1929000,1240000000,1240000000,1241929000,1241929000,1000010,16801140,1000000,1000000,10,15801140
214,784243000,1143130000,1000000,1000000,538000,9310000,263395000,263395000,9310000,9425000,510000000,860000000,519310000,869425000,520848000,879735000,1000000,1000000,538000,9310000,0,0,9310000,9425000,510000000,860000000,519310000,869425000,1000010,9506010,1000000,1000000,10,8506010
244,2100627000,2365278000,1000000,1000000,2488000,3744000,263395000,526790000,3744000,3744000,1830000000,1830000000,1833744000,1833744000,1837232000,1838488000,1000000,1000000,2488000,3744000,0,0,3744000,3744000,1830000000,1830000000,1833744000,1833744000,1000010,1273010,1000000,1000000,10,273010
274,1867715000,2395251000,1000000,1000000,11287000,12033000,263395000,790185000,12033000,12033000,1580000000,1580000000,1592033000,1592033000,1604320000,1605066000,1000000,1000000,11287000,12033000,0,0,12033000,12033000,1580000000,1580000000,1592033000,1592033000,1000010,14027100,1000000,1000000,10,13027100
304,2014940000,2278934000,1000000,1000000,14973000,15572000,263395000,526790000,15572000,15572000,1720000000,1720000000,1735572000,1735572000,1751545000,1752144000,1000000,1000000,14973000,15572000,0,0,15572000,15572000,1720000000,1720000000,1735572000,1735572000,1000010,5715060,1000000,1000000,10,4715060
334,267267000,268092000,1000000,1000000,2872000,3697000,263395000,263395000,0,0,0,0,0,0,3872000,4697000,1000000,1000000,2872000,3697000,0,0,0,0,0,0,0,0,1000010,1000000,1000000,1000000,10,0
364,303050000,566665000,1000000,1000000,4270000,4490000,263395000,526790000,4385000,4385000,30000000,30000000,34385000,34385000,39655000,39875000,1000000,1000000,4270000,4490000,0,0,4385000,4385000,30000000,30000000,34385000,34385000,1000010,1205020,1000000,1000000,10,205020
394,1271683000,1799867000,1000000,1000000,12947000,14341000,263395000,790185000,14341000,14341000,980000000,980000000,994341000,994341000,1008288000,1009682000,1000000,1000000,12947000,14341000,0,0,14341000,14341000,980000000,980000000,994341000,994341000,1000010,14778080,1000000,1000000,10,13778080
424,282604000,283222000,1000000,1000000,18209000,18827000,263395000,263395000,0,0,0,0,0,0,19209000,19827000,1000000,1000000,18209000,18827000,0,0,0,0,0,0,0,0,1000010,1000000,1000000,1000000,10,0
5,2201836000,2202556000,1000000,1000000,3560000,3881000,263395000,263395000,3881000,4280000,1930000000,1930000000,1933881000,1934280000,1938441000,1939161000,1000000,1000000,3560000,3881000,0,0,3881000,4280000,1930000000,1930000000,1933881000,1934280000,1000010,2650020,1000000,1000000,10,1650020
35,1878170000,1878461000,1000000,1000000,11742000,12033000,263395000,263395000,12033000,12033000,1590000000,1590000000,1602033000,1602033000,1614775000,1615066000,1000000,1000000,11742000,12033000,0,0,12033000,12033000,1590000000,1590000000,1602033000,1602033000,1000010,14482110,1000000,1000000,10,13482110
65,299423000,299525000,1000000,1000000,2514000,2616000,263395000,263395000,2514000,2514000,30000000,30000000,32514000,32514000,36028000,36130000,1000000,1000000,2514000,2616000,0,0,2514000,2514000,30000000,30000000,32514000,32514000,1000010,1000000,1000000,1000000,10,0
95,279967000,280363000,1000000,1000000,15572000,15968000,263395000,263395000,0,0,0,0,0,0,16572000,16968000,1000000,1000000,15572000,15968000,0,0,0,0,0,0,0,0,1000010,1000000,1000000,1000000,10,0
125,2003123000,2003675000,1000000,1000000,14088000,14640000,263395000,263395000,14640000,14640000,1710000000,1710000000,1724640000,1724640000,1739728000,1740280000,1000000,1000000,14088000,14640000,0,0,14640000,14640000,1710000000,1710000000,1724640000,1724640000,1000010,8860110,1000000,1000000,10,7860110
155,2048906000,2048933000,1000000,1000000,17242000,17269000,263395000,263395000,17269000,17269000,1750000000,1750000000,1767269000,1767269000,1785511000,1785538000,1000000,1000000,17242000,17269000,0,0,17269000,17269000,1750000000,1750000000,1767269000,1767269000,1000010,9385100,1000000,1000000,10,8385100
185,1737480000,1737609000,1000000,1000000,1478000,1607000,263395000,263395000,1607000,1607000,1470000000,1470000000,1471607000,1471607000,1474085000,1474214000,1000000,1000000,1478000,1607000,0,0,1607000,1607000,1470000000,1470000000,1471607000,1471607000,1000010,13126070,1000000,1000000,10,12126070
215,1073245000,1113462000,1000000,1000000,9425000,9757000,263395000,263395000,9425000,9310000,790000000,830000000,799425000,839310000,809850000,850067000,1000000,1000000,9425000,9757000,0,0,9425000,9310000,790000000,830000000,799425000,839310000,1000010,13953060,1000000,1000000,10,12953060
245,2190491000,3246640000,1000000,1000000,2215000,4385000,263395000,1316975000,3881000,4280000,1920000000,1920000000,1923881000,1924280000,1927096000,1929665000,1000000,1000000,2215000,4385000,0,0,3881000,4280000,1920000000,1920000000,1923881000,1924280000,1000010,2140020,1000000,1000000,10,1140020
275,275339000,275926000,1000000,1000000,10944000,11531000,263395000,263395000,0,0,0,0,0,0,11944000,12531000,1000000,1000000,10944000,11531000,0,0,0,0,0,0,0,0,1000010,1000000,1000000,1000000,10,0
305,545935000,1095564000,1000000,1000000,15370000,16170000,263395000,790185000,16170000,18209000,250000000,270000000,266170000,288209000,282540000,305379000,1000000,1000000,15370000,16170000,0,0,16170000,18209000,250000000,270000000,266170000,288209000,1000010,6112070,1000000,1000000,10,5112070
335,1546968000,1810728000,1000000,1000000,1104000,1469000,263395000,526790000,1469000,1469000,1280000000,1280000000,1281469000,1281469000,1283573000,1283938000,1000000,1000000,1104000,1469000,0,0,1469000,1469000,1280000000,1280000000,1281469000,1281469000,1000010,12820050,1000000,1000000,10,11820050
365,280363000,544449000,1000000,1000000,15968000,16659000,263395000,526790000,0,0,0,0,0,0,16968000,17659000,1000000,1000000,15968000,16659000,0,0,0,0,0,0,0,0,1000010,1000000,1000000,1000000,10,0
395,275458000,275664000,1000000,1000000,11063000,11269000,263395000,263395000,0,0,0,0,0,0,12063000,12269000,1000000,1000000,11063000,11269000,0,0,0,0,0,0,0,0,1000010,1000000,1000000,1000000,10,0
425,1495508000,2295730000,1000000,1000000,538000,10575000,263395000,1053580000,10575000,10575000,1220000000,1220000000,1230575000,1230575000,1232113000,1242150000,1000000,1000000,538000,10575000,0,0,10575000,10575000,1220000000,1220000000,1230575000,1230575000,1000010,6007090,1000000,1000000,10,5007090
6,2191860000,2192205000,1000000,1000000,3560000,3905000,263395000,263395000,3905000,3905000,1920000000,1920000000,1923905000,1923905000,1928465000,1928810000,1000000,1000000,3560000,3905000,0,0,3905000,3905000,1920000000,1920000000,1923905000,1923905000,1000010,2650020,1000000,1000000,10,1650020
36,2219795000,2220289000,1000000,1000000,12453000,12947000,263395000,263395000,12947000,12947000,1930000000,1930000000,1942947000,1942947000,1956400000,1956894000,1000000,1000000,12453000,12947000,0,0,12947000,12947000,1930000000,1930000000,1942947000,1942947000,1000010,15193120,1000000,1000000,10,14193120
66,2198614000,2199423000,1000000,1000000,1705000,2514000,263395000,263395000,2514000,2514000,1930000000,1930000000,1932514000,1932514000,1935219000,1936028000,1000000,1000000,1705000,2514000,0,0,2514000,2514000,1930000000,1930000000,1932514000,1932514000,1000010,1052010,1000000,1000000,10,52010
96,1823130000,1823955000,1000000,1000000,13955000,14780000,263395000,263395000,14780000,14780000,1530000000,1530000000,1544780000,1544780000,1559735000,1560560000,1000000,1000000,13955000,14780000,0,0,14780000,14780000,1530000000,1530000000,1544780000,1544780000,1000010,16387120,1000000,1000000,10,15387120
126,2031122000,2031891000,1000000,1000000,12979000,13748000,263395000,263395000,13748000,13748000,1740000000,1740000000,1753748000,1753748000,1767727000,1768496000,1000000,1000000,12979000,13748000,0,0,13748000,13748000,1740000000,1740000000,1753748000,1753748000,1000010,15456110,1000000,1000000,10,14456110
156,2058692000,2058879000,1000000,1000000,17055000,17242000,263395000,263395000,17242000,17242000,1760000000,1760000000,1777242000,1777242000,1795297000,1795484000,1000000,1000000,17055000,17242000,0,0,17242000,17242000,1760000000,1760000000,1777242000,1777242000,1000010,9198090,1000000,1000000,10,8198090
186,897112000,897379000,1000000,1000000,1225000,1492000,263395000,263395000,1492000,1492000,630000000,630000000,631492000,631492000,633717000,633984000,1000000,1000000,1225000,1492000,0,0,1492000,1492000,630000000,630000000,631492000,631492000,1000010,1825010,1000000,1000000,10,825010
216,1483909000,1483971000,1000000,1000000,9757000,9819000,263395000,263395000,9757000,9757000,1200000000,1200000000,1209757000,1209757000,1220514000,1220576000,1000000,1000000,9757000,9819000,0,0,9757000,9757000,1200000000,1200000000,1209757000,1209757000,1000010,12091060,1000000,1000000,10,11091060
246,2196553000,2460276000,1000000,1000000,915000,1243000,263395000,526790000,1243000,1243000,1930000000,1930000000,1931243000,1931243000,1933158000,1933486000,1000000,1000000,915000,1243000,0,0,1243000,1243000,1930000000,1930000000,1931243000,1931243000,1000010,12563040,1000000,1000000,10,11563040
276,1676924000,2204355000,1000000,1000000,10944000,11585000,263395000,790185000,11585000,11585000,1390000000,1390000000,1401585000,1401585000,1413529000,1414170000,1000000,1000000,10944000,11585000,0,0,11585000,11585000,1390000000,1390000000,1401585000,1401585000,1000010,3138040,1000000,1000000,10,2138040
306,1812691000,2340745000,1000000,1000000,13516000,14780000,263395000,790185000,14780000,14780000,1520000000,1520000000,1534780000,1534780000,1549296000,1550560000,1000000,1000000,13516000,14780000,0,0,14780000,14780000,1520000000,1520000000,1534780000,1534780000,1000010,15948110,1000000,1000000,10,14948110
336,2586408000,3377716000,1000000,1000000,445000,1568000,263395000,1053580000,1568000,1568000,2320000000,2320000000,2321568000,2321568000,2323013000,2324136000,1000000,1000000,445000,1568000,0,0,1568000,1568000,2320000000,2320000000,2321568000,2321568000,1000010,12161040,1000000,1000000,10,11161040
366,279967000,544083000,1000000,1000000,15572000,16293000,263395000,526790000,0,0,0,0,0,0,16572000,17293000,1000000,1000000,15572000,16293000,0,0,0,0,0,0,0,0,1000010,1000000,1000000,1000000,10,0
396,956225000,1900190000,1000000,1000000,915000,11269000,263395000,1053580000,915000,14341000,690000000,820000000,690915000,834341000,692830000,846610000,1000000,1000000,915000,11269000,0,0,915000,14341000,690000000,820000000,690915000,834341000,1000010,5011060,1000000,1000000,10,4011060
426,267675000,267816000,1000000,1000000,3280000,3421000,263395000,263395000,0,0,0,0,0,0,4280000,4421000,1000000,1000000,3280000,3421000,0,0,0,0,0,0,0,0,1000010,1000000,1000000,1000000,10,0
7,2182340000,2183165000,1000000,1000000,3560000,4385000,263395000,263395000,4385000,4385000,1910000000,1910000000,1914385000,1914385000,1918945000,1919770000,1000000,1000000,3560000,4385000,0,0,4385000,4385000,1910000000,1910000000,1914385000,1914385000,1000010,2618020,1000000,1000000,10,1618020
37,1879831000,1880361000,1000000,1000000,12453000,12983000,263395000,263395000,12983000,12983000,1590000000,1590000000,1602983000,1602983000,1616436000,1616966000,1000000,1000000,12453000,12983000,0,0,12983000,12983000,1590000000,1590000000,1602983000,1602983000,1000010,15193120,1000000,1000000,10,14193120
67,2198768000,2199627000,1000000,1000000,1757000,2616000,263395000,263395000,2616000,2616000,1930000000,1930000000,1932616000,1932616000,1935373000,1936232000,1000000,1000000,1757000,2616000,0,0,2616000,2616000,1930000000,1930000000,1932616000,1932616000,1000010,1052010,1000000,1000000,10,52010
97,652650000,652995000,1000000,1000000,13955000,14300000,263395000,263395000,14300000,14300000,360000000,360000000,374300000,374300000,389255000,389600000,1000000,1000000,13955000,14300000,0,0,14300000,14300000,360000000,360000000,374300000,374300000,1000010,7586090,1000000,1000000,10,6586090
127,1289742000,1290353000,1000000,1000000,12368000,12979000,263395000,263395000,12979000,12979000,1000000000,1000000000,1012979000,1012979000,1026347000,1026958000,1000000,1000000,12368000,12979000,0,0,12979000,12979000,1000000000,1000000000,1012979000,1012979000,1000010,14845100,1000000,1000000,10,13845100
157,2157074000,2158505000,1000000,1000000,15624000,17055000,263395000,263395000,17055000,17055000,1860000000,1860000000,1877055000,1877055000,1893679000,1895110000,1000000,1000000,15624000,17055000,0,0,17055000,17055000,1860000000,1860000000,1877055000,1877055000,1000010,7767080,1000000,1000000,10,6767080
187,2178286000,2178489000,1000000,1000000,1844000,2047000,263395000,263395000,2047000,2047000,1910000000,1910000000,1912047000,1912047000,1914891000,1915094000,1000000,1000000,1844000,2047000,0,0,2047000,2047000,1910000000,1910000000,1912047000,1912047000,1000010,13492080,1000000,1000000,10,12492080
217,344752000,354033000,1000000,1000000,538000,9819000,263395000,263395000,9819000,9819000,70000000,70000000,79819000,79819000,81357000,90638000,1000000,1000000,538000,9819000,0,0,9819000,9819000,70000000,70000000,79819000,79819000,1000010,1000000,1000000,1000000,10,0
247,1676510000,2251109000,1000000,1000000,915000,1200000,263395000,526790000,1200000,2119000,1410000000,1720000000,1411200000,1722119000,1413115000,1724319000,1000000,1000000,915000,1200000,0,0,1200000,2119000,1410000000,1720000000,1411200000,1722119000,1000010,15806080,1000000,1000000,10,14806080
277,275603000,275750000,1000000,1000000,11208000,11355000,263395000,263395000,0,0,0,0,0,0,12208000,12355000,1000000,1000000,11208000,11355000,0,0,0,0,0,0,0,0,1000010,1000000,1000000,1000000,10,0
307,1981333000,2810306000,1000000,1000000,12983000,14341000,263395000,790185000,13955000,14780000,1690000000,1990000000,1703955000,2004780000,1717938000,2020121000,1000000,1000000,12983000,14341000,0,0,13955000,14780000,1690000000,1990000000,1703955000,2004780000,1000010,15723130,1000000,1000000,10,14723130
337,265499000,265794000,1000000,1000000,1104000,1399000,263395000,263395000,0,0,0,0,0,0,2104000,2399000,1000000,1000000,1104000,1399000,0,0,0,0,0,0,0,0,1000010,1000000,1000000,1000000,10,0
367,281054000,809303000,1000000,1000000,16659000,18118000,263395000,790185000,0,0,0,0,0,0,17659000,19118000,1000000,1000000,16659000,18118000,0,0,0,0,0,0,0,0,1000010,1000000,1000000,1000000,10,0
397,1386370000,1913699000,1000000,1000000,10718000,11257000,263395000,790185000,11257000,11257000,1100000000,1100000000,1111257000,1111257000,1122975000,1123514000,1000000,1000000,10718000,11257000,0,0,11257000,11257000,1100000000,1100000000,1111257000,1111257000,1000010,12850060,1000000,1000000,10,11850060
427,2185062000,5664595000,1000000,1000000,0,10718000,263395000,2370555000,667000,2322000,1920000000,3280000000,1920667000,3282322000,1921667000,3294040000,1000000,1000000,0,10718000,0,0,667000,2322000,1920000000,3280000000,1920667000,3282322000,1000010,4911050,1000000,1000000,10,3911050
8,2206611000,2206881000,1000000,1000000,973000,1243000,263395000,263395000,1243000,1243000,1940000000,1940000000,1941243000,1941243000,1943216000,1943486000,1000000,1000000,973000,1243000,0,0,1243000,1243000,1940000000,1940000000,1941243000,1941243000,1000010,12621050,1000000,1000000,10,11621050
38,1189827000,1190353000,1000000,1000000,12453000,12979000,263395000,263395000,12979000,12979000,900000000,900000000,912979000,912979000,926432000,926958000,1000000,1000000,12453000,12979000,0,0,12979000,12979000,900000000,900000000,912979000,912979000,1000010,14180070,1000000,1000000,10,13180070
68,267011000,267675000,1000000,1000000,2616000,3280000,263395000,263395000,0,0,0,0,0,0,3616000,4280000,1000000,1000000,2616000,3280000,0,0,0,0,0,0,0,0,1000010,1000000,1000000,1000000,10,0
98,1991866000,1992305000,1000000,1000000,13516000,13955000,263395000,263395000,13955000,13955000,1700000000,1700000000,1713955000,1713955000,1728471000,1728910000,1000000,1000000,13516000,13955000,0,0,13955000,13955000,1700000000,1700000000,1713955000,1713955000,1000010,16256140,1000000,1000000,10,15256140
128,1321146000,1321939000,1000000,1000000,12979000,13772000,263395000,263395000,13772000,13772000,1030000000,1030000000,1043772000,1043772000,1057751000,1058544000,1000000,1000000,12979000,13772000,0,0,13772000,13772000,1030000000,1030000000,1043772000,1043772000,1000010,15456110,1000000,1000000,10,14456110
158,388800000,389095000,1000000,1000000,17055000,17350000,263395000,263395000,17350000,17350000,90000000,90000000,107350000,107350000,125405000,125700000,1000000,1000000,17055000,17350000,0,0,17350000,17350000,90000000,90000000,107350000,107350000,1000010,3271060,1000000,1000000,10,2271060
188,3018495000,3089269000,1000000,1000000,1844000,2256000,263395000,263395000,2256000,2618000,2750000000,2820000000,2752256000,2822618000,2755100000,2825874000,1000000,1000000,1844000,2256000,0,0,2256000,2618000,2750000000,2820000000,2752256000,2822618000,1000010,6189130,1000000,1000000,10,5189130
218,1893987000,1894033000,1000000,1000000,9773000,9819000,263395000,263395000,9819000,9819000,1610000000,1610000000,1619819000,1619819000,1630592000,1630638000,1000000,1000000,9773000,9819000,0,0,9819000,9819000,1610000000,1610000000,1619819000,1619819000,1000010,2728020,1000000,1000000,10,1728020
248,1936956000,4024826000,1000000,1000000,1039000,1522000,263395000,790185000,1522000,2119000,1670000000,3230000000,1671522000,3232119000,1673561000,3234641000,1000000,1000000,1039000,1522000,0,0,1522000,2119000,1670000000,3230000000,1671522000,3232119000,1000010,15930090,1000000,1000000,10,14930090
278,275339000,275820000,1000000,1000000,10944000,11425000,263395000,263395000,0,0,0,0,0,0,11944000,12425000,1000000,1000000,10944000,11425000,0,0,0,0,0,0,0,0,1000010,1000000,1000000,1000000,10,0
308,2061367000,2852933000,1000000,1000000,12983000,14364000,263395000,1053580000,13989000,13989000,1770000000,1770000000,1783989000,1783989000,1797972000,1799353000,1000000,1000000,12983000,14364000,0,0,13989000,13989000,1770000000,1770000000,1783989000,1783989000,1000010,5605080,1000000,1000000,10,4605080
338,1558173000,1822748000,1000000,1000000,1299000,2479000,263395000,526790000,2479000,2479000,1290000000,1290000000,1292479000,1292479000,1294778000,1295958000,1000000,1000000,1299000,2479000,0,0,2479000,2479000,1290000000,1290000000,1292479000,1292479000,1000010,2906070,1000000,1000000,10,1906070
368,280688000,545392000,1000000,1000000,16293000,17602000,263395000,526790000,0,0,0,0,0,0,17293000,18602000,1000000,1000000,16293000,17602000,0,0,0,0,0,0,0,0,1000010,1000000,1000000,1000000,10,0
398,1846383000,2911061000,1000000,1000000,445000,11543000,263395000,1316975000,11543000,11543000,1570000000,1570000000,1581543000,1581543000,1582988000,1594086000,1000000,1000000,445000,11543000,0,0,11543000,11543000,1570000000,1570000000,1581543000,1581543000,1000010,4911050,1000000,1000000,10,3911050
428,915285000,1179025000,1000000,1000000,445000,790000,263395000,526790000,445000,445000,650000000,650000000,650445000,650445000,651890000,652235000,1000000,1000000,445000,790000,0,0,445000,445000,650000000,650000000,650445000,650445000,1000010,15242090,1000000,1000000,10,14242090
9,2206283000,2206341000,1000000,1000000,915000,973000,263395000,263395000,973000,973000,1940000000,1940000000,1940973000,1940973000,1942888000,1942946000,1000000,1000000,915000,973000,0,0,973000,973000,1940000000,1940000000,1940973000,1940973000,1000010,12563040,1000000,1000000,10,11563040
39,2148458000,2148713000,1000000,1000000,1904000,2159000,263395000,263395000,2159000,2159000,1880000000,1880000000,1882159000,1882159000,1885063000,1885318000,1000000,1000000,1904000,2159000,0,0,2159000,2159000,1880000000,1880000000,1882159000,1882159000,1000010,3065070,1000000,1000000,10,2065070
69,2197857000,2197909000,1000000,1000000,1705000,1757000,263395000,263395000,1757000,1757000,1930000000,1930000000,1931757000,1931757000,1934462000,1934514000,1000000,1000000,1705000,1757000,0,0,1757000,1757000,1930000000,1930000000,1931757000,1931757000,1000010,1859010,1000000,1000000,10,859010
99,2030894000,2031427000,1000000,1000000,12983000,13516000,263395000,263395000,13516000,13516000,1740000000,1740000000,1753516000,1753516000,1767499000,1768032000,1000000,1000000,12983000,13516000,0,0,13516000,13516000,1740000000,1740000000,1753516000,1753516000,1000010,15723130,1000000,1000000,10,14723130
129,1678306000,1679131000,1000000,1000000,11543000,12368000,263395000,263395000,12368000,12368000,1390000000,1390000000,1402368000,1402368000,1414911000,1415736000,1000000,1000000,11543000,12368000,0,0,12368000,12368000,1390000000,1390000000,1402368000,1402368000,1000010,14020090,1000000,1000000,10,13020090
159,2156441000,2157239000,1000000,1000000,15624000,16422000,263395000,263395000,16422000,16422000,1860000000,1860000000,1876422000,1876422000,1893046000,1893844000,1000000,1000000,15624000,16422000,0,0,16422000,16422000,1860000000,1860000000,1876422000,1876422000,1000010,5327050,1000000,1000000,10,4327050
189,2117717000,2118083000,1000000,1000000,1478000,1844000,263395000,263395000,1844000,1844000,1850000000,1850000000,1851844000,1851844000,1854322000,1854688000,1000000,1000000,1478000,1844000,0,0,1844000,1844000,1850000000,1850000000,1851844000,1851844000,1000010,13126070,1000000,1000000,10,12126070
219,724659000,734033000,1000000,1000000,445000,9819000,263395000,263395000,9819000,9819000,450000000,450000000,459819000,459819000,461264000,470638000,1000000,1000000,445000,9819000,0,0,9819000,9819000,450000000,450000000,459819000,459819000,1000010,4553030,1000000,1000000,10,3553030
249,757846000,1021648000,1000000,1000000,1522000,1929000,263395000,526790000,1929000,1929000,490000000,490000000,491929000,491929000,494451000,494858000,1000000,1000000,1522000,1929000,0,0,1929000,1929000,490000000,490000000,491929000,491929000,1000010,15588100,1000000,1000000,10,14588100
279,1677081000,1941274000,1000000,1000000,10944000,11742000,263395000,526790000,11742000,11742000,1390000000,1390000000,1401742000,1401742000,1413686000,1414484000,1000000,1000000,10944000,11742000,0,0,11742000,11742000,1390000000,1390000000,1401742000,1401742000,1000010,13684090,1000000,1000000,10,12684090
309,278118000,542239000,1000000,1000000,13723000,14449000,263395000,526790000,0,0,0,0,0,0,14723000,15449000,1000000,1000000,13723000,14449000,0,0,0,0,0,0,0,0,1000010,1000000,1000000,1000000,10,0
339,788442000,1052748000,1000000,1000000,1568000,2479000,263395000,526790000,2479000,2479000,520000000,520000000,522479000,522479000,525047000,525958000,1000000,1000000,1568000,2479000,0,0,2479000,2479000,520000000,520000000,522479000,522479000,1000010,3872100,1000000,1000000,10,2872100
369,281997000,282309000,1000000,1000000,17602000,17914000,263395000,263395000,0,0,0,0,0,0,18602000,18914000,1000000,1000000,17602000,17914000,0,0,0,0,0,0,0,0,1000010,1000000,1000000,1000000,10,0
399,1472749000,2280212000,1000000,1000000,538000,17816000,263395000,1053580000,17816000,17816000,1190000000,1190000000,1207816000,1207816000,1209354000,1226632000,1000000,1000000,538000,17816000,0,0,17816000,17816000,1190000000,1190000000,1207816000,1207816000,1000010,5235050,1000000,1000000,10,4235050
429,1876422000,2140230000,1000000,1000000,807000,1220000,263395000,526790000,1220000,1220000,1610000000,1610000000,1611220000,1611220000,1613027000,1613440000,1000000,1000000,807000,1220000,0,0,1220000,1220000,1610000000,1610000000,1611220000,1611220000,1000010,15959120,1000000,1000000,10,14959120
10,1686634000,2007714000,1000000,1000000,1039000,1200000,263395000,263395000,1200000,2119000,1420000000,1740000000,1421200000,1742119000,1423239000,1744319000,1000000,1000000,1039000,1200000,0,0,1200000,2119000,1420000000,1740000000,1421200000,1742119000,1000010,15930090,1000000,1000000,10,14930090
40,2148892000,2149071000,1000000,1000000,2159000,2338000,263395000,263395000,2338000,2338000,1880000000,1880000000,1882338000,1882338000,1885497000,1885676000,1000000,1000000,2159000,2338000,0,0,2338000,2338000,1880000000,1880000000,1882338000,1882338000,1000010,3040060,1000000,1000000,10,2040060
70,265615000,266100000,1000000,1000000,1220000,1705000,263395000,263395000,0,0,0,0,0,0,2220000,2705000,1000000,1000000,1220000,1705000,0,0,0,0,0,0,0,0,1000010,1000000,1000000,1000000,10,0
100,1042252000,1043077000,1000000,1000000,13516000,14341000,263395000,263395000,14341000,14341000,750000000,750000000,764341000,764341000,778857000,779682000,1000000,1000000,13516000,14341000,0,0,14341000,14341000,750000000,750000000,764341000,764341000,1000010,16256140,1000000,1000000,10,15256140
130,275938000,276763000,1000000,1000000,11543000,12368000,263395000,263395000,0,0,0,0,0,0,12543000,13368000,1000000,1000000,11543000,12368000,0,0,0,0,0,0,0,0,1000010,1000000,1000000,1000000,10,0
160,2144644000,2146441000,1000000,1000000,14625000,15624000,263395000,263395000,15624000,16422000,1850000000,1850000000,1865624000,1866422000,1881249000,1883046000,1000000,1000000,14625000,15624000,0,0,15624000,16422000,1850000000,1850000000,1865624000,1866422000,1000010,6768070,1000000,1000000,10,5768070
190,268164000,268363000,1000000,1000000,3769000,3968000,263395000,263395000,0,0,0,0,0,0,4769000,4968000,1000000,1000000,3769000,3968000,0,0,0,0,0,0,0,0,1000010,1000000,1000000,1000000,10,0
220,265002000,265064000,1000000,1000000,607000,669000,263395000,263395000,0,0,0,0,0,0,1607000,1669000,1000000,1000000,607000,669000,0,0,0,0,0,0,0,0,1000010,1000000,1000000,1000000,10,0
250,2417714000,2945423000,1000000,1000000,1200000,2119000,263395000,790185000,2119000,2119000,2150000000,2150000000,2152119000,2152119000,2154319000,2155238000,1000000,1000000,1200000,2119000,0,0,2119000,2119000,2150000000,2150000000,2152119000,2152119000,1000010,16091100,1000000,1000000,10,15091100
280,1005445000,1269540000,1000000,1000000,10475000,11175000,263395000,526790000,10575000,10575000,720000000,720000000,730575000,730575000,742050000,742750000,1000000,1000000,10475000,11175000,0,0,10575000,10575000,720000000,720000000,730575000,730575000,1000010,1000000,1000000,1000000,10,0
310,462373000,726228000,1000000,1000000,13989000,14449000,263395000,526790000,13989000,13989000,170000000,170000000,183989000,183989000,198978000,199438000,1000000,1000000,13989000,14449000,0,0,13989000,13989000,170000000,170000000,183989000,183989000,1000010,1000000,1000000,1000000,10,0
340,1977283000,2506666000,1000000,1000000,1104000,3697000,263395000,790185000,1784000,1784000,1710000000,1710000000,1711784000,1711784000,1713888000,1716481000,1000000,1000000,1104000,3697000,0,0,1784000,1784000,1710000000,1710000000,1711784000,1711784000,1000010,11385020,1000000,1000000,10,10385020
370,281997000,282513000,1000000,1000000,17602000,18118000,263395000,263395000,0,0,0,0,0,0,18602000,19118000,1000000,1000000,17602000,18118000,0,0,0,0,0,0,0,0,1000010,1000000,1000000,1000000,10,0
400,1113015000,1376857000,1000000,1000000,9310000,9757000,263395000,526790000,9310000,9310000,830000000,830000000,839310000,839310000,849620000,850067000,1000000,1000000,9310000,9757000,0,0,9310000,9310000,830000000,830000000,839310000,839310000,1000010,13838060,1000000,1000000,10,12838060
430,1554468000,2081796000,1000000,1000000,0,538000,263395000,790185000,73000,73000,1290000000,1290000000,1290073000,1290073000,1291073000,1291611000,1000000,1000000,0,538000,0,0,73000,73000,1290000000,1290000000,1290073000,1290073000,1000010,13496060,1000000,1000000,10,12496060
11,1726349000,1987553000,1000000,1000000,915000,1039000,263395000,263395000,1039000,2119000,1460000000,1720000000,1461039000,1722119000,1462954000,1724158000,1000000,1000000,915000,1039000,0,0,1039000,2119000,1460000000,1720000000,1461039000,1722119000,1000010,15806080,1000000,1000000,10,14806080
41,2188074000,2188203000,1000000,1000000,1775000,1904000,263395000,263395000,1904000,1904000,1920000000,1920000000,1921904000,1921904000,1924679000,1924808000,1000000,1000000,1775000,1904000,0,0,1904000,1904000,1920000000,1920000000,1921904000,1921904000,1000010,3089060,1000000,1000000,10,2089060
71,2157016000,2157239000,1000000,1000000,1199000,1422000,263395000,263395000,1422000,1422000,1890000000,1890000000,1891422000,1891422000,1893621000,1893844000,1000000,1000000,1199000,1422000,0,0,1422000,1422000,1890000000,1890000000,1891422000,1891422000,1000010,12173060,1000000,1000000,10,11173060
101,2072107000,2072373000,1000000,1000000,13723000,13989000,263395000,263395000,13989000,13989000,1780000000,1780000000,1793989000,1793989000,1808712000,1808978000,1000000,1000000,13723000,13989000,0,0,13989000,13989000,1780000000,1780000000,1793989000,1793989000,1000010,5830070,1000000,1000000,10,4830070
131,276763000,276949000,1000000,1000000,12368000,12554000,263395000,263395000,0,0,0,0,0,0,13368000,13554000,1000000,1000000,12368000,12554000,0,0,0,0,0,0,0,0,1000010,1000000,1000000,1000000,10,0
161,2158167000,2159095000,1000000,1000000,16422000,17350000,263395000,263395000,17350000,17350000,1860000000,1860000000,1877350000,1877350000,1894772000,1895700000,1000000,1000000,16422000,17350000,0,0,17350000,17350000,1860000000,1860000000,1877350000,1877350000,1000010,6125060,1000000,1000000,10,5125060
191,2209314000,2210139000,1000000,1000000,2047000,2872000,263395000,263395000,2872000,2872000,1940000000,1940000000,1942872000,1942872000,1945919000,1946744000,1000000,1000000,2047000,2872000,0,0,2872000,2872000,1940000000,1940000000,1942872000,1942872000,1000010,13695090,1000000,1000000,10,12695090
221,1455301000,1466931000,1000000,1000000,299000,607000,263395000,263395000,607000,1929000,1190000000,1200000000,1190607000,1201929000,1191906000,1203536000,1000000,1000000,299000,607000,0,0,607000,1929000,1190000000,1200000000,1190607000,1201929000,1000010,15451090,1000000,1000000,10,14451090
251,1928132000,2456344000,1000000,1000000,1522000,2944000,263395000,790185000,2215000,2215000,1660000000,1660000000,1662215000,1662215000,1664737000,1666159000,1000000,1000000,1522000,2944000,0,0,2215000,2215000,1660000000,1660000000,1662215000,1662215000,1000010,16413110,1000000,1000000,10,15413110
281,1666157000,4271110000,1000000,1000000,10475000,11531000,263395000,1580370000,11287000,18209000,1380000000,2660000000,1391287000,2678209000,1402762000,2690740000,1000000,1000000,10475000,11531000,0,0,11287000,18209000,1380000000,2660000000,1391287000,2678209000,1000010,13215100,1000000,1000000,10,12215100
311,2232567000,2760607000,1000000,1000000,13723000,14973000,263395000,790185000,14449000,14449000,1940000000,1940000000,1954449000,1954449000,1969172000,1970422000,1000000,1000000,13723000,14973000,0,0,14449000,14449000,1940000000,1940000000,1954449000,1954449000,1000010,5828080,1000000,1000000,10,4828080
341,265963000,531487000,1000000,1000000,1568000,3697000,263395000,526790000,0,0,0,0,0,0,2568000,4697000,1000000,1000000,1568000,3697000,0,0,0,0,0,0,0,0,1000010,1000000,1000000,1000000,10,0
371,1835364000,3501865000,1000000,1000000,14799000,16170000,263395000,526790000,16170000,17905000,1540000000,2940000000,1556170000,2957905000,1571969000,2975075000,1000000,1000000,14799000,16170000,0,0,16170000,17905000,1540000000,2940000000,1556170000,2957905000,1000010,4573060,1000000,1000000,10,3573060
401,1053245000,1600314000,1000000,1000000,9425000,9819000,263395000,790185000,9425000,9310000,770000000,790000000,779425000,799310000,789850000,810129000,1000000,1000000,9425000,9819000,0,0,9425000,9310000,770000000,790000000,779425000,799310000,1000010,11734090,1000000,1000000,10,10734090
431,904395000,1169004000,1000000,1000000,0,299000,263395000,526790000,0,915000,640000000,640000000,640000000,640915000,641000000,642214000,1000000,1000000,0,299000,0,0,0,915000,640000000,640000000,640000000,640915000,1000010,11979030,1000000,1000000,10,10979030
12,1997117000,3738036000,1000000,1000000,1200000,1522000,263395000,263395000,1522000,2119000,1730000000,3470000000,1731522000,3472119000,1733722000,3474641000,1000000,1000000,1200000,1522000,0,0,1522000,2119000,1730000000,3470000000,1731522000,3472119000,1000010,16091100,1000000,1000000,10,15091100
42,2090157000,2090363000,1000000,1000000,2778000,2984000,263395000,263395000,2984000,2984000,1820000000,1820000000,1822984000,1822984000,1826762000,1826968000,1000000,1000000,2778000,2984000,0,0,2984000,2984000,1820000000,1820000000,1822984000,1822984000,1000010,2537060,1000000,1000000,10,1537060
72,1747406000,1747573000,1000000,1000000,1422000,1589000,263395000,263395000,1589000,1589000,1480000000,1480000000,1481589000,1481589000,1484011000,1484178000,1000000,1000000,1422000,1589000,0,0,1589000,1589000,1480000000,1480000000,1481589000,1481589000,1000010,12396070,1000000,1000000,10,11396070
102,2022482000,2023123000,1000000,1000000,13723000,14364000,263395000,263395000,14364000,14364000,1730000000,1730000000,1744364000,1744364000,1759087000,1759728000,1000000,1000000,13723000,14364000,0,0,14364000,14364000,1730000000,1730000000,1744364000,1744364000,1000010,5722060,1000000,1000000,10,4722060
132,1872783000,1872995000,1000000,1000000,14088000,14300000,263395000,263395000,14300000,14300000,1580000000,1580000000,1594300000,1594300000,1609388000,1609600000,1000000,1000000,14088000,14300000,0,0,14300000,14300000,1580000000,1580000000,1594300000,1594300000,1000010,6513070,1000000,1000000,10,5513070
162,2149400000,2150435000,1000000,1000000,17100000,17905000,263395000,263395000,17905000,18135000,1850000000,1850000000,1867905000,1868135000,1886005000,1887040000,1000000,1000000,17100000,17905000,0,0,17905000,18135000,1850000000,1850000000,1867905000,1868135000,1000010,8594100,1000000,1000000,10,7594100
192,819595000,820283000,1000000,1000000,2256000,2944000,263395000,263395000,2944000,2944000,550000000,550000000,552944000,552944000,556200000,556888000,1000000,1000000,2256000,2944000,0,0,2944000,2944000,550000000,550000000,552944000,552944000,1000010,6601140,1000000,1000000,10,5601140
222,2065664000,2065864000,1000000,1000000,607000,662000,263395000,263395000,662000,807000,1800000000,1800000000,1800662000,1800807000,1802269000,1802469000,1000000,1000000,607000,662000,0,0,662000,807000,1800000000,1800000000,1800662000,1800807000,1000010,15759090,1000000,1000000,10,14759090
252,1898937000,2954290000,1000000,1000000,2119000,3892000,263395000,1316975000,2423000,2423000,1630000000,1630000000,1632423000,1632423000,1635542000,1637315000,1000000,1000000,2119000,3892000,0,0,2423000,2423000,1630000000,1630000000,1632423000,1632423000,1000010,17010120,1000000,1000000,10,16010120
282,1095112000,1711785000,1000000,1000000,9773000,11175000,263395000,790185000,10944000,9425000,810000000,900000000,820944000,909425000,831717000,921600000,1000000,1000000,9773000,11175000,0,0,10944000,9425000,810000000,900000000,820944000,909425000,1000010,12513110,1000000,1000000,10,11513110
312,2020364000,2548424000,1000000,1000000,12453000,13723000,263395000,790185000,13516000,13516000,1730000000,1730000000,1743516000,1743516000,1756969000,1758239000,1000000,1000000,12453000,13723000,0,0,13516000,13516000,1730000000,1730000000,1743516000,1743516000,1000010,15193120,1000000,1000000,10,14193120
342,498253000,921270000,1000000,1000000,1929000,2423000,263395000,526790000,1929000,1057000,230000000,390000000,231929000,391057000,234858000,394480000,1000000,1000000,1929000,2423000,0,0,1929000,1057000,230000000,390000000,231929000,391057000,1000010,2267060,1000000,1000000,10,1267060
372,2147044000,2675385000,1000000,1000000,15549000,17100000,263395000,790185000,17100000,17100000,1850000000,1850000000,1867100000,1867100000,1883649000,1885200000,1000000,1000000,15549000,17100000,0,0,17100000,17100000,1850000000,1850000000,1867100000,1867100000,1000010,6314080,1000000,1000000,10,5314080
402,1464597000,2264156000,1000000,1000000,445000,9819000,263395000,1053580000,9757000,9757000,1190000000,1190000000,1199757000,1199757000,1201202000,1210576000,1000000,1000000,445000,9819000,0,0,9757000,9757000,1190000000,1190000000,1199757000,1199757000,1000010,2728020,1000000,1000000,10,1728020
432,389951000,653552000,1000000,1000000,2778000,2984000,263395000,526790000,2778000,2778000,120000000,120000000,122778000,122778000,126556000,126762000,1000000,1000000,2778000,2984000,0,0,2778000,2778000,120000000,120000000,122778000,122778000,1000010,2354050,1000000,1000000,10,1354050
13,1667073000,1667351000,1000000,1000000,1200000,1478000,263395000,263395000,1478000,1478000,1400000000,1400000000,1401478000,1401478000,1403678000,1403956000,1000000,1000000,1200000,1478000,0,0,1478000,1478000,1400000000,1400000000,1401478000,1401478000,1000010,12848060,1000000,1000000,10,11848060
43,2099511000,2099951000,1000000,1000000,2338000,2778000,263395000,263395000,2778000,2778000,1830000000,1830000000,1832778000,1832778000,1836116000,1836556000,1000000,1000000,2338000,2778000,0,0,2778000,2778000,1830000000,1830000000,1832778000,1832778000,1000010,3219070,1000000,1000000,10,2219070
73,1406970000,1407147000,1000000,1000000,1199000,1376000,263395000,263395000,1376000,1376000,1140000000,1140000000,1141376000,1141376000,1143575000,1143752000,1000000,1000000,1199000,1376000,0,0,1376000,1376000,1140000000,1140000000,1141376000,1141376000,1000010,14374100,1000000,1000000,10,13374100
103,610361000,611101000,1000000,1000000,12983000,13723000,263395000,263395000,12983000,12983000,320000000,320000000,332983000,332983000,346966000,347706000,1000000,1000000,12983000,13723000,0,0,12983000,12983000,320000000,320000000,332983000,332983000,1000010,6246080,1000000,1000000,10,5246080
133,2012231000,2012571000,1000000,1000000,13748000,14088000,263395000,263395000,14088000,14088000,1720000000,1720000000,1734088000,1734088000,1748836000,1749176000,1000000,1000000,13748000,14088000,0,0,14088000,14088000,1720000000,1720000000,1734088000,1734088000,1000010,16225120,1000000,1000000,10,15225120
163,2157665000,2158595000,1000000,1000000,16170000,17100000,263395000,263395000,17100000,17100000,1860000000,1860000000,1877100000,1877100000,1894270000,1895200000,1000000,1000000,16170000,17100000,0,0,17100000,17100000,1860000000,1860000000,1877100000,1877100000,1000010,7664090,1000000,1000000,10,6664090
193,2199129000,2199491000,1000000,1000000,2256000,2478000,263395000,263395000,2478000,2618000,1930000000,1930000000,1932478000,1932618000,1935734000,1936096000,1000000,1000000,2256000,2478000,0,0,2478000,2618000,1930000000,1930000000,1932478000,1932618000,1000010,3269050,1000000,1000000,10,2269050
223,924541000,925609000,1000000,1000000,73000,299000,263395000,263395000,73000,915000,660000000,660000000,660073000,660915000,661146000,662214000,1000000,1000000,73000,299000,0,0,73000,915000,660000000,660000000,660073000,660915000,1000010,12052040,1000000,1000000,10,11052040
253,2109529000,2373628000,1000000,1000000,2215000,2919000,263395000,526790000,2919000,2919000,1840000000,1840000000,1842919000,1842919000,1846134000,1846838000,1000000,1000000,2215000,2919000,0,0,2919000,2919000,1840000000,1840000000,1842919000,1842919000,1000010,2677010,1000000,1000000,10,1677010
283,1444809000,1710140000,1000000,1000000,9239000,11175000,263395000,526790000,11175000,11175000,1160000000,1160000000,1171175000,1171175000,1181414000,1183350000,1000000,1000000,9239000,11175000,0,0,11175000,11175000,1160000000,1160000000,1171175000,1171175000,1000010,1000000,1000000,1000000,10,0
313,2004129000,2532127000,1000000,1000000,14364000,15370000,263395000,790185000,15370000,15572000,1710000000,1710000000,1725370000,1725572000,1740734000,1741942000,1000000,1000000,14364000,15370000,0,0,15370000,15572000,1710000000,1710000000,1725370000,1725572000,1000010,5753070,1000000,1000000,10,4753070
343,967349000,1231168000,1000000,1000000,1265000,1689000,263395000,526790000,1689000,1689000,700000000,700000000,701689000,701689000,703954000,704378000,1000000,1000000,1265000,1689000,0,0,1689000,1689000,700000000,700000000,701689000,701689000,1000010,12093030,1000000,1000000,10,11093030
373,2133154000,2663231000,1000000,1000000,13135000,15624000,263395000,790185000,15624000,16422000,1840000000,1840000000,1855624000,1856422000,1869759000,1873046000,1000000,1000000,13135000,15624000,0,0,15624000,16422000,1840000000,1840000000,1855624000,1856422000,1000010,5278060,1000000,1000000,10,4278060
403,275113000,275170000,1000000,1000000,10718000,10775000,263395000,263395000,0,0,0,0,0,0,11718000,11775000,1000000,1000000,10718000,10775000,0,0,0,0,0,0,0,0,1000010,1000000,1000000,1000000,10,0
433,267011000,531211000,1000000,1000000,2616000,3421000,263395000,526790000,0,0,0,0,0,0,3616000,4421000,1000000,1000000,2616000,3421000,0,0,0,0,0,0,0,0,1000010,1000000,1000000,1000000,10,0
14,768101000,768253000,1000000,1000000,1777000,1929000,263395000,263395000,1929000,1929000,500000000,500000000,501929000,501929000,504706000,504858000,1000000,1000000,1777000,1929000,0,0,1929000,1929000,500000000,500000000,501929000,501929000,1000010,15843110,1000000,1000000,10,14843110
44,266335000,266603000,1000000,1000000,1940000,2208000,263395000,263395000,0,0,0,0,0,0,2940000,3208000,1000000,1000000,1940000,2208000,0,0,0,0,0,0,0,0,1000010,1000000,1000000,1000000,10,0
74,1316439000,1317016000,1000000,1000000,845000,1199000,263395000,263395000,1199000,1422000,1050000000,1050000000,1051199000,1051422000,1053044000,1053621000,1000000,1000000,845000,1199000,0,0,1199000,1422000,1050000000,1050000000,1051199000,1051422000,1000010,14551110,1000000,1000000,10,13551110
104,472373000,472833000,1000000,1000000,13989000,14449000,263395000,263395000,13989000,13989000,180000000,180000000,193989000,193989000,208978000,209438000,1000000,1000000,13989000,14449000,0,0,13989000,13989000,180000000,180000000,193989000,193989000,1000010,1085010,1000000,1000000,10,85010
134,971114000,971939000,1000000,1000000,12947000,13772000,263395000,263395000,13772000,13772000,680000000,680000000,693772000,693772000,707719000,708544000,1000000,1000000,12947000,13772000,0,0,13772000,13772000,680000000,680000000,693772000,693772000,1000010,13947070,1000000,1000000,10,12947070
164,539833000,539838000,1000000,1000000,2719000,2724000,263395000,263395000,2719000,2719000,270000000,270000000,272719000,272719000,276438000,276443000,1000000,1000000,2719000,2724000,0,0,2719000,2719000,270000000,270000000,272719000,272719000,1000010,3118050,1000000,1000000,10,2118050
194,267339000,268164000,1000000,1000000,2944000,3769000,263395000,263395000,0,0,0,0,0,0,3944000,4769000,1000000,1000000,2944000,3769000,0,0,0,0,0,0,0,0,1000010,1000000,1000000,1000000,10,0
224,1325539000,1326085000,1000000,1000000,299000,845000,263395000,263395000,845000,845000,1060000000,1060000000,1060845000,1060845000,1062144000,1062690000,1000000,1000000,299000,845000,0,0,845000,845000,1060000000,1060000000,1060845000,1060845000,1000010,14905100,1000000,1000000,10,13905100
254,2218995000,2483420000,1000000,1000000,11785000,12815000,263395000,526790000,12815000,12815000,1930000000,1930000000,1942815000,1942815000,1955600000,1956630000,1000000,1000000,11785000,12815000,0,0,12815000,12815000,1930000000,1930000000,1942815000,1942815000,1000010,1000000,1000000,1000000,10,0
284,266100000,530406000,1000000,1000000,1705000,2616000,263395000,526790000,0,0,0,0,0,0,2705000,3616000,1000000,1000000,1705000,2616000,0,0,0,0,0,0,0,0,1000010,1000000,1000000,1000000,10,0
314,1945790000,2209690000,1000000,1000000,445000,950000,263395000,526790000,950000,950000,1680000000,1680000000,1680950000,1680950000,1682395000,1682900000,1000000,1000000,445000,950000,0,0,950000,950000,1680000000,1680000000,1680950000,1680950000,1000010,3842080,1000000,1000000,10,2842080
344,927333000,1190948000,1000000,1000000,1469000,1689000,263395000,526790000,1469000,1469000,660000000,660000000,661469000,661469000,663938000,664158000,1000000,1000000,1469000,1689000,0,0,1469000,1469000,660000000,660000000,661469000,661469000,1000010,12242050,1000000,1000000,10,11242050
374,1984569000,3491244000,1000000,1000000,14625000,15549000,263395000,526790000,15549000,17905000,1690000000,2930000000,1705549000,2947905000,1721174000,2964454000,1000000,1000000,14625000,15549000,0,0,15549000,17905000,1690000000,2930000000,1705549000,2947905000,1000010,6525070,1000000,1000000,10,5525070
404,1016318000,1339765000,1000000,1000000,10944000,11257000,263395000,526790000,10979000,10718000,730000000,790000000,740979000,800718000,752923000,812975000,1000000,1000000,10944000,11257000,0,0,10979000,10718000,730000000,790000000,740979000,800718000,1000010,12618060,1000000,1000000,10,11618060
434,268287000,268975000,1000000,1000000,3892000,4580000,263395000,263395000,0,0,0,0,0,0,4892000,5580000,1000000,1000000,3892000,4580000,0,0,0,0,0,0,0,0,1000010,1000000,1000000,1000000,10,0
15,2087694000,2087949000,1000000,1000000,1522000,1777000,263395000,263395000,1777000,1777000,1820000000,1820000000,1821777000,1821777000,1824299000,1824554000,1000000,1000000,1522000,1777000,0,0,1777000,1777000,1820000000,1820000000,1821777000,1821777000,1000010,16413110,1000000,1000000,10,15413110
45,2030178000,2031003000,1000000,1000000,2479000,3304000,263395000,263395000,3304000,3304000,1760000000,1760000000,1763304000,1763304000,1766783000,1767608000,1000000,1000000,2479000,3304000,0,0,3304000,3304000,1760000000,1760000000,1763304000,1763304000,1000010,4913120,1000000,1000000,10,3913120
75,746847000,747343000,1000000,1000000,978000,1474000,263395000,263395000,1474000,1474000,480000000,480000000,481474000,481474000,483452000,483948000,1000000,1000000,978000,1474000,0,0,1474000,1474000,480000000,480000000,481474000,481474000,1000010,3242050,1000000,1000000,10,2242050
105,2243208000,2243293000,1000000,1000000,14364000,14449000,263395000,263395000,14449000,14449000,1950000000,1950000000,1964449000,1964449000,1979813000,1979898000,1000000,1000000,14364000,14449000,0,0,14449000,14449000,1950000000,1950000000,1964449000,1964449000,1000010,6437080,1000000,1000000,10,5437080
135,267267000,268092000,1000000,1000000,2872000,3697000,263395000,263395000,0,0,0,0,0,0,3872000,4697000,1000000,1000000,2872000,3697000,0,0,0,0,0,0,0,0,1000010,1000000,1000000,1000000,10,0
165,2179737000,2179843000,1000000,1000000,2618000,2724000,263395000,263395000,2724000,2724000,1910000000,1910000000,1912724000,1912724000,1916342000,1916448000,1000000,1000000,2618000,2724000,0,0,2724000,2724000,1910000000,1910000000,1912724000,1912724000,1000010,3631070,1000000,1000000,10,2631070
195,2209491000,2209631000,1000000,1000000,2478000,2618000,263395000,263395000,2618000,2618000,1940000000,1940000000,1942618000,1942618000,1946096000,1946236000,1000000,1000000,2478000,2618000,0,0,2618000,2618000,1940000000,1940000000,1942618000,1942618000,1000010,3491060,1000000,1000000,10,2491060
225,2126247000,2127023000,1000000,1000000,538000,1314000,263395000,263395000,1314000,1314000,1860000000,1860000000,1861314000,1861314000,1862852000,1863628000,1000000,1000000,538000,1314000,0,0,1314000,1314000,1860000000,1860000000,1861314000,1861314000,1000010,1000000,1000000,1000000,10,0
255,276407000,540605000,1000000,1000000,12012000,12815000,263395000,526790000,0,0,0,0,0,0,13012000,13815000,1000000,1000000,12012000,12815000,0,0,0,0,0,0,0,0,1000010,1000000,1000000,1000000,10,0
285,266152000,794465000,1000000,1000000,1757000,3280000,263395000,790185000,0,0,0,0,0,0,2757000,4280000,1000000,1000000,1757000,3280000,0,0,0,0,0,0,0,0,1000010,1000000,1000000,1000000,10,0
315,526433000,790099000,1000000,1000000,950000,1221000,263395000,526790000,1088000,1088000,260000000,260000000,261088000,261088000,263038000,263309000,1000000,1000000,950000,1221000,0,0,1088000,1088000,260000000,260000000,261088000,261088000,1000010,1265010,1000000,1000000,10,265010
345,529149000,1057389000,1000000,1000000,17377000,18827000,263395000,790185000,17377000,17377000,230000000,230000000,247377000,247377000,265754000,267204000,1000000,1000000,17377000,18827000,0,0,17377000,17377000,230000000,230000000,247377000,247377000,1000010,8411100,1000000,1000000,10,7411100
375,1948173000,2475443000,1000000,1000000,1649000,2129000,263395000,790185000,2129000,2129000,1680000000,1680000000,1682129000,1682129000,1684778000,1685258000,1000000,1000000,1649000,2129000,0,0,2129000,2129000,1680000000,1680000000,1682129000,1682129000,1000010,16668120,1000000,1000000,10,15668120
405,265002000,265064000,1000000,1000000,607000,669000,263395000,263395000,0,0,0,0,0,0,1607000,1669000,1000000,1000000,607000,669000,0,0,0,0,0,0,0,0,1000010,1000000,1000000,1000000,10,0
435,266610000,795765000,1000000,1000000,2215000,4580000,263395000,790185000,0,0,0,0,0,0,3215000,5580000,1000000,1000000,2215000,4580000,0,0,0,0,0,0,0,0,1000010,1000000,1000000,1000000,10,0
16,2298036000,2298633000,1000000,1000000,1522000,2119000,263395000,263395000,2119000,2119000,2030000000,2030000000,2032119000,2032119000,2034641000,2035238000,1000000,1000000,1522000,2119000,0,0,2119000,2119000,2030000000,2030000000,2032119000,2032119000,1000010,16413110,1000000,1000000,10,15413110
46,740357000,740680000,1000000,1000000,2981000,3304000,263395000,263395000,2981000,2981000,470000000,470000000,472981000,472981000,476962000,477285000,1000000,1000000,2981000,3304000,0,0,2981000,2981000,470000000,470000000,472981000,472981000,1000010,4443090,1000000,1000000,10,3443090
76,1747343000,1747458000,1000000,1000000,1474000,1589000,263395000,263395000,1474000,1474000,1480000000,1480000000,1481474000,1481474000,1483948000,1484063000,1000000,1000000,1474000,1589000,0,0,1474000,1474000,1480000000,1480000000,1481474000,1481474000,1000010,12646060,1000000,1000000,10,11646060
106,1953732000,1954341000,1000000,1000000,14364000,14973000,263395000,263395000,14973000,14973000,1660000000,1660000000,1674973000,1674973000,1690337000,1690946000,1000000,1000000,14364000,14973000,0,0,14973000,14973000,1660000000,1660000000,1674973000,1674973000,1000010,5828080,1000000,1000000,10,4828080
136,1557129000,1557333000,1000000,1000000,1265000,1469000,263395000,263395000,1469000,1469000,1290000000,1290000000,1291469000,1291469000,1293734000,1293938000,1000000,1000000,1265000,1469000,0,0,1469000,1469000,1290000000,1290000000,1291469000,1291469000,1000010,12981060,1000000,1000000,10,11981060
166,1959161000,1959833000,1000000,1000000,2047000,2719000,263395000,263395000,2719000,2719000,1690000000,1690000000,1692719000,1692719000,1695766000,1696438000,1000000,1000000,2047000,2719000,0,0,2719000,2719000,1690000000,1690000000,1692719000,1692719000,1000010,3062070,1000000,1000000,10,2062070
196,1727264000,1727693000,1000000,1000000,1220000,1649000,263395000,263395000,1649000,1649000,1460000000,1460000000,1461649000,1461649000,1463869000,1464298000,1000000,1000000,1220000,1649000,0,0,1649000,1649000,1460000000,1460000000,1461649000,1461649000,1000010,16372140,1000000,1000000,10,15372140
226,955471000,1443634000,1000000,1000000,538000,9239000,263395000,263395000,538000,0,690000000,1170000000,690538000,1170000000,692076000,1180239000,1000000,1000000,538000,9239000,0,0,538000,0,690000000,1170000000,690538000,1170000000,1000010,6541100,1000000,1000000,10,5541100
256,1877388000,3601179000,1000000,1000000,11208000,11785000,263395000,790185000,11785000,18209000,1590000000,2780000000,1601785000,2798209000,1613993000,2810994000,1000000,1000000,11208000,11785000,0,0,11785000,18209000,1590000000,2780000000,1601785000,2798209000,1000010,7424090,1000000,1000000,10,6424090
286,278129000,806213000,1000000,1000000,1220000,2514000,263395000,790185000,2514000,2514000,10000000,10000000,12514000,12514000,14734000,16028000,1000000,1000000,1220000,2514000,0,0,2514000,2514000,10000000,10000000,12514000,12514000,1000010,1000000,1000000,1000000,10,0
316,526041000,789834000,1000000,1000000,823000,1221000,263395000,526790000,823000,823000,260000000,260000000,260823000,260823000,262646000,263044000,1000000,1000000,823000,1221000,0,0,823000,823000,260000000,260000000,260823000,260823000,1000010,1271010,1000000,1000000,10,271010
346,670509000,934208000,1000000,1000000,17905000,18209000,263395000,526790000,18209000,18209000,370000000,370000000,388209000,388209000,407114000,407418000,1000000,1000000,17905000,18209000,0,0,18209000,18209000,370000000,370000000,388209000,388209000,1000010,9399110,1000000,1000000,10,8399110
376,1507562000,1771168000,1000000,1000000,1478000,1689000,263395000,526790000,1689000,1689000,1240000000,1240000000,1241689000,1241689000,1244167000,1244378000,1000000,1000000,1478000,1689000,0,0,1689000,1689000,1240000000,1240000000,1241689000,1241689000,1000010,13126070,1000000,1000000,10,12126070
406,2045356000,2836302000,1000000,1000000,299000,915000,263395000,1053580000,662000,807000,1780000000,1780000000,1780662000,1780807000,1781961000,1782722000,1000000,1000000,299000,915000,0,0,662000,807000,1780000000,1780000000,1780662000,1780807000,1000010,15451090,1000000,1000000,10,14451090
436,267252000,267674000,1000000,1000000,2857000,3279000,263395000,263395000,0,0,0,0,0,0,3857000,4279000,1000000,1000000,2857000,3279000,0,0,0,0,0,0,0,0,1000010,1000000,1000000,1000000,10,0
17,1938729000,1938825000,1000000,1000000,2119000,2215000,263395000,263395000,2215000,2215000,1670000000,1670000000,1672215000,1672215000,1675334000,1675430000,1000000,1000000,2119000,2215000,0,0,2215000,2215000,1670000000,1670000000,1672215000,1672215000,1000010,17010120,1000000,1000000,10,16010120
47,266170000,266335000,1000000,1000000,1775000,1940000,263395000,263395000,0,0,0,0,0,0,2775000,2940000,1000000,1000000,1775000,1940000,0,0,0,0,0,0,0,0,1000010,1000000,1000000,1000000,10,0
77,955081000,963015000,1000000,1000000,1376000,9310000,263395000,263395000,9310000,9310000,680000000,680000000,689310000,689310000,691686000,699620000,1000000,1000000,1376000,9310000,0,0,9310000,9310000,680000000,680000000,689310000,689310000,1000010,9506010,1000000,1000000,10,8506010
107,613955000,614148000,1000000,1000000,14780000,14973000,263395000,263395000,14780000,14780000,320000000,320000000,334780000,334780000,350560000,350753000,1000000,1000000,14780000,14973000,0,0,14780000,14780000,320000000,320000000,334780000,334780000,1000010,6150060,1000000,1000000,10,5150060
137,1616764000,1616925000,1000000,1000000,1104000,1265000,263395000,263395000,1265000,1265000,1350000000,1350000000,1351265000,1351265000,1353369000,1353530000,1000000,1000000,1104000,1265000,0,0,1265000,1265000,1350000000,1350000000,1351265000,1351265000,1000010,12820050,1000000,1000000,10,11820050
167,2212556000,2212955000,1000000,1000000,3881000,4280000,263395000,263395000,4280000,4280000,1940000000,1940000000,1944280000,1944280000,1949161000,1949560000,1000000,1000000,3881000,4280000,0,0,4280000,4280000,1940000000,1940000000,1944280000,1944280000,1000010,2971030,1000000,1000000,10,1971030
197,1886672000,1886835000,1000000,1000000,1057000,1220000,263395000,263395000,1220000,1220000,1620000000,1620000000,1621220000,1621220000,1623277000,1623440000,1000000,1000000,1057000,1220000,0,0,1220000,1220000,1620000000,1620000000,1621220000,1621220000,1000010,16209130,1000000,1000000,10,15209130
227,1015723000,1015975000,1000000,1000000,538000,790000,263395000,263395000,790000,790000,750000000,750000000,750790000,750790000,752328000,752580000,1000000,1000000,538000,790000,0,0,790000,790000,750000000,750000000,750790000,750790000,1000010,15242090,1000000,1000000,10,14242090
257,1838466000,3885403000,1000000,1000000,11585000,12614000,263395000,1053580000,12486000,18209000,1550000000,2800000000,1562486000,2818209000,1575071000,2831823000,1000000,1000000,11585000,12614000,0,0,12486000,18209000,1550000000,2800000000,1562486000,2818209000,1000010,6723080,1000000,1000000,10,5723080
287,2188716000,2453022000,1000000,1000000,1705000,2616000,263395000,526790000,2616000,2616000,1920000000,1920000000,1922616000,1922616000,1925321000,1926232000,1000000,1000000,1705000,2616000,0,0,2616000,2616000,1920000000,1920000000,1922616000,1922616000,1000010,1000000,1000000,1000000,10,0
317,1946119000,2209966000,1000000,1000000,636000,1088000,263395000,526790000,1088000,1088000,1680000000,1680000000,1681088000,1681088000,1682724000,1683176000,1000000,1000000,636000,1088000,0,0,1088000,1088000,1680000000,1680000000,1681088000,1681088000,1000010,1191010,1000000,1000000,10,191010
347,1999014000,2262544000,1000000,1000000,17242000,17377000,263395000,526790000,17377000,17377000,1700000000,1700000000,1717377000,1717377000,1735619000,1735754000,1000000,1000000,17242000,17377000,0,0,17377000,17377000,1700000000,1700000000,1717377000,1717377000,1000010,9142100,1000000,1000000,10,8142100
377,886802000,1150774000,1000000,1000000,915000,1492000,263395000,526790000,1492000,1492000,620000000,620000000,621492000,621492000,623407000,623984000,1000000,1000000,915000,1492000,0,0,1492000,1492000,620000000,620000000,621492000,621492000,1000010,1000000,1000000,1000000,10,0
407,1445075000,1983959000,1000000,1000000,73000,845000,263395000,790185000,607000,1929000,1180000000,1190000000,1180607000,1191929000,1181680000,1193774000,1000000,1000000,73000,845000,0,0,607000,1929000,1180000000,1190000000,1180607000,1191929000,1000010,14905100,1000000,1000000,10,13905100
437,266818000,531069000,1000000,1000000,2423000,3279000,263395000,526790000,0,0,0,0,0,0,3423000,4279000,1000000,1000000,2423000,3279000,0,0,0,0,0,0,0,0,1000010,1000000,1000000,1000000,10,0
18,1659458000,1660283000,1000000,1000000,2119000,2944000,263395000,263395000,2944000,2944000,1390000000,1390000000,1392944000,1392944000,1396063000,1396888000,1000000,1000000,2119000,2944000,0,0,2944000,2944000,1390000000,1390000000,1392944000,1392944000,1000010,2691060,1000000,1000000,10,1691060
48,2328492000,2750428000,1000000,1000000,1775000,2322000,263395000,263395000,2322000,3711000,2060000000,2480000000,2062322000,2483711000,2065097000,2487033000,1000000,1000000,1775000,2322000,0,0,2322000,3711000,2060000000,2480000000,2062322000,2483711000,1000010,4704140,1000000,1000000,10,3704140
78,1027147000,1035010000,1000000,1000000,1376000,9239000,263395000,263395000,1376000,1376000,760000000,760000000,761376000,761376000,763752000,771615000,1000000,1000000,1376000,9239000,0,0,1376000,1376000,760000000,760000000,761376000,761376000,1000010,6102090,1000000,1000000,10,5102090
108,1955631000,1955977000,1000000,1000000,445000,791000,263395000,263395000,791000,791000,1690000000,1690000000,1690791000,1690791000,1692236000,1692582000,1000000,1000000,445000,791000,0,0,791000,791000,1690000000,1690000000,1690791000,1690791000,1000010,4001090,1000000,1000000,10,3001090
138,2677067000,2677531000,1000000,1000000,1104000,1568000,263395000,263395000,1568000,1568000,2410000000,2410000000,2411568000,2411568000,2413672000,2414136000,1000000,1000000,1104000,1568000,0,0,1568000,1568000,2410000000,2410000000,2411568000,2411568000,1000010,11385020,1000000,1000000,10,10385020
168,382179000,382567000,1000000,1000000,3892000,4280000,263395000,263395000,3892000,3892000,110000000,110000000,113892000,113892000,118784000,119172000,1000000,1000000,3892000,4280000,0,0,3892000,3892000,110000000,110000000,113892000,113892000,1000010,3370040,1000000,1000000,10,2370040
198,513077000,513516000,1000000,1000000,14341000,14780000,263395000,263395000,14341000,14341000,220000000,220000000,234341000,234341000,249682000,250121000,1000000,1000000,14341000,14780000,0,0,14341000,14341000,220000000,220000000,234341000,234341000,1000010,6788080,1000000,1000000,10,5788080
228,1614395000,1614933000,1000000,1000000,0,538000,263395000,263395000,0,0,1350000000,1350000000,1350000000,1350000000,1351000000,1351538000,1000000,1000000,0,538000,0,0,0,0,1350000000,1350000000,1350000000,1350000000,1000010,14803080,1000000,1000000,10,13803080
258,2001506000,4192865000,1000000,1000000,12486000,14625000,263395000,790185000,14625000,17055000,1710000000,3370000000,1724625000,3387055000,1738111000,3402680000,1000000,1000000,12486000,14625000,0,0,14625000,17055000,1710000000,3370000000,1724625000,3387055000,1000010,4690050,1000000,1000000,10,3690050
288,1737183000,2000968000,1000000,1000000,1199000,1589000,263395000,526790000,1589000,1589000,1470000000,1470000000,1471589000,1471589000,1473788000,1474178000,1000000,1000000,1199000,1589000,0,0,1589000,1589000,1470000000,1470000000,1471589000,1471589000,1000010,12173060,1000000,1000000,10,11173060
318,1945663000,2209436000,1000000,1000000,445000,823000,263395000,526790000,823000,823000,1680000000,1680000000,1680823000,1680823000,1682268000,1682646000,1000000,1000000,445000,823000,0,0,823000,823000,1680000000,1680000000,1680823000,1680823000,1000010,1346010,1000000,1000000,10,346010
348,1859873000,2124208000,1000000,1000000,17269000,18209000,263395000,526790000,18209000,18209000,1560000000,1560000000,1578209000,1578209000,1596478000,1597418000,1000000,1000000,17269000,18209000,0,0,18209000,18209000,1560000000,1560000000,1578209000,1578209000,1000010,7471100,1000000,1000000,10,6471100
378,2187920000,2715488000,1000000,1000000,1478000,2256000,263395000,790185000,2047000,2047000,1920000000,1920000000,1922047000,1922047000,1924525000,1925303000,1000000,1000000,1478000,2256000,0,0,2047000,2047000,1920000000,1920000000,1922047000,1922047000,1000010,13126070,1000000,1000000,10,12126070
408,1305893000,1570411000,1000000,1000000,299000,1199000,263395000,526790000,1199000,1422000,1040000000,1040000000,1041199000,1041422000,1042498000,1043621000,1000000,1000000,299000,1199000,0,0,1199000,1422000,1040000000,1040000000,1041199000,1041422000,1000010,14551110,1000000,1000000,10,13551110
438,508653000,1155099000,1000000,1000000,2129000,2857000,263395000,790185000,2129000,1057000,240000000,360000000,242129000,361057000,245258000,364914000,1000000,1000000,2129000,2857000,0,0,2129000,1057000,240000000,360000000,242129000,361057000,1000010,2746030,1000000,1000000,10,1746030
19,2059033000,2059241000,1000000,1000000,2215000,2423000,263395000,263395000,2423000,2423000,1790000000,1790000000,1792423000,1792423000,1795638000,1795846000,1000000,1000000,2215000,2423000,0,0,2423000,2423000,1790000000,1790000000,1792423000,1792423000,1000010,17106130,1000000,1000000,10,16106130
49,2037812000,2038948000,1000000,1000000,1642000,1775000,263395000,263395000,1775000,2778000,1770000000,1770000000,1771775000,1772778000,1774417000,1775553000,1000000,1000000,1642000,1775000,0,0,1775000,2778000,1770000000,1770000000,1771775000,1772778000,1000010,4571130,1000000,1000000,10,3571130
79,336687000,337023000,1000000,1000000,978000,1314000,263395000,263395000,1314000,1314000,70000000,70000000,71314000,71314000,73292000,73628000,1000000,1000000,978000,1314000,0,0,1314000,1314000,70000000,70000000,71314000,71314000,1000010,2438050,1000000,1000000,10,1438050
109,1956136000,1956295000,1000000,1000000,791000,950000,263395000,263395000,950000,950000,1690000000,1690000000,1690950000,1690950000,1692741000,1692900000,1000000,1000000,791000,950000,0,0,950000,950000,1690000000,1690000000,1690950000,1690950000,1000010,3842080,1000000,1000000,10,2842080
139,265499000,265794000,1000000,1000000,1104000,1399000,263395000,263395000,0,0,0,0,0,0,2104000,2399000,1000000,1000000,1104000,1399000,0,0,0,0,0,0,0,0,1000010,1000000,1000000,1000000,10,0
169,2182365000,2182950000,1000000,1000000,3905000,4065000,263395000,263395000,4065000,4490000,1910000000,1910000000,1914065000,1914490000,1918970000,1919555000,1000000,1000000,3905000,4065000,0,0,4065000,4490000,1910000000,1910000000,1914065000,1914490000,1000010,1425030,1000000,1000000,10,425030
199,274152000,274188000,1000000,1000000,9757000,9793000,263395000,263395000,0,0,0,0,0,0,10757000,10793000,1000000,1000000,9757000,9793000,0,0,0,0,0,0,0,0,1000010,1000000,1000000,1000000,10,0
229,265445000,266036000,1000000,1000000,1050000,1641000,263395000,263395000,0,0,0,0,0,0,2050000,2641000,1000000,1000000,1050000,1641000,0,0,0,0,0,0,0,0,1000010,1000000,1000000,1000000,10,0
259,1789315000,3459134000,1000000,1000000,11785000,13135000,263395000,526790000,13135000,18209000,1500000000,2900000000,1513135000,2918209000,1525920000,2932344000,1000000,1000000,11785000,13135000,0,0,13135000,18209000,1500000000,2900000000,1513135000,2918209000,1000010,6074070,1000000,1000000,10,5074070
289,2146662000,2674029000,1000000,1000000,845000,1422000,263395000,790185000,1422000,1422000,1880000000,1880000000,1881422000,1881422000,1883267000,1883844000,1000000,1000000,845000,1422000,0,0,1422000,1422000,1880000000,1880000000,1881422000,1881422000,1000010,14374100,1000000,1000000,10,13374100
319,1566332000,1830774000,1000000,1000000,445000,1492000,263395000,526790000,1492000,1492000,1300000000,1300000000,1301492000,1301492000,1302937000,1303984000,1000000,1000000,445000,1492000,0,0,1492000,1492000,1300000000,1300000000,1301492000,1301492000,1000010,12161040,1000000,1000000,10,11161040
349,2047261000,2575777000,1000000,1000000,15624000,17350000,263395000,790185000,17242000,17242000,1750000000,1750000000,1767242000,1767242000,1783866000,1785592000,1000000,1000000,15624000,17350000,0,0,17242000,17242000,1750000000,1750000000,1767242000,1767242000,1000010,7767080,1000000,1000000,10,6767080
379,2107439000,2634873000,1000000,1000000,1200000,1844000,263395000,790185000,1844000,1844000,1840000000,1840000000,1841844000,1841844000,1844044000,1844688000,1000000,1000000,1200000,1844000,0,0,1844000,1844000,1840000000,1840000000,1841844000,1841844000,1000010,12848060,1000000,1000000,10,11848060
409,2705709000,4295898000,1000000,1000000,0,9819000,263395000,1843765000,1314000,1314000,2440000000,2440000000,2441314000,2441314000,2442314000,2452133000,1000000,1000000,0,9819000,0,0,1314000,1314000,2440000000,2440000000,2441314000,2441314000,1000010,6372080,1000000,1000000,10,5372080
439,273705000,545606000,1000000,1000000,9310000,17816000,263395000,526790000,0,0,0,0,0,0,10310000,18816000,1000000,1000000,9310000,17816000,0,0,0,0,0,0,0,0,1000010,1000000,1000000,1000000,10,0
20,2110502000,2112179000,1000000,1000000,2215000,3892000,263395000,263395000,3892000,3892000,1840000000,1840000000,1843892000,1843892000,1847107000,1848784000,1000000,1000000,2215000,3892000,0,0,3892000,3892000,1840000000,1840000000,1843892000,1843892000,1000010,1704020,1000000,1000000,10,704020
50,2139574000,2140109000,1000000,1000000,2322000,2857000,263395000,263395000,2857000,2857000,1870000000,1870000000,1872857000,1872857000,1876179000,1876714000,1000000,1000000,2322000,2857000,0,0,2857000,2857000,1870000000,1870000000,1872857000,1872857000,1000010,4522120,1000000,1000000,10,3522120
80,1547176000,1548001000,1000000,1000000,978000,1803000,263395000,263395000,1803000,1803000,1280000000,1280000000,1281803000,1281803000,1283781000,1284606000,1000000,1000000,978000,1803000,0,0,1803000,1803000,1280000000,1280000000,1281803000,1281803000,1000010,14674080,1000000,1000000,10,13674080
110,536571000,536704000,1000000,1000000,1088000,1221000,263395000,263395000,1088000,1088000,270000000,270000000,271088000,271088000,273176000,273309000,1000000,1000000,1088000,1221000,0,0,1088000,1088000,270000000,270000000,271088000,271088000,1000010,1452020,1000000,1000000,10,452020
140,1515944000,1516603000,1000000,1000000,445000,1104000,263395000,263395000,1104000,1104000,1250000000,1250000000,1251104000,1251104000,1252549000,1253208000,1000000,1000000,445000,1104000,0,0,1104000,1104000,1250000000,1250000000,1251104000,1251104000,1000010,12161040,1000000,1000000,10,11161040
170,2192580000,2193005000,1000000,1000000,4065000,4120000,263395000,263395000,4120000,4490000,1920000000,1920000000,1924120000,1924490000,1929185000,1929610000,1000000,1000000,4065000,4120000,0,0,4120000,4490000,1920000000,1920000000,1924120000,1924490000,1000010,2195030,1000000,1000000,10,1195030
200,906276000,906521000,1000000,1000000,10818000,11063000,263395000,263395000,11063000,11063000,620000000,620000000,631063000,631063000,642881000,643126000,1000000,1000000,10818000,11063000,0,0,11063000,11063000,620000000,620000000,631063000,631063000,1000010,14332060,1000000,1000000,10,13332060
230,2165890000,2166495000,1000000,1000000,445000,1050000,263395000,263395000,1050000,1050000,1900000000,1900000000,1901050000,1901050000,1902495000,1903100000,1000000,1000000,445000,1050000,0,0,1050000,1050000,1900000000,1900000000,1901050000,1901050000,1000010,15184060,1000000,1000000,10,14184060
260,276180000,804133000,1000000,1000000,11785000,12948000,263395000,790185000,0,0,0,0,0,0,12785000,13948000,1000000,1000000,11785000,12948000,0,0,0,0,0,0,0,0,1000010,1000000,1000000,1000000,10,0
290,736962000,1000968000,1000000,1000000,978000,1589000,263395000,526790000,1589000,1589000,470000000,470000000,471589000,471589000,473567000,474178000,1000000,1000000,978000,1589000,0,0,1589000,1589000,470000000,470000000,471589000,471589000,1000010,3242050,1000000,1000000,10,2242050
320,276860000,540774000,1000000,1000000,973000,1492000,263395000,526790000,1492000,1492000,10000000,10000000,11492000,11492000,13465000,13984000,1000000,1000000,973000,1492000,0,0,1492000,1492000,10000000,10000000,11492000,11492000,1000010,1000000,1000000,1000000,10,0
350,2038719000,2302328000,1000000,1000000,17055000,17269000,263395000,526790000,17269000,17269000,1740000000,1740000000,1757269000,1757269000,1775324000,1775538000,1000000,1000000,17055000,17269000,0,0,17269000,17269000,1740000000,1740000000,1757269000,1757269000,1000010,9198090,1000000,1000000,10,8198090
380,268164000,268363000,1000000,1000000,3769000,3968000,263395000,263395000,0,0,0,0,0,0,4769000,4968000,1000000,1000000,3769000,3968000,0,0,0,0,0,0,0,0,1000010,1000000,1000000,1000000,10,0
410,916643000,1444791000,1000000,1000000,445000,1803000,263395000,790185000,1803000,1803000,650000000,650000000,651803000,651803000,653248000,654606000,1000000,1000000,445000,1803000,0,0,1803000,1803000,650000000,650000000,651803000,651803000,1000010,11534020,1000000,1000000,10,10534020
440,1644109000,2442871000,1000000,1000000,9239000,17816000,263395000,1053580000,10475000,10475000,1360000000,1360000000,1370475000,1370475000,1380714000,1389291000,1000000,1000000,9239000,17816000,0,0,10475000,10475000,1360000000,1360000000,1370475000,1370475000,1000010,11979110,1000000,1000000,10,10979110
21,2199098000,2199371000,1000000,1000000,2215000,2488000,263395000,263395000,2488000,2488000,1930000000,1930000000,1932488000,1932488000,1935703000,1935976000,1000000,1000000,2215000,2488000,0,0,2488000,2488000,1930000000,1930000000,1932488000,1932488000,1000010,2677010,1000000,1000000,10,1677010
51,2129190000,2780579000,1000000,1000000,2322000,2473000,263395000,263395000,2473000,3711000,1860000000,2510000000,1862473000,2513711000,1865795000,2517184000,1000000,1000000,2322000,2473000,0,0,2473000,3711000,1860000000,2510000000,1862473000,2513711000,1000010,5251150,1000000,1000000,10,4251150
81,2725911000,2726351000,1000000,1000000,538000,978000,263395000,263395000,978000,978000,2460000000,2460000000,2460978000,2460978000,2462516000,2462956000,1000000,1000000,538000,978000,0,0,978000,978000,2460000000,2460000000,2460978000,2460978000,1000010,14234070,1000000,1000000,10,13234070
111,2196566000,2196837000,1000000,1000000,950000,1221000,263395000,263395000,1221000,1221000,1930000000,1930000000,1931221000,1931221000,1933171000,1933442000,1000000,1000000,950000,1221000,0,0,1221000,1221000,1930000000,1930000000,1931221000,1931221000,1000010,1505020,1000000,1000000,10,505020
141,1568528000,1569353000,1000000,1000000,1654000,2479000,263395000,263395000,2479000,2479000,1300000000,1300000000,1302479000,1302479000,1305133000,1305958000,1000000,1000000,1654000,2479000,0,0,2479000,2479000,1300000000,1300000000,1302479000,1302479000,1000010,3261080,1000000,1000000,10,2261080
171,2213155000,2213375000,1000000,1000000,4270000,4490000,263395000,263395000,4490000,4490000,1940000000,1940000000,1944490000,1944490000,1949760000,1949980000,1000000,1000000,4270000,4490000,0,0,4490000,4490000,1940000000,1940000000,1944490000,1944490000,1000010,1825010,1000000,1000000,10,825010
201,1625931000,1626031000,1000000,1000000,10718000,10818000,263395000,263395000,10818000,10818000,1340000000,1340000000,1350818000,1350818000,1362536000,1362636000,1000000,1000000,10718000,10818000,0,0,10818000,10818000,1340000000,1340000000,1350818000,1350818000,1000010,14577050,1000000,1000000,10,13577050
231,2075775000,2075920000,1000000,1000000,662000,718000,263395000,263395000,718000,807000,1810000000,1810000000,1810718000,1810807000,1812380000,1812525000,1000000,1000000,662000,718000,0,0,718000,807000,1810000000,1810000000,1810718000,1810807000,1000010,15814100,1000000,1000000,10,14814100
261,277009000,277343000,1000000,1000000,12614000,12948000,263395000,263395000,0,0,0,0,0,0,13614000,13948000,1000000,1000000,12614000,12948000,0,0,0,0,0,0,0,0,1000010,1000000,1000000,1000000,10,0
291,1737291000,2000853000,1000000,1000000,1422000,1589000,263395000,526790000,1474000,1474000,1470000000,1470000000,1471474000,1471474000,1473896000,1474063000,1000000,1000000,1422000,1589000,0,0,1474000,1474000,1470000000,1470000000,1471474000,1471474000,1000010,12396070,1000000,1000000,10,11396070
321,2196227000,3260263000,1000000,1000000,607000,11063000,263395000,1316975000,1225000,1225000,1930000000,1930000000,1931225000,1931225000,1932832000,1943288000,1000000,1000000,607000,11063000,0,0,1225000,1225000,1930000000,1930000000,1931225000,1931225000,1000010,5399140,1000000,1000000,10,4399140
351,2145442000,2674662000,1000000,1000000,14625000,17055000,263395000,790185000,16422000,16422000,1850000000,1850000000,1866422000,1866422000,1882047000,1884477000,1000000,1000000,14625000,17055000,0,0,16422000,16422000,1850000000,1850000000,1866422000,1866422000,1000010,6768070,1000000,1000000,10,5768070
381,2199111000,2726929000,1000000,1000000,1844000,2872000,263395000,790185000,2872000,2872000,1930000000,1930000000,1932872000,1932872000,1935716000,1936744000,1000000,1000000,1844000,2872000,0,0,2872000,2872000,1930000000,1930000000,1932872000,1932872000,1000010,13492080,1000000,1000000,10,12492080
411,2065720000,2329315000,1000000,1000000,607000,718000,263395000,526790000,718000,807000,1800000000,1800000000,1800718000,1800807000,1802325000,1802525000,1000000,1000000,607000,718000,0,0,718000,807000,1800000000,1800000000,1800718000,1800807000,1000010,15759090,1000000,1000000,10,14759090
22,2229222000,2230025000,1000000,1000000,12012000,12815000,263395000,263395000,12815000,12815000,1940000000,1940000000,1952815000,1952815000,1965827000,1966630000,1000000,1000000,12012000,12815000,0,0,12815000,12815000,1940000000,1940000000,1952815000,1952815000,1000010,1227010,1000000,1000000,10,227010
52,2027336000,2028815000,1000000,1000000,1299000,1642000,263395000,263395000,1642000,2778000,1760000000,1760000000,1761642000,1762778000,1763941000,1765420000,1000000,1000000,1299000,1642000,0,0,1642000,2778000,1760000000,1760000000,1761642000,1762778000,1000010,4228120,1000000,1000000,10,3228120
82,2121024000,2121343000,1000000,1000000,3155000,3474000,263395000,263395000,3474000,3474000,1850000000,1850000000,1853474000,1853474000,1857629000,1857948000,1000000,1000000,3155000,3474000,0,0,3474000,3474000,1850000000,1850000000,1853474000,1853474000,1000010,5355140,1000000,1000000,10,4355140
112,1956306000,1956571000,1000000,1000000,823000,1088000,263395000,263395000,1088000,1088000,1690000000,1690000000,1691088000,1691088000,1692911000,1693176000,1000000,1000000,823000,1088000,0,0,1088000,1088000,1690000000,1690000000,1691088000,1691088000,1000010,1437020,1000000,1000000,10,437020
142,1987747000,1987963000,1000000,1000000,1568000,1784000,263395000,263395000,1784000,1784000,1720000000,1720000000,1721784000,1721784000,1724352000,1724568000,1000000,1000000,1568000,1784000,0,0,1784000,1784000,1720000000,1720000000,1721784000,1721784000,1000010,4626080,1000000,1000000,10,3626080
172,2202785000,2203155000,1000000,1000000,4120000,4270000,263395000,263395000,4270000,4490000,1930000000,1930000000,1934270000,1934490000,1939390000,1939760000,1000000,1000000,4120000,4270000,0,0,4270000,4490000,1930000000,1930000000,1934270000,1934490000,1000010,2045020,1000000,1000000,10,1045020
202,937248000,938001000,1000000,1000000,1050000,1803000,263395000,263395000,1803000,1803000,670000000,670000000,671803000,671803000,673853000,674606000,1000000,1000000,1050000,1803000,0,0,1803000,1803000,670000000,670000000,671803000,671803000,1000010,12139030,1000000,1000000,10,11139030
232,2085920000,2086009000,1000000,1000000,718000,807000,263395000,263395000,807000,807000,1820000000,1820000000,1820807000,1820807000,1822525000,1822614000,1000000,1000000,718000,807000,0,0,807000,807000,1820000000,1820000000,1820807000,1820807000,1000010,15870110,1000000,1000000,10,14870110
262,1758590000,2022696000,1000000,1000000,11742000,12453000,263395000,526790000,12453000,12453000,1470000000,1470000000,1482453000,1482453000,1495195000,1495906000,1000000,1000000,11742000,12453000,0,0,12453000,12453000,1470000000,1470000000,1482453000,1482453000,1000010,14482110,1000000,1000000,10,13482110
292,1086793000,1642084000,1000000,1000000,1199000,9310000,263395000,790185000,1199000,1589000,820000000,840000000,821199000,841589000,823398000,851899000,1000000,1000000,1199000,9310000,0,0,1199000,1589000,820000000,840000000,821199000,841589000,1000010,6102090,1000000,1000000,10,5102090
322,2166999000,2694493000,1000000,1000000,950000,1654000,263395000,790185000,1654000,1654000,1900000000,1900000000,1901654000,1901654000,1903604000,1904308000,1000000,1000000,950000,1654000,0,0,1654000,1654000,1900000000,1900000000,1901654000,1901654000,1000010,3879110,1000000,1000000,10,2879110
352,2147369000,2412490000,1000000,1000000,15624000,17350000,263395000,526790000,17350000,17350000,1850000000,1850000000,1867350000,1867350000,1883974000,1885700000,1000000,1000000,15624000,17350000,0,0,17350000,17350000,1850000000,1850000000,1867350000,1867350000,1000010,5327050,1000000,1000000,10,4327050
382,2188717000,2716747000,1000000,1000000,1844000,2944000,263395000,790185000,2478000,2618000,1920000000,1920000000,1922478000,1922618000,1925322000,1926562000,1000000,1000000,1844000,2944000,0,0,2478000,2618000,1920000000,1920000000,1922478000,1922618000,1000010,6189130,1000000,1000000,10,5189130
412,2075864000,2339404000,1000000,1000000,662000,807000,263395000,526790000,807000,807000,1810000000,1810000000,1810807000,1810807000,1812469000,1812614000,1000000,1000000,662000,807000,0,0,807000,807000,1810000000,1810000000,1810807000,1810807000,1000010,15814100,1000000,1000000,10,14814100
23,2238192000,2238419000,1000000,1000000,11785000,12012000,263395000,263395000,12012000,12012000,1950000000,1950000000,1962012000,1962012000,1974797000,1975024000,1000000,1000000,11785000,12012000,0,0,12012000,12012000,1950000000,1950000000,1962012000,1962012000,1000010,1829010,1000000,1000000,10,829010
53,1687424000,1687879000,1000000,1000000,11287000,11742000,263395000,263395000,11742000,11742000,1400000000,1400000000,1411742000,1411742000,1424029000,1424484000,1000000,1000000,11287000,11742000,0,0,11742000,11742000,1400000000,1400000000,1411742000,1411742000,1000010,14027100,1000000,1000000,10,13027100
83,2170407000,2170705000,1000000,1000000,2857000,3155000,263395000,263395000,3155000,3155000,1900000000,1900000000,1903155000,1903155000,1907012000,1907310000,1000000,1000000,2857000,3155000,0,0,3155000,3155000,1900000000,1900000000,1903155000,1903155000,1000010,5057130,1000000,1000000,10,4057130
113,1955854000,1956041000,1000000,1000000,636000,823000,263395000,263395000,823000,823000,1690000000,1690000000,1690823000,1690823000,1692459000,1692646000,1000000,1000000,636000,823000,0,0,823000,823000,1690000000,1690000000,1690823000,1690823000,1000010,1537020,1000000,1000000,10,537020
143,798658000,799353000,1000000,1000000,1784000,2479000,263395000,263395000,2479000,2479000,530000000,530000000,532479000,532479000,535263000,535958000,1000000,1000000,1784000,2479000,0,0,2479000,2479000,530000000,530000000,532479000,532479000,1000010,4088110,1000000,1000000,10,3088110
173,2182708000,2183533000,1000000,1000000,3744000,4569000,263395000,263395000,4569000,4569000,1910000000,1910000000,1914569000,1914569000,1919313000,1920138000,1000000,1000000,3744000,4569000,0,0,4569000,4569000,1910000000,1910000000,1914569000,1914569000,1000010,2529020,1000000,1000000,10,1529020
203,297023000,297512000,1000000,1000000,1314000,1803000,263395000,263395000,1314000,1314000,30000000,30000000,31314000,31314000,33628000,34117000,1000000,1000000,1314000,1803000,0,0,1314000,1314000,30000000,30000000,31314000,31314000,1000010,1000000,1000000,1000000,10,0
233,1886259000,1886509000,1000000,1000000,807000,1057000,263395000,263395000,1057000,1057000,1620000000,1620000000,1621057000,1621057000,1622864000,1623114000,1000000,1000000,807000,1057000,0,0,1057000,1057000,1620000000,1620000000,1621057000,1621057000,1000010,15959120,1000000,1000000,10,14959120
263,2209375000,3000510000,1000000,1000000,12033000,12983000,263395000,1053580000,12947000,12947000,1920000000,1920000000,1932947000,1932947000,1945980000,1946930000,1000000,1000000,12033000,12983000,0,0,12947000,12947000,1920000000,1920000000,1932947000,1932947000,1000010,14773120,1000000,1000000,10,13773120
293,1536736000,2328186000,1000000,1000000,538000,1803000,263395000,1053580000,1803000,1803000,1270000000,1270000000,1271803000,1271803000,1273341000,1274606000,1000000,1000000,538000,1803000,0,0,1803000,1803000,1270000000,1270000000,1271803000,1271803000,1000010,14234070,1000000,1000000,10,13234070
323,2186407000,4194806000,1000000,1000000,791000,1299000,263395000,790185000,1221000,2322000,1920000000,3400000000,1921221000,3402322000,1923012000,3404621000,1000000,1000000,791000,1299000,0,0,1221000,2322000,1920000000,3400000000,1921221000,3402322000,1000010,3720100,1000000,1000000,10,2720100
353,2149630000,2414060000,1000000,1000000,17100000,18135000,263395000,526790000,18135000,18135000,1850000000,1850000000,1868135000,1868135000,1886235000,1887270000,1000000,1000000,17100000,18135000,0,0,18135000,18135000,1850000000,1850000000,1868135000,1868135000,1000010,8594100,1000000,1000000,10,7594100
383,267339000,531758000,1000000,1000000,2944000,3968000,263395000,526790000,0,0,0,0,0,0,3944000,4968000,1000000,1000000,2944000,3968000,0,0,0,0,0,0,0,0,1000010,1000000,1000000,1000000,10,0
413,1876170000,2139904000,1000000,1000000,718000,1057000,263395000,526790000,1057000,1057000,1610000000,1610000000,1611057000,1611057000,1612775000,1613114000,1000000,1000000,718000,1057000,0,0,1057000,1057000,1610000000,1610000000,1611057000,1611057000,1000010,15870110,1000000,1000000,10,14870110
24,309824000,310025000,1000000,1000000,12614000,12815000,263395000,263395000,12815000,12815000,20000000,20000000,32815000,32815000,46429000,46630000,1000000,1000000,12614000,12815000,0,0,12815000,12815000,20000000,20000000,32815000,32815000,1000010,1000000,1000000,1000000,10,0
54,275339000,275926000,1000000,1000000,10944000,11531000,263395000,263395000,0,0,0,0,0,0,11944000,12531000,1000000,1000000,10944000,11531000,0,0,0,0,0,0,0,0,1000010,1000000,1000000,1000000,10,0
84,410236000,410363000,1000000,1000000,2857000,2984000,263395000,263395000,2984000,2984000,140000000,140000000,142984000,142984000,146841000,146968000,1000000,1000000,2857000,2984000,0,0,2984000,2984000,140000000,140000000,142984000,142984000,1000010,3528050,1000000,1000000,10,2528050
114,2195476000,2195667000,1000000,1000000,445000,636000,263395000,263395000,636000,636000,1930000000,1930000000,1930636000,1930636000,1932081000,1932272000,1000000,1000000,445000,636000,0,0,636000,636000,1930000000,1930000000,1930636000,1930636000,1000010,1505020,1000000,1000000,10,505020
144,679660000,681789000,1000000,1000000,1568000,3697000,263395000,263395000,3697000,3697000,410000000,410000000,413697000,413697000,416265000,418394000,1000000,1000000,1568000,3697000,0,0,3697000,3697000,410000000,410000000,413697000,413697000,1000010,11849030,1000000,1000000,10,10849030
174,383349000,383533000,1000000,1000000,4385000,4569000,263395000,263395000,4569000,4569000,110000000,110000000,114569000,114569000,119954000,120138000,1000000,1000000,4385000,4569000,0,0,4569000,4569000,110000000,110000000,114569000,114569000,1000010,2250030,1000000,1000000,10,1250030
204,1876656000,1877481000,1000000,1000000,10718000,11543000,263395000,263395000,11543000,11543000,1590000000,1590000000,1601543000,1601543000,1613261000,1614086000,1000000,1000000,10718000,11543000,0,0,11543000,11543000,1590000000,1590000000,1601543000,1601543000,1000010,13195080,1000000,1000000,10,12195080
234,281745000,282138000,1000000,1000000,17350000,17743000,263395000,263395000,0,0,0,0,0,0,18350000,18743000,1000000,1000000,17350000,17743000,0,0,0,0,0,0,0,0,1000010,1000000,1000000,1000000,10,0
264,2138637000,2402466000,1000000,1000000,1904000,2338000,263395000,526790000,2338000,2338000,1870000000,1870000000,1872338000,1872338000,1875242000,1875676000,1000000,1000000,1904000,2338000,0,0,2338000,2338000,1870000000,1870000000,1872338000,1872338000,1000010,2785050,1000000,1000000,10,1785050
294,2110726000,2374738000,1000000,1000000,2857000,3474000,263395000,526790000,3474000,3474000,1840000000,1840000000,1843474000,1843474000,1847331000,1847948000,1000000,1000000,2857000,3474000,0,0,3474000,3474000,1840000000,1840000000,1843474000,1843474000,1000010,5057130,1000000,1000000,10,4057130
324,278483000,805939000,1000000,1000000,14088000,14754000,263395000,790185000,0,0,0,0,0,0,15088000,15754000,1000000,1000000,14088000,14754000,0,0,0,0,0,0,0,0,1000010,1000000,1000000,1000000,10,0
354,2138470000,2403830000,1000000,1000000,16170000,17905000,263395000,526790000,17905000,18135000,1840000000,1840000000,1857905000,1858135000,1875075000,1877040000,1000000,1000000,16170000,17905000,0,0,17905000,18135000,1840000000,1840000000,1857905000,1858135000,1000010,7664090,1000000,1000000,10,6664090
384,2169597000,2433238000,1000000,1000000,2478000,2724000,263395000,526790000,2724000,2724000,1900000000,1900000000,1902724000,1902724000,1906202000,1906448000,1000000,1000000,2478000,2724000,0,0,2724000,2724000,1900000000,1900000000,1902724000,1902724000,1000010,3491060,1000000,1000000,10,2491060
414,265445000,266036000,1000000,1000000,1050000,1641000,263395000,263395000,0,0,0,0,0,0,2050000,2641000,1000000,1000000,1050000,1641000,0,0,0,0,0,0,0,0,1000010,1000000,1000000,1000000,10,0
25,1697188000,1697565000,1000000,1000000,11208000,11585000,263395000,263395000,11585000,11585000,1410000000,1410000000,1421585000,1421585000,1433793000,1434170000,1000000,1000000,11208000,11585000,0,0,11585000,11585000,1410000000,1410000000,1421585000,1421585000,1000010,3262050,1000000,1000000,10,2262050
55,275603000,275750000,1000000,1000000,11208000,11355000,263395000,263395000,0,0,0,0,0,0,12208000,12355000,1000000,1000000,11208000,11355000,0,0,0,0,0,0,0,0,1000010,1000000,1000000,1000000,10,0
85,2180902000,2181021000,1000000,1000000,3194000,3313000,263395000,263395000,3313000,3313000,1910000000,1910000000,1913313000,1913313000,1917507000,1917626000,1000000,1000000,3194000,3313000,0,0,3313000,3313000,1910000000,1910000000,1913313000,1913313000,1000010,5165110,1000000,1000000,10,4165110
115,1576554000,1577379000,1000000,1000000,667000,1492000,263395000,263395000,1492000,1492000,1310000000,1310000000,1311492000,1311492000,1313159000,1313984000,1000000,1000000,667000,1492000,0,0,1492000,1492000,1310000000,1310000000,1311492000,1311492000,1000010,12383050,1000000,1000000,10,11383050
145,1820964000,1821789000,1000000,1000000,2872000,3697000,263395000,263395000,3697000,3697000,1550000000,1550000000,1553697000,1553697000,1557569000,1558394000,1000000,1000000,2872000,3697000,0,0,3697000,3697000,1550000000,1550000000,1553697000,1553697000,1000010,14520080,1000000,1000000,10,13520080
175,313165000,313270000,1000000,1000000,4385000,4490000,263395000,263395000,4385000,4385000,40000000,40000000,44385000,44385000,49770000,49875000,1000000,1000000,4385000,4490000,0,0,4385000,4385000,40000000,40000000,44385000,44385000,1000010,1425030,1000000,1000000,10,425030
205,1282508000,1283077000,1000000,1000000,13772000,14341000,263395000,263395000,14341000,14341000,990000000,990000000,1004341000,1004341000,1019113000,1019682000,1000000,1000000,13772000,14341000,0,0,14341000,14341000,990000000,990000000,1004341000,1004341000,1000010,15603090,1000000,1000000,10,14603090
235,1513407000,1513941000,1000000,1000000,9239000,9773000,263395000,263395000,9773000,9773000,1230000000,1230000000,1239773000,1239773000,1250012000,1250546000,1000000,1000000,9239000,9773000,0,0,9773000,9773000,1230000000,1230000000,1239773000,1239773000,1000010,13747060,1000000,1000000,10,12747060
265,2138329000,2402108000,1000000,1000000,1775000,2159000,263395000,526790000,2159000,2159000,1870000000,1870000000,1872159000,1872159000,1874934000,1875318000,1000000,1000000,1775000,2159000,0,0,2159000,2159000,1870000000,1870000000,1872159000,1872159000,1000010,2936060,1000000,1000000,10,1936060
295,2159872000,2687495000,1000000,1000000,2322000,3155000,263395000,790185000,3155000,3155000,1890000000,1890000000,1893155000,1893155000,1896477000,1897310000,1000000,1000000,2322000,3155000,0,0,3155000,3155000,1890000000,1890000000,1893155000,1893155000,1000010,4522120,1000000,1000000,10,3522120
325,279035000,279149000,1000000,1000000,14640000,14754000,263395000,263395000,0,0,0,0,0,0,15640000,15754000,1000000,1000000,14640000,14754000,0,0,0,0,0,0,0,0,1000010,1000000,1000000,1000000,10,0
355,529732000,793233000,1000000,1000000,2618000,2724000,263395000,526790000,2719000,2719000,260000000,260000000,262719000,262719000,266337000,266443000,1000000,1000000,2618000,2724000,0,0,2719000,2719000,260000000,260000000,262719000,262719000,1000010,3012040,1000000,1000000,10,2012040
385,2199269000,2463026000,1000000,1000000,2256000,2618000,263395000,526790000,2618000,2618000,1930000000,1930000000,1932618000,1932618000,1935874000,1936236000,1000000,1000000,2256000,2618000,0,0,2618000,2618000,1930000000,1930000000,1932618000,1932618000,1000010,3269050,1000000,1000000,10,2269050
415,2019353000,2547793000,1000000,1000000,1654000,3304000,263395000,790185000,3304000,3304000,1750000000,1750000000,1753304000,1753304000,1755958000,1757608000,1000000,1000000,1654000,3304000,0,0,3304000,3304000,1750000000,1750000000,1753304000,1753304000,1000010,4088110,1000000,1000000,10,3088110
26,1887765000,3094389000,1000000,1000000,11585000,11785000,263395000,263395000,11785000,18209000,1600000000,2800000000,1611785000,2818209000,1624370000,2830994000,1000000,1000000,11585000,11785000,0,0,11785000,18209000,1600000000,2800000000,1611785000,2818209000,1000010,7424090,1000000,1000000,10,6424090
56,1686547000,1686811000,1000000,1000000,10944000,11208000,263395000,263395000,11208000,11208000,1400000000,1400000000,1411208000,1411208000,1423152000,1423416000,1000000,1000000,10944000,11208000,0,0,11208000,11208000,1400000000,1400000000,1411208000,1411208000,1000010,3515050,1000000,1000000,10,2515050
86,2170570000,2170902000,1000000,1000000,2981000,3194000,263395000,263395000,3194000,3313000,1900000000,1900000000,1903194000,1903313000,1907175000,1907507000,1000000,1000000,2981000,3194000,0,0,3194000,3313000,1900000000,1900000000,1903194000,1903313000,1000010,4952100,1000000,1000000,10,3952100
116,2195507000,2195729000,1000000,1000000,445000,667000,263395000,263395000,667000,667000,1930000000,1930000000,1930667000,1930667000,1932112000,1932334000,1000000,1000000,445000,667000,0,0,667000,667000,1930000000,1930000000,1930667000,1930667000,1000010,12161040,1000000,1000000,10,11161040
146,538653000,657875000,1000000,1000000,2129000,2423000,263395000,263395000,2129000,1057000,270000000,390000000,272129000,391057000,275258000,394480000,1000000,1000000,2129000,2423000,0,0,2129000,1057000,270000000,390000000,272129000,391057000,1000010,2954040,1000000,1000000,10,1954040
176,280363000,280688000,1000000,1000000,15968000,16293000,263395000,263395000,0,0,0,0,0,0,16968000,17293000,1000000,1000000,15968000,16293000,0,0,0,0,0,0,0,0,1000010,1000000,1000000,1000000,10,0
206,275458000,275664000,1000000,1000000,11063000,11269000,263395000,263395000,0,0,0,0,0,0,12063000,12269000,1000000,1000000,11063000,11269000,0,0,0,0,0,0,0,0,1000010,1000000,1000000,1000000,10,0
236,267675000,267816000,1000000,1000000,3280000,3421000,263395000,263395000,0,0,0,0,0,0,4280000,4421000,1000000,1000000,3280000,3421000,0,0,0,0,0,0,0,0,1000010,1000000,1000000,1000000,10,0
266,2079717000,2343758000,1000000,1000000,2338000,2984000,263395000,526790000,2984000,2984000,1810000000,1810000000,1812984000,1812984000,1816322000,1816968000,1000000,1000000,2338000,2984000,0,0,2984000,2984000,1810000000,1810000000,1812984000,1812984000,1000010,2537060,1000000,1000000,10,1537060
296,2170689000,2434416000,1000000,1000000,2981000,3313000,263395000,526790000,3313000,3313000,1900000000,1900000000,1903313000,1903313000,1907294000,1907626000,1000000,1000000,2981000,3313000,0,0,3313000,3313000,1900000000,1900000000,1903313000,1903313000,1000010,4952100,1000000,1000000,10,3952100
326,2020511000,2812100000,1000000,1000000,12368000,13772000,263395000,1053580000,13748000,13748000,1730000000,1730000000,1743748000,1743748000,1757116000,1758520000,1000000,1000000,12368000,13772000,0,0,13748000,13748000,1730000000,1730000000,1743748000,1743748000,1000010,14845100,1000000,1000000,10,13845100
356,309166000,573238000,1000000,1000000,2047000,2724000,263395000,526790000,2724000,2724000,40000000,40000000,42724000,42724000,45771000,46448000,1000000,1000000,2047000,2724000,0,0,2724000,2724000,40000000,40000000,42724000,42724000,1000010,1000000,1000000,1000000,10,0
386,1497544000,1761648000,1000000,1000000,1220000,1929000,263395000,526790000,1929000,1929000,1230000000,1230000000,1231929000,1231929000,1234149000,1234858000,1000000,1000000,1220000,1929000,0,0,1929000,1929000,1230000000,1230000000,1231929000,1231929000,1000010,16372140,1000000,1000000,10,15372140
416,1800139000,2328579000,1000000,1000000,2047000,3697000,263395000,790185000,3697000,3697000,1530000000,1530000000,1533697000,1533697000,1536744000,1538394000,1000000,1000000,2047000,3697000,0,0,3697000,3697000,1530000000,1530000000,1533697000,1533697000,1000010,13695090,1000000,1000000,10,12695090
27,557722000,557879000,1000000,1000000,11585000,11742000,263395000,263395000,11742000,11742000,270000000,270000000,281742000,281742000,294327000,294484000,1000000,1000000,11585000,11742000,0,0,11742000,11742000,270000000,270000000,281742000,281742000,1000010,7624100,1000000,1000000,10,6624100
57,275339000,275820000,1000000,1000000,10944000,11425000,263395000,263395000,0,0,0,0,0,0,11944000,12425000,1000000,1000000,10944000,11425000,0,0,0,0,0,0,0,0,1000010,1000000,1000000,1000000,10,0
87,2151419000,2151817000,1000000,1000000,3313000,3711000,263395000,263395000,3711000,3711000,1880000000,1880000000,1883711000,1883711000,1888024000,1888422000,1000000,1000000,3313000,3711000,0,0,3711000,3711000,1880000000,1880000000,1883711000,1883711000,1000010,5284120,1000000,1000000,10,4284120
117,287130000,287379000,1000000,1000000,1243000,1492000,263395000,263395000,1492000,1492000,20000000,20000000,21492000,21492000,23735000,23984000,1000000,1000000,1243000,1492000,0,0,1492000,1492000,20000000,20000000,21492000,21492000,1000010,1825010,1000000,1000000,10,825010
147,1958453000,1958653000,1000000,1000000,1929000,2129000,263395000,263395000,2129000,2129000,1690000000,1690000000,1692129000,1692129000,1695058000,1695258000,1000000,1000000,1929000,2129000,0,0,2129000,2129000,1690000000,1690000000,1692129000,1692129000,1000010,17081130,1000000,1000000,10,16081130
177,280688000,281054000,1000000,1000000,16293000,16659000,263395000,263395000,0,0,0,0,0,0,17293000,17659000,1000000,1000000,16293000,16659000,0,0,0,0,0,0,0,0,1000010,1000000,1000000,1000000,10,0
207,1046437000,1046521000,1000000,1000000,10979000,11063000,263395000,263395000,11063000,11063000,760000000,760000000,771063000,771063000,783042000,783126000,1000000,1000000,10979000,11063000,0,0,11063000,11063000,760000000,760000000,771063000,771063000,1000010,12363060,1000000,1000000,10,11363060
237,1475630000,1475975000,1000000,1000000,445000,790000,263395000,263395000,790000,790000,1210000000,1210000000,1210790000,1210790000,1212235000,1212580000,1000000,1000000,445000,790000,0,0,790000,790000,1210000000,1210000000,1210790000,1210790000,1000010,15652080,1000000,1000000,10,14652080
267,2089332000,2353346000,1000000,1000000,2159000,2778000,263395000,526790000,2778000,2778000,1820000000,1820000000,1822778000,1822778000,1825937000,1826556000,1000000,1000000,2159000,2778000,0,0,2778000,2778000,1820000000,1820000000,1822778000,1822778000,1000010,3040060,1000000,1000000,10,2040060
297,2141300000,2405212000,1000000,1000000,3194000,3711000,263395000,526790000,3711000,3711000,1870000000,1870000000,1873711000,1873711000,1877905000,1878422000,1000000,1000000,3194000,3711000,0,0,3711000,3711000,1870000000,1870000000,1873711000,1873711000,1000010,5165110,1000000,1000000,10,4165110
327,1278917000,1543748000,1000000,1000000,11543000,12979000,263395000,526790000,12979000,12979000,990000000,990000000,1002979000,1002979000,1015522000,1016958000,1000000,1000000,11543000,12979000,0,0,12979000,12979000,990000000,990000000,1002979000,1002979000,1000010,14020090,1000000,1000000,10,13020090
357,372168000,635962000,1000000,1000000,3881000,4280000,263395000,526790000,3892000,3892000,100000000,100000000,103892000,103892000,108773000,109172000,1000000,1000000,3881000,4280000,0,0,3892000,3892000,100000000,100000000,103892000,103892000,1000010,2971030,1000000,1000000,10,1971030
387,1657101000,2184539000,1000000,1000000,1057000,1705000,263395000,790185000,1649000,1649000,1390000000,1390000000,1391649000,1391649000,1393706000,1394354000,1000000,1000000,1057000,1705000,0,0,1649000,1649000,1390000000,1390000000,1391649000,1391649000,1000010,16209130,1000000,1000000,10,15209130
417,285729000,813344000,1000000,1000000,667000,1492000,263395000,790185000,667000,667000,20000000,20000000,20667000,20667000,22334000,23159000,1000000,1000000,667000,1492000,0,0,667000,667000,20000000,20000000,20667000,20667000,1000010,1000000,1000000,1000000,10,0
28,2228794000,2229623000,1000000,1000000,11785000,12614000,263395000,263395000,12614000,12614000,1940000000,1940000000,1952614000,1952614000,1965399000,1966228000,1000000,1000000,11785000,12614000,0,0,12614000,12614000,1940000000,1940000000,1952614000,1952614000,1000010,1227010,1000000,1000000,10,227010
58,1696626000,1696969000,1000000,1000000,10944000,11287000,263395000,263395000,11287000,11287000,1410000000,1410000000,1421287000,1421287000,1433231000,1433574000,1000000,1000000,10944000,11287000,0,0,11287000,11287000,1410000000,1410000000,1421287000,1421287000,1000010,13684090,1000000,1000000,10,12684090
88,1709849000,2791087000,1000000,1000000,2473000,2981000,263395000,263395000,2981000,3711000,1440000000,2520000000,1442981000,2523711000,1446454000,2527692000,1000000,1000000,2473000,2981000,0,0,2981000,3711000,1440000000,2520000000,1442981000,2523711000,1000010,5402140,1000000,1000000,10,4402140
118,976225000,1109799000,1000000,1000000,915000,11063000,263395000,263395000,915000,14341000,710000000,820000000,710915000,834341000,712830000,846404000,1000000,1000000,915000,11063000,0,0,915000,14341000,710000000,820000000,710915000,834341000,1000010,5256070,1000000,1000000,10,4256070
148,977553000,977773000,1000000,1000000,1469000,1689000,263395000,263395000,1689000,1689000,710000000,710000000,711689000,711689000,714158000,714378000,1000000,1000000,1469000,1689000,0,0,1689000,1689000,710000000,710000000,711689000,711689000,1000010,12363060,1000000,1000000,10,11363060
178,281054000,281997000,1000000,1000000,16659000,17602000,263395000,263395000,0,0,0,0,0,0,17659000,18602000,1000000,1000000,16659000,17602000,0,0,0,0,0,0,0,0,1000010,1000000,1000000,1000000,10,0
208,1396631000,1396909000,1000000,1000000,10979000,11257000,263395000,263395000,11257000,11257000,1110000000,1110000000,1121257000,1121257000,1133236000,1133514000,1000000,1000000,10979000,11257000,0,0,11257000,11257000,1110000000,1110000000,1121257000,1121257000,1000010,13105070,1000000,1000000,10,12105070
238,894395000,1155755000,1000000,1000000,0,445000,263395000,263395000,0,915000,630000000,890000000,630000000,890915000,631000000,892360000,1000000,1000000,0,445000,0,0,0,915000,630000000,890000000,630000000,890915000,1000010,13534040,1000000,1000000,10,12534040
268,266335000,266603000,1000000,1000000,1940000,2208000,263395000,263395000,0,0,0,0,0,0,2940000,3208000,1000000,1000000,1940000,2208000,0,0,0,0,0,0,0,0,1000010,1000000,1000000,1000000,10,0
298,1699698000,3044482000,1000000,1000000,2322000,2981000,263395000,526790000,2981000,3711000,1430000000,2510000000,1432981000,2513711000,1436303000,2517692000,1000000,1000000,2322000,2981000,0,0,2981000,3711000,1430000000,2510000000,1432981000,2513711000,1000010,5251150,1000000,1000000,10,4251150
328,275938000,540344000,1000000,1000000,11543000,12554000,263395000,526790000,0,0,0,0,0,0,12543000,13554000,1000000,1000000,11543000,12554000,0,0,0,0,0,0,0,0,1000010,1000000,1000000,1000000,10,0
358,2202235000,2466350000,1000000,1000000,3560000,4280000,263395000,526790000,4280000,4280000,1930000000,1930000000,1934280000,1934280000,1938840000,1939560000,1000000,1000000,3560000,4280000,0,0,4280000,4280000,1930000000,1930000000,1934280000,1934280000,1000010,2650020,1000000,1000000,10,1650020
388,502691000,1179930000,1000000,1000000,13955000,14973000,263395000,790185000,14341000,13772000,210000000,360000000,224341000,373772000,239296000,389745000,1000000,1000000,13955000,14973000,0,0,14341000,13772000,210000000,360000000,224341000,373772000,1000010,5963070,1000000,1000000,10,4963070
418,478770000,1007210000,1000000,1000000,2119000,3769000,263395000,790185000,2256000,2256000,210000000,210000000,212256000,212256000,215375000,217025000,1000000,1000000,2119000,3769000,0,0,2256000,2256000,210000000,210000000,212256000,212256000,1000010,1774030,1000000,1000000,10,774030
29,1888666000,3195090000,1000000,1000000,11785000,12486000,263395000,263395000,12486000,18209000,1600000000,2900000000,1612486000,2918209000,1625271000,2931695000,1000000,1000000,11785000,12486000,0,0,12486000,18209000,1600000000,2900000000,1612486000,2918209000,1000010,6723080,1000000,1000000,10,5723080
59,1076045000,1076745000,1000000,1000000,10475000,11175000,263395000,263395000,11175000,11175000,790000000,790000000,801175000,801175000,812650000,813350000,1000000,1000000,10475000,11175000,0,0,11175000,11175000,790000000,790000000,801175000,801175000,1000010,1702010,1000000,1000000,10,702010
89,1941661000,1941979000,1000000,1000000,3474000,3792000,263395000,263395000,3792000,3792000,1670000000,1670000000,1673792000,1673792000,1678266000,1678584000,1000000,1000000,3474000,3792000,0,0,3792000,3792000,1670000000,1670000000,1673792000,1673792000,1000010,5674150,1000000,1000000,10,4674150
119,1555917000,1556225000,1000000,1000000,607000,915000,263395000,263395000,915000,915000,1290000000,1290000000,1290915000,1290915000,1292522000,1292830000,1000000,1000000,607000,915000,0,0,915000,915000,1290000000,1290000000,1290915000,1290915000,1000010,12593070,1000000,1000000,10,11593070
149,1517691000,1517773000,1000000,1000000,1607000,1689000,263395000,263395000,1689000,1689000,1250000000,1250000000,1251689000,1251689000,1254296000,1254378000,1000000,1000000,1607000,1689000,0,0,1689000,1689000,1250000000,1250000000,1251689000,1251689000,1000010,13255080,1000000,1000000,10,12255080
179,281997000,282309000,1000000,1000000,17602000,17914000,263395000,263395000,0,0,0,0,0,0,18602000,18914000,1000000,1000000,17602000,17914000,0,0,0,0,0,0,0,0,1000010,1000000,1000000,1000000,10,0
209,1335831000,1336092000,1000000,1000000,10718000,10979000,263395000,263395000,10718000,10718000,1050000000,1050000000,1060718000,1060718000,1072436000,1072697000,1000000,1000000,10718000,10979000,0,0,10718000,10718000,1050000000,1050000000,1060718000,1060718000,1000010,12500060,1000000,1000000,10,11500060
239,1564468000,1564541000,1000000,1000000,0,73000,263395000,263395000,73000,73000,1300000000,1300000000,1300073000,1300073000,1301073000,1301146000,1000000,1000000,0,73000,0,0,73000,73000,1300000000,1300000000,1300073000,1300073000,1000010,13979050,1000000,1000000,10,12979050
269,729855000,994075000,1000000,1000000,2479000,3304000,263395000,526790000,2981000,2981000,460000000,460000000,462981000,462981000,466460000,467285000,1000000,1000000,2479000,3304000,0,0,2981000,2981000,460000000,460000000,462981000,462981000,1000010,3618080,1000000,1000000,10,2618080
299,2160062000,2687802000,1000000,1000000,2473000,3304000,263395000,790185000,3194000,3313000,1890000000,1890000000,1893194000,1893313000,1896667000,1897617000,1000000,1000000,2473000,3304000,0,0,3194000,3313000,1890000000,1890000000,1893194000,1893313000,1000010,4443090,1000000,1000000,10,3443090
329,276763000,276949000,1000000,1000000,12368000,12554000,263395000,263395000,0,0,0,0,0,0,13368000,13554000,1000000,1000000,12368000,12554000,0,0,0,0,0,0,0,0,1000010,1000000,1000000,1000000,10,0
359,2182420000,2446400000,1000000,1000000,3905000,4120000,263395000,526790000,4120000,4490000,1910000000,1910000000,1914120000,1914490000,1919025000,1919610000,1000000,1000000,3905000,4120000,0,0,4120000,4490000,1910000000,1910000000,1914120000,1914490000,1000010,1370020,1000000,1000000,10,370020
389,274152000,274188000,1000000,1000000,9757000,9793000,263395000,263395000,0,0,0,0,0,0,10757000,10793000,1000000,1000000,9757000,9793000,0,0,0,0,0,0,0,0,1000010,1000000,1000000,1000000,10,0
419,372524000,900323000,1000000,1000000,3560000,4569000,263395000,790185000,4569000,4569000,100000000,100000000,104569000,104569000,109129000,110138000,1000000,1000000,3560000,4569000,0,0,4569000,4569000,100000000,100000000,104569000,104569000,1000010,1425030,1000000,1000000,10,425030
30,1861253000,1861841000,1000000,1000000,13135000,13723000,263395000,263395000,13723000,13723000,1570000000,1570000000,1583723000,1583723000,1597858000,1598446000,1000000,1000000,13135000,13723000,0,0,13723000,13723000,1570000000,1570000000,1583723000,1583723000,1000010,5242060,1000000,1000000,10,4242060
60,1456145000,1456745000,1000000,1000000,10575000,11175000,263395000,263395000,11175000,11175000,1170000000,1170000000,1181175000,1181175000,1192750000,1193350000,1000000,1000000,10575000,11175000,0,0,11175000,11175000,1170000000,1170000000,1181175000,1181175000,1000010,2336010,1000000,1000000,10,1336010
90,561979000,562051000,1000000,1000000,3792000,3864000,263395000,263395000,3792000,3792000,290000000,290000000,293792000,293792000,298584000,298656000,1000000,1000000,3792000,3864000,0,0,3792000,3792000,290000000,290000000,293792000,293792000,1000010,4722090,1000000,1000000,10,3722090
120,2206535000,2206845000,1000000,1000000,915000,1225000,263395000,263395000,1225000,1225000,1940000000,1940000000,1941225000,1941225000,1943140000,1943450000,1000000,1000000,915000,1225000,0,0,1225000,1225000,1940000000,1940000000,1941225000,1941225000,1000010,12563040,1000000,1000000,10,11563040
150,1869981000,1870813000,1000000,1000000,17377000,18209000,263395000,263395000,18209000,18209000,1570000000,1570000000,1588209000,1588209000,1606586000,1607418000,1000000,1000000,17377000,18209000,0,0,18209000,18209000,1570000000,1570000000,1588209000,1588209000,1000010,8493110,1000000,1000000,10,7493110
180,281997000,282513000,1000000,1000000,17602000,18118000,263395000,263395000,0,0,0,0,0,0,18602000,19118000,1000000,1000000,17602000,18118000,0,0,0,0,0,0,0,0,1000010,1000000,1000000,1000000,10,0
210,785558000,795831000,1000000,1000000,445000,10718000,263395000,263395000,10718000,10718000,510000000,510000000,520718000,520718000,522163000,532436000,1000000,1000000,445000,10718000,0,0,10718000,10718000,510000000,510000000,520718000,520718000,1000010,4911050,1000000,1000000,10,3911050
240,268287000,268975000,1000000,1000000,3892000,4580000,263395000,263395000,0,0,0,0,0,0,4892000,5580000,1000000,1000000,3892000,4580000,0,0,0,0,0,0,0,0,1000010,1000000,1000000,1000000,10,0
270,2157941000,2948806000,1000000,1000000,1642000,2322000,263395000,1053580000,1904000,1904000,1890000000,1890000000,1891904000,1891904000,1894546000,1895226000,1000000,1000000,1642000,2322000,0,0,1904000,1904000,1890000000,1890000000,1891904000,1891904000,1000010,4571130,1000000,1000000,10,3571130
300,371343000,635128000,1000000,1000000,3474000,3864000,263395000,526790000,3474000,3474000,100000000,100000000,103474000,103474000,107948000,108338000,1000000,1000000,3474000,3864000,0,0,3474000,3474000,100000000,100000000,103474000,103474000,1000010,4258080,1000000,1000000,10,3258080
330,522990000,1050465000,1000000,1000000,13955000,14640000,263395000,790185000,14640000,14640000,230000000,230000000,244640000,244640000,259595000,260280000,1000000,1000000,13955000,14640000,0,0,14640000,14640000,230000000,230000000,244640000,244640000,1000010,7478100,1000000,1000000,10,6478100
360,2172020000,2436345000,1000000,1000000,3560000,4065000,263395000,526790000,4065000,4490000,1900000000,1900000000,1904065000,1904490000,1908625000,1909555000,1000000,1000000,3560000,4065000,0,0,4065000,4490000,1900000000,1900000000,1904065000,1904490000,1000010,1425030,1000000,1000000,10,425030
390,896176000,1159916000,1000000,1000000,10718000,11063000,263395000,526790000,11063000,11063000,610000000,610000000,621063000,621063000,632781000,633126000,1000000,1000000,10718000,11063000,0,0,11063000,11063000,610000000,610000000,621063000,621063000,1000010,14332060,1000000,1000000,10,13332060
420,2171883000,2700323000,1000000,1000000,2919000,4569000,263395000,790185000,4569000,4569000,1900000000,1900000000,1904569000,1904569000,1908488000,1910138000,1000000,1000000,2919000,4569000,0,0,4569000,4569000,1900000000,1900000000,1904569000,1904569000,1000010,1825010,1000000,1000000,10,825010
