,ssdn_lo,ssdn_hi,ssdn_detection_lo,ssdn_detection_hi,ssdn_notification_lo,ssdn_notification_hi,ssdn_computation_lo,ssdn_computation_hi,ssdn_transference_lo,ssdn_transference_hi,ssdn_installation_lo,ssdn_installation_hi,ssdn_update_lo,ssdn_update_hi,pcsdn_lo,pcsdn_hi,pcsdn_detection_lo,pcsdn_detection_hi,pcsdn_notification_lo,pcsdn_notification_hi,pcsdn_computation_lo,pcsdn_computation_hi,pcsdn_transference_lo,pcsdn_transference_hi,pcsdn_installation_lo,pcsdn_installation_hi,pcsdn_update_lo,pcsdn_update_hi,felix_lo,felix_hi,felix_detection_lo,felix_detection_hi,felix_coordination_lo,felix_coordination_hi
1,673706000,711906000,1000000,1000000,17000000,19000000,634506000,634506000,19000000,57000000,2200000,400000,21200000,57400000,39200000,77400000,1000000,1000000,17000000,19000000,0,0,19000000,57000000,2200000,400000,21200000,57400000,1000010,48000020,1000000,1000000,10,47000020
31,674006000,693606000,1000000,1000000,19000000,19000000,634506000,634506000,19000000,39000000,500000,100000,19500000,39100000,39500000,59100000,1000000,1000000,19000000,19000000,0,0,19000000,39000000,500000,100000,19500000,39100000,1000010,23000010,1000000,1000000,10,22000010
61,680106000,726606000,1000000,1000000,10000000,11000000,634506000,634506000,11000000,80000000,23600000,100000,34600000,80100000,45600000,92100000,1000000,1000000,10000000,11000000,0,0,11000000,80000000,23600000,100000,34600000,80100000,1000010,87000040,1000000,1000000,10,86000040
91,699306000,700306000,1000000,1000000,19000000,20000000,634506000,634506000,20000000,20000000,24800000,24800000,44800000,44800000,64800000,65800000,1000000,1000000,19000000,20000000,0,0,20000000,20000000,24800000,24800000,44800000,44800000,1000010,23000010,1000000,1000000,10,22000010
121,666506000,718606000,1000000,1000000,1000000,2000000,634506000,634506000,2000000,81000000,28000000,100000,30000000,81100000,32000000,84100000,1000000,1000000,1000000,2000000,0,0,2000000,81000000,28000000,100000,30000000,81100000,1000010,83000030,1000000,1000000,10,82000030
151,658306000,659306000,1000000,1000000,7000000,8000000,634506000,634506000,8000000,8000000,7800000,7800000,15800000,15800000,23800000,24800000,1000000,1000000,7000000,8000000,0,0,8000000,8000000,7800000,7800000,15800000,15800000,1000010,9000020,1000000,1000000,10,8000020
181,691606000,691606000,1000000,1000000,20000000,20000000,634506000,634506000,20000000,20000000,16100000,16100000,36100000,36100000,57100000,57100000,1000000,1000000,20000000,20000000,0,0,20000000,20000000,16100000,16100000,36100000,36100000,1000010,28000040,1000000,1000000,10,27000040
211,679806000,679806000,1000000,1000000,20000000,20000000,634506000,634506000,20000000,20000000,4300000,4300000,24300000,24300000,45300000,45300000,1000000,1000000,20000000,20000000,0,0,20000000,20000000,4300000,4300000,24300000,24300000,1000010,2000010,1000000,1000000,10,1000010
241,652606000,653606000,1000000,1000000,8000000,9000000,634506000,634506000,9000000,9000000,100000,100000,9100000,9100000,18100000,19100000,1000000,1000000,8000000,9000000,0,0,9000000,9000000,100000,100000,9100000,9100000,1000010,2000010,1000000,1000000,10,1000010
271,669206000,670206000,1000000,1000000,8000000,9000000,634506000,634506000,9000000,9000000,16700000,16700000,25700000,25700000,34700000,35700000,1000000,1000000,8000000,9000000,0,0,9000000,9000000,16700000,16700000,25700000,25700000,1000010,17000040,1000000,1000000,10,16000040
301,673906000,674906000,1000000,1000000,9000000,10000000,634506000,634506000,10000000,10000000,19400000,19400000,29400000,29400000,39400000,40400000,1000000,1000000,9000000,10000000,0,0,10000000,10000000,19400000,19400000,29400000,29400000,1000010,17000040,1000000,1000000,10,16000040
331,676506000,683606000,1000000,1000000,8000000,9000000,634506000,634506000,9000000,39000000,24000000,100000,33000000,39100000,42000000,49100000,1000000,1000000,8000000,9000000,0,0,9000000,39000000,24000000,100000,33000000,39100000,1000010,34000020,1000000,1000000,10,33000020
361,652606000,653606000,1000000,1000000,8000000,9000000,634506000,634506000,9000000,9000000,100000,100000,9100000,9100000,18100000,19100000,1000000,1000000,8000000,9000000,0,0,9000000,9000000,100000,100000,9100000,9100000,1000010,2000010,1000000,1000000,10,1000010
391,666506000,666506000,1000000,1000000,9000000,9000000,634506000,634506000,9000000,9000000,13000000,13000000,22000000,22000000,32000000,32000000,1000000,1000000,9000000,9000000,0,0,9000000,9000000,13000000,13000000,22000000,22000000,1000010,17000030,1000000,1000000,10,16000030
421,678906000,678906000,1000000,1000000,13000000,13000000,634506000,634506000,13000000,13000000,17400000,17400000,30400000,30400000,44400000,44400000,1000000,1000000,13000000,13000000,0,0,13000000,13000000,17400000,17400000,30400000,30400000,1000010,3000010,1000000,1000000,10,2000010
451,678906000,678906000,1000000,1000000,13000000,13000000,634506000,634506000,13000000,13000000,17400000,17400000,30400000,30400000,44400000,44400000,1000000,1000000,13000000,13000000,0,0,13000000,13000000,17400000,17400000,30400000,30400000,1000010,3000010,1000000,1000000,10,2000010
481,658506000,682706000,1000000,1000000,0,3000000,634506000,634506000,3000000,44000000,20000000,200000,23000000,44200000,24000000,48200000,1000000,1000000,0,3000000,0,0,3000000,44000000,20000000,200000,23000000,44200000,1000010,45000050,1000000,1000000,10,44000050
511,758806000,759806000,1000000,1000000,46000000,47000000,634506000,634506000,47000000,47000000,30300000,30300000,77300000,77300000,124300000,125300000,1000000,1000000,46000000,47000000,0,0,47000000,47000000,30300000,30300000,77300000,77300000,1000010,14000050,1000000,1000000,10,13000050
541,682206000,739906000,1000000,1000000,18000000,19000000,634506000,634506000,18000000,85000000,10700000,400000,28700000,85400000,47700000,105400000,1000000,1000000,18000000,19000000,0,0,18000000,85000000,10700000,400000,28700000,85400000,1000010,73000020,1000000,1000000,10,72000020
571,677806000,702606000,1000000,1000000,10000000,10000000,634506000,634506000,10000000,57000000,22300000,100000,32300000,57100000,43300000,68100000,1000000,1000000,10000000,10000000,0,0,10000000,57000000,22300000,100000,32300000,57100000,1000010,50000020,1000000,1000000,10,49000020
601,678006000,679006000,1000000,1000000,7000000,8000000,634506000,634506000,8000000,8000000,27500000,27500000,35500000,35500000,43500000,44500000,1000000,1000000,7000000,8000000,0,0,8000000,8000000,27500000,27500000,35500000,35500000,1000010,27000040,1000000,1000000,10,26000040
631,677706000,725606000,1000000,1000000,9000000,10000000,634506000,634506000,10000000,80000000,23200000,100000,33200000,80100000,43200000,91100000,1000000,1000000,9000000,10000000,0,0,10000000,80000000,23200000,100000,33200000,80100000,1000010,84000020,1000000,1000000,10,83000020
661,674006000,683606000,1000000,1000000,10000000,10000000,634506000,634506000,10000000,38000000,18500000,100000,28500000,38100000,39500000,49100000,1000000,1000000,10000000,10000000,0,0,10000000,38000000,18500000,100000,28500000,38100000,1000010,43000020,1000000,1000000,10,42000020
691,665606000,681606000,1000000,1000000,1000000,17000000,634506000,634506000,17000000,17000000,12100000,12100000,29100000,29100000,31100000,47100000,1000000,1000000,1000000,17000000,0,0,17000000,17000000,12100000,12100000,29100000,29100000,1000010,10000020,1000000,1000000,10,9000020
721,645706000,654606000,1000000,1000000,1000000,1000000,634506000,634506000,1000000,18000000,8200000,100000,9200000,18100000,11200000,20100000,1000000,1000000,1000000,1000000,0,0,1000000,18000000,8200000,100000,9200000,18100000,1000010,19000020,1000000,1000000,10,18000020
751,648406000,717606000,1000000,1000000,1000000,1000000,634506000,634506000,1000000,81000000,10900000,100000,11900000,81100000,13900000,83100000,1000000,1000000,1000000,1000000,0,0,1000000,81000000,10900000,100000,11900000,81100000,1000010,82000040,1000000,1000000,10,81000040
781,651706000,680606000,1000000,1000000,0,1000000,634506000,634506000,1000000,44000000,15200000,100000,16200000,44100000,17200000,46100000,1000000,1000000,0,1000000,0,0,1000000,44000000,15200000,100000,16200000,44100000,1000010,45000050,1000000,1000000,10,44000050
811,650706000,654606000,1000000,1000000,1000000,1000000,634506000,634506000,1000000,18000000,13200000,100000,14200000,18100000,16200000,20100000,1000000,1000000,1000000,1000000,0,0,1000000,18000000,13200000,100000,14200000,18100000,1000010,19000020,1000000,1000000,10,18000020
841,662006000,666006000,1000000,1000000,8000000,12000000,634506000,634506000,12000000,12000000,6500000,6500000,18500000,18500000,27500000,31500000,1000000,1000000,8000000,12000000,0,0,12000000,12000000,6500000,6500000,18500000,18500000,1000010,11000030,1000000,1000000,10,10000030
871,672906000,723606000,1000000,1000000,7000000,8000000,634506000,634506000,8000000,80000000,22400000,100000,30400000,80100000,38400000,89100000,1000000,1000000,7000000,8000000,0,0,8000000,80000000,22400000,100000,30400000,80100000,1000010,86000030,1000000,1000000,10,85000030
901,673906000,674906000,1000000,1000000,7000000,8000000,634506000,634506000,8000000,8000000,23400000,23400000,31400000,31400000,39400000,40400000,1000000,1000000,7000000,8000000,0,0,8000000,8000000,23400000,23400000,31400000,31400000,1000010,8000010,1000000,1000000,10,7000010
931,645506000,646506000,1000000,1000000,10000000,11000000,634506000,634506000,0,0,0,0,0,0,11000000,12000000,1000000,1000000,10000000,11000000,0,0,0,0,0,0,0,0,1000010,1000000,1000000,1000000,10,0
961,665706000,688606000,1000000,1000000,8000000,9000000,634506000,634506000,9000000,44000000,13200000,100000,22200000,44100000,31200000,54100000,1000000,1000000,8000000,9000000,0,0,9000000,44000000,13200000,100000,22200000,44100000,1000010,38000040,1000000,1000000,10,37000040
991,686506000,14659638000,1000000,1000000,8000000,22000000,634506000,14593638000,20000000,20000000,23000000,23000000,43000000,43000000,52000000,66000000,1000000,1000000,8000000,22000000,0,0,20000000,20000000,23000000,23000000,43000000,43000000,1000010,23000010,1000000,1000000,10,22000010
1021,753706000,1394212000,1000000,1000000,41000000,47000000,634506000,1269012000,47000000,47000000,30200000,30200000,77200000,77200000,119200000,125200000,1000000,1000000,41000000,47000000,0,0,47000000,47000000,30200000,30200000,77200000,77200000,1000010,8000030,1000000,1000000,10,7000030
1051,679706000,8933284000,1000000,1000000,5000000,10000000,634506000,8883084000,8000000,8000000,31200000,31200000,39200000,39200000,45200000,50200000,1000000,1000000,5000000,10000000,0,0,8000000,8000000,31200000,31200000,39200000,39200000,1000010,18000030,1000000,1000000,10,17000030
1081,674206000,9608790000,1000000,1000000,5000000,9000000,634506000,9517590000,7000000,80000000,26700000,1200000,33700000,81200000,39700000,91200000,1000000,1000000,5000000,9000000,0,0,7000000,80000000,26700000,1200000,33700000,81200000,1000010,78000030,1000000,1000000,10,77000030
1111,686706000,5134248000,1000000,1000000,7000000,13000000,634506000,5076048000,13000000,13000000,31200000,31200000,44200000,44200000,52200000,58200000,1000000,1000000,7000000,13000000,0,0,13000000,13000000,31200000,31200000,44200000,44200000,1000010,1000000,1000000,1000000,10,0
1141,678706000,3876236000,1000000,1000000,1000000,11000000,634506000,3807036000,11000000,57000000,31200000,200000,42200000,57200000,44200000,69200000,1000000,1000000,1000000,11000000,0,0,11000000,57000000,31200000,200000,42200000,57200000,1000010,59000030,1000000,1000000,10,58000030
1171,652606000,3191630000,1000000,1000000,8000000,9000000,634506000,3172530000,9000000,9000000,100000,100000,9100000,9100000,18100000,19100000,1000000,1000000,8000000,9000000,0,0,9000000,9000000,100000,100000,9100000,9100000,1000010,1000000,1000000,1000000,10,0
1201,677406000,4492642000,1000000,1000000,11000000,13000000,634506000,4441542000,13000000,37000000,17900000,100000,30900000,37100000,42900000,51100000,1000000,1000000,11000000,13000000,0,0,13000000,37000000,17900000,100000,30900000,37100000,1000010,34000020,1000000,1000000,10,33000020
1231,659606000,1929618000,1000000,1000000,10000000,11000000,634506000,1903518000,11000000,11000000,3100000,3100000,14100000,14100000,25100000,26100000,1000000,1000000,10000000,11000000,0,0,11000000,11000000,3100000,3100000,14100000,14100000,1000010,1000000,1000000,1000000,10,0
1261,650506000,1286012000,1000000,1000000,15000000,16000000,634506000,1269012000,0,0,0,0,0,0,16000000,17000000,1000000,1000000,15000000,16000000,0,0,0,0,0,0,0,0,1000010,1000000,1000000,1000000,10,0
2,686606000,738606000,1000000,1000000,17000000,18000000,634506000,634506000,18000000,85000000,16100000,100000,34100000,85100000,52100000,104100000,1000000,1000000,17000000,18000000,0,0,18000000,85000000,16100000,100000,34100000,85100000,1000010,75000030,1000000,1000000,10,74000030
32,699406000,700406000,1000000,1000000,19000000,20000000,634506000,634506000,20000000,20000000,24900000,24900000,44900000,44900000,64900000,65900000,1000000,1000000,19000000,20000000,0,0,20000000,20000000,24900000,24900000,44900000,44900000,1000010,23000010,1000000,1000000,10,22000010
62,680606000,705606000,1000000,1000000,10000000,12000000,634506000,634506000,12000000,58000000,23100000,100000,35100000,58100000,46100000,71100000,1000000,1000000,10000000,12000000,0,0,12000000,58000000,23100000,100000,35100000,58100000,1000010,69000040,1000000,1000000,10,68000040
92,699306000,700306000,1000000,1000000,19000000,20000000,634506000,634506000,20000000,20000000,24800000,24800000,44800000,44800000,64800000,65800000,1000000,1000000,19000000,20000000,0,0,20000000,20000000,24800000,24800000,44800000,44800000,1000010,23000010,1000000,1000000,10,22000010
122,647806000,718006000,1000000,1000000,1000000,1000000,634506000,634506000,1000000,81000000,10300000,500000,11300000,81500000,13300000,83500000,1000000,1000000,1000000,1000000,0,0,1000000,81000000,10300000,500000,11300000,81500000,1000010,82000040,1000000,1000000,10,81000040
152,661306000,661806000,1000000,1000000,8000000,8000000,634506000,634506000,8000000,18000000,9800000,300000,17800000,18300000,26800000,27300000,1000000,1000000,8000000,8000000,0,0,8000000,18000000,9800000,300000,17800000,18300000,1000010,26000030,1000000,1000000,10,25000030
182,681606000,682606000,1000000,1000000,19000000,20000000,634506000,634506000,20000000,20000000,7100000,7100000,27100000,27100000,47100000,48100000,1000000,1000000,19000000,20000000,0,0,20000000,20000000,7100000,7100000,27100000,27100000,1000010,24000020,1000000,1000000,10,23000020
212,691106000,692106000,1000000,1000000,19000000,20000000,634506000,634506000,20000000,20000000,16600000,16600000,36600000,36600000,56600000,57600000,1000000,1000000,19000000,20000000,0,0,20000000,20000000,16600000,16600000,36600000,36600000,1000010,12000010,1000000,1000000,10,11000010
242,666506000,666506000,1000000,1000000,9000000,9000000,634506000,634506000,9000000,9000000,13000000,13000000,22000000,22000000,32000000,32000000,1000000,1000000,9000000,9000000,0,0,9000000,9000000,13000000,13000000,22000000,22000000,1000010,17000030,1000000,1000000,10,16000030
272,669206000,670206000,1000000,1000000,8000000,9000000,634506000,634506000,9000000,9000000,16700000,16700000,25700000,25700000,34700000,35700000,1000000,1000000,8000000,9000000,0,0,9000000,9000000,16700000,16700000,25700000,25700000,1000010,17000040,1000000,1000000,10,16000040
302,670706000,670706000,1000000,1000000,9000000,9000000,634506000,634506000,9000000,9000000,17200000,17200000,26200000,26200000,36200000,36200000,1000000,1000000,9000000,9000000,0,0,9000000,9000000,17200000,17200000,26200000,26200000,1000010,17000040,1000000,1000000,10,16000040
332,676506000,683606000,1000000,1000000,8000000,9000000,634506000,634506000,9000000,39000000,24000000,100000,33000000,39100000,42000000,49100000,1000000,1000000,8000000,9000000,0,0,9000000,39000000,24000000,100000,33000000,39100000,1000010,34000020,1000000,1000000,10,33000020
362,662906000,667906000,1000000,1000000,8000000,13000000,634506000,634506000,13000000,13000000,6400000,6400000,19400000,19400000,28400000,33400000,1000000,1000000,8000000,13000000,0,0,13000000,13000000,6400000,6400000,19400000,19400000,1000010,8000040,1000000,1000000,10,7000040
392,666506000,666506000,1000000,1000000,9000000,9000000,634506000,634506000,9000000,9000000,13000000,13000000,22000000,22000000,32000000,32000000,1000000,1000000,9000000,9000000,0,0,9000000,9000000,13000000,13000000,22000000,22000000,1000010,17000030,1000000,1000000,10,16000030
422,691206000,692206000,1000000,1000000,12000000,13000000,634506000,634506000,13000000,13000000,30700000,30700000,43700000,43700000,56700000,57700000,1000000,1000000,12000000,13000000,0,0,13000000,13000000,30700000,30700000,43700000,43700000,1000010,3000010,1000000,1000000,10,2000010
452,646506000,650506000,1000000,1000000,11000000,15000000,634506000,634506000,0,0,0,0,0,0,12000000,16000000,1000000,1000000,11000000,15000000,0,0,0,0,0,0,0,0,1000010,1000000,1000000,1000000,10,0
482,668106000,720706000,1000000,1000000,3000000,4000000,634506000,634506000,4000000,81000000,25600000,200000,29600000,81200000,33600000,86200000,1000000,1000000,3000000,4000000,0,0,4000000,81000000,25600000,200000,29600000,81200000,1000010,83000040,1000000,1000000,10,82000040
512,752806000,758706000,1000000,1000000,41000000,46000000,634506000,634506000,46000000,47000000,30300000,30200000,76300000,77200000,118300000,124200000,1000000,1000000,41000000,46000000,0,0,46000000,47000000,30300000,30200000,76300000,77200000,1000010,10000040,1000000,1000000,10,9000040
542,678806000,692606000,1000000,1000000,17000000,18000000,634506000,634506000,18000000,39000000,8300000,100000,26300000,39100000,44300000,58100000,1000000,1000000,17000000,18000000,0,0,18000000,39000000,8300000,100000,26300000,39100000,1000010,22000010,1000000,1000000,10,21000010
572,677806000,702606000,1000000,1000000,10000000,10000000,634506000,634506000,10000000,57000000,22300000,100000,32300000,57100000,43300000,68100000,1000000,1000000,10000000,10000000,0,0,10000000,57000000,22300000,100000,32300000,57100000,1000010,50000020,1000000,1000000,10,49000020
602,678006000,679006000,1000000,1000000,7000000,8000000,634506000,634506000,8000000,8000000,27500000,27500000,35500000,35500000,43500000,44500000,1000000,1000000,7000000,8000000,0,0,8000000,8000000,27500000,27500000,35500000,35500000,1000010,27000040,1000000,1000000,10,26000040
632,669806000,725606000,1000000,1000000,9000000,10000000,634506000,634506000,10000000,80000000,15300000,100000,25300000,80100000,35300000,91100000,1000000,1000000,9000000,10000000,0,0,10000000,80000000,15300000,100000,25300000,80100000,1000010,84000020,1000000,1000000,10,83000020
662,680806000,682806000,1000000,1000000,6000000,8000000,634506000,634506000,8000000,8000000,31300000,31300000,39300000,39300000,46300000,48300000,1000000,1000000,6000000,8000000,0,0,8000000,8000000,31300000,31300000,39300000,39300000,1000010,23000030,1000000,1000000,10,22000030
692,696206000,697206000,1000000,1000000,17000000,18000000,634506000,634506000,18000000,18000000,25700000,25700000,43700000,43700000,61700000,62700000,1000000,1000000,17000000,18000000,0,0,18000000,18000000,25700000,25700000,43700000,43700000,1000010,22000010,1000000,1000000,10,21000010
722,652606000,717706000,1000000,1000000,0,1000000,634506000,634506000,1000000,81000000,16100000,200000,17100000,81200000,18100000,83200000,1000000,1000000,0,1000000,0,0,1000000,81000000,16100000,200000,17100000,81200000,1000010,82000030,1000000,1000000,10,81000030
752,650706000,654606000,1000000,1000000,1000000,1000000,634506000,634506000,1000000,18000000,13200000,100000,14200000,18100000,16200000,20100000,1000000,1000000,1000000,1000000,0,0,1000000,18000000,13200000,100000,14200000,18100000,1000010,19000020,1000000,1000000,10,18000020
782,648706000,717606000,1000000,1000000,1000000,1000000,634506000,634506000,1000000,81000000,11200000,100000,12200000,81100000,14200000,83100000,1000000,1000000,1000000,1000000,0,0,1000000,81000000,11200000,100000,12200000,81100000,1000010,82000040,1000000,1000000,10,81000040
812,651006000,654606000,1000000,1000000,1000000,1000000,634506000,634506000,1000000,18000000,13500000,100000,14500000,18100000,16500000,20100000,1000000,1000000,1000000,1000000,0,0,1000000,18000000,13500000,100000,14500000,18100000,1000010,19000020,1000000,1000000,10,18000020
842,654306000,657106000,1000000,1000000,8000000,8000000,634506000,634506000,8000000,13000000,2800000,600000,10800000,13600000,19800000,22600000,1000000,1000000,8000000,8000000,0,0,8000000,13000000,2800000,600000,10800000,13600000,1000010,11000030,1000000,1000000,10,10000030
872,663506000,683606000,1000000,1000000,7000000,8000000,634506000,634506000,8000000,40000000,13000000,100000,21000000,40100000,29000000,49100000,1000000,1000000,7000000,8000000,0,0,8000000,40000000,13000000,100000,21000000,40100000,1000010,34000030,1000000,1000000,10,33000030
902,677506000,682606000,1000000,1000000,7000000,8000000,634506000,634506000,8000000,39000000,27000000,100000,35000000,39100000,43000000,48100000,1000000,1000000,7000000,8000000,0,0,8000000,39000000,27000000,100000,35000000,39100000,1000010,46000040,1000000,1000000,10,45000040
932,671106000,671106000,1000000,1000000,10000000,10000000,634506000,634506000,10000000,10000000,15600000,15600000,25600000,25600000,36600000,36600000,1000000,1000000,10000000,10000000,0,0,10000000,10000000,15600000,15600000,25600000,25600000,1000010,25000030,1000000,1000000,10,24000030
962,675306000,687606000,1000000,1000000,13000000,13000000,634506000,634506000,13000000,39000000,13800000,100000,26800000,39100000,40800000,53100000,1000000,1000000,13000000,13000000,0,0,13000000,39000000,13800000,100000,26800000,39100000,1000010,48000050,1000000,1000000,10,47000050
992,685006000,12770320000,1000000,1000000,9000000,21000000,634506000,12690120000,20000000,57000000,20500000,1200000,40500000,58200000,50500000,80200000,1000000,1000000,9000000,21000000,0,0,20000000,57000000,20500000,1200000,40500000,58200000,1000010,48000020,1000000,1000000,10,47000020
1022,728606000,1364112000,1000000,1000000,46000000,47000000,634506000,1269012000,46000000,46000000,1100000,1100000,47100000,47100000,94100000,95100000,1000000,1000000,46000000,47000000,0,0,46000000,46000000,1100000,1100000,47100000,47100000,1000010,10000040,1000000,1000000,10,9000040
1052,678406000,7662972000,1000000,1000000,5000000,10000000,634506000,7614072000,8000000,8000000,29900000,29900000,37900000,37900000,43900000,48900000,1000000,1000000,5000000,10000000,0,0,8000000,8000000,29900000,29900000,37900000,37900000,1000010,1000000,1000000,1000000,10,0
1082,664106000,9618590000,1000000,1000000,0,16000000,634506000,9517590000,6000000,81000000,22600000,3000000,28600000,84000000,29600000,101000000,1000000,1000000,0,16000000,0,0,6000000,81000000,22600000,3000000,28600000,84000000,1000010,69000040,1000000,1000000,10,68000040
1112,654806000,3199830000,1000000,1000000,2000000,9000000,634506000,3172530000,9000000,9000000,8300000,8300000,17300000,17300000,20300000,27300000,1000000,1000000,2000000,9000000,0,0,9000000,9000000,8300000,8300000,17300000,17300000,1000010,8000020,1000000,1000000,10,7000020
1142,639306000,3812836000,1000000,1000000,0,1000000,634506000,3807036000,1000000,1000000,2800000,2800000,3800000,3800000,4800000,5800000,1000000,1000000,0,1000000,0,0,1000000,1000000,2800000,2800000,3800000,3800000,1000010,1000000,1000000,1000000,10,0
1172,652606000,3191630000,1000000,1000000,8000000,9000000,634506000,3172530000,9000000,9000000,100000,100000,9100000,9100000,18100000,19100000,1000000,1000000,8000000,9000000,0,0,9000000,9000000,100000,100000,9100000,9100000,1000010,1000000,1000000,1000000,10,0
1202,651506000,652506000,1000000,1000000,16000000,17000000,634506000,634506000,0,0,0,0,0,0,17000000,18000000,1000000,1000000,16000000,17000000,0,0,0,0,0,0,0,0,1000010,1000000,1000000,1000000,10,0
1232,652106000,3191130000,1000000,1000000,7000000,8000000,634506000,3172530000,7000000,7000000,2600000,2600000,9600000,9600000,17600000,18600000,1000000,1000000,7000000,8000000,0,0,7000000,7000000,2600000,2600000,9600000,9600000,1000010,1000000,1000000,1000000,10,0
1262,675606000,2581124000,1000000,1000000,17000000,19000000,634506000,2538024000,19000000,19000000,4100000,4100000,23100000,23100000,41100000,43100000,1000000,1000000,17000000,19000000,0,0,19000000,19000000,4100000,4100000,23100000,23100000,1000010,1000000,1000000,1000000,10,0
3,675506000,737706000,1000000,1000000,17000000,17000000,634506000,634506000,17000000,85000000,6000000,200000,23000000,85200000,41000000,103200000,1000000,1000000,17000000,17000000,0,0,17000000,85000000,6000000,200000,23000000,85200000,1000010,69000020,1000000,1000000,10,68000020
33,695306000,696306000,1000000,1000000,19000000,20000000,634506000,634506000,20000000,20000000,20800000,20800000,40800000,40800000,60800000,61800000,1000000,1000000,19000000,20000000,0,0,20000000,20000000,20800000,20800000,40800000,40800000,1000010,28000050,1000000,1000000,10,27000050
63,680606000,704606000,1000000,1000000,10000000,11000000,634506000,634506000,11000000,58000000,24100000,100000,35100000,58100000,46100000,70100000,1000000,1000000,10000000,11000000,0,0,11000000,58000000,24100000,100000,35100000,58100000,1000010,69000040,1000000,1000000,10,68000040
93,699306000,700306000,1000000,1000000,19000000,20000000,634506000,634506000,20000000,20000000,24800000,24800000,44800000,44800000,64800000,65800000,1000000,1000000,19000000,20000000,0,0,20000000,20000000,24800000,24800000,44800000,44800000,1000010,23000010,1000000,1000000,10,22000010
123,659006000,666006000,1000000,1000000,1000000,8000000,634506000,634506000,8000000,8000000,14500000,14500000,22500000,22500000,24500000,31500000,1000000,1000000,1000000,8000000,0,0,8000000,8000000,14500000,14500000,22500000,22500000,1000010,21000030,1000000,1000000,10,20000030
153,661806000,661806000,1000000,1000000,8000000,8000000,634506000,634506000,8000000,8000000,10300000,10300000,18300000,18300000,27300000,27300000,1000000,1000000,8000000,8000000,0,0,8000000,8000000,10300000,10300000,18300000,18300000,1000010,26000030,1000000,1000000,10,25000030
183,688506000,735806000,1000000,1000000,20000000,20000000,634506000,634506000,20000000,80000000,13000000,300000,33000000,80300000,54000000,101300000,1000000,1000000,20000000,20000000,0,0,20000000,80000000,13000000,300000,33000000,80300000,1000010,68000030,1000000,1000000,10,67000030
213,679806000,679806000,1000000,1000000,20000000,20000000,634506000,634506000,20000000,20000000,4300000,4300000,24300000,24300000,45300000,45300000,1000000,1000000,20000000,20000000,0,0,20000000,20000000,4300000,4300000,24300000,24300000,1000010,2000010,1000000,1000000,10,1000010
243,669206000,670206000,1000000,1000000,8000000,9000000,634506000,634506000,9000000,9000000,16700000,16700000,25700000,25700000,34700000,35700000,1000000,1000000,8000000,9000000,0,0,9000000,9000000,16700000,16700000,25700000,25700000,1000010,17000040,1000000,1000000,10,16000040
273,669206000,670206000,1000000,1000000,8000000,9000000,634506000,634506000,9000000,9000000,16700000,16700000,25700000,25700000,34700000,35700000,1000000,1000000,8000000,9000000,0,0,9000000,9000000,16700000,16700000,25700000,25700000,1000010,17000040,1000000,1000000,10,16000040
303,670706000,670706000,1000000,1000000,9000000,9000000,634506000,634506000,9000000,9000000,17200000,17200000,26200000,26200000,36200000,36200000,1000000,1000000,9000000,9000000,0,0,9000000,9000000,17200000,17200000,26200000,26200000,1000010,17000040,1000000,1000000,10,16000040
333,676506000,683606000,1000000,1000000,8000000,9000000,634506000,634506000,9000000,39000000,24000000,100000,33000000,39100000,42000000,49100000,1000000,1000000,8000000,9000000,0,0,9000000,39000000,24000000,100000,33000000,39100000,1000010,34000020,1000000,1000000,10,33000020
363,655506000,716606000,1000000,1000000,1000000,8000000,634506000,634506000,8000000,73000000,11000000,100000,19000000,73100000,21000000,82100000,1000000,1000000,1000000,8000000,0,0,8000000,73000000,11000000,100000,19000000,73100000,1000010,75000050,1000000,1000000,10,74000050
393,666506000,666506000,1000000,1000000,9000000,9000000,634506000,634506000,9000000,9000000,13000000,13000000,22000000,22000000,32000000,32000000,1000000,1000000,9000000,9000000,0,0,9000000,9000000,13000000,13000000,22000000,22000000,1000010,17000030,1000000,1000000,10,16000030
423,675606000,675606000,1000000,1000000,11000000,11000000,634506000,634506000,11000000,11000000,18100000,18100000,29100000,29100000,41100000,41100000,1000000,1000000,11000000,11000000,0,0,11000000,11000000,18100000,18100000,29100000,29100000,1000010,27000040,1000000,1000000,10,26000040
453,666906000,683606000,1000000,1000000,11000000,11000000,634506000,634506000,11000000,37000000,9400000,100000,20400000,37100000,32400000,49100000,1000000,1000000,11000000,11000000,0,0,11000000,37000000,9400000,100000,20400000,37100000,1000010,34000020,1000000,1000000,10,33000020
483,669606000,720606000,1000000,1000000,3000000,4000000,634506000,634506000,4000000,81000000,27100000,100000,31100000,81100000,35100000,86100000,1000000,1000000,3000000,4000000,0,0,4000000,81000000,27100000,100000,31100000,81100000,1000010,84000050,1000000,1000000,10,83000050
513,730606000,730606000,1000000,1000000,47000000,47000000,634506000,634506000,47000000,47000000,1100000,1100000,48100000,48100000,96100000,96100000,1000000,1000000,47000000,47000000,0,0,47000000,47000000,1100000,1100000,48100000,48100000,1000010,10000040,1000000,1000000,10,9000040
543,685206000,733606000,1000000,1000000,18000000,18000000,634506000,634506000,18000000,80000000,13700000,100000,31700000,80100000,50700000,99100000,1000000,1000000,18000000,18000000,0,0,18000000,80000000,13700000,100000,31700000,80100000,1000010,63000010,1000000,1000000,10,62000010
573,677806000,702606000,1000000,1000000,10000000,10000000,634506000,634506000,10000000,57000000,22300000,100000,32300000,57100000,43300000,68100000,1000000,1000000,10000000,10000000,0,0,10000000,57000000,22300000,100000,32300000,57100000,1000010,50000020,1000000,1000000,10,49000020
603,677806000,678806000,1000000,1000000,7000000,8000000,634506000,634506000,8000000,8000000,27300000,27300000,35300000,35300000,43300000,44300000,1000000,1000000,7000000,8000000,0,0,8000000,8000000,27300000,27300000,35300000,35300000,1000010,27000040,1000000,1000000,10,26000040
633,669806000,725606000,1000000,1000000,9000000,10000000,634506000,634506000,10000000,80000000,15300000,100000,25300000,80100000,35300000,91100000,1000000,1000000,9000000,10000000,0,0,10000000,80000000,15300000,100000,25300000,80100000,1000010,84000020,1000000,1000000,10,83000020
663,679506000,681506000,1000000,1000000,6000000,8000000,634506000,634506000,8000000,8000000,30000000,30000000,38000000,38000000,45000000,47000000,1000000,1000000,6000000,8000000,0,0,8000000,8000000,30000000,30000000,38000000,38000000,1000010,11000010,1000000,1000000,10,10000010
693,687406000,688406000,1000000,1000000,17000000,18000000,634506000,634506000,18000000,18000000,16900000,16900000,34900000,34900000,52900000,53900000,1000000,1000000,17000000,18000000,0,0,18000000,18000000,16900000,16900000,34900000,34900000,1000010,22000010,1000000,1000000,10,21000010
723,643406000,717606000,1000000,1000000,1000000,1000000,634506000,634506000,1000000,81000000,5900000,100000,6900000,81100000,8900000,83100000,1000000,1000000,1000000,1000000,0,0,1000000,81000000,5900000,100000,6900000,81100000,1000010,82000040,1000000,1000000,10,81000040
753,657606000,717706000,1000000,1000000,0,1000000,634506000,634506000,1000000,81000000,21100000,200000,22100000,81200000,23100000,83200000,1000000,1000000,0,1000000,0,0,1000000,81000000,21100000,200000,22100000,81200000,1000010,82000030,1000000,1000000,10,81000030
783,648706000,717606000,1000000,1000000,1000000,1000000,634506000,634506000,1000000,81000000,11200000,100000,12200000,81100000,14200000,83100000,1000000,1000000,1000000,1000000,0,0,1000000,81000000,11200000,100000,12200000,81100000,1000010,82000040,1000000,1000000,10,81000040
813,650706000,654606000,1000000,1000000,1000000,1000000,634506000,634506000,1000000,18000000,13200000,100000,14200000,18100000,16200000,20100000,1000000,1000000,1000000,1000000,0,0,1000000,18000000,13200000,100000,14200000,18100000,1000010,19000020,1000000,1000000,10,18000020
843,661806000,664806000,1000000,1000000,8000000,11000000,634506000,634506000,11000000,11000000,7300000,7300000,18300000,18300000,27300000,30300000,1000000,1000000,8000000,11000000,0,0,11000000,11000000,7300000,7300000,18300000,18300000,1000010,9000020,1000000,1000000,10,8000020
873,681406000,717606000,1000000,1000000,7000000,8000000,634506000,634506000,8000000,74000000,30900000,100000,38900000,74100000,46900000,83100000,1000000,1000000,7000000,8000000,0,0,8000000,74000000,30900000,100000,38900000,74100000,1000010,82000040,1000000,1000000,10,81000040
903,674006000,675006000,1000000,1000000,7000000,8000000,634506000,634506000,8000000,8000000,23500000,23500000,31500000,31500000,39500000,40500000,1000000,1000000,7000000,8000000,0,0,8000000,8000000,23500000,23500000,31500000,31500000,1000010,8000010,1000000,1000000,10,7000010
933,677706000,677706000,1000000,1000000,13000000,13000000,634506000,634506000,13000000,13000000,16200000,16200000,29200000,29200000,43200000,43200000,1000000,1000000,13000000,13000000,0,0,13000000,13000000,16200000,16200000,29200000,29200000,1000010,27000040,1000000,1000000,10,26000040
963,651606000,651606000,1000000,1000000,8000000,8000000,634506000,634506000,8000000,8000000,100000,100000,8100000,8100000,17100000,17100000,1000000,1000000,8000000,8000000,0,0,8000000,8000000,100000,100000,8100000,8100000,1000010,1000000,1000000,1000000,10,0
993,678706000,10831802000,1000000,1000000,19000000,20000000,634506000,10786602000,20000000,20000000,4200000,4200000,24200000,24200000,44200000,45200000,1000000,1000000,19000000,20000000,0,0,20000000,20000000,4200000,4200000,24200000,24200000,1000010,1000000,1000000,1000000,10,0
1023,749706000,2027618000,1000000,1000000,38000000,46000000,634506000,1903518000,46000000,47000000,30200000,30100000,76200000,77100000,115200000,124100000,1000000,1000000,38000000,46000000,0,0,46000000,47000000,30200000,30100000,76200000,77100000,1000010,113000070,1000000,1000000,10,112000070
1053,641506000,647506000,1000000,1000000,6000000,12000000,634506000,634506000,0,0,0,0,0,0,7000000,13000000,1000000,1000000,6000000,12000000,0,0,0,0,0,0,0,0,1000010,1000000,1000000,1000000,10,0
1083,652606000,3191630000,1000000,1000000,8000000,9000000,634506000,3172530000,9000000,9000000,100000,100000,9100000,9100000,18100000,19100000,1000000,1000000,8000000,9000000,0,0,9000000,9000000,100000,100000,9100000,9100000,1000010,1000000,1000000,1000000,10,0
1113,642506000,1912518000,1000000,1000000,7000000,8000000,634506000,1903518000,0,0,0,0,0,0,8000000,9000000,1000000,1000000,7000000,8000000,0,0,0,0,0,0,0,0,1000010,1000000,1000000,1000000,10,0
1143,643606000,3824136000,1000000,1000000,0,8000000,634506000,3807036000,8000000,8000000,100000,100000,8100000,8100000,9100000,17100000,1000000,1000000,0,8000000,0,0,8000000,8000000,100000,100000,8100000,8100000,1000010,1000000,1000000,1000000,10,0
1173,672706000,4484742000,1000000,1000000,8000000,13000000,634506000,4441542000,13000000,13000000,16200000,16200000,29200000,29200000,38200000,43200000,1000000,1000000,8000000,13000000,0,0,13000000,13000000,16200000,16200000,29200000,29200000,1000010,18000030,1000000,1000000,10,17000030
1203,645506000,646506000,1000000,1000000,10000000,11000000,634506000,634506000,0,0,0,0,0,0,11000000,12000000,1000000,1000000,10000000,11000000,0,0,0,0,0,0,0,0,1000010,1000000,1000000,1000000,10,0
1233,821806000,1457312000,1000000,1000000,80000000,81000000,634506000,1269012000,81000000,81000000,25300000,25300000,106300000,106300000,187300000,188300000,1000000,1000000,80000000,81000000,0,0,81000000,81000000,25300000,25300000,106300000,106300000,1000010,133000030,1000000,1000000,10,132000030
1263,641506000,643506000,1000000,1000000,6000000,8000000,634506000,634506000,0,0,0,0,0,0,7000000,9000000,1000000,1000000,6000000,8000000,0,0,0,0,0,0,0,0,1000010,1000000,1000000,1000000,10,0
4,672006000,733006000,1000000,1000000,10000000,17000000,634506000,634506000,17000000,80000000,9500000,500000,26500000,80500000,37500000,98500000,1000000,1000000,10000000,17000000,0,0,17000000,80000000,9500000,500000,26500000,80500000,1000010,66000030,1000000,1000000,10,65000030
34,699406000,700406000,1000000,1000000,19000000,20000000,634506000,634506000,20000000,20000000,24900000,24900000,44900000,44900000,64900000,65900000,1000000,1000000,19000000,20000000,0,0,20000000,20000000,24900000,24900000,44900000,44900000,1000010,23000010,1000000,1000000,10,22000010
64,680606000,704606000,1000000,1000000,10000000,11000000,634506000,634506000,11000000,58000000,24100000,100000,35100000,58100000,46100000,70100000,1000000,1000000,10000000,11000000,0,0,11000000,58000000,24100000,100000,35100000,58100000,1000010,69000040,1000000,1000000,10,68000040
94,681906000,693606000,1000000,1000000,19000000,19000000,634506000,634506000,19000000,39000000,8400000,100000,27400000,39100000,47400000,59100000,1000000,1000000,19000000,19000000,0,0,19000000,39000000,8400000,100000,27400000,39100000,1000010,23000010,1000000,1000000,10,22000010
124,653606000,653606000,1000000,1000000,1000000,1000000,634506000,634506000,1000000,1000000,16100000,16100000,17100000,17100000,19100000,19100000,1000000,1000000,1000000,1000000,0,0,1000000,1000000,16100000,16100000,17100000,17100000,1000010,13000030,1000000,1000000,10,12000030
154,661606000,661606000,1000000,1000000,8000000,8000000,634506000,634506000,8000000,8000000,10100000,10100000,18100000,18100000,27100000,27100000,1000000,1000000,8000000,8000000,0,0,8000000,8000000,10100000,10100000,18100000,18100000,1000010,26000030,1000000,1000000,10,25000030
184,691506000,691506000,1000000,1000000,20000000,20000000,634506000,634506000,20000000,20000000,16000000,16000000,36000000,36000000,57000000,57000000,1000000,1000000,20000000,20000000,0,0,20000000,20000000,16000000,16000000,36000000,36000000,1000010,28000040,1000000,1000000,10,27000040
214,678706000,678706000,1000000,1000000,20000000,20000000,634506000,634506000,20000000,20000000,3200000,3200000,23200000,23200000,44200000,44200000,1000000,1000000,20000000,20000000,0,0,20000000,20000000,3200000,3200000,23200000,23200000,1000010,2000010,1000000,1000000,10,1000010
244,669006000,670006000,1000000,1000000,8000000,9000000,634506000,634506000,9000000,9000000,16500000,16500000,25500000,25500000,34500000,35500000,1000000,1000000,8000000,9000000,0,0,9000000,9000000,16500000,16500000,25500000,25500000,1000010,12000010,1000000,1000000,10,11000010
274,669206000,670206000,1000000,1000000,8000000,9000000,634506000,634506000,9000000,9000000,16700000,16700000,25700000,25700000,34700000,35700000,1000000,1000000,8000000,9000000,0,0,9000000,9000000,16700000,16700000,25700000,25700000,1000010,17000040,1000000,1000000,10,16000040
304,670706000,670706000,1000000,1000000,9000000,9000000,634506000,634506000,9000000,9000000,17200000,17200000,26200000,26200000,36200000,36200000,1000000,1000000,9000000,9000000,0,0,9000000,9000000,17200000,17200000,26200000,26200000,1000010,17000040,1000000,1000000,10,16000040
334,676506000,683606000,1000000,1000000,8000000,9000000,634506000,634506000,9000000,39000000,24000000,100000,33000000,39100000,42000000,49100000,1000000,1000000,8000000,9000000,0,0,9000000,39000000,24000000,100000,33000000,39100000,1000010,34000020,1000000,1000000,10,33000020
364,652606000,653606000,1000000,1000000,8000000,9000000,634506000,634506000,9000000,9000000,100000,100000,9100000,9100000,18100000,19100000,1000000,1000000,8000000,9000000,0,0,9000000,9000000,100000,100000,9100000,9100000,1000010,2000010,1000000,1000000,10,1000010
394,666506000,666506000,1000000,1000000,9000000,9000000,634506000,634506000,9000000,9000000,13000000,13000000,22000000,22000000,32000000,32000000,1000000,1000000,9000000,9000000,0,0,9000000,9000000,13000000,13000000,22000000,22000000,1000010,17000030,1000000,1000000,10,16000030
424,675506000,676506000,1000000,1000000,11000000,12000000,634506000,634506000,12000000,12000000,17000000,17000000,29000000,29000000,41000000,42000000,1000000,1000000,11000000,12000000,0,0,12000000,12000000,17000000,17000000,29000000,29000000,1000010,27000040,1000000,1000000,10,26000040
454,666906000,684606000,1000000,1000000,11000000,12000000,634506000,634506000,12000000,37000000,8400000,100000,20400000,37100000,32400000,50100000,1000000,1000000,11000000,12000000,0,0,12000000,37000000,8400000,100000,20400000,37100000,1000010,34000020,1000000,1000000,10,33000020
484,669606000,720606000,1000000,1000000,3000000,4000000,634506000,634506000,4000000,81000000,27100000,100000,31100000,81100000,35100000,86100000,1000000,1000000,3000000,4000000,0,0,4000000,81000000,27100000,100000,31100000,81100000,1000010,84000050,1000000,1000000,10,83000050
514,749406000,754506000,1000000,1000000,41000000,42000000,634506000,634506000,42000000,47000000,30900000,30000000,72900000,77000000,114900000,120000000,1000000,1000000,41000000,42000000,0,0,42000000,47000000,30900000,30000000,72900000,77000000,1000010,116000080,1000000,1000000,10,115000080
544,685206000,733606000,1000000,1000000,18000000,18000000,634506000,634506000,18000000,80000000,13700000,100000,31700000,80100000,50700000,99100000,1000000,1000000,18000000,18000000,0,0,18000000,80000000,13700000,100000,31700000,80100000,1000010,63000010,1000000,1000000,10,62000010
574,677806000,702606000,1000000,1000000,10000000,10000000,634506000,634506000,10000000,57000000,22300000,100000,32300000,57100000,43300000,68100000,1000000,1000000,10000000,10000000,0,0,10000000,57000000,22300000,100000,32300000,57100000,1000010,50000020,1000000,1000000,10,49000020
604,669406000,674406000,1000000,1000000,7000000,12000000,634506000,634506000,12000000,12000000,14900000,14900000,26900000,26900000,34900000,39900000,1000000,1000000,7000000,12000000,0,0,12000000,12000000,14900000,14900000,26900000,26900000,1000010,12000030,1000000,1000000,10,11000030
634,669206000,725906000,1000000,1000000,9000000,10000000,634506000,634506000,10000000,80000000,14700000,400000,24700000,80400000,34700000,91400000,1000000,1000000,9000000,10000000,0,0,10000000,80000000,14700000,400000,24700000,80400000,1000010,84000020,1000000,1000000,10,83000020
664,659606000,661606000,1000000,1000000,6000000,6000000,634506000,634506000,6000000,20000000,12100000,100000,18100000,20100000,25100000,27100000,1000000,1000000,6000000,6000000,0,0,6000000,20000000,12100000,100000,18100000,20100000,1000010,21000030,1000000,1000000,10,20000030
694,696206000,697206000,1000000,1000000,17000000,18000000,634506000,634506000,18000000,18000000,25700000,25700000,43700000,43700000,61700000,62700000,1000000,1000000,17000000,18000000,0,0,18000000,18000000,25700000,25700000,43700000,43700000,1000010,22000010,1000000,1000000,10,21000010
724,652506000,660506000,1000000,1000000,1000000,9000000,634506000,634506000,9000000,9000000,7000000,7000000,16000000,16000000,18000000,26000000,1000000,1000000,1000000,9000000,0,0,9000000,9000000,7000000,7000000,16000000,16000000,1000010,2000010,1000000,1000000,10,1000010
754,644506000,656606000,1000000,1000000,1000000,1000000,634506000,634506000,1000000,20000000,7000000,100000,8000000,20100000,10000000,22100000,1000000,1000000,1000000,1000000,0,0,1000000,20000000,7000000,100000,8000000,20100000,1000010,21000030,1000000,1000000,10,20000030
784,648706000,717606000,1000000,1000000,1000000,1000000,634506000,634506000,1000000,81000000,11200000,100000,12200000,81100000,14200000,83100000,1000000,1000000,1000000,1000000,0,0,1000000,81000000,11200000,100000,12200000,81100000,1000010,82000040,1000000,1000000,10,81000040
814,657606000,717706000,1000000,1000000,0,1000000,634506000,634506000,1000000,81000000,21100000,200000,22100000,81200000,23100000,83200000,1000000,1000000,0,1000000,0,0,1000000,81000000,21100000,200000,22100000,81200000,1000010,82000030,1000000,1000000,10,81000030
844,643506000,644506000,1000000,1000000,8000000,9000000,634506000,634506000,0,0,0,0,0,0,9000000,10000000,1000000,1000000,8000000,9000000,0,0,0,0,0,0,0,0,1000010,1000000,1000000,1000000,10,0
874,681406000,717606000,1000000,1000000,7000000,8000000,634506000,634506000,8000000,74000000,30900000,100000,38900000,74100000,46900000,83100000,1000000,1000000,7000000,8000000,0,0,8000000,74000000,30900000,100000,38900000,74100000,1000010,82000040,1000000,1000000,10,81000040
904,677506000,682606000,1000000,1000000,7000000,8000000,634506000,634506000,8000000,39000000,27000000,100000,35000000,39100000,43000000,48100000,1000000,1000000,7000000,8000000,0,0,8000000,39000000,27000000,100000,35000000,39100000,1000010,46000040,1000000,1000000,10,45000040
934,677806000,677806000,1000000,1000000,13000000,13000000,634506000,634506000,13000000,13000000,16300000,16300000,29300000,29300000,43300000,43300000,1000000,1000000,13000000,13000000,0,0,13000000,13000000,16300000,16300000,29300000,29300000,1000010,27000040,1000000,1000000,10,26000040
964,753706000,758606000,1000000,1000000,42000000,46000000,634506000,634506000,46000000,47000000,30200000,30100000,76200000,77100000,119200000,124100000,1000000,1000000,42000000,46000000,0,0,46000000,47000000,30200000,30100000,76200000,77100000,1000010,117000090,1000000,1000000,10,116000090
994,692906000,17855568000,1000000,1000000,8000000,39000000,634506000,17766168000,20000000,20000000,29400000,29400000,49400000,49400000,58400000,89400000,1000000,1000000,8000000,39000000,0,0,20000000,20000000,29400000,29400000,49400000,49400000,1000010,18000030,1000000,1000000,10,17000030
1024,713406000,3906936000,1000000,1000000,18000000,39000000,634506000,3807036000,39000000,39000000,20900000,20900000,59900000,59900000,78900000,99900000,1000000,1000000,18000000,39000000,0,0,39000000,39000000,20900000,20900000,59900000,59900000,1000010,12000010,1000000,1000000,10,11000010
1054,646706000,3191730000,1000000,1000000,5000000,12000000,634506000,3172530000,6000000,6000000,200000,200000,6200000,6200000,12200000,19200000,1000000,1000000,5000000,12000000,0,0,6000000,6000000,200000,200000,6200000,6200000,1000010,1000000,1000000,1000000,10,0
1084,655506000,657506000,1000000,1000000,20000000,22000000,634506000,634506000,0,0,0,0,0,0,21000000,23000000,1000000,1000000,20000000,22000000,0,0,0,0,0,0,0,0,1000010,1000000,1000000,1000000,10,0
1114,642506000,1912518000,1000000,1000000,7000000,8000000,634506000,1903518000,0,0,0,0,0,0,8000000,9000000,1000000,1000000,7000000,8000000,0,0,0,0,0,0,0,0,1000010,1000000,1000000,1000000,10,0
1144,639306000,3178330000,1000000,1000000,0,1000000,634506000,3172530000,1000000,1000000,2800000,2800000,3800000,3800000,4800000,5800000,1000000,1000000,0,1000000,0,0,1000000,1000000,2800000,2800000,3800000,3800000,1000010,1000000,1000000,1000000,10,0
1174,652606000,2557124000,1000000,1000000,8000000,9000000,634506000,2538024000,9000000,9000000,100000,100000,9100000,9100000,18100000,19100000,1000000,1000000,8000000,9000000,0,0,9000000,9000000,100000,100000,9100000,9100000,1000010,1000000,1000000,1000000,10,0
1204,653506000,1289012000,1000000,1000000,18000000,19000000,634506000,1269012000,0,0,0,0,0,0,19000000,20000000,1000000,1000000,18000000,19000000,0,0,0,0,0,0,0,0,1000010,1000000,1000000,1000000,10,0
1234,760906000,2092918000,1000000,1000000,18000000,81000000,634506000,1903518000,81000000,81000000,26400000,26400000,107400000,107400000,126400000,189400000,1000000,1000000,18000000,81000000,0,0,81000000,81000000,26400000,26400000,107400000,107400000,1000010,59000020,1000000,1000000,10,58000020
1264,641506000,643506000,1000000,1000000,6000000,8000000,634506000,634506000,0,0,0,0,0,0,7000000,9000000,1000000,1000000,6000000,8000000,0,0,0,0,0,0,0,0,1000010,1000000,1000000,1000000,10,0
5,673706000,711706000,1000000,1000000,17000000,19000000,634506000,634506000,19000000,57000000,2200000,200000,21200000,57200000,39200000,77200000,1000000,1000000,17000000,19000000,0,0,19000000,57000000,2200000,200000,21200000,57200000,1000010,48000020,1000000,1000000,10,47000020
35,699406000,700406000,1000000,1000000,19000000,20000000,634506000,634506000,20000000,20000000,24900000,24900000,44900000,44900000,64900000,65900000,1000000,1000000,19000000,20000000,0,0,20000000,20000000,24900000,24900000,44900000,44900000,1000010,23000010,1000000,1000000,10,22000010
65,680506000,704706000,1000000,1000000,10000000,11000000,634506000,634506000,11000000,58000000,24000000,200000,35000000,58200000,46000000,70200000,1000000,1000000,10000000,11000000,0,0,11000000,58000000,24000000,200000,35000000,58200000,1000010,69000040,1000000,1000000,10,68000040
95,696306000,712606000,1000000,1000000,19000000,20000000,634506000,634506000,20000000,57000000,21800000,100000,41800000,57100000,61800000,78100000,1000000,1000000,19000000,20000000,0,0,20000000,57000000,21800000,100000,41800000,57100000,1000010,51000040,1000000,1000000,10,50000040
125,666506000,718606000,1000000,1000000,1000000,2000000,634506000,634506000,2000000,81000000,28000000,100000,30000000,81100000,32000000,84100000,1000000,1000000,1000000,2000000,0,0,2000000,81000000,28000000,100000,30000000,81100000,1000010,83000030,1000000,1000000,10,82000030
155,664606000,664606000,1000000,1000000,8000000,8000000,634506000,634506000,8000000,8000000,13100000,13100000,21100000,21100000,30100000,30100000,1000000,1000000,8000000,8000000,0,0,8000000,8000000,13100000,13100000,21100000,21100000,1000010,26000030,1000000,1000000,10,25000030
185,691506000,691506000,1000000,1000000,20000000,20000000,634506000,634506000,20000000,20000000,16000000,16000000,36000000,36000000,57000000,57000000,1000000,1000000,20000000,20000000,0,0,20000000,20000000,16000000,16000000,36000000,36000000,1000010,28000040,1000000,1000000,10,27000040
215,679806000,679806000,1000000,1000000,20000000,20000000,634506000,634506000,20000000,20000000,4300000,4300000,24300000,24300000,45300000,45300000,1000000,1000000,20000000,20000000,0,0,20000000,20000000,4300000,4300000,24300000,24300000,1000010,2000010,1000000,1000000,10,1000010
245,669206000,670206000,1000000,1000000,8000000,9000000,634506000,634506000,9000000,9000000,16700000,16700000,25700000,25700000,34700000,35700000,1000000,1000000,8000000,9000000,0,0,9000000,9000000,16700000,16700000,25700000,25700000,1000010,17000040,1000000,1000000,10,16000040
275,670706000,670706000,1000000,1000000,9000000,9000000,634506000,634506000,9000000,9000000,17200000,17200000,26200000,26200000,36200000,36200000,1000000,1000000,9000000,9000000,0,0,9000000,9000000,17200000,17200000,26200000,26200000,1000010,17000040,1000000,1000000,10,16000040
305,670706000,670706000,1000000,1000000,9000000,9000000,634506000,634506000,9000000,9000000,17200000,17200000,26200000,26200000,36200000,36200000,1000000,1000000,9000000,9000000,0,0,9000000,9000000,17200000,17200000,26200000,26200000,1000010,17000040,1000000,1000000,10,16000040
335,652506000,661606000,1000000,1000000,8000000,8000000,634506000,634506000,8000000,18000000,1000000,100000,9000000,18100000,18000000,27100000,1000000,1000000,8000000,8000000,0,0,8000000,18000000,1000000,100000,9000000,18100000,1000010,14000010,1000000,1000000,10,13000010
365,652606000,653606000,1000000,1000000,8000000,9000000,634506000,634506000,9000000,9000000,100000,100000,9100000,9100000,18100000,19100000,1000000,1000000,8000000,9000000,0,0,9000000,9000000,100000,100000,9100000,9100000,1000010,2000010,1000000,1000000,10,1000010
395,666506000,666506000,1000000,1000000,9000000,9000000,634506000,634506000,9000000,9000000,13000000,13000000,22000000,22000000,32000000,32000000,1000000,1000000,9000000,9000000,0,0,9000000,9000000,13000000,13000000,22000000,22000000,1000010,17000030,1000000,1000000,10,16000030
425,662606000,666906000,1000000,1000000,7000000,11000000,634506000,634506000,11000000,20000000,9100000,400000,20100000,20400000,28100000,32400000,1000000,1000000,7000000,11000000,0,0,11000000,20000000,9100000,400000,20100000,20400000,1000010,20000030,1000000,1000000,10,19000030
455,671606000,683606000,1000000,1000000,11000000,11000000,634506000,634506000,11000000,37000000,14100000,100000,25100000,37100000,37100000,49100000,1000000,1000000,11000000,11000000,0,0,11000000,37000000,14100000,100000,25100000,37100000,1000010,34000020,1000000,1000000,10,33000020
485,669606000,720606000,1000000,1000000,3000000,4000000,634506000,634506000,4000000,81000000,27100000,100000,31100000,81100000,35100000,86100000,1000000,1000000,3000000,4000000,0,0,4000000,81000000,27100000,100000,31100000,81100000,1000010,84000050,1000000,1000000,10,83000050
515,734506000,734506000,1000000,1000000,39000000,39000000,634506000,634506000,39000000,39000000,21000000,21000000,60000000,60000000,100000000,100000000,1000000,1000000,39000000,39000000,0,0,39000000,39000000,21000000,21000000,60000000,60000000,1000010,34000020,1000000,1000000,10,33000020
545,751606000,813606000,1000000,1000000,18000000,80000000,634506000,634506000,80000000,80000000,18100000,18100000,98100000,98100000,117100000,179100000,1000000,1000000,18000000,80000000,0,0,80000000,80000000,18100000,18100000,98100000,98100000,1000010,59000020,1000000,1000000,10,58000020
575,677706000,702706000,1000000,1000000,10000000,10000000,634506000,634506000,10000000,57000000,22200000,200000,32200000,57200000,43200000,68200000,1000000,1000000,10000000,10000000,0,0,10000000,57000000,22200000,200000,32200000,57200000,1000010,50000020,1000000,1000000,10,49000020
605,644506000,646506000,1000000,1000000,9000000,11000000,634506000,634506000,0,0,0,0,0,0,10000000,12000000,1000000,1000000,9000000,11000000,0,0,0,0,0,0,0,0,1000010,1000000,1000000,1000000,10,0
635,644506000,645506000,1000000,1000000,9000000,10000000,634506000,634506000,0,0,0,0,0,0,10000000,11000000,1000000,1000000,9000000,10000000,0,0,0,0,0,0,0,0,1000010,1000000,1000000,1000000,10,0
665,657906000,657906000,1000000,1000000,6000000,6000000,634506000,634506000,6000000,6000000,10400000,10400000,16400000,16400000,23400000,23400000,1000000,1000000,6000000,6000000,0,0,6000000,6000000,10400000,10400000,16400000,16400000,1000010,13000020,1000000,1000000,10,12000020
695,687406000,688406000,1000000,1000000,17000000,18000000,634506000,634506000,18000000,18000000,16900000,16900000,34900000,34900000,52900000,53900000,1000000,1000000,17000000,18000000,0,0,18000000,18000000,16900000,16900000,34900000,34900000,1000010,22000010,1000000,1000000,10,21000010
725,640906000,647606000,1000000,1000000,1000000,1000000,634506000,634506000,1000000,11000000,3400000,100000,4400000,11100000,6400000,13100000,1000000,1000000,1000000,1000000,0,0,1000000,11000000,3400000,100000,4400000,11100000,1000010,12000030,1000000,1000000,10,11000030
755,647006000,654706000,1000000,1000000,1000000,1000000,634506000,634506000,1000000,18000000,9500000,200000,10500000,18200000,12500000,20200000,1000000,1000000,1000000,1000000,0,0,1000000,18000000,9500000,200000,10500000,18200000,1000010,19000020,1000000,1000000,10,18000020
785,648706000,717606000,1000000,1000000,1000000,1000000,634506000,634506000,1000000,81000000,11200000,100000,12200000,81100000,14200000,83100000,1000000,1000000,1000000,1000000,0,0,1000000,81000000,11200000,100000,12200000,81100000,1000010,82000040,1000000,1000000,10,81000040
815,653606000,715606000,1000000,1000000,0,7000000,634506000,634506000,7000000,73000000,11100000,100000,18100000,73100000,19100000,81100000,1000000,1000000,0,7000000,0,0,7000000,73000000,11100000,100000,18100000,73100000,1000010,74000040,1000000,1000000,10,73000040
845,654506000,656606000,1000000,1000000,8000000,8000000,634506000,634506000,8000000,13000000,3000000,100000,11000000,13100000,20000000,22100000,1000000,1000000,8000000,8000000,0,0,8000000,13000000,3000000,100000,11000000,13100000,1000010,11000030,1000000,1000000,10,10000030
875,670406000,723606000,1000000,1000000,7000000,8000000,634506000,634506000,8000000,80000000,19900000,100000,27900000,80100000,35900000,89100000,1000000,1000000,7000000,8000000,0,0,8000000,80000000,19900000,100000,27900000,80100000,1000010,86000030,1000000,1000000,10,85000030
905,673106000,674106000,1000000,1000000,7000000,8000000,634506000,634506000,8000000,8000000,22600000,22600000,30600000,30600000,38600000,39600000,1000000,1000000,7000000,8000000,0,0,8000000,8000000,22600000,22600000,30600000,30600000,1000010,8000010,1000000,1000000,10,7000010
935,659406000,662406000,1000000,1000000,6000000,9000000,634506000,634506000,6000000,6000000,11900000,11900000,17900000,17900000,24900000,27900000,1000000,1000000,6000000,9000000,0,0,6000000,6000000,11900000,11900000,17900000,17900000,1000010,9000020,1000000,1000000,10,8000020
965,760106000,761106000,1000000,1000000,47000000,48000000,634506000,634506000,48000000,48000000,29600000,29600000,77600000,77600000,125600000,126600000,1000000,1000000,47000000,48000000,0,0,48000000,48000000,29600000,29600000,77600000,77600000,1000010,5000010,1000000,1000000,10,4000010
995,652606000,3191630000,1000000,1000000,8000000,9000000,634506000,3172530000,9000000,9000000,100000,100000,9100000,9100000,18100000,19100000,1000000,1000000,8000000,9000000,0,0,9000000,9000000,100000,100000,9100000,9100000,1000010,1000000,1000000,1000000,10,0
1025,673506000,1309012000,1000000,1000000,38000000,39000000,634506000,1269012000,0,0,0,0,0,0,39000000,40000000,1000000,1000000,38000000,39000000,0,0,0,0,0,0,0,0,1000010,1000000,1000000,1000000,10,0
1055,680806000,1952818000,1000000,1000000,17000000,20000000,634506000,1903518000,20000000,20000000,8300000,8300000,28300000,28300000,46300000,49300000,1000000,1000000,17000000,20000000,0,0,20000000,20000000,8300000,8300000,28300000,28300000,1000010,1000000,1000000,1000000,10,0
1085,655506000,656506000,1000000,1000000,20000000,21000000,634506000,634506000,0,0,0,0,0,0,21000000,22000000,1000000,1000000,20000000,21000000,0,0,0,0,0,0,0,0,1000010,1000000,1000000,1000000,10,0
1115,642506000,1912518000,1000000,1000000,7000000,8000000,634506000,1903518000,0,0,0,0,0,0,8000000,9000000,1000000,1000000,7000000,8000000,0,0,0,0,0,0,0,0,1000010,1000000,1000000,1000000,10,0
1145,639306000,3812836000,1000000,1000000,0,1000000,634506000,3807036000,1000000,1000000,2800000,2800000,3800000,3800000,4800000,5800000,1000000,1000000,0,1000000,0,0,1000000,1000000,2800000,2800000,3800000,3800000,1000010,1000000,1000000,1000000,10,0
1175,644506000,652506000,1000000,1000000,9000000,17000000,634506000,634506000,0,0,0,0,0,0,10000000,18000000,1000000,1000000,9000000,17000000,0,0,0,0,0,0,0,0,1000010,1000000,1000000,1000000,10,0
1205,644506000,1914518000,1000000,1000000,9000000,10000000,634506000,1903518000,0,0,0,0,0,0,10000000,11000000,1000000,1000000,9000000,10000000,0,0,0,0,0,0,0,0,1000010,1000000,1000000,1000000,10,0
1235,645506000,656506000,1000000,1000000,10000000,21000000,634506000,634506000,0,0,0,0,0,0,11000000,22000000,1000000,1000000,10000000,21000000,0,0,0,0,0,0,0,0,1000010,1000000,1000000,1000000,10,0
1265,675606000,2581124000,1000000,1000000,17000000,19000000,634506000,2538024000,19000000,19000000,4100000,4100000,23100000,23100000,41100000,43100000,1000000,1000000,17000000,19000000,0,0,19000000,19000000,4100000,4100000,23100000,23100000,1000010,1000000,1000000,1000000,10,0
6,689606000,710606000,1000000,1000000,17000000,18000000,634506000,634506000,18000000,57000000,19100000,100000,37100000,57100000,55100000,76100000,1000000,1000000,17000000,18000000,0,0,18000000,57000000,19100000,100000,37100000,57100000,1000010,48000020,1000000,1000000,10,47000020
36,676506000,677506000,1000000,1000000,18000000,19000000,634506000,634506000,19000000,19000000,4000000,4000000,23000000,23000000,42000000,43000000,1000000,1000000,18000000,19000000,0,0,19000000,19000000,4000000,4000000,23000000,23000000,1000010,23000020,1000000,1000000,10,22000020
66,659706000,662706000,1000000,1000000,7000000,10000000,634506000,634506000,7000000,7000000,10200000,10200000,17200000,17200000,25200000,28200000,1000000,1000000,7000000,10000000,0,0,7000000,7000000,10200000,10200000,17200000,17200000,1000010,9000020,1000000,1000000,10,8000020
96,699306000,700306000,1000000,1000000,19000000,20000000,634506000,634506000,20000000,20000000,24800000,24800000,44800000,44800000,64800000,65800000,1000000,1000000,19000000,20000000,0,0,20000000,20000000,24800000,24800000,44800000,44800000,1000010,23000010,1000000,1000000,10,22000010
126,653606000,653606000,1000000,1000000,1000000,1000000,634506000,634506000,1000000,1000000,16100000,16100000,17100000,17100000,19100000,19100000,1000000,1000000,1000000,1000000,0,0,1000000,1000000,16100000,16100000,17100000,17100000,1000010,13000030,1000000,1000000,10,12000030
156,667406000,668406000,1000000,1000000,7000000,8000000,634506000,634506000,8000000,8000000,16900000,16900000,24900000,24900000,32900000,33900000,1000000,1000000,7000000,8000000,0,0,8000000,8000000,16900000,16900000,24900000,24900000,1000010,9000010,1000000,1000000,10,8000010
186,691506000,691506000,1000000,1000000,20000000,20000000,634506000,634506000,20000000,20000000,16000000,16000000,36000000,36000000,57000000,57000000,1000000,1000000,20000000,20000000,0,0,20000000,20000000,16000000,16000000,36000000,36000000,1000010,28000040,1000000,1000000,10,27000040
216,679806000,679806000,1000000,1000000,20000000,20000000,634506000,634506000,20000000,20000000,4300000,4300000,24300000,24300000,45300000,45300000,1000000,1000000,20000000,20000000,0,0,20000000,20000000,4300000,4300000,24300000,24300000,1000010,2000010,1000000,1000000,10,1000010
246,662406000,665206000,1000000,1000000,8000000,9000000,634506000,634506000,9000000,19000000,9900000,1700000,18900000,20700000,27900000,30700000,1000000,1000000,8000000,9000000,0,0,9000000,19000000,9900000,1700000,18900000,20700000,1000010,17000040,1000000,1000000,10,16000040
276,670606000,670606000,1000000,1000000,9000000,9000000,634506000,634506000,9000000,9000000,17100000,17100000,26100000,26100000,36100000,36100000,1000000,1000000,9000000,9000000,0,0,9000000,9000000,17100000,17100000,26100000,26100000,1000010,17000040,1000000,1000000,10,16000040
306,670706000,670706000,1000000,1000000,9000000,9000000,634506000,634506000,9000000,9000000,17200000,17200000,26200000,26200000,36200000,36200000,1000000,1000000,9000000,9000000,0,0,9000000,9000000,17200000,17200000,26200000,26200000,1000010,17000040,1000000,1000000,10,16000040
336,674006000,675006000,1000000,1000000,8000000,9000000,634506000,634506000,9000000,9000000,21500000,21500000,30500000,30500000,39500000,40500000,1000000,1000000,8000000,9000000,0,0,9000000,9000000,21500000,21500000,30500000,30500000,1000010,18000030,1000000,1000000,10,17000030
366,652606000,653606000,1000000,1000000,8000000,9000000,634506000,634506000,9000000,9000000,100000,100000,9100000,9100000,18100000,19100000,1000000,1000000,8000000,9000000,0,0,9000000,9000000,100000,100000,9100000,9100000,1000010,2000010,1000000,1000000,10,1000010
396,666506000,666506000,1000000,1000000,9000000,9000000,634506000,634506000,9000000,9000000,13000000,13000000,22000000,22000000,32000000,32000000,1000000,1000000,9000000,9000000,0,0,9000000,9000000,13000000,13000000,22000000,22000000,1000010,17000030,1000000,1000000,10,16000030
426,689006000,690006000,1000000,1000000,11000000,12000000,634506000,634506000,12000000,12000000,30500000,30500000,42500000,42500000,54500000,55500000,1000000,1000000,11000000,12000000,0,0,12000000,12000000,30500000,30500000,42500000,42500000,1000010,36000050,1000000,1000000,10,35000050
456,667806000,726706000,1000000,1000000,11000000,11000000,634506000,634506000,11000000,80000000,10300000,200000,21300000,80200000,33300000,92200000,1000000,1000000,11000000,11000000,0,0,11000000,80000000,10300000,200000,21300000,80200000,1000010,87000040,1000000,1000000,10,86000040
486,653606000,720206000,1000000,1000000,1000000,3000000,634506000,634506000,3000000,81000000,14100000,700000,17100000,81700000,19100000,85700000,1000000,1000000,1000000,3000000,0,0,3000000,81000000,14100000,700000,17100000,81700000,1000010,81000040,1000000,1000000,10,80000040
516,722906000,723906000,1000000,1000000,38000000,39000000,634506000,634506000,39000000,39000000,10400000,10400000,49400000,49400000,88400000,89400000,1000000,1000000,38000000,39000000,0,0,39000000,39000000,10400000,10400000,49400000,49400000,1000010,23000010,1000000,1000000,10,22000010
546,642506000,646506000,1000000,1000000,7000000,11000000,634506000,634506000,0,0,0,0,0,0,8000000,12000000,1000000,1000000,7000000,11000000,0,0,0,0,0,0,0,0,1000010,1000000,1000000,1000000,10,0
576,664706000,665706000,1000000,1000000,9000000,10000000,634506000,634506000,9000000,9000000,11200000,11200000,20200000,20200000,30200000,31200000,1000000,1000000,9000000,10000000,0,0,9000000,9000000,11200000,11200000,20200000,20200000,1000010,20000030,1000000,1000000,10,19000030
606,652506000,663206000,1000000,1000000,1000000,9000000,634506000,634506000,9000000,17000000,7000000,1700000,16000000,18700000,18000000,28700000,1000000,1000000,1000000,9000000,0,0,9000000,17000000,7000000,1700000,16000000,18700000,1000010,12000030,1000000,1000000,10,11000030
636,663106000,730706000,1000000,1000000,9000000,10000000,634506000,634506000,9000000,85000000,9600000,200000,18600000,85200000,28600000,96200000,1000000,1000000,9000000,10000000,0,0,9000000,85000000,9600000,200000,18600000,85200000,1000010,94000030,1000000,1000000,10,93000030
666,655906000,659906000,1000000,1000000,6000000,10000000,634506000,634506000,6000000,6000000,8400000,8400000,14400000,14400000,21400000,25400000,1000000,1000000,6000000,10000000,0,0,6000000,6000000,8400000,8400000,14400000,14400000,1000010,6000030,1000000,1000000,10,5000030
696,687406000,688406000,1000000,1000000,17000000,18000000,634506000,634506000,18000000,18000000,16900000,16900000,34900000,34900000,52900000,53900000,1000000,1000000,17000000,18000000,0,0,18000000,18000000,16900000,16900000,34900000,34900000,1000010,22000010,1000000,1000000,10,21000010
726,681606000,735806000,1000000,1000000,18000000,20000000,634506000,634506000,18000000,80000000,10100000,300000,28100000,80300000,47100000,101300000,1000000,1000000,18000000,20000000,0,0,18000000,80000000,10100000,300000,28100000,80300000,1000010,64000020,1000000,1000000,10,63000020
756,653306000,717706000,1000000,1000000,0,1000000,634506000,634506000,1000000,81000000,16800000,200000,17800000,81200000,18800000,83200000,1000000,1000000,0,1000000,0,0,1000000,81000000,16800000,200000,17800000,81200000,1000010,82000030,1000000,1000000,10,81000030
786,648706000,717606000,1000000,1000000,1000000,1000000,634506000,634506000,1000000,81000000,11200000,100000,12200000,81100000,14200000,83100000,1000000,1000000,1000000,1000000,0,0,1000000,81000000,11200000,100000,12200000,81100000,1000010,82000040,1000000,1000000,10,81000040
816,671206000,733406000,1000000,1000000,0,15000000,634506000,634506000,15000000,81000000,20700000,1900000,35700000,82900000,36700000,98900000,1000000,1000000,0,15000000,0,0,15000000,81000000,20700000,1900000,35700000,82900000,1000010,67000020,1000000,1000000,10,66000020
846,654506000,656606000,1000000,1000000,8000000,8000000,634506000,634506000,8000000,13000000,3000000,100000,11000000,13100000,20000000,22100000,1000000,1000000,8000000,8000000,0,0,8000000,13000000,3000000,100000,11000000,13100000,1000010,11000030,1000000,1000000,10,10000030
876,672606000,723606000,1000000,1000000,7000000,8000000,634506000,634506000,8000000,80000000,22100000,100000,30100000,80100000,38100000,89100000,1000000,1000000,7000000,8000000,0,0,8000000,80000000,22100000,100000,30100000,80100000,1000010,86000030,1000000,1000000,10,85000030
906,674006000,675006000,1000000,1000000,7000000,8000000,634506000,634506000,8000000,8000000,23500000,23500000,31500000,31500000,39500000,40500000,1000000,1000000,7000000,8000000,0,0,8000000,8000000,23500000,23500000,31500000,31500000,1000010,8000010,1000000,1000000,10,7000010
936,652706000,652706000,1000000,1000000,6000000,6000000,634506000,634506000,6000000,6000000,5200000,5200000,11200000,11200000,18200000,18200000,1000000,1000000,6000000,6000000,0,0,6000000,6000000,5200000,5200000,11200000,11200000,1000010,6000010,1000000,1000000,10,5000010
966,709706000,739006000,1000000,1000000,8000000,37000000,634506000,634506000,37000000,38000000,29200000,28500000,66200000,66500000,75200000,104500000,1000000,1000000,8000000,37000000,0,0,37000000,38000000,29200000,28500000,66200000,66500000,1000010,13000040,1000000,1000000,10,12000040
996,674106000,22312810000,1000000,1000000,0,19000000,634506000,22207710000,19000000,85000000,19600000,100000,38600000,85100000,39600000,105100000,1000000,1000000,0,19000000,0,0,19000000,85000000,19600000,100000,38600000,85100000,1000010,79000040,1000000,1000000,10,78000040
1026,722606000,5196248000,1000000,1000000,17000000,39000000,634506000,5076048000,39000000,80000000,31100000,200000,70100000,80200000,88100000,120200000,1000000,1000000,17000000,39000000,0,0,39000000,80000000,31100000,200000,70100000,80200000,1000010,63000010,1000000,1000000,10,62000010
1056,677706000,1314212000,1000000,1000000,18000000,20000000,634506000,1269012000,19000000,19000000,5200000,5200000,24200000,24200000,43200000,45200000,1000000,1000000,18000000,20000000,0,0,19000000,19000000,5200000,5200000,24200000,24200000,1000010,1000000,1000000,1000000,10,0
1086,663006000,4510642000,1000000,1000000,8000000,11000000,634506000,4441542000,11000000,57000000,8500000,100000,19500000,57100000,28500000,69100000,1000000,1000000,8000000,11000000,0,0,11000000,57000000,8500000,100000,19500000,57100000,1000010,57000030,1000000,1000000,10,56000030
1116,642506000,1912518000,1000000,1000000,7000000,8000000,634506000,1903518000,0,0,0,0,0,0,8000000,9000000,1000000,1000000,7000000,8000000,0,0,0,0,0,0,0,0,1000010,1000000,1000000,1000000,10,0
1146,639306000,3178330000,1000000,1000000,0,1000000,634506000,3172530000,1000000,1000000,2800000,2800000,3800000,3800000,4800000,5800000,1000000,1000000,0,1000000,0,0,1000000,1000000,2800000,2800000,3800000,3800000,1000010,1000000,1000000,1000000,10,0
1176,657406000,5125148000,1000000,1000000,1000000,9000000,634506000,5076048000,8000000,39000000,12900000,100000,20900000,39100000,22900000,49100000,1000000,1000000,1000000,9000000,0,0,8000000,39000000,12900000,100000,20900000,39100000,1000010,34000020,1000000,1000000,10,33000020
1206,644506000,1914518000,1000000,1000000,9000000,10000000,634506000,1903518000,0,0,0,0,0,0,10000000,11000000,1000000,1000000,9000000,10000000,0,0,0,0,0,0,0,0,1000010,1000000,1000000,1000000,10,0
1236,645706000,1922718000,1000000,1000000,1000000,9000000,634506000,1903518000,9000000,9000000,200000,200000,9200000,9200000,11200000,19200000,1000000,1000000,1000000,9000000,0,0,9000000,9000000,200000,200000,9200000,9200000,1000010,1000000,1000000,1000000,10,0
1266,756006000,1395512000,1000000,1000000,43000000,48000000,634506000,1269012000,48000000,48000000,29500000,29500000,77500000,77500000,121500000,126500000,1000000,1000000,43000000,48000000,0,0,48000000,48000000,29500000,29500000,77500000,77500000,1000010,1000000,1000000,1000000,10,0
7,698106000,738606000,1000000,1000000,17000000,18000000,634506000,634506000,18000000,85000000,27600000,100000,45600000,85100000,63600000,104100000,1000000,1000000,17000000,18000000,0,0,18000000,85000000,27600000,100000,45600000,85100000,1000010,76000030,1000000,1000000,10,75000030
37,680806000,738706000,1000000,1000000,18000000,18000000,634506000,634506000,18000000,85000000,9300000,200000,27300000,85200000,46300000,104200000,1000000,1000000,18000000,18000000,0,0,18000000,85000000,9300000,200000,27300000,85200000,1000010,75000030,1000000,1000000,10,74000030
67,677506000,678506000,1000000,1000000,10000000,11000000,634506000,634506000,11000000,11000000,21000000,21000000,32000000,32000000,43000000,44000000,1000000,1000000,10000000,11000000,0,0,11000000,11000000,21000000,21000000,32000000,32000000,1000010,25000030,1000000,1000000,10,24000030
97,699306000,700306000,1000000,1000000,19000000,20000000,634506000,634506000,20000000,20000000,24800000,24800000,44800000,44800000,64800000,65800000,1000000,1000000,19000000,20000000,0,0,20000000,20000000,24800000,24800000,44800000,44800000,1000010,23000010,1000000,1000000,10,22000010
127,649406000,653406000,1000000,1000000,1000000,5000000,634506000,634506000,5000000,5000000,7900000,7900000,12900000,12900000,14900000,18900000,1000000,1000000,1000000,5000000,0,0,5000000,5000000,7900000,7900000,12900000,12900000,1000010,10000030,1000000,1000000,10,9000030
157,665106000,723706000,1000000,1000000,7000000,8000000,634506000,634506000,8000000,80000000,14600000,200000,22600000,80200000,30600000,89200000,1000000,1000000,7000000,8000000,0,0,8000000,80000000,14600000,200000,22600000,80200000,1000010,86000030,1000000,1000000,10,85000030
187,687406000,687406000,1000000,1000000,20000000,20000000,634506000,634506000,20000000,20000000,11900000,11900000,31900000,31900000,52900000,52900000,1000000,1000000,20000000,20000000,0,0,20000000,20000000,11900000,11900000,31900000,31900000,1000010,28000040,1000000,1000000,10,27000040
217,679806000,679806000,1000000,1000000,20000000,20000000,634506000,634506000,20000000,20000000,4300000,4300000,24300000,24300000,45300000,45300000,1000000,1000000,20000000,20000000,0,0,20000000,20000000,4300000,4300000,24300000,24300000,1000010,2000010,1000000,1000000,10,1000010
247,662606000,700606000,1000000,1000000,7000000,8000000,634506000,634506000,7000000,57000000,13100000,100000,20100000,57100000,28100000,66100000,1000000,1000000,7000000,8000000,0,0,7000000,57000000,13100000,100000,20100000,57100000,1000010,58000040,1000000,1000000,10,57000040
277,670706000,670706000,1000000,1000000,9000000,9000000,634506000,634506000,9000000,9000000,17200000,17200000,26200000,26200000,36200000,36200000,1000000,1000000,9000000,9000000,0,0,9000000,9000000,17200000,17200000,26200000,26200000,1000010,17000040,1000000,1000000,10,16000040
307,668206000,668206000,1000000,1000000,9000000,9000000,634506000,634506000,9000000,9000000,14700000,14700000,23700000,23700000,33700000,33700000,1000000,1000000,9000000,9000000,0,0,9000000,9000000,14700000,14700000,23700000,23700000,1000010,17000040,1000000,1000000,10,16000040
337,662106000,725606000,1000000,1000000,6000000,8000000,634506000,634506000,6000000,80000000,14600000,2100000,20600000,82100000,27600000,91100000,1000000,1000000,6000000,8000000,0,0,6000000,80000000,14600000,2100000,20600000,82100000,1000010,78000030,1000000,1000000,10,77000030
367,652606000,653606000,1000000,1000000,8000000,9000000,634506000,634506000,9000000,9000000,100000,100000,9100000,9100000,18100000,19100000,1000000,1000000,8000000,9000000,0,0,9000000,9000000,100000,100000,9100000,9100000,1000010,2000010,1000000,1000000,10,1000010
397,666506000,666506000,1000000,1000000,9000000,9000000,634506000,634506000,9000000,9000000,13000000,13000000,22000000,22000000,32000000,32000000,1000000,1000000,9000000,9000000,0,0,9000000,9000000,13000000,13000000,22000000,22000000,1000010,17000030,1000000,1000000,10,16000030
427,668106000,668106000,1000000,1000000,11000000,11000000,634506000,634506000,11000000,11000000,10600000,10600000,21600000,21600000,33600000,33600000,1000000,1000000,11000000,11000000,0,0,11000000,11000000,10600000,10600000,21600000,21600000,1000010,24000020,1000000,1000000,10,23000020
457,666906000,684606000,1000000,1000000,11000000,12000000,634506000,634506000,12000000,37000000,8400000,100000,20400000,37100000,32400000,50100000,1000000,1000000,11000000,12000000,0,0,12000000,37000000,8400000,100000,20400000,37100000,1000010,34000020,1000000,1000000,10,33000020
487,670506000,670506000,1000000,1000000,4000000,4000000,634506000,634506000,4000000,4000000,27000000,27000000,31000000,31000000,36000000,36000000,1000000,1000000,4000000,4000000,0,0,4000000,4000000,27000000,27000000,31000000,31000000,1000010,16000040,1000000,1000000,10,15000040
517,713306000,734306000,1000000,1000000,18000000,39000000,634506000,634506000,39000000,39000000,20800000,20800000,59800000,59800000,78800000,99800000,1000000,1000000,18000000,39000000,0,0,39000000,39000000,20800000,20800000,59800000,59800000,1000010,26000040,1000000,1000000,10,25000040
547,670206000,671206000,1000000,1000000,7000000,8000000,634506000,634506000,8000000,8000000,19700000,19700000,27700000,27700000,35700000,36700000,1000000,1000000,7000000,8000000,0,0,8000000,8000000,19700000,19700000,27700000,27700000,1000010,23000030,1000000,1000000,10,22000030
577,677806000,702606000,1000000,1000000,10000000,10000000,634506000,634506000,10000000,57000000,22300000,100000,32300000,57100000,43300000,68100000,1000000,1000000,10000000,10000000,0,0,10000000,57000000,22300000,100000,32300000,57100000,1000010,50000020,1000000,1000000,10,49000020
607,656806000,665806000,1000000,1000000,0,9000000,634506000,634506000,9000000,9000000,12300000,12300000,21300000,21300000,22300000,31300000,1000000,1000000,0,9000000,0,0,9000000,9000000,12300000,12300000,21300000,21300000,1000010,13000040,1000000,1000000,10,12000040
637,662506000,728606000,1000000,1000000,7000000,9000000,634506000,634506000,9000000,80000000,11000000,4100000,20000000,84100000,28000000,94100000,1000000,1000000,7000000,9000000,0,0,9000000,80000000,11000000,4100000,20000000,84100000,1000010,84000020,1000000,1000000,10,83000020
667,659506000,661706000,1000000,1000000,6000000,6000000,634506000,634506000,6000000,20000000,12000000,200000,18000000,20200000,25000000,27200000,1000000,1000000,6000000,6000000,0,0,6000000,20000000,12000000,200000,18000000,20200000,1000010,21000030,1000000,1000000,10,20000030
697,687406000,688406000,1000000,1000000,17000000,18000000,634506000,634506000,18000000,18000000,16900000,16900000,34900000,34900000,52900000,53900000,1000000,1000000,17000000,18000000,0,0,18000000,18000000,16900000,16900000,34900000,34900000,1000010,22000010,1000000,1000000,10,21000010
727,665606000,721806000,1000000,1000000,6000000,6000000,634506000,634506000,6000000,80000000,18100000,300000,24100000,80300000,31100000,87300000,1000000,1000000,6000000,6000000,0,0,6000000,80000000,18100000,300000,24100000,80300000,1000010,83000030,1000000,1000000,10,82000030
757,644706000,717606000,1000000,1000000,1000000,1000000,634506000,634506000,1000000,81000000,7200000,100000,8200000,81100000,10200000,83100000,1000000,1000000,1000000,1000000,0,0,1000000,81000000,7200000,100000,8200000,81100000,1000010,82000040,1000000,1000000,10,81000040
787,648706000,717606000,1000000,1000000,1000000,1000000,634506000,634506000,1000000,81000000,11200000,100000,12200000,81100000,14200000,83100000,1000000,1000000,1000000,1000000,0,0,1000000,81000000,11200000,100000,12200000,81100000,1000010,82000040,1000000,1000000,10,81000040
817,657906000,717706000,1000000,1000000,0,1000000,634506000,634506000,1000000,81000000,21400000,200000,22400000,81200000,23400000,83200000,1000000,1000000,0,1000000,0,0,1000000,81000000,21400000,200000,22400000,81200000,1000010,82000030,1000000,1000000,10,81000030
847,654506000,656606000,1000000,1000000,8000000,8000000,634506000,634506000,8000000,13000000,3000000,100000,11000000,13100000,20000000,22100000,1000000,1000000,8000000,8000000,0,0,8000000,13000000,3000000,100000,11000000,13100000,1000010,11000030,1000000,1000000,10,10000030
877,675306000,676306000,1000000,1000000,12000000,13000000,634506000,634506000,12000000,12000000,15800000,15800000,27800000,27800000,40800000,41800000,1000000,1000000,12000000,13000000,0,0,12000000,12000000,15800000,15800000,27800000,27800000,1000010,27000040,1000000,1000000,10,26000040
907,673806000,674806000,1000000,1000000,7000000,8000000,634506000,634506000,8000000,8000000,23300000,23300000,31300000,31300000,39300000,40300000,1000000,1000000,7000000,8000000,0,0,8000000,8000000,23300000,23300000,31300000,31300000,1000010,8000010,1000000,1000000,10,7000010
937,656306000,658306000,1000000,1000000,9000000,11000000,634506000,634506000,9000000,9000000,2800000,2800000,11800000,11800000,21800000,23800000,1000000,1000000,9000000,11000000,0,0,9000000,9000000,2800000,2800000,11800000,11800000,1000010,9000010,1000000,1000000,10,8000010
967,661406000,687606000,1000000,1000000,8000000,8000000,634506000,634506000,8000000,44000000,9900000,100000,17900000,44100000,26900000,53100000,1000000,1000000,8000000,8000000,0,0,8000000,44000000,9900000,100000,17900000,44100000,1000010,37000030,1000000,1000000,10,36000030
997,685206000,23572122000,1000000,1000000,5000000,20000000,634506000,23476722000,20000000,74000000,24700000,400000,44700000,74400000,50700000,95400000,1000000,1000000,5000000,20000000,0,0,20000000,74000000,24700000,400000,44700000,74400000,1000010,64000040,1000000,1000000,10,63000040
1027,743806000,16677456000,1000000,1000000,9000000,80000000,634506000,16497156000,74000000,74000000,25300000,25300000,99300000,99300000,109300000,180300000,1000000,1000000,9000000,80000000,0,0,74000000,74000000,25300000,25300000,99300000,99300000,1000010,46000030,1000000,1000000,10,45000030
1057,686306000,12125414000,1000000,1000000,1000000,19000000,634506000,12055614000,19000000,19000000,30800000,30800000,49800000,49800000,51800000,69800000,1000000,1000000,1000000,19000000,0,0,19000000,19000000,30800000,30800000,49800000,49800000,1000010,1000000,1000000,1000000,10,0
1087,643506000,1913518000,1000000,1000000,8000000,9000000,634506000,1903518000,0,0,0,0,0,0,9000000,10000000,1000000,1000000,8000000,9000000,0,0,0,0,0,0,0,0,1000010,1000000,1000000,1000000,10,0
1117,642506000,1912518000,1000000,1000000,7000000,8000000,634506000,1903518000,0,0,0,0,0,0,8000000,9000000,1000000,1000000,7000000,8000000,0,0,0,0,0,0,0,0,1000010,1000000,1000000,1000000,10,0
1147,639306000,3812836000,1000000,1000000,0,1000000,634506000,3807036000,1000000,1000000,2800000,2800000,3800000,3800000,4800000,5800000,1000000,1000000,0,1000000,0,0,1000000,1000000,2800000,2800000,3800000,3800000,1000010,1000000,1000000,1000000,10,0
1177,652606000,3191630000,1000000,1000000,8000000,9000000,634506000,3172530000,9000000,9000000,100000,100000,9100000,9100000,18100000,19100000,1000000,1000000,8000000,9000000,0,0,9000000,9000000,100000,100000,9100000,9100000,1000010,1000000,1000000,1000000,10,0
1207,644506000,1914518000,1000000,1000000,9000000,10000000,634506000,1903518000,0,0,0,0,0,0,10000000,11000000,1000000,1000000,9000000,10000000,0,0,0,0,0,0,0,0,1000010,1000000,1000000,1000000,10,0
1237,669606000,1939618000,1000000,1000000,17000000,18000000,634506000,1903518000,17000000,17000000,100000,100000,17100000,17100000,35100000,36100000,1000000,1000000,17000000,18000000,0,0,17000000,17000000,100000,100000,17100000,17100000,1000010,1000000,1000000,1000000,10,0
1267,708606000,2007918000,1000000,1000000,7000000,37000000,634506000,1903518000,37000000,38000000,29100000,28400000,66100000,66400000,74100000,104400000,1000000,1000000,7000000,37000000,0,0,37000000,38000000,29100000,28400000,66100000,66400000,1000010,9000020,1000000,1000000,10,8000020
8,684806000,691606000,1000000,1000000,17000000,18000000,634506000,634506000,18000000,38000000,14300000,100000,32300000,38100000,50300000,57100000,1000000,1000000,17000000,18000000,0,0,18000000,38000000,14300000,100000,32300000,38100000,1000010,26000030,1000000,1000000,10,25000030
38,669106000,737506000,1000000,1000000,8000000,18000000,634506000,634506000,18000000,81000000,7600000,3000000,25600000,84000000,34600000,103000000,1000000,1000000,8000000,18000000,0,0,18000000,81000000,7600000,3000000,25600000,84000000,1000010,67000030,1000000,1000000,10,66000030
68,660206000,663606000,1000000,1000000,7000000,10000000,634506000,634506000,10000000,18000000,7700000,100000,17700000,18100000,25700000,29100000,1000000,1000000,7000000,10000000,0,0,10000000,18000000,7700000,100000,17700000,18100000,1000010,23000020,1000000,1000000,10,22000020
98,699306000,700306000,1000000,1000000,19000000,20000000,634506000,634506000,20000000,20000000,24800000,24800000,44800000,44800000,64800000,65800000,1000000,1000000,19000000,20000000,0,0,20000000,20000000,24800000,24800000,44800000,44800000,1000010,23000010,1000000,1000000,10,22000010
128,652906000,652906000,1000000,1000000,1000000,1000000,634506000,634506000,1000000,1000000,15400000,15400000,16400000,16400000,18400000,18400000,1000000,1000000,1000000,1000000,0,0,1000000,1000000,15400000,15400000,16400000,16400000,1000010,13000030,1000000,1000000,10,12000030
158,660306000,682406000,1000000,1000000,8000000,8000000,634506000,634506000,8000000,38000000,8800000,900000,16800000,38900000,25800000,47900000,1000000,1000000,8000000,8000000,0,0,8000000,38000000,8800000,900000,16800000,38900000,1000010,45000030,1000000,1000000,10,44000030
188,691506000,691506000,1000000,1000000,20000000,20000000,634506000,634506000,20000000,20000000,16000000,16000000,36000000,36000000,57000000,57000000,1000000,1000000,20000000,20000000,0,0,20000000,20000000,16000000,16000000,36000000,36000000,1000010,28000040,1000000,1000000,10,27000040
218,703006000,723006000,1000000,1000000,19000000,39000000,634506000,634506000,39000000,39000000,9500000,9500000,48500000,48500000,68500000,88500000,1000000,1000000,19000000,39000000,0,0,39000000,39000000,9500000,9500000,48500000,48500000,1000010,13000020,1000000,1000000,10,12000020
248,669206000,670206000,1000000,1000000,8000000,9000000,634506000,634506000,9000000,9000000,16700000,16700000,25700000,25700000,34700000,35700000,1000000,1000000,8000000,9000000,0,0,9000000,9000000,16700000,16700000,25700000,25700000,1000010,17000040,1000000,1000000,10,16000040
278,664106000,665306000,1000000,1000000,9000000,9000000,634506000,634506000,9000000,20000000,10600000,800000,19600000,20800000,29600000,30800000,1000000,1000000,9000000,9000000,0,0,9000000,20000000,10600000,800000,19600000,20800000,1000010,17000040,1000000,1000000,10,16000040
308,670706000,670706000,1000000,1000000,9000000,9000000,634506000,634506000,9000000,9000000,17200000,17200000,26200000,26200000,36200000,36200000,1000000,1000000,9000000,9000000,0,0,9000000,9000000,17200000,17200000,26200000,26200000,1000010,17000040,1000000,1000000,10,16000040
338,685706000,696706000,1000000,1000000,8000000,19000000,634506000,634506000,19000000,19000000,23200000,23200000,42200000,42200000,51200000,62200000,1000000,1000000,8000000,19000000,0,0,19000000,19000000,23200000,23200000,42200000,42200000,1000010,17000030,1000000,1000000,10,16000030
368,652606000,653606000,1000000,1000000,8000000,9000000,634506000,634506000,9000000,9000000,100000,100000,9100000,9100000,18100000,19100000,1000000,1000000,8000000,9000000,0,0,9000000,9000000,100000,100000,9100000,9100000,1000010,2000010,1000000,1000000,10,1000010
398,666506000,666506000,1000000,1000000,9000000,9000000,634506000,634506000,9000000,9000000,13000000,13000000,22000000,22000000,32000000,32000000,1000000,1000000,9000000,9000000,0,0,9000000,9000000,13000000,13000000,22000000,22000000,1000010,17000030,1000000,1000000,10,16000030
428,680506000,686706000,1000000,1000000,11000000,12000000,634506000,634506000,12000000,39000000,22000000,200000,34000000,39200000,46000000,52200000,1000000,1000000,11000000,12000000,0,0,12000000,39000000,22000000,200000,34000000,39200000,1000010,46000040,1000000,1000000,10,45000040
458,670606000,683606000,1000000,1000000,11000000,11000000,634506000,634506000,11000000,37000000,13100000,100000,24100000,37100000,36100000,49100000,1000000,1000000,11000000,11000000,0,0,11000000,37000000,13100000,100000,24100000,37100000,1000010,34000020,1000000,1000000,10,33000020
488,657806000,719606000,1000000,1000000,4000000,11000000,634506000,634506000,11000000,73000000,7300000,100000,18300000,73100000,23300000,85100000,1000000,1000000,4000000,11000000,0,0,11000000,73000000,7300000,100000,18300000,73100000,1000010,75000050,1000000,1000000,10,74000050
518,734506000,734506000,1000000,1000000,39000000,39000000,634506000,634506000,39000000,39000000,21000000,21000000,60000000,60000000,100000000,100000000,1000000,1000000,39000000,39000000,0,0,39000000,39000000,21000000,21000000,60000000,60000000,1000010,34000020,1000000,1000000,10,33000020
548,658406000,658406000,1000000,1000000,7000000,7000000,634506000,634506000,7000000,7000000,8900000,8900000,15900000,15900000,23900000,23900000,1000000,1000000,7000000,7000000,0,0,7000000,7000000,8900000,8900000,15900000,15900000,1000010,9000010,1000000,1000000,10,8000010
578,785306000,801306000,1000000,1000000,57000000,73000000,634506000,634506000,73000000,73000000,19800000,19800000,92800000,92800000,150800000,166800000,1000000,1000000,57000000,73000000,0,0,73000000,73000000,19800000,19800000,92800000,92800000,1000010,106000030,1000000,1000000,10,105000030
608,674606000,675606000,1000000,1000000,9000000,10000000,634506000,634506000,10000000,10000000,20100000,20100000,30100000,30100000,40100000,41100000,1000000,1000000,9000000,10000000,0,0,10000000,10000000,20100000,20100000,30100000,30100000,1000010,22000040,1000000,1000000,10,21000040
638,658206000,661606000,1000000,1000000,6000000,9000000,634506000,634506000,6000000,16000000,10700000,1100000,16700000,17100000,23700000,27100000,1000000,1000000,6000000,9000000,0,0,6000000,16000000,10700000,1100000,16700000,17100000,1000010,16000020,1000000,1000000,10,15000020
668,659506000,661606000,1000000,1000000,6000000,6000000,634506000,634506000,6000000,20000000,12000000,100000,18000000,20100000,25000000,27100000,1000000,1000000,6000000,6000000,0,0,6000000,20000000,12000000,100000,18000000,20100000,1000010,21000030,1000000,1000000,10,20000030
698,687406000,688406000,1000000,1000000,17000000,18000000,634506000,634506000,18000000,18000000,16900000,16900000,34900000,34900000,52900000,53900000,1000000,1000000,17000000,18000000,0,0,18000000,18000000,16900000,16900000,34900000,34900000,1000010,22000010,1000000,1000000,10,21000010
728,665206000,721606000,1000000,1000000,5000000,6000000,634506000,634506000,6000000,80000000,18700000,100000,24700000,80100000,30700000,87100000,1000000,1000000,5000000,6000000,0,0,6000000,80000000,18700000,100000,24700000,80100000,1000010,83000040,1000000,1000000,10,82000040
758,644806000,656606000,1000000,1000000,1000000,1000000,634506000,634506000,1000000,20000000,7300000,100000,8300000,20100000,10300000,22100000,1000000,1000000,1000000,1000000,0,0,1000000,20000000,7300000,100000,8300000,20100000,1000010,21000030,1000000,1000000,10,20000030
788,661306000,724706000,1000000,1000000,1000000,9000000,634506000,634506000,9000000,80000000,15800000,200000,24800000,80200000,26800000,90200000,1000000,1000000,1000000,9000000,0,0,9000000,80000000,15800000,200000,24800000,80200000,1000010,80000030,1000000,1000000,10,79000030
818,635506000,636506000,1000000,1000000,0,1000000,634506000,634506000,0,0,0,0,0,0,1000000,2000000,1000000,1000000,0,1000000,0,0,0,0,0,0,0,0,1000010,1000000,1000000,1000000,10,0
848,691806000,692806000,1000000,1000000,12000000,13000000,634506000,634506000,13000000,13000000,31300000,31300000,44300000,44300000,57300000,58300000,1000000,1000000,12000000,13000000,0,0,13000000,13000000,31300000,31300000,44300000,44300000,1000010,10000010,1000000,1000000,10,9000010
878,672306000,673306000,1000000,1000000,12000000,13000000,634506000,634506000,13000000,13000000,11800000,11800000,24800000,24800000,37800000,38800000,1000000,1000000,12000000,13000000,0,0,13000000,13000000,11800000,11800000,24800000,24800000,1000010,16000040,1000000,1000000,10,15000040
908,661906000,662906000,1000000,1000000,7000000,8000000,634506000,634506000,8000000,8000000,11400000,11400000,19400000,19400000,27400000,28400000,1000000,1000000,7000000,8000000,0,0,8000000,8000000,11400000,11400000,19400000,19400000,1000010,16000030,1000000,1000000,10,15000030
938,666706000,725706000,1000000,1000000,9000000,10000000,634506000,634506000,9000000,80000000,13200000,200000,22200000,80200000,32200000,91200000,1000000,1000000,9000000,10000000,0,0,9000000,80000000,13200000,200000,22200000,80200000,1000010,85000030,1000000,1000000,10,84000030
968,653806000,653806000,1000000,1000000,8000000,8000000,634506000,634506000,8000000,8000000,2300000,2300000,10300000,10300000,19300000,19300000,1000000,1000000,8000000,8000000,0,0,8000000,8000000,2300000,2300000,10300000,10300000,1000010,2000010,1000000,1000000,10,1000010
998,678406000,28659170000,1000000,1000000,0,19000000,634506000,28552770000,19000000,85000000,23900000,1400000,42900000,86400000,43900000,106400000,1000000,1000000,0,19000000,0,0,19000000,85000000,23900000,1400000,42900000,86400000,1000010,75000030,1000000,1000000,10,74000030
1028,673506000,1309012000,1000000,1000000,38000000,39000000,634506000,1269012000,0,0,0,0,0,0,39000000,40000000,1000000,1000000,38000000,39000000,0,0,0,0,0,0,0,0,1000010,1000000,1000000,1000000,10,0
1058,691006000,12783620000,1000000,1000000,1000000,38000000,634506000,12690120000,38000000,38000000,16500000,16500000,54500000,54500000,56500000,93500000,1000000,1000000,1000000,38000000,0,0,38000000,38000000,16500000,16500000,54500000,54500000,1000010,11000020,1000000,1000000,10,10000020
1088,665806000,1954618000,1000000,1000000,9000000,11000000,634506000,1903518000,9000000,39000000,12300000,100000,21300000,39100000,31300000,51100000,1000000,1000000,9000000,11000000,0,0,9000000,39000000,12300000,100000,21300000,39100000,1000010,35000030,1000000,1000000,10,34000030
1118,686706000,5134248000,1000000,1000000,7000000,13000000,634506000,5076048000,13000000,13000000,31200000,31200000,44200000,44200000,52200000,58200000,1000000,1000000,7000000,13000000,0,0,13000000,13000000,31200000,31200000,44200000,44200000,1000010,1000000,1000000,1000000,10,0
1148,659606000,1295112000,1000000,1000000,12000000,13000000,634506000,1269012000,12000000,12000000,100000,100000,12100000,12100000,25100000,26100000,1000000,1000000,12000000,13000000,0,0,12000000,12000000,100000,100000,12100000,12100000,1000010,1000000,1000000,1000000,10,0
1178,652606000,3191630000,1000000,1000000,8000000,9000000,634506000,3172530000,9000000,9000000,100000,100000,9100000,9100000,18100000,19100000,1000000,1000000,8000000,9000000,0,0,9000000,9000000,100000,100000,9100000,9100000,1000010,1000000,1000000,1000000,10,0
1208,644506000,1280012000,1000000,1000000,9000000,10000000,634506000,1269012000,0,0,0,0,0,0,10000000,11000000,1000000,1000000,9000000,10000000,0,0,0,0,0,0,0,0,1000010,1000000,1000000,1000000,10,0
1238,675606000,2581124000,1000000,1000000,17000000,19000000,634506000,2538024000,19000000,19000000,4100000,4100000,23100000,23100000,41100000,43100000,1000000,1000000,17000000,19000000,0,0,19000000,19000000,4100000,4100000,23100000,23100000,1000010,1000000,1000000,1000000,10,0
1268,710006000,1374512000,1000000,1000000,8000000,38000000,634506000,1269012000,38000000,38000000,28500000,28500000,66500000,66500000,75500000,105500000,1000000,1000000,8000000,38000000,0,0,38000000,38000000,28500000,28500000,66500000,66500000,1000010,12000030,1000000,1000000,10,11000030
9,698206000,710606000,1000000,1000000,17000000,18000000,634506000,634506000,18000000,57000000,27700000,100000,45700000,57100000,63700000,76100000,1000000,1000000,17000000,18000000,0,0,18000000,57000000,27700000,100000,45700000,57100000,1000010,48000020,1000000,1000000,10,47000020
39,692606000,743106000,1000000,1000000,18000000,19000000,634506000,634506000,19000000,80000000,20100000,8600000,39100000,88600000,58100000,108600000,1000000,1000000,18000000,19000000,0,0,19000000,80000000,20100000,8600000,39100000,88600000,1000010,73000020,1000000,1000000,10,72000020
69,680606000,705606000,1000000,1000000,10000000,12000000,634506000,634506000,12000000,58000000,23100000,100000,35100000,58100000,46100000,71100000,1000000,1000000,10000000,12000000,0,0,12000000,58000000,23100000,100000,35100000,58100000,1000010,69000040,1000000,1000000,10,68000040
99,699306000,700306000,1000000,1000000,19000000,20000000,634506000,634506000,20000000,20000000,24800000,24800000,44800000,44800000,64800000,65800000,1000000,1000000,19000000,20000000,0,0,20000000,20000000,24800000,24800000,44800000,44800000,1000010,23000010,1000000,1000000,10,22000010
129,653606000,653606000,1000000,1000000,1000000,1000000,634506000,634506000,1000000,1000000,16100000,16100000,17100000,17100000,19100000,19100000,1000000,1000000,1000000,1000000,0,0,1000000,1000000,16100000,16100000,17100000,17100000,1000010,13000030,1000000,1000000,10,12000030
159,768006000,771006000,1000000,1000000,43000000,46000000,634506000,634506000,46000000,46000000,43500000,43500000,89500000,89500000,133500000,136500000,1000000,1000000,43000000,46000000,0,0,46000000,46000000,43500000,43500000,89500000,89500000,1000010,122000060,1000000,1000000,10,121000060
189,682106000,694706000,1000000,1000000,19000000,20000000,634506000,634506000,20000000,39000000,7600000,200000,27600000,39200000,47600000,60200000,1000000,1000000,19000000,20000000,0,0,20000000,39000000,7600000,200000,27600000,39200000,1000010,23000010,1000000,1000000,10,22000010
219,696606000,697606000,1000000,1000000,19000000,20000000,634506000,634506000,20000000,20000000,22100000,22100000,42100000,42100000,62100000,63100000,1000000,1000000,19000000,20000000,0,0,20000000,20000000,22100000,22100000,42100000,42100000,1000010,24000020,1000000,1000000,10,23000020
249,669206000,670206000,1000000,1000000,8000000,9000000,634506000,634506000,9000000,9000000,16700000,16700000,25700000,25700000,34700000,35700000,1000000,1000000,8000000,9000000,0,0,9000000,9000000,16700000,16700000,25700000,25700000,1000010,17000040,1000000,1000000,10,16000040
279,670706000,670706000,1000000,1000000,9000000,9000000,634506000,634506000,9000000,9000000,17200000,17200000,26200000,26200000,36200000,36200000,1000000,1000000,9000000,9000000,0,0,9000000,9000000,17200000,17200000,26200000,26200000,1000010,17000040,1000000,1000000,10,16000040
309,676506000,683606000,1000000,1000000,8000000,9000000,634506000,634506000,9000000,39000000,24000000,100000,33000000,39100000,42000000,49100000,1000000,1000000,8000000,9000000,0,0,9000000,39000000,24000000,100000,33000000,39100000,1000010,34000020,1000000,1000000,10,33000020
339,676506000,683606000,1000000,1000000,8000000,9000000,634506000,634506000,9000000,39000000,24000000,100000,33000000,39100000,42000000,49100000,1000000,1000000,8000000,9000000,0,0,9000000,39000000,24000000,100000,33000000,39100000,1000010,34000020,1000000,1000000,10,33000020
369,652606000,653606000,1000000,1000000,8000000,9000000,634506000,634506000,9000000,9000000,100000,100000,9100000,9100000,18100000,19100000,1000000,1000000,8000000,9000000,0,0,9000000,9000000,100000,100000,9100000,9100000,1000010,2000010,1000000,1000000,10,1000010
399,691306000,692306000,1000000,1000000,12000000,13000000,634506000,634506000,13000000,13000000,30800000,30800000,43800000,43800000,56800000,57800000,1000000,1000000,12000000,13000000,0,0,13000000,13000000,30800000,30800000,43800000,43800000,1000010,3000010,1000000,1000000,10,2000010
429,673606000,673606000,1000000,1000000,11000000,11000000,634506000,634506000,11000000,11000000,16100000,16100000,27100000,27100000,39100000,39100000,1000000,1000000,11000000,11000000,0,0,11000000,11000000,16100000,16100000,27100000,27100000,1000010,27000040,1000000,1000000,10,26000040
459,688606000,706606000,1000000,1000000,11000000,13000000,634506000,634506000,13000000,58000000,29100000,100000,42100000,58100000,54100000,72100000,1000000,1000000,11000000,13000000,0,0,13000000,58000000,29100000,100000,42100000,58100000,1000010,70000050,1000000,1000000,10,69000050
489,655306000,718606000,1000000,1000000,4000000,10000000,634506000,634506000,10000000,73000000,5800000,100000,15800000,73100000,20800000,84100000,1000000,1000000,4000000,10000000,0,0,10000000,73000000,5800000,100000,15800000,73100000,1000010,75000050,1000000,1000000,10,74000050
519,743706000,754606000,1000000,1000000,38000000,39000000,634506000,634506000,39000000,80000000,31200000,100000,70200000,80100000,109200000,120100000,1000000,1000000,38000000,39000000,0,0,39000000,80000000,31200000,100000,70200000,80100000,1000010,84000020,1000000,1000000,10,83000020
549,652606000,659706000,1000000,1000000,1000000,7000000,634506000,634506000,7000000,17000000,9100000,200000,16100000,17200000,18100000,25200000,1000000,1000000,1000000,7000000,0,0,7000000,17000000,9100000,200000,16100000,17200000,1000010,19000020,1000000,1000000,10,18000020
579,773706000,774806000,1000000,1000000,57000000,58000000,634506000,634506000,58000000,81000000,23200000,300000,81200000,81300000,139200000,140300000,1000000,1000000,57000000,58000000,0,0,58000000,81000000,23200000,300000,81200000,81300000,1000010,106000030,1000000,1000000,10,105000030
609,674706000,675706000,1000000,1000000,9000000,10000000,634506000,634506000,10000000,10000000,20200000,20200000,30200000,30200000,40200000,41200000,1000000,1000000,9000000,10000000,0,0,10000000,10000000,20200000,20200000,30200000,30200000,1000010,22000040,1000000,1000000,10,21000040
639,669806000,725606000,1000000,1000000,9000000,10000000,634506000,634506000,10000000,80000000,15300000,100000,25300000,80100000,35300000,91100000,1000000,1000000,9000000,10000000,0,0,10000000,80000000,15300000,100000,25300000,80100000,1000010,84000020,1000000,1000000,10,83000020
669,659506000,659506000,1000000,1000000,6000000,6000000,634506000,634506000,6000000,6000000,12000000,12000000,18000000,18000000,25000000,25000000,1000000,1000000,6000000,6000000,0,0,6000000,6000000,12000000,12000000,18000000,18000000,1000010,11000010,1000000,1000000,10,10000010
699,687406000,688406000,1000000,1000000,17000000,18000000,634506000,634506000,18000000,18000000,16900000,16900000,34900000,34900000,52900000,53900000,1000000,1000000,17000000,18000000,0,0,18000000,18000000,16900000,16900000,34900000,34900000,1000010,22000010,1000000,1000000,10,21000010
729,655706000,658606000,1000000,1000000,5000000,6000000,634506000,634506000,6000000,16000000,9200000,1100000,15200000,17100000,21200000,24100000,1000000,1000000,5000000,6000000,0,0,6000000,16000000,9200000,1100000,15200000,17100000,1000010,15000030,1000000,1000000,10,14000030
759,644806000,656606000,1000000,1000000,1000000,1000000,634506000,634506000,1000000,20000000,7300000,100000,8300000,20100000,10300000,22100000,1000000,1000000,1000000,1000000,0,0,1000000,20000000,7300000,100000,8300000,20100000,1000010,21000030,1000000,1000000,10,20000030
789,648406000,717606000,1000000,1000000,1000000,1000000,634506000,634506000,1000000,81000000,10900000,100000,11900000,81100000,13900000,83100000,1000000,1000000,1000000,1000000,0,0,1000000,81000000,10900000,100000,11900000,81100000,1000010,82000040,1000000,1000000,10,81000040
819,658906000,718806000,1000000,1000000,0,7000000,634506000,634506000,7000000,74000000,16400000,2300000,23400000,76300000,24400000,84300000,1000000,1000000,0,7000000,0,0,7000000,74000000,16400000,2300000,23400000,76300000,1000010,75000040,1000000,1000000,10,74000040
849,675406000,675406000,1000000,1000000,12000000,12000000,634506000,634506000,12000000,12000000,15900000,15900000,27900000,27900000,40900000,40900000,1000000,1000000,12000000,12000000,0,0,12000000,12000000,15900000,15900000,27900000,27900000,1000010,10000010,1000000,1000000,10,9000010
879,672206000,673206000,1000000,1000000,12000000,13000000,634506000,634506000,13000000,13000000,11700000,11700000,24700000,24700000,37700000,38700000,1000000,1000000,12000000,13000000,0,0,13000000,13000000,11700000,11700000,24700000,24700000,1000010,6000010,1000000,1000000,10,5000010
909,673506000,723606000,1000000,1000000,7000000,8000000,634506000,634506000,8000000,80000000,23000000,100000,31000000,80100000,39000000,89100000,1000000,1000000,7000000,8000000,0,0,8000000,80000000,23000000,100000,31000000,80100000,1000010,86000030,1000000,1000000,10,85000030
939,686806000,688806000,1000000,1000000,9000000,11000000,634506000,634506000,11000000,11000000,31300000,31300000,42300000,42300000,52300000,54300000,1000000,1000000,9000000,11000000,0,0,11000000,11000000,31300000,31300000,42300000,42300000,1000010,29000040,1000000,1000000,10,28000040
969,663006000,663006000,1000000,1000000,8000000,8000000,634506000,634506000,8000000,8000000,11500000,11500000,19500000,19500000,28500000,28500000,1000000,1000000,8000000,8000000,0,0,8000000,8000000,11500000,11500000,19500000,19500000,1000010,9000020,1000000,1000000,10,8000020
999,665606000,19719786000,1000000,1000000,1000000,20000000,634506000,19669686000,20000000,20000000,9100000,9100000,29100000,29100000,31100000,50100000,1000000,1000000,1000000,20000000,0,0,20000000,20000000,9100000,9100000,29100000,29100000,1000010,9000020,1000000,1000000,10,8000020
1029,642506000,646506000,1000000,1000000,7000000,11000000,634506000,634506000,0,0,0,0,0,0,8000000,12000000,1000000,1000000,7000000,11000000,0,0,0,0,0,0,0,0,1000010,1000000,1000000,1000000,10,0
1059,645506000,646506000,1000000,1000000,10000000,11000000,634506000,634506000,0,0,0,0,0,0,11000000,12000000,1000000,1000000,10000000,11000000,0,0,0,0,0,0,0,0,1000010,1000000,1000000,1000000,10,0
1089,689306000,4499342000,1000000,1000000,10000000,13000000,634506000,4441542000,13000000,13000000,30800000,30800000,43800000,43800000,54800000,57800000,1000000,1000000,10000000,13000000,0,0,13000000,13000000,30800000,30800000,43800000,43800000,1000010,1000000,1000000,1000000,10,0
1119,669906000,2579424000,1000000,1000000,7000000,13000000,634506000,2538024000,13000000,13000000,14400000,14400000,27400000,27400000,35400000,41400000,1000000,1000000,7000000,13000000,0,0,13000000,13000000,14400000,14400000,27400000,27400000,1000010,1000000,1000000,1000000,10,0
1149,652106000,3191130000,1000000,1000000,7000000,8000000,634506000,3172530000,7000000,7000000,2600000,2600000,9600000,9600000,17600000,18600000,1000000,1000000,7000000,8000000,0,0,7000000,7000000,2600000,2600000,9600000,9600000,1000010,1000000,1000000,1000000,10,0
1179,652606000,3191630000,1000000,1000000,8000000,9000000,634506000,3172530000,9000000,9000000,100000,100000,9100000,9100000,18100000,19100000,1000000,1000000,8000000,9000000,0,0,9000000,9000000,100000,100000,9100000,9100000,1000010,1000000,1000000,1000000,10,0
1209,644506000,1914518000,1000000,1000000,9000000,10000000,634506000,1903518000,0,0,0,0,0,0,10000000,11000000,1000000,1000000,9000000,10000000,0,0,0,0,0,0,0,0,1000010,1000000,1000000,1000000,10,0
1239,729506000,1999518000,1000000,1000000,46000000,47000000,634506000,1903518000,47000000,47000000,1000000,1000000,48000000,48000000,95000000,96000000,1000000,1000000,46000000,47000000,0,0,47000000,47000000,1000000,1000000,48000000,48000000,1000010,8000040,1000000,1000000,10,7000040
1269,666106000,5764654000,1000000,1000000,7000000,9000000,634506000,5710554000,9000000,44000000,14600000,100000,23600000,44100000,31600000,54100000,1000000,1000000,7000000,9000000,0,0,9000000,44000000,14600000,100000,23600000,44100000,1000010,37000030,1000000,1000000,10,36000030
10,687806000,710606000,1000000,1000000,17000000,18000000,634506000,634506000,18000000,57000000,17300000,100000,35300000,57100000,53300000,76100000,1000000,1000000,17000000,18000000,0,0,18000000,57000000,17300000,100000,35300000,57100000,1000010,48000020,1000000,1000000,10,47000020
40,653506000,655506000,1000000,1000000,18000000,20000000,634506000,634506000,0,0,0,0,0,0,19000000,21000000,1000000,1000000,18000000,20000000,0,0,0,0,0,0,0,0,1000010,1000000,1000000,1000000,10,0
70,680606000,704606000,1000000,1000000,10000000,11000000,634506000,634506000,11000000,58000000,24100000,100000,35100000,58100000,46100000,70100000,1000000,1000000,10000000,11000000,0,0,11000000,58000000,24100000,100000,35100000,58100000,1000010,69000040,1000000,1000000,10,68000040
100,680506000,681506000,1000000,1000000,18000000,19000000,634506000,634506000,18000000,18000000,9000000,9000000,27000000,27000000,46000000,47000000,1000000,1000000,18000000,19000000,0,0,18000000,18000000,9000000,9000000,27000000,27000000,1000010,22000010,1000000,1000000,10,21000010
130,648306000,649606000,1000000,1000000,1000000,1000000,634506000,634506000,1000000,13000000,10800000,100000,11800000,13100000,13800000,15100000,1000000,1000000,1000000,1000000,0,0,1000000,13000000,10800000,100000,11800000,13100000,1000010,13000030,1000000,1000000,10,12000030
160,752106000,759606000,1000000,1000000,43000000,44000000,634506000,634506000,44000000,80000000,29600000,100000,73600000,80100000,117600000,125100000,1000000,1000000,43000000,44000000,0,0,44000000,80000000,29600000,100000,73600000,80100000,1000010,122000060,1000000,1000000,10,121000060
190,692006000,692006000,1000000,1000000,20000000,20000000,634506000,634506000,20000000,20000000,16500000,16500000,36500000,36500000,57500000,57500000,1000000,1000000,20000000,20000000,0,0,20000000,20000000,16500000,16500000,36500000,36500000,1000010,28000050,1000000,1000000,10,27000050
220,704006000,705006000,1000000,1000000,19000000,20000000,634506000,634506000,20000000,20000000,29500000,29500000,49500000,49500000,69500000,70500000,1000000,1000000,19000000,20000000,0,0,20000000,20000000,29500000,29500000,49500000,49500000,1000010,29000040,1000000,1000000,10,28000040
250,658906000,664806000,1000000,1000000,8000000,9000000,634506000,634506000,9000000,20000000,6400000,300000,15400000,20300000,24400000,30300000,1000000,1000000,8000000,9000000,0,0,9000000,20000000,6400000,300000,15400000,20300000,1000010,17000030,1000000,1000000,10,16000030
280,670706000,670706000,1000000,1000000,9000000,9000000,634506000,634506000,9000000,9000000,17200000,17200000,26200000,26200000,36200000,36200000,1000000,1000000,9000000,9000000,0,0,9000000,9000000,17200000,17200000,26200000,26200000,1000010,17000040,1000000,1000000,10,16000040
310,676306000,683706000,1000000,1000000,8000000,9000000,634506000,634506000,9000000,39000000,23800000,200000,32800000,39200000,41800000,49200000,1000000,1000000,8000000,9000000,0,0,9000000,39000000,23800000,200000,32800000,39200000,1000010,34000020,1000000,1000000,10,33000020
340,676506000,683606000,1000000,1000000,8000000,9000000,634506000,634506000,9000000,39000000,24000000,100000,33000000,39100000,42000000,49100000,1000000,1000000,8000000,9000000,0,0,9000000,39000000,24000000,100000,33000000,39100000,1000010,34000020,1000000,1000000,10,33000020
370,652606000,653606000,1000000,1000000,8000000,9000000,634506000,634506000,9000000,9000000,100000,100000,9100000,9100000,18100000,19100000,1000000,1000000,8000000,9000000,0,0,9000000,9000000,100000,100000,9100000,9100000,1000010,2000010,1000000,1000000,10,1000010
400,691406000,692406000,1000000,1000000,12000000,13000000,634506000,634506000,13000000,13000000,30900000,30900000,43900000,43900000,56900000,57900000,1000000,1000000,12000000,13000000,0,0,13000000,13000000,30900000,30900000,43900000,43900000,1000010,3000010,1000000,1000000,10,2000010
430,675606000,675606000,1000000,1000000,11000000,11000000,634506000,634506000,11000000,11000000,18100000,18100000,29100000,29100000,41100000,41100000,1000000,1000000,11000000,11000000,0,0,11000000,11000000,18100000,18100000,29100000,29100000,1000010,27000040,1000000,1000000,10,26000040
460,661706000,704806000,1000000,1000000,8000000,11000000,634506000,634506000,11000000,58000000,7200000,300000,18200000,58300000,27200000,70300000,1000000,1000000,8000000,11000000,0,0,11000000,58000000,7200000,300000,18200000,58300000,1000010,67000040,1000000,1000000,10,66000040
490,639506000,640506000,1000000,1000000,4000000,5000000,634506000,634506000,0,0,0,0,0,0,5000000,6000000,1000000,1000000,4000000,5000000,0,0,0,0,0,0,0,0,1000010,1000000,1000000,1000000,10,0
520,743706000,754606000,1000000,1000000,38000000,39000000,634506000,634506000,39000000,80000000,31200000,100000,70200000,80100000,109200000,120100000,1000000,1000000,38000000,39000000,0,0,39000000,80000000,31200000,100000,70200000,80100000,1000010,84000020,1000000,1000000,10,83000020
550,666406000,667406000,1000000,1000000,7000000,8000000,634506000,634506000,8000000,8000000,15900000,15900000,23900000,23900000,31900000,32900000,1000000,1000000,7000000,8000000,0,0,8000000,8000000,15900000,15900000,23900000,23900000,1000010,11000030,1000000,1000000,10,10000030
580,773806000,774806000,1000000,1000000,57000000,58000000,634506000,634506000,58000000,58000000,23300000,23300000,81300000,81300000,139300000,140300000,1000000,1000000,57000000,58000000,0,0,58000000,58000000,23300000,23300000,81300000,81300000,1000010,106000030,1000000,1000000,10,105000030
610,674706000,675706000,1000000,1000000,9000000,10000000,634506000,634506000,10000000,10000000,20200000,20200000,30200000,30200000,40200000,41200000,1000000,1000000,9000000,10000000,0,0,10000000,10000000,20200000,20200000,30200000,30200000,1000010,22000040,1000000,1000000,10,21000040
640,671406000,741206000,1000000,1000000,9000000,19000000,634506000,634506000,19000000,80000000,7900000,6700000,26900000,86700000,36900000,106700000,1000000,1000000,9000000,19000000,0,0,19000000,80000000,7900000,6700000,26900000,86700000,1000010,73000020,1000000,1000000,10,72000020
670,659606000,661606000,1000000,1000000,6000000,6000000,634506000,634506000,6000000,20000000,12100000,100000,18100000,20100000,25100000,27100000,1000000,1000000,6000000,6000000,0,0,6000000,20000000,12100000,100000,18100000,20100000,1000010,21000030,1000000,1000000,10,20000030
700,687406000,688406000,1000000,1000000,17000000,18000000,634506000,634506000,18000000,18000000,16900000,16900000,34900000,34900000,52900000,53900000,1000000,1000000,17000000,18000000,0,0,18000000,18000000,16900000,16900000,34900000,34900000,1000010,22000010,1000000,1000000,10,21000010
730,669706000,721806000,1000000,1000000,6000000,6000000,634506000,634506000,6000000,80000000,22200000,300000,28200000,80300000,35200000,87300000,1000000,1000000,6000000,6000000,0,0,6000000,80000000,22200000,300000,28200000,80300000,1000010,83000030,1000000,1000000,10,82000030
760,644106000,656706000,1000000,1000000,1000000,1000000,634506000,634506000,1000000,20000000,6600000,200000,7600000,20200000,9600000,22200000,1000000,1000000,1000000,1000000,0,0,1000000,20000000,6600000,200000,7600000,20200000,1000010,21000030,1000000,1000000,10,20000030
790,648406000,717606000,1000000,1000000,1000000,1000000,634506000,634506000,1000000,81000000,10900000,100000,11900000,81100000,13900000,83100000,1000000,1000000,1000000,1000000,0,0,1000000,81000000,10900000,100000,11900000,81100000,1000010,82000040,1000000,1000000,10,81000040
820,657906000,717706000,1000000,1000000,0,1000000,634506000,634506000,1000000,81000000,21400000,200000,22400000,81200000,23400000,83200000,1000000,1000000,0,1000000,0,0,1000000,81000000,21400000,200000,22400000,81200000,1000010,82000030,1000000,1000000,10,81000030
850,684006000,685006000,1000000,1000000,12000000,13000000,634506000,634506000,13000000,13000000,23500000,23500000,36500000,36500000,49500000,50500000,1000000,1000000,12000000,13000000,0,0,13000000,13000000,23500000,23500000,36500000,36500000,1000010,10000010,1000000,1000000,10,9000010
880,695906000,696906000,1000000,1000000,15000000,16000000,634506000,634506000,16000000,16000000,29400000,29400000,45400000,45400000,61400000,62400000,1000000,1000000,15000000,16000000,0,0,16000000,16000000,29400000,29400000,45400000,45400000,1000010,29000040,1000000,1000000,10,28000040
910,651706000,651706000,1000000,1000000,8000000,8000000,634506000,634506000,8000000,8000000,200000,200000,8200000,8200000,17200000,17200000,1000000,1000000,8000000,8000000,0,0,8000000,8000000,200000,200000,8200000,8200000,1000010,2000010,1000000,1000000,10,1000010
940,676406000,676406000,1000000,1000000,9000000,9000000,634506000,634506000,9000000,9000000,22900000,22900000,31900000,31900000,41900000,41900000,1000000,1000000,9000000,9000000,0,0,9000000,9000000,22900000,22900000,31900000,31900000,1000010,17000040,1000000,1000000,10,16000040
970,663006000,663006000,1000000,1000000,8000000,8000000,634506000,634506000,8000000,8000000,11500000,11500000,19500000,19500000,28500000,28500000,1000000,1000000,8000000,8000000,0,0,8000000,8000000,11500000,11500000,19500000,19500000,1000010,9000020,1000000,1000000,10,8000020
1000,680006000,20368692000,1000000,1000000,1000000,20000000,634506000,20304192000,20000000,20000000,23500000,23500000,43500000,43500000,45500000,64500000,1000000,1000000,1000000,20000000,0,0,20000000,20000000,23500000,23500000,43500000,43500000,1000010,16000050,1000000,1000000,10,15000050
1030,666206000,12732820000,1000000,1000000,1000000,12000000,634506000,12690120000,8000000,8000000,21700000,21700000,29700000,29700000,31700000,42700000,1000000,1000000,1000000,12000000,0,0,8000000,8000000,21700000,21700000,29700000,29700000,1000010,18000030,1000000,1000000,10,17000030
1060,644506000,1914518000,1000000,1000000,9000000,10000000,634506000,1903518000,0,0,0,0,0,0,10000000,11000000,1000000,1000000,9000000,10000000,0,0,0,0,0,0,0,0,1000010,1000000,1000000,1000000,10,0
1090,689106000,3864636000,1000000,1000000,10000000,13000000,634506000,3807036000,13000000,13000000,30600000,30600000,43600000,43600000,54600000,57600000,1000000,1000000,10000000,13000000,0,0,13000000,13000000,30600000,30600000,43600000,43600000,1000010,1000000,1000000,1000000,10,0
1120,665306000,5111848000,1000000,1000000,8000000,13000000,634506000,5076048000,12000000,12000000,9800000,9800000,21800000,21800000,30800000,35800000,1000000,1000000,8000000,13000000,0,0,12000000,12000000,9800000,9800000,21800000,21800000,1000010,23000020,1000000,1000000,10,22000020
1150,667006000,7706172000,1000000,1000000,7000000,11000000,634506000,7614072000,8000000,80000000,16500000,100000,24500000,80100000,32500000,92100000,1000000,1000000,7000000,11000000,0,0,8000000,80000000,16500000,100000,24500000,80100000,1000010,84000020,1000000,1000000,10,83000020
1180,652606000,3191630000,1000000,1000000,8000000,9000000,634506000,3172530000,9000000,9000000,100000,100000,9100000,9100000,18100000,19100000,1000000,1000000,8000000,9000000,0,0,9000000,9000000,100000,100000,9100000,9100000,1000010,1000000,1000000,1000000,10,0
1210,644506000,1914518000,1000000,1000000,9000000,10000000,634506000,1903518000,0,0,0,0,0,0,10000000,11000000,1000000,1000000,9000000,10000000,0,0,0,0,0,0,0,0,1000010,1000000,1000000,1000000,10,0
1240,752706000,2666224000,1000000,1000000,38000000,48000000,634506000,2538024000,48000000,48000000,31200000,31200000,79200000,79200000,118200000,128200000,1000000,1000000,38000000,48000000,0,0,48000000,48000000,31200000,31200000,79200000,79200000,1000010,33000040,1000000,1000000,10,32000040
1270,652106000,2556624000,1000000,1000000,7000000,8000000,634506000,2538024000,7000000,7000000,2600000,2600000,9600000,9600000,17600000,18600000,1000000,1000000,7000000,8000000,0,0,7000000,7000000,2600000,2600000,9600000,9600000,1000010,1000000,1000000,1000000,10,0
11,666906000,682906000,1000000,1000000,1000000,17000000,634506000,634506000,17000000,17000000,13400000,13400000,30400000,30400000,32400000,48400000,1000000,1000000,1000000,17000000,0,0,17000000,17000000,13400000,13400000,30400000,30400000,1000010,10000030,1000000,1000000,10,9000030
41,682306000,682306000,1000000,1000000,18000000,18000000,634506000,634506000,18000000,18000000,10800000,10800000,28800000,28800000,47800000,47800000,1000000,1000000,18000000,18000000,0,0,18000000,18000000,10800000,10800000,28800000,28800000,1000010,16000020,1000000,1000000,10,15000020
71,680606000,705606000,1000000,1000000,10000000,12000000,634506000,634506000,12000000,58000000,23100000,100000,35100000,58100000,46100000,71100000,1000000,1000000,10000000,12000000,0,0,12000000,58000000,23100000,100000,35100000,58100000,1000010,69000040,1000000,1000000,10,68000040
101,680006000,682006000,1000000,1000000,18000000,20000000,634506000,634506000,18000000,18000000,8500000,8500000,26500000,26500000,45500000,47500000,1000000,1000000,18000000,20000000,0,0,18000000,18000000,8500000,8500000,26500000,26500000,1000010,22000030,1000000,1000000,10,21000030
131,648006000,663706000,1000000,1000000,1000000,8000000,634506000,634506000,8000000,20000000,3500000,200000,11500000,20200000,13500000,29200000,1000000,1000000,1000000,8000000,0,0,8000000,20000000,3500000,200000,11500000,20200000,1000010,13000020,1000000,1000000,10,12000020
161,756806000,760806000,1000000,1000000,43000000,47000000,634506000,634506000,47000000,47000000,31300000,31300000,78300000,78300000,122300000,126300000,1000000,1000000,43000000,47000000,0,0,47000000,47000000,31300000,31300000,78300000,78300000,1000010,38000040,1000000,1000000,10,37000040
191,696106000,712606000,1000000,1000000,20000000,20000000,634506000,634506000,20000000,57000000,20600000,100000,40600000,57100000,61600000,78100000,1000000,1000000,20000000,20000000,0,0,20000000,57000000,20600000,100000,40600000,57100000,1000010,52000030,1000000,1000000,10,51000030
221,696506000,697506000,1000000,1000000,19000000,20000000,634506000,634506000,20000000,20000000,22000000,22000000,42000000,42000000,62000000,63000000,1000000,1000000,19000000,20000000,0,0,20000000,20000000,22000000,22000000,42000000,42000000,1000010,23000010,1000000,1000000,10,22000010
251,659406000,663606000,1000000,1000000,6000000,8000000,634506000,634506000,6000000,20000000,11900000,100000,17900000,20100000,24900000,29100000,1000000,1000000,6000000,8000000,0,0,6000000,20000000,11900000,100000,17900000,20100000,1000010,16000020,1000000,1000000,10,15000020
281,661006000,664806000,1000000,1000000,9000000,9000000,634506000,634506000,9000000,20000000,7500000,300000,16500000,20300000,26500000,30300000,1000000,1000000,9000000,9000000,0,0,9000000,20000000,7500000,300000,16500000,20300000,1000010,16000020,1000000,1000000,10,15000020
311,676506000,683606000,1000000,1000000,8000000,9000000,634506000,634506000,9000000,39000000,24000000,100000,33000000,39100000,42000000,49100000,1000000,1000000,8000000,9000000,0,0,9000000,39000000,24000000,100000,33000000,39100000,1000010,34000020,1000000,1000000,10,33000020
341,676506000,683606000,1000000,1000000,8000000,9000000,634506000,634506000,9000000,39000000,24000000,100000,33000000,39100000,42000000,49100000,1000000,1000000,8000000,9000000,0,0,9000000,39000000,24000000,100000,33000000,39100000,1000010,34000020,1000000,1000000,10,33000020
371,652606000,653606000,1000000,1000000,8000000,9000000,634506000,634506000,9000000,9000000,100000,100000,9100000,9100000,18100000,19100000,1000000,1000000,8000000,9000000,0,0,9000000,9000000,100000,100000,9100000,9100000,1000010,2000010,1000000,1000000,10,1000010
401,691206000,692206000,1000000,1000000,12000000,13000000,634506000,634506000,13000000,13000000,30700000,30700000,43700000,43700000,56700000,57700000,1000000,1000000,12000000,13000000,0,0,13000000,13000000,30700000,30700000,43700000,43700000,1000010,3000010,1000000,1000000,10,2000010
431,666506000,667506000,1000000,1000000,10000000,11000000,634506000,634506000,11000000,11000000,10000000,10000000,21000000,21000000,32000000,33000000,1000000,1000000,10000000,11000000,0,0,11000000,11000000,10000000,10000000,21000000,21000000,1000010,27000040,1000000,1000000,10,26000040
461,666806000,683706000,1000000,1000000,11000000,11000000,634506000,634506000,11000000,37000000,9300000,200000,20300000,37200000,32300000,49200000,1000000,1000000,11000000,11000000,0,0,11000000,37000000,9300000,200000,20300000,37200000,1000010,34000020,1000000,1000000,10,33000020
491,670506000,670506000,1000000,1000000,4000000,4000000,634506000,634506000,4000000,4000000,27000000,27000000,31000000,31000000,36000000,36000000,1000000,1000000,4000000,4000000,0,0,4000000,4000000,27000000,27000000,31000000,31000000,1000010,16000040,1000000,1000000,10,15000040
521,701706000,753806000,1000000,1000000,19000000,38000000,634506000,634506000,38000000,80000000,9200000,300000,47200000,80300000,67200000,119300000,1000000,1000000,19000000,38000000,0,0,38000000,80000000,9200000,300000,47200000,80300000,1000010,63000010,1000000,1000000,10,62000010
551,672406000,673406000,1000000,1000000,7000000,8000000,634506000,634506000,8000000,8000000,21900000,21900000,29900000,29900000,37900000,38900000,1000000,1000000,7000000,8000000,0,0,8000000,8000000,21900000,21900000,29900000,29900000,1000010,23000030,1000000,1000000,10,22000030
581,802206000,830206000,1000000,1000000,57000000,85000000,634506000,634506000,85000000,85000000,24700000,24700000,109700000,109700000,167700000,195700000,1000000,1000000,57000000,85000000,0,0,85000000,85000000,24700000,24700000,109700000,109700000,1000010,107000030,1000000,1000000,10,106000030
611,674706000,675706000,1000000,1000000,9000000,10000000,634506000,634506000,10000000,10000000,20200000,20200000,30200000,30200000,40200000,41200000,1000000,1000000,9000000,10000000,0,0,10000000,10000000,20200000,20200000,30200000,30200000,1000010,22000040,1000000,1000000,10,21000040
641,673006000,725606000,1000000,1000000,9000000,10000000,634506000,634506000,10000000,80000000,18500000,100000,28500000,80100000,38500000,91100000,1000000,1000000,9000000,10000000,0,0,10000000,80000000,18500000,100000,28500000,80100000,1000010,84000020,1000000,1000000,10,83000020
671,669506000,670506000,1000000,1000000,6000000,7000000,634506000,634506000,7000000,7000000,21000000,21000000,28000000,28000000,35000000,36000000,1000000,1000000,6000000,7000000,0,0,7000000,7000000,21000000,21000000,28000000,28000000,1000010,21000030,1000000,1000000,10,20000030
701,687406000,688406000,1000000,1000000,17000000,18000000,634506000,634506000,18000000,18000000,16900000,16900000,34900000,34900000,52900000,53900000,1000000,1000000,17000000,18000000,0,0,18000000,18000000,16900000,16900000,34900000,34900000,1000010,22000010,1000000,1000000,10,21000010
731,661506000,661506000,1000000,1000000,6000000,6000000,634506000,634506000,6000000,6000000,14000000,14000000,20000000,20000000,27000000,27000000,1000000,1000000,6000000,6000000,0,0,6000000,6000000,14000000,14000000,20000000,20000000,1000010,13000020,1000000,1000000,10,12000020
761,644806000,656606000,1000000,1000000,1000000,1000000,634506000,634506000,1000000,20000000,7300000,100000,8300000,20100000,10300000,22100000,1000000,1000000,1000000,1000000,0,0,1000000,20000000,7300000,100000,8300000,20100000,1000010,21000030,1000000,1000000,10,20000030
791,643406000,717606000,1000000,1000000,1000000,1000000,634506000,634506000,1000000,81000000,5900000,100000,6900000,81100000,8900000,83100000,1000000,1000000,1000000,1000000,0,0,1000000,81000000,5900000,100000,6900000,81100000,1000010,82000040,1000000,1000000,10,81000040
821,657906000,717706000,1000000,1000000,0,1000000,634506000,634506000,1000000,81000000,21400000,200000,22400000,81200000,23400000,83200000,1000000,1000000,0,1000000,0,0,1000000,81000000,21400000,200000,22400000,81200000,1000010,82000030,1000000,1000000,10,81000030
851,671306000,672306000,1000000,1000000,12000000,13000000,634506000,634506000,13000000,13000000,10800000,10800000,23800000,23800000,36800000,37800000,1000000,1000000,12000000,13000000,0,0,13000000,13000000,10800000,10800000,23800000,23800000,1000010,10000010,1000000,1000000,10,9000010
881,696106000,697106000,1000000,1000000,15000000,16000000,634506000,634506000,16000000,16000000,29600000,29600000,45600000,45600000,61600000,62600000,1000000,1000000,15000000,16000000,0,0,16000000,16000000,29600000,29600000,45600000,45600000,1000010,29000040,1000000,1000000,10,28000040
911,651506000,652506000,1000000,1000000,16000000,17000000,634506000,634506000,0,0,0,0,0,0,17000000,18000000,1000000,1000000,16000000,17000000,0,0,0,0,0,0,0,0,1000010,1000000,1000000,1000000,10,0
941,682306000,683306000,1000000,1000000,9000000,10000000,634506000,634506000,10000000,10000000,27800000,27800000,37800000,37800000,47800000,48800000,1000000,1000000,9000000,10000000,0,0,10000000,10000000,27800000,27800000,37800000,37800000,1000010,28000040,1000000,1000000,10,27000040
971,665006000,665006000,1000000,1000000,11000000,11000000,634506000,634506000,11000000,11000000,7500000,7500000,18500000,18500000,30500000,30500000,1000000,1000000,11000000,11000000,0,0,11000000,11000000,7500000,7500000,18500000,18500000,1000010,3000010,1000000,1000000,10,2000010
1001,689306000,4499342000,1000000,1000000,10000000,13000000,634506000,4441542000,13000000,13000000,30800000,30800000,43800000,43800000,54800000,57800000,1000000,1000000,10000000,13000000,0,0,13000000,13000000,30800000,30800000,43800000,43800000,1000010,1000000,1000000,1000000,10,0
1031,713206000,3950236000,1000000,1000000,10000000,57000000,634506000,3807036000,57000000,85000000,10700000,200000,67700000,85200000,78700000,143200000,1000000,1000000,10000000,57000000,0,0,57000000,85000000,10700000,200000,67700000,85200000,1000010,29000010,1000000,1000000,10,28000010
1061,657306000,4490642000,1000000,1000000,1000000,9000000,634506000,4441542000,8000000,39000000,12800000,100000,20800000,39100000,22800000,49100000,1000000,1000000,1000000,9000000,0,0,8000000,39000000,12800000,100000,20800000,39100000,1000010,34000020,1000000,1000000,10,33000020
1091,688906000,3229930000,1000000,1000000,10000000,13000000,634506000,3172530000,13000000,13000000,30400000,30400000,43400000,43400000,54400000,57400000,1000000,1000000,10000000,13000000,0,0,13000000,13000000,30400000,30400000,43400000,43400000,1000010,1000000,1000000,1000000,10,0
1121,643506000,644506000,1000000,1000000,8000000,9000000,634506000,634506000,0,0,0,0,0,0,9000000,10000000,1000000,1000000,8000000,9000000,0,0,0,0,0,0,0,0,1000010,1000000,1000000,1000000,10,0
1151,670406000,9608690000,1000000,1000000,0,10000000,634506000,9517590000,8000000,80000000,26900000,100000,34900000,80100000,35900000,91100000,1000000,1000000,0,10000000,0,0,8000000,80000000,26900000,100000,34900000,80100000,1000010,81000040,1000000,1000000,10,80000040
1181,652606000,3191630000,1000000,1000000,8000000,9000000,634506000,3172530000,9000000,9000000,100000,100000,9100000,9100000,18100000,19100000,1000000,1000000,8000000,9000000,0,0,9000000,9000000,100000,100000,9100000,9100000,1000010,1000000,1000000,1000000,10,0
1211,644506000,1914518000,1000000,1000000,9000000,10000000,634506000,1903518000,0,0,0,0,0,0,10000000,11000000,1000000,1000000,9000000,10000000,0,0,0,0,0,0,0,0,1000010,1000000,1000000,1000000,10,0
1241,656406000,1291912000,1000000,1000000,8000000,9000000,634506000,1269012000,9000000,9000000,3900000,3900000,12900000,12900000,21900000,22900000,1000000,1000000,8000000,9000000,0,0,9000000,9000000,3900000,3900000,12900000,12900000,1000010,1000000,1000000,1000000,10,0
1271,675606000,2581124000,1000000,1000000,17000000,19000000,634506000,2538024000,19000000,19000000,4100000,4100000,23100000,23100000,41100000,43100000,1000000,1000000,17000000,19000000,0,0,19000000,19000000,4100000,4100000,23100000,23100000,1000010,1000000,1000000,1000000,10,0
12,705606000,706606000,1000000,1000000,19000000,20000000,634506000,634506000,20000000,20000000,31100000,31100000,51100000,51100000,71100000,72100000,1000000,1000000,19000000,20000000,0,0,20000000,20000000,31100000,31100000,51100000,51100000,1000010,24000020,1000000,1000000,10,23000020
42,652506000,653506000,1000000,1000000,17000000,18000000,634506000,634506000,0,0,0,0,0,0,18000000,19000000,1000000,1000000,17000000,18000000,0,0,0,0,0,0,0,0,1000010,1000000,1000000,1000000,10,0
72,680606000,704606000,1000000,1000000,10000000,11000000,634506000,634506000,11000000,58000000,24100000,100000,35100000,58100000,46100000,70100000,1000000,1000000,10000000,11000000,0,0,11000000,58000000,24100000,100000,35100000,58100000,1000010,69000040,1000000,1000000,10,68000040
102,680606000,710606000,1000000,1000000,18000000,18000000,634506000,634506000,18000000,57000000,9100000,100000,27100000,57100000,46100000,76100000,1000000,1000000,18000000,18000000,0,0,18000000,57000000,9100000,100000,27100000,57100000,1000010,48000020,1000000,1000000,10,47000020
132,653606000,653606000,1000000,1000000,1000000,1000000,634506000,634506000,1000000,1000000,16100000,16100000,17100000,17100000,19100000,19100000,1000000,1000000,1000000,1000000,0,0,1000000,1000000,16100000,16100000,17100000,17100000,1000010,13000030,1000000,1000000,10,12000030
162,684906000,719606000,1000000,1000000,9000000,37000000,634506000,634506000,37000000,47000000,3400000,100000,40400000,47100000,50400000,85100000,1000000,1000000,9000000,37000000,0,0,37000000,47000000,3400000,100000,40400000,47100000,1000010,11000040,1000000,1000000,10,10000040
192,696206000,712606000,1000000,1000000,20000000,20000000,634506000,634506000,20000000,57000000,20700000,100000,40700000,57100000,61700000,78100000,1000000,1000000,20000000,20000000,0,0,20000000,57000000,20700000,100000,40700000,57100000,1000010,52000030,1000000,1000000,10,51000030
222,696506000,697506000,1000000,1000000,19000000,20000000,634506000,634506000,20000000,20000000,22000000,22000000,42000000,42000000,62000000,63000000,1000000,1000000,19000000,20000000,0,0,20000000,20000000,22000000,22000000,42000000,42000000,1000010,23000010,1000000,1000000,10,22000010
252,660606000,663606000,1000000,1000000,6000000,8000000,634506000,634506000,6000000,20000000,13100000,100000,19100000,20100000,26100000,29100000,1000000,1000000,6000000,8000000,0,0,6000000,20000000,13100000,100000,19100000,20100000,1000010,18000030,1000000,1000000,10,17000030
282,672906000,672906000,1000000,1000000,9000000,9000000,634506000,634506000,9000000,9000000,19400000,19400000,28400000,28400000,38400000,38400000,1000000,1000000,9000000,9000000,0,0,9000000,9000000,19400000,19400000,28400000,28400000,1000010,17000040,1000000,1000000,10,16000040
312,669906000,701606000,1000000,1000000,8000000,9000000,634506000,634506000,9000000,57000000,17400000,100000,26400000,57100000,35400000,67100000,1000000,1000000,8000000,9000000,0,0,9000000,57000000,17400000,100000,26400000,57100000,1000010,57000030,1000000,1000000,10,56000030
342,676506000,683606000,1000000,1000000,8000000,9000000,634506000,634506000,9000000,39000000,24000000,100000,33000000,39100000,42000000,49100000,1000000,1000000,8000000,9000000,0,0,9000000,39000000,24000000,100000,33000000,39100000,1000010,34000020,1000000,1000000,10,33000020
372,666506000,666506000,1000000,1000000,9000000,9000000,634506000,634506000,9000000,9000000,13000000,13000000,22000000,22000000,32000000,32000000,1000000,1000000,9000000,9000000,0,0,9000000,9000000,13000000,13000000,22000000,22000000,1000010,17000030,1000000,1000000,10,16000030
402,675506000,676506000,1000000,1000000,11000000,12000000,634506000,634506000,12000000,12000000,17000000,17000000,29000000,29000000,41000000,42000000,1000000,1000000,11000000,12000000,0,0,12000000,12000000,17000000,17000000,29000000,29000000,1000010,27000040,1000000,1000000,10,26000040
432,675506000,675506000,1000000,1000000,11000000,11000000,634506000,634506000,11000000,11000000,18000000,18000000,29000000,29000000,41000000,41000000,1000000,1000000,11000000,11000000,0,0,11000000,11000000,18000000,18000000,29000000,29000000,1000010,27000040,1000000,1000000,10,26000040
462,666906000,683606000,1000000,1000000,11000000,11000000,634506000,634506000,11000000,37000000,9400000,100000,20400000,37100000,32400000,49100000,1000000,1000000,11000000,11000000,0,0,11000000,37000000,9400000,100000,20400000,37100000,1000010,34000020,1000000,1000000,10,33000020
492,669106000,712706000,1000000,1000000,4000000,4000000,634506000,634506000,4000000,73000000,25600000,200000,29600000,73200000,34600000,78200000,1000000,1000000,4000000,4000000,0,0,4000000,73000000,25600000,200000,29600000,73200000,1000010,74000040,1000000,1000000,10,73000040
522,703306000,724306000,1000000,1000000,17000000,38000000,634506000,634506000,38000000,38000000,12800000,12800000,50800000,50800000,68800000,89800000,1000000,1000000,17000000,38000000,0,0,38000000,38000000,12800000,12800000,50800000,50800000,1000010,27000040,1000000,1000000,10,26000040
552,672406000,673406000,1000000,1000000,7000000,8000000,634506000,634506000,8000000,8000000,21900000,21900000,29900000,29900000,37900000,38900000,1000000,1000000,7000000,8000000,0,0,8000000,8000000,21900000,21900000,29900000,29900000,1000010,23000030,1000000,1000000,10,22000030
582,726906000,729806000,1000000,1000000,44000000,46000000,634506000,634506000,46000000,48000000,1400000,300000,47400000,48300000,92400000,95300000,1000000,1000000,44000000,46000000,0,0,46000000,48000000,1400000,300000,47400000,48300000,1000010,38000060,1000000,1000000,10,37000060
612,674706000,675706000,1000000,1000000,9000000,10000000,634506000,634506000,10000000,10000000,20200000,20200000,30200000,30200000,40200000,41200000,1000000,1000000,9000000,10000000,0,0,10000000,10000000,20200000,20200000,30200000,30200000,1000010,22000040,1000000,1000000,10,21000040
642,669806000,725606000,1000000,1000000,9000000,10000000,634506000,634506000,10000000,80000000,15300000,100000,25300000,80100000,35300000,91100000,1000000,1000000,9000000,10000000,0,0,10000000,80000000,15300000,100000,25300000,80100000,1000010,84000020,1000000,1000000,10,83000020
672,660106000,721606000,1000000,1000000,5000000,6000000,634506000,634506000,6000000,80000000,13600000,100000,19600000,80100000,25600000,87100000,1000000,1000000,5000000,6000000,0,0,6000000,80000000,13600000,100000,19600000,80100000,1000010,83000040,1000000,1000000,10,82000040
702,683406000,684406000,1000000,1000000,17000000,18000000,634506000,634506000,18000000,18000000,12900000,12900000,30900000,30900000,48900000,49900000,1000000,1000000,17000000,18000000,0,0,18000000,18000000,12900000,12900000,30900000,30900000,1000010,22000010,1000000,1000000,10,21000010
732,665506000,721806000,1000000,1000000,6000000,6000000,634506000,634506000,6000000,80000000,18000000,300000,24000000,80300000,31000000,87300000,1000000,1000000,6000000,6000000,0,0,6000000,80000000,18000000,300000,24000000,80300000,1000010,83000030,1000000,1000000,10,82000030
762,644806000,656606000,1000000,1000000,1000000,1000000,634506000,634506000,1000000,20000000,7300000,100000,8300000,20100000,10300000,22100000,1000000,1000000,1000000,1000000,0,0,1000000,20000000,7300000,100000,8300000,20100000,1000010,21000030,1000000,1000000,10,20000030
792,648706000,717606000,1000000,1000000,1000000,1000000,634506000,634506000,1000000,81000000,11200000,100000,12200000,81100000,14200000,83100000,1000000,1000000,1000000,1000000,0,0,1000000,81000000,11200000,100000,12200000,81100000,1000010,82000040,1000000,1000000,10,81000040
822,657906000,717706000,1000000,1000000,0,1000000,634506000,634506000,1000000,81000000,21400000,200000,22400000,81200000,23400000,83200000,1000000,1000000,0,1000000,0,0,1000000,81000000,21400000,200000,22400000,81200000,1000010,82000030,1000000,1000000,10,81000030
852,683906000,684906000,1000000,1000000,12000000,13000000,634506000,634506000,13000000,13000000,23400000,23400000,36400000,36400000,49400000,50400000,1000000,1000000,12000000,13000000,0,0,13000000,13000000,23400000,23400000,36400000,36400000,1000010,10000010,1000000,1000000,10,9000010
882,683406000,684406000,1000000,1000000,15000000,16000000,634506000,634506000,16000000,16000000,16900000,16900000,32900000,32900000,48900000,49900000,1000000,1000000,15000000,16000000,0,0,16000000,16000000,16900000,16900000,32900000,32900000,1000010,29000050,1000000,1000000,10,28000050
912,651506000,652506000,1000000,1000000,16000000,17000000,634506000,634506000,0,0,0,0,0,0,17000000,18000000,1000000,1000000,16000000,17000000,0,0,0,0,0,0,0,0,1000010,1000000,1000000,1000000,10,0
942,662606000,688906000,1000000,1000000,8000000,9000000,634506000,634506000,9000000,44000000,10100000,400000,19100000,44400000,28100000,54400000,1000000,1000000,8000000,9000000,0,0,9000000,44000000,10100000,400000,19100000,44400000,1000010,39000050,1000000,1000000,10,38000050
972,786606000,813606000,1000000,1000000,58000000,85000000,634506000,634506000,85000000,85000000,8100000,8100000,93100000,93100000,152100000,179100000,1000000,1000000,58000000,85000000,0,0,85000000,85000000,8100000,8100000,93100000,93100000,1000010,107000020,1000000,1000000,10,106000020
1002,661706000,4469742000,1000000,1000000,12000000,13000000,634506000,4441542000,13000000,13000000,1200000,1200000,14200000,14200000,27200000,28200000,1000000,1000000,12000000,13000000,0,0,13000000,13000000,1200000,1200000,14200000,14200000,1000010,1000000,1000000,1000000,10,0
1032,652506000,1922518000,1000000,1000000,17000000,18000000,634506000,1903518000,0,0,0,0,0,0,18000000,19000000,1000000,1000000,17000000,18000000,0,0,0,0,0,0,0,0,1000010,1000000,1000000,1000000,10,0
1062,651406000,5101948000,1000000,1000000,0,9000000,634506000,5076048000,9000000,9000000,6900000,6900000,15900000,15900000,16900000,25900000,1000000,1000000,0,9000000,0,0,9000000,9000000,6900000,6900000,15900000,15900000,1000010,1000000,1000000,1000000,10,0
1092,689306000,4499342000,1000000,1000000,10000000,13000000,634506000,4441542000,13000000,13000000,30800000,30800000,43800000,43800000,54800000,57800000,1000000,1000000,10000000,13000000,0,0,13000000,13000000,30800000,30800000,43800000,43800000,1000010,1000000,1000000,1000000,10,0
1122,642506000,1912518000,1000000,1000000,7000000,8000000,634506000,1903518000,0,0,0,0,0,0,8000000,9000000,1000000,1000000,7000000,8000000,0,0,0,0,0,0,0,0,1000010,1000000,1000000,1000000,10,0
1152,652106000,3825636000,1000000,1000000,7000000,8000000,634506000,3807036000,7000000,7000000,2600000,2600000,9600000,9600000,17600000,18600000,1000000,1000000,7000000,8000000,0,0,7000000,7000000,2600000,2600000,9600000,9600000,1000010,1000000,1000000,1000000,10,0
1182,652606000,3191630000,1000000,1000000,8000000,9000000,634506000,3172530000,9000000,9000000,100000,100000,9100000,9100000,18100000,19100000,1000000,1000000,8000000,9000000,0,0,9000000,9000000,100000,100000,9100000,9100000,1000010,1000000,1000000,1000000,10,0
1212,643506000,1279012000,1000000,1000000,8000000,9000000,634506000,1269012000,0,0,0,0,0,0,9000000,10000000,1000000,1000000,8000000,9000000,0,0,0,0,0,0,0,0,1000010,1000000,1000000,1000000,10,0
1242,666506000,3207530000,1000000,1000000,8000000,11000000,634506000,3172530000,9000000,9000000,14000000,14000000,23000000,23000000,32000000,35000000,1000000,1000000,8000000,11000000,0,0,9000000,9000000,14000000,14000000,23000000,23000000,1000010,17000020,1000000,1000000,10,16000020
1272,675606000,2581124000,1000000,1000000,17000000,19000000,634506000,2538024000,19000000,19000000,4100000,4100000,23100000,23100000,41100000,43100000,1000000,1000000,17000000,19000000,0,0,19000000,19000000,4100000,4100000,23100000,23100000,1000010,1000000,1000000,1000000,10,0
13,699406000,700406000,1000000,1000000,19000000,20000000,634506000,634506000,20000000,20000000,24900000,24900000,44900000,44900000,64900000,65900000,1000000,1000000,19000000,20000000,0,0,20000000,20000000,24900000,24900000,44900000,44900000,1000010,23000010,1000000,1000000,10,22000010
43,687206000,688206000,1000000,1000000,17000000,18000000,634506000,634506000,18000000,18000000,16700000,16700000,34700000,34700000,52700000,53700000,1000000,1000000,17000000,18000000,0,0,18000000,18000000,16700000,16700000,34700000,34700000,1000010,30000040,1000000,1000000,10,29000040
73,680606000,704606000,1000000,1000000,10000000,11000000,634506000,634506000,11000000,58000000,24100000,100000,35100000,58100000,46100000,70100000,1000000,1000000,10000000,11000000,0,0,11000000,58000000,24100000,100000,35100000,58100000,1000010,69000040,1000000,1000000,10,68000040
103,672906000,738906000,1000000,1000000,11000000,18000000,634506000,634506000,18000000,85000000,8400000,400000,26400000,85400000,38400000,104400000,1000000,1000000,11000000,18000000,0,0,18000000,85000000,8400000,400000,26400000,85400000,1000010,76000040,1000000,1000000,10,75000040
133,653606000,653606000,1000000,1000000,1000000,1000000,634506000,634506000,1000000,1000000,16100000,16100000,17100000,17100000,19100000,19100000,1000000,1000000,1000000,1000000,0,0,1000000,1000000,16100000,16100000,17100000,17100000,1000010,13000030,1000000,1000000,10,12000030
163,684906000,713106000,1000000,1000000,9000000,37000000,634506000,634506000,37000000,40000000,3400000,600000,40400000,40600000,50400000,78600000,1000000,1000000,9000000,37000000,0,0,37000000,40000000,3400000,600000,40400000,40600000,1000010,7000030,1000000,1000000,10,6000030
193,696206000,712606000,1000000,1000000,20000000,20000000,634506000,634506000,20000000,57000000,20700000,100000,40700000,57100000,61700000,78100000,1000000,1000000,20000000,20000000,0,0,20000000,57000000,20700000,100000,40700000,57100000,1000010,52000030,1000000,1000000,10,51000030
223,701006000,720006000,1000000,1000000,19000000,38000000,634506000,634506000,38000000,38000000,8500000,8500000,46500000,46500000,66500000,85500000,1000000,1000000,19000000,38000000,0,0,38000000,38000000,8500000,8500000,46500000,46500000,1000010,13000020,1000000,1000000,10,12000020
253,651706000,665106000,1000000,1000000,0,8000000,634506000,634506000,8000000,19000000,8200000,2600000,16200000,21600000,17200000,30600000,1000000,1000000,0,8000000,0,0,8000000,19000000,8200000,2600000,16200000,21600000,1000010,12000010,1000000,1000000,10,11000010
283,669306000,669306000,1000000,1000000,9000000,9000000,634506000,634506000,9000000,9000000,15800000,15800000,24800000,24800000,34800000,34800000,1000000,1000000,9000000,9000000,0,0,9000000,9000000,15800000,15800000,24800000,24800000,1000010,17000040,1000000,1000000,10,16000040
313,647806000,663906000,1000000,1000000,1000000,8000000,634506000,634506000,8000000,20000000,3300000,400000,11300000,20400000,13300000,29400000,1000000,1000000,1000000,8000000,0,0,8000000,20000000,3300000,400000,11300000,20400000,1000010,13000020,1000000,1000000,10,12000020
343,644706000,663606000,1000000,1000000,1000000,8000000,634506000,634506000,8000000,20000000,200000,100000,8200000,20100000,10200000,29100000,1000000,1000000,1000000,8000000,0,0,8000000,20000000,200000,100000,8200000,20100000,1000010,13000020,1000000,1000000,10,12000020
373,666406000,666406000,1000000,1000000,9000000,9000000,634506000,634506000,9000000,9000000,12900000,12900000,21900000,21900000,31900000,31900000,1000000,1000000,9000000,9000000,0,0,9000000,9000000,12900000,12900000,21900000,21900000,1000010,17000030,1000000,1000000,10,16000030
403,691206000,692206000,1000000,1000000,12000000,13000000,634506000,634506000,13000000,13000000,30700000,30700000,43700000,43700000,56700000,57700000,1000000,1000000,12000000,13000000,0,0,13000000,13000000,30700000,30700000,43700000,43700000,1000010,3000010,1000000,1000000,10,2000010
433,675506000,676506000,1000000,1000000,11000000,12000000,634506000,634506000,12000000,12000000,17000000,17000000,29000000,29000000,41000000,42000000,1000000,1000000,11000000,12000000,0,0,12000000,12000000,17000000,17000000,29000000,29000000,1000010,27000040,1000000,1000000,10,26000040
463,660406000,662406000,1000000,1000000,9000000,11000000,634506000,634506000,11000000,11000000,4900000,4900000,15900000,15900000,25900000,27900000,1000000,1000000,9000000,11000000,0,0,11000000,11000000,4900000,4900000,15900000,15900000,1000010,18000030,1000000,1000000,10,17000030
493,670506000,670506000,1000000,1000000,4000000,4000000,634506000,634506000,4000000,4000000,27000000,27000000,31000000,31000000,36000000,36000000,1000000,1000000,4000000,4000000,0,0,4000000,4000000,27000000,27000000,31000000,31000000,1000010,16000040,1000000,1000000,10,15000040
523,702106000,753606000,1000000,1000000,18000000,38000000,634506000,634506000,38000000,80000000,10600000,100000,48600000,80100000,67600000,119100000,1000000,1000000,18000000,38000000,0,0,38000000,80000000,10600000,100000,48600000,80100000,1000010,63000010,1000000,1000000,10,62000010
553,668206000,673206000,1000000,1000000,7000000,12000000,634506000,634506000,12000000,12000000,13700000,13700000,25700000,25700000,33700000,38700000,1000000,1000000,7000000,12000000,0,0,12000000,12000000,13700000,13700000,25700000,25700000,1000010,24000030,1000000,1000000,10,23000030
583,758306000,759306000,1000000,1000000,46000000,47000000,634506000,634506000,47000000,47000000,29800000,29800000,76800000,76800000,123800000,124800000,1000000,1000000,46000000,47000000,0,0,47000000,47000000,29800000,29800000,76800000,76800000,1000010,40000050,1000000,1000000,10,39000050
613,674706000,675706000,1000000,1000000,9000000,10000000,634506000,634506000,10000000,10000000,20200000,20200000,30200000,30200000,40200000,41200000,1000000,1000000,9000000,10000000,0,0,10000000,10000000,20200000,20200000,30200000,30200000,1000010,22000040,1000000,1000000,10,21000040
643,669806000,725606000,1000000,1000000,9000000,10000000,634506000,634506000,10000000,80000000,15300000,100000,25300000,80100000,35300000,91100000,1000000,1000000,9000000,10000000,0,0,10000000,80000000,15300000,100000,25300000,80100000,1000010,84000020,1000000,1000000,10,83000020
673,655506000,655506000,1000000,1000000,6000000,6000000,634506000,634506000,6000000,6000000,8000000,8000000,14000000,14000000,21000000,21000000,1000000,1000000,6000000,6000000,0,0,6000000,6000000,8000000,8000000,14000000,14000000,1000010,11000010,1000000,1000000,10,10000010
703,687406000,688406000,1000000,1000000,17000000,18000000,634506000,634506000,18000000,18000000,16900000,16900000,34900000,34900000,52900000,53900000,1000000,1000000,17000000,18000000,0,0,18000000,18000000,16900000,16900000,34900000,34900000,1000010,22000010,1000000,1000000,10,21000010
733,665506000,665506000,1000000,1000000,6000000,6000000,634506000,634506000,6000000,6000000,18000000,18000000,24000000,24000000,31000000,31000000,1000000,1000000,6000000,6000000,0,0,6000000,6000000,18000000,18000000,24000000,24000000,1000010,13000020,1000000,1000000,10,12000020
763,644806000,656606000,1000000,1000000,1000000,1000000,634506000,634506000,1000000,20000000,7300000,100000,8300000,20100000,10300000,22100000,1000000,1000000,1000000,1000000,0,0,1000000,20000000,7300000,100000,8300000,20100000,1000010,21000030,1000000,1000000,10,20000030
793,648706000,717606000,1000000,1000000,1000000,1000000,634506000,634506000,1000000,81000000,11200000,100000,12200000,81100000,14200000,83100000,1000000,1000000,1000000,1000000,0,0,1000000,81000000,11200000,100000,12200000,81100000,1000010,82000040,1000000,1000000,10,81000040
823,657906000,717706000,1000000,1000000,0,1000000,634506000,634506000,1000000,81000000,21400000,200000,22400000,81200000,23400000,83200000,1000000,1000000,0,1000000,0,0,1000000,81000000,21400000,200000,22400000,81200000,1000010,82000030,1000000,1000000,10,81000030
853,649206000,656606000,1000000,1000000,2000000,8000000,634506000,634506000,8000000,13000000,3700000,100000,11700000,13100000,14700000,22100000,1000000,1000000,2000000,8000000,0,0,8000000,13000000,3700000,100000,11700000,13100000,1000010,8000030,1000000,1000000,10,7000030
883,822906000,822906000,1000000,1000000,81000000,81000000,634506000,634506000,81000000,81000000,25400000,25400000,106400000,106400000,188400000,188400000,1000000,1000000,81000000,81000000,0,0,81000000,81000000,25400000,25400000,106400000,106400000,1000010,133000030,1000000,1000000,10,132000030
913,645506000,656506000,1000000,1000000,10000000,21000000,634506000,634506000,0,0,0,0,0,0,11000000,22000000,1000000,1000000,10000000,21000000,0,0,0,0,0,0,0,0,1000010,1000000,1000000,1000000,10,0
943,671406000,681606000,1000000,1000000,8000000,8000000,634506000,634506000,8000000,38000000,19900000,100000,27900000,38100000,36900000,47100000,1000000,1000000,8000000,8000000,0,0,8000000,38000000,19900000,100000,27900000,38100000,1000010,45000030,1000000,1000000,10,44000030
973,682106000,7084666000,1000000,1000000,1000000,19000000,634506000,6979566000,18000000,85000000,27600000,100000,45600000,85100000,47600000,105100000,1000000,1000000,1000000,19000000,0,0,18000000,85000000,27600000,100000,45600000,85100000,1000010,69000020,1000000,1000000,10,68000020
1003,661606000,3835136000,1000000,1000000,12000000,13000000,634506000,3807036000,13000000,13000000,1100000,1100000,14100000,14100000,27100000,28100000,1000000,1000000,12000000,13000000,0,0,13000000,13000000,1100000,1100000,14100000,14100000,1000010,1000000,1000000,1000000,10,0
1033,675106000,8356078000,1000000,1000000,1000000,18000000,634506000,8248578000,18000000,85000000,20600000,3500000,38600000,88500000,40600000,107500000,1000000,1000000,1000000,18000000,0,0,18000000,85000000,20600000,3500000,38600000,88500000,1000010,69000020,1000000,1000000,10,68000020
1063,674906000,3213930000,1000000,1000000,19000000,20000000,634506000,3172530000,20000000,20000000,400000,400000,20400000,20400000,40400000,41400000,1000000,1000000,19000000,20000000,0,0,20000000,20000000,400000,400000,20400000,20400000,1000010,1000000,1000000,1000000,10,0
1093,689306000,4499342000,1000000,1000000,10000000,13000000,634506000,4441542000,13000000,13000000,30800000,30800000,43800000,43800000,54800000,57800000,1000000,1000000,10000000,13000000,0,0,13000000,13000000,30800000,30800000,43800000,43800000,1000010,1000000,1000000,1000000,10,0
1123,642506000,1912518000,1000000,1000000,7000000,8000000,634506000,1903518000,0,0,0,0,0,0,8000000,9000000,1000000,1000000,7000000,8000000,0,0,0,0,0,0,0,0,1000010,1000000,1000000,1000000,10,0
1153,651506000,652506000,1000000,1000000,16000000,17000000,634506000,634506000,0,0,0,0,0,0,17000000,18000000,1000000,1000000,16000000,17000000,0,0,0,0,0,0,0,0,1000010,1000000,1000000,1000000,10,0
1183,652606000,3191630000,1000000,1000000,8000000,9000000,634506000,3172530000,9000000,9000000,100000,100000,9100000,9100000,18100000,19100000,1000000,1000000,8000000,9000000,0,0,9000000,9000000,100000,100000,9100000,9100000,1000010,1000000,1000000,1000000,10,0
1213,636506000,637506000,1000000,1000000,1000000,2000000,634506000,634506000,0,0,0,0,0,0,2000000,3000000,1000000,1000000,1000000,2000000,0,0,0,0,0,0,0,0,1000010,1000000,1000000,1000000,10,0
1243,663606000,1320112000,1000000,1000000,11000000,13000000,634506000,1269012000,13000000,37000000,4100000,100000,17100000,37100000,29100000,51100000,1000000,1000000,11000000,13000000,0,0,13000000,37000000,4100000,100000,17100000,37100000,1000010,34000020,1000000,1000000,10,33000020
1273,678306000,3274130000,1000000,1000000,17000000,20000000,634506000,3172530000,19000000,80000000,6800000,600000,25800000,80600000,43800000,101600000,1000000,1000000,17000000,20000000,0,0,19000000,80000000,6800000,600000,25800000,80600000,1000010,63000010,1000000,1000000,10,62000010
14,677206000,693606000,1000000,1000000,19000000,19000000,634506000,634506000,19000000,39000000,3700000,100000,22700000,39100000,42700000,59100000,1000000,1000000,19000000,19000000,0,0,19000000,39000000,3700000,100000,22700000,39100000,1000010,23000010,1000000,1000000,10,22000010
44,699306000,710606000,1000000,1000000,17000000,18000000,634506000,634506000,18000000,57000000,28800000,100000,46800000,57100000,64800000,76100000,1000000,1000000,17000000,18000000,0,0,18000000,57000000,28800000,100000,46800000,57100000,1000010,62000050,1000000,1000000,10,61000050
74,677106000,684606000,1000000,1000000,10000000,11000000,634506000,634506000,11000000,38000000,20600000,100000,31600000,38100000,42600000,50100000,1000000,1000000,10000000,11000000,0,0,11000000,38000000,20600000,100000,31600000,38100000,1000010,35000040,1000000,1000000,10,34000040
104,681006000,738906000,1000000,1000000,18000000,18000000,634506000,634506000,18000000,85000000,9500000,400000,27500000,85400000,46500000,104400000,1000000,1000000,18000000,18000000,0,0,18000000,85000000,9500000,400000,27500000,85400000,1000010,74000030,1000000,1000000,10,73000030
134,653606000,653606000,1000000,1000000,1000000,1000000,634506000,634506000,1000000,1000000,16100000,16100000,17100000,17100000,19100000,19100000,1000000,1000000,1000000,1000000,0,0,1000000,1000000,16100000,16100000,17100000,17100000,1000010,13000030,1000000,1000000,10,12000030
164,665006000,686706000,1000000,1000000,9000000,11000000,634506000,634506000,9000000,37000000,11500000,3200000,20500000,40200000,30500000,52200000,1000000,1000000,9000000,11000000,0,0,9000000,37000000,11500000,3200000,20500000,40200000,1000010,31000010,1000000,1000000,10,30000010
194,690406000,701406000,1000000,1000000,9000000,20000000,634506000,634506000,20000000,20000000,25900000,25900000,45900000,45900000,55900000,66900000,1000000,1000000,9000000,20000000,0,0,20000000,20000000,25900000,25900000,45900000,45900000,1000010,20000040,1000000,1000000,10,19000040
224,696506000,697506000,1000000,1000000,19000000,20000000,634506000,634506000,20000000,20000000,22000000,22000000,42000000,42000000,62000000,63000000,1000000,1000000,19000000,20000000,0,0,20000000,20000000,22000000,22000000,42000000,42000000,1000010,23000010,1000000,1000000,10,22000010
254,667206000,668206000,1000000,1000000,8000000,9000000,634506000,634506000,9000000,9000000,14700000,14700000,23700000,23700000,32700000,33700000,1000000,1000000,8000000,9000000,0,0,9000000,9000000,14700000,14700000,23700000,23700000,1000010,17000040,1000000,1000000,10,16000040
284,661006000,670706000,1000000,1000000,9000000,9000000,634506000,634506000,9000000,20000000,7500000,6200000,16500000,26200000,26500000,36200000,1000000,1000000,9000000,9000000,0,0,9000000,20000000,7500000,6200000,16500000,26200000,1000010,14000030,1000000,1000000,10,13000030
314,666906000,734006000,1000000,1000000,8000000,10000000,634506000,634506000,10000000,85000000,13400000,3500000,23400000,88500000,32400000,99500000,1000000,1000000,8000000,10000000,0,0,10000000,85000000,13400000,3500000,23400000,88500000,1000010,78000030,1000000,1000000,10,77000030
344,676506000,683606000,1000000,1000000,8000000,9000000,634506000,634506000,9000000,39000000,24000000,100000,33000000,39100000,42000000,49100000,1000000,1000000,8000000,9000000,0,0,9000000,39000000,24000000,100000,33000000,39100000,1000010,34000020,1000000,1000000,10,33000020
374,666506000,666506000,1000000,1000000,9000000,9000000,634506000,634506000,9000000,9000000,13000000,13000000,22000000,22000000,32000000,32000000,1000000,1000000,9000000,9000000,0,0,9000000,9000000,13000000,13000000,22000000,22000000,1000010,17000030,1000000,1000000,10,16000030
404,666906000,684606000,1000000,1000000,11000000,12000000,634506000,634506000,12000000,37000000,8400000,100000,20400000,37100000,32400000,50100000,1000000,1000000,11000000,12000000,0,0,12000000,37000000,8400000,100000,20400000,37100000,1000010,34000020,1000000,1000000,10,33000020
434,675606000,675606000,1000000,1000000,11000000,11000000,634506000,634506000,11000000,11000000,18100000,18100000,29100000,29100000,41100000,41100000,1000000,1000000,11000000,11000000,0,0,11000000,11000000,18100000,18100000,29100000,29100000,1000010,27000040,1000000,1000000,10,26000040
464,666906000,684606000,1000000,1000000,11000000,12000000,634506000,634506000,12000000,37000000,8400000,100000,20400000,37100000,32400000,50100000,1000000,1000000,11000000,12000000,0,0,12000000,37000000,8400000,100000,20400000,37100000,1000010,34000020,1000000,1000000,10,33000020
494,670506000,670506000,1000000,1000000,4000000,4000000,634506000,634506000,4000000,4000000,27000000,27000000,31000000,31000000,36000000,36000000,1000000,1000000,4000000,4000000,0,0,4000000,4000000,27000000,27000000,31000000,31000000,1000010,16000040,1000000,1000000,10,15000040
524,704806000,706806000,1000000,1000000,18000000,20000000,634506000,634506000,20000000,20000000,31300000,31300000,51300000,51300000,70300000,72300000,1000000,1000000,18000000,20000000,0,0,20000000,20000000,31300000,31300000,51300000,51300000,1000010,27000040,1000000,1000000,10,26000040
554,672406000,673406000,1000000,1000000,7000000,8000000,634506000,634506000,8000000,8000000,21900000,21900000,29900000,29900000,37900000,38900000,1000000,1000000,7000000,8000000,0,0,8000000,8000000,21900000,21900000,29900000,29900000,1000010,23000030,1000000,1000000,10,22000030
584,681506000,686506000,1000000,1000000,46000000,51000000,634506000,634506000,0,0,0,0,0,0,47000000,52000000,1000000,1000000,46000000,51000000,0,0,0,0,0,0,0,0,1000010,1000000,1000000,1000000,10,0
614,674706000,675706000,1000000,1000000,9000000,10000000,634506000,634506000,10000000,10000000,20200000,20200000,30200000,30200000,40200000,41200000,1000000,1000000,9000000,10000000,0,0,10000000,10000000,20200000,20200000,30200000,30200000,1000010,22000040,1000000,1000000,10,21000040
644,669806000,725606000,1000000,1000000,9000000,10000000,634506000,634506000,10000000,80000000,15300000,100000,25300000,80100000,35300000,91100000,1000000,1000000,9000000,10000000,0,0,10000000,80000000,15300000,100000,25300000,80100000,1000010,84000020,1000000,1000000,10,83000020
674,658306000,658306000,1000000,1000000,6000000,6000000,634506000,634506000,6000000,6000000,10800000,10800000,16800000,16800000,23800000,23800000,1000000,1000000,6000000,6000000,0,0,6000000,6000000,10800000,10800000,16800000,16800000,1000010,11000010,1000000,1000000,10,10000010
704,687406000,688406000,1000000,1000000,17000000,18000000,634506000,634506000,18000000,18000000,16900000,16900000,34900000,34900000,52900000,53900000,1000000,1000000,17000000,18000000,0,0,18000000,18000000,16900000,16900000,34900000,34900000,1000010,22000010,1000000,1000000,10,21000010
734,665606000,721806000,1000000,1000000,6000000,6000000,634506000,634506000,6000000,80000000,18100000,300000,24100000,80300000,31100000,87300000,1000000,1000000,6000000,6000000,0,0,6000000,80000000,18100000,300000,24100000,80300000,1000010,83000030,1000000,1000000,10,82000030
764,644506000,656606000,1000000,1000000,1000000,1000000,634506000,634506000,1000000,20000000,7000000,100000,8000000,20100000,10000000,22100000,1000000,1000000,1000000,1000000,0,0,1000000,20000000,7000000,100000,8000000,20100000,1000010,21000030,1000000,1000000,10,20000030
794,648406000,717606000,1000000,1000000,1000000,1000000,634506000,634506000,1000000,81000000,10900000,100000,11900000,81100000,13900000,83100000,1000000,1000000,1000000,1000000,0,0,1000000,81000000,10900000,100000,11900000,81100000,1000010,82000040,1000000,1000000,10,81000040
824,657906000,717706000,1000000,1000000,0,1000000,634506000,634506000,1000000,81000000,21400000,200000,22400000,81200000,23400000,83200000,1000000,1000000,0,1000000,0,0,1000000,81000000,21400000,200000,22400000,81200000,1000010,82000030,1000000,1000000,10,81000030
854,664506000,683606000,1000000,1000000,8000000,9000000,634506000,634506000,8000000,39000000,13000000,100000,21000000,39100000,30000000,49100000,1000000,1000000,8000000,9000000,0,0,8000000,39000000,13000000,100000,21000000,39100000,1000010,35000030,1000000,1000000,10,34000030
884,681806000,681806000,1000000,1000000,16000000,16000000,634506000,634506000,16000000,16000000,14300000,14300000,30300000,30300000,47300000,47300000,1000000,1000000,16000000,16000000,0,0,16000000,16000000,14300000,14300000,30300000,30300000,1000010,26000030,1000000,1000000,10,25000030
914,749806000,752706000,1000000,1000000,41000000,43000000,634506000,634506000,43000000,44000000,30300000,30200000,73300000,74200000,115300000,118200000,1000000,1000000,41000000,43000000,0,0,43000000,44000000,30300000,30200000,73300000,74200000,1000010,116000080,1000000,1000000,10,115000080
944,671406000,681606000,1000000,1000000,8000000,8000000,634506000,634506000,8000000,38000000,19900000,100000,27900000,38100000,36900000,47100000,1000000,1000000,8000000,8000000,0,0,8000000,38000000,19900000,100000,27900000,38100000,1000010,45000030,1000000,1000000,10,44000030
974,694506000,15958850000,1000000,1000000,8000000,38000000,634506000,15862650000,20000000,57000000,31000000,200000,51000000,57200000,60000000,96200000,1000000,1000000,8000000,38000000,0,0,20000000,57000000,31000000,200000,51000000,57200000,1000010,48000020,1000000,1000000,10,47000020
1004,661806000,5104348000,1000000,1000000,12000000,13000000,634506000,5076048000,13000000,13000000,1300000,1300000,14300000,14300000,27300000,28300000,1000000,1000000,12000000,13000000,0,0,13000000,13000000,1300000,1300000,14300000,14300000,1000010,1000000,1000000,1000000,10,0
1034,652506000,1922518000,1000000,1000000,17000000,18000000,634506000,1903518000,0,0,0,0,0,0,18000000,19000000,1000000,1000000,17000000,18000000,0,0,0,0,0,0,0,0,1000010,1000000,1000000,1000000,10,0
1064,654506000,1290012000,1000000,1000000,19000000,20000000,634506000,1269012000,0,0,0,0,0,0,20000000,21000000,1000000,1000000,19000000,20000000,0,0,0,0,0,0,0,0,1000010,1000000,1000000,1000000,10,0
1094,689306000,4499342000,1000000,1000000,10000000,13000000,634506000,4441542000,13000000,13000000,30800000,30800000,43800000,43800000,54800000,57800000,1000000,1000000,10000000,13000000,0,0,13000000,13000000,30800000,30800000,43800000,43800000,1000010,1000000,1000000,1000000,10,0
1124,642506000,1912518000,1000000,1000000,7000000,8000000,634506000,1903518000,0,0,0,0,0,0,8000000,9000000,1000000,1000000,7000000,8000000,0,0,0,0,0,0,0,0,1000010,1000000,1000000,1000000,10,0
1154,650506000,2556024000,1000000,1000000,15000000,17000000,634506000,2538024000,0,0,0,0,0,0,16000000,18000000,1000000,1000000,15000000,17000000,0,0,0,0,0,0,0,0,1000010,1000000,1000000,1000000,10,0
1184,652606000,3191630000,1000000,1000000,8000000,9000000,634506000,3172530000,9000000,9000000,100000,100000,9100000,9100000,18100000,19100000,1000000,1000000,8000000,9000000,0,0,9000000,9000000,100000,100000,9100000,9100000,1000010,1000000,1000000,1000000,10,0
1214,750706000,1388212000,1000000,1000000,41000000,44000000,634506000,1269012000,44000000,44000000,30200000,30200000,74200000,74200000,116200000,119200000,1000000,1000000,41000000,44000000,0,0,44000000,44000000,30200000,30200000,74200000,74200000,1000010,116000080,1000000,1000000,10,115000080
1244,646506000,1283012000,1000000,1000000,11000000,13000000,634506000,1269012000,0,0,0,0,0,0,12000000,14000000,1000000,1000000,11000000,13000000,0,0,0,0,0,0,0,0,1000010,1000000,1000000,1000000,10,0
1274,675606000,2581124000,1000000,1000000,17000000,19000000,634506000,2538024000,19000000,19000000,4100000,4100000,23100000,23100000,41100000,43100000,1000000,1000000,17000000,19000000,0,0,19000000,19000000,4100000,4100000,23100000,23100000,1000010,1000000,1000000,1000000,10,0
15,699506000,712606000,1000000,1000000,19000000,20000000,634506000,634506000,20000000,57000000,25000000,100000,45000000,57100000,65000000,78100000,1000000,1000000,19000000,20000000,0,0,20000000,57000000,25000000,100000,45000000,57100000,1000010,52000030,1000000,1000000,10,51000030
45,671206000,714006000,1000000,1000000,10000000,17000000,634506000,634506000,17000000,57000000,8700000,4500000,25700000,61500000,36700000,79500000,1000000,1000000,10000000,17000000,0,0,17000000,57000000,8700000,4500000,25700000,61500000,1000010,41000010,1000000,1000000,10,40000010
75,669406000,684706000,1000000,1000000,10000000,11000000,634506000,634506000,11000000,38000000,12900000,200000,23900000,38200000,34900000,50200000,1000000,1000000,10000000,11000000,0,0,11000000,38000000,12900000,200000,23900000,38200000,1000010,35000040,1000000,1000000,10,34000040
105,678406000,678406000,1000000,1000000,18000000,18000000,634506000,634506000,18000000,18000000,6900000,6900000,24900000,24900000,43900000,43900000,1000000,1000000,18000000,18000000,0,0,18000000,18000000,6900000,6900000,24900000,24900000,1000010,26000020,1000000,1000000,10,25000020
135,662306000,665306000,1000000,1000000,1000000,4000000,634506000,634506000,4000000,4000000,21800000,21800000,25800000,25800000,27800000,30800000,1000000,1000000,1000000,4000000,0,0,4000000,4000000,21800000,21800000,25800000,25800000,1000010,20000030,1000000,1000000,10,19000030
165,680106000,718606000,1000000,1000000,7000000,9000000,634506000,634506000,9000000,74000000,28600000,100000,37600000,74100000,45600000,84100000,1000000,1000000,7000000,9000000,0,0,9000000,74000000,28600000,100000,37600000,74100000,1000010,82000040,1000000,1000000,10,81000040
195,696106000,712606000,1000000,1000000,20000000,20000000,634506000,634506000,20000000,57000000,20600000,100000,40600000,57100000,61600000,78100000,1000000,1000000,20000000,20000000,0,0,20000000,57000000,20600000,100000,40600000,57100000,1000010,52000030,1000000,1000000,10,51000030
225,696506000,697506000,1000000,1000000,19000000,20000000,634506000,634506000,20000000,20000000,22000000,22000000,42000000,42000000,62000000,63000000,1000000,1000000,19000000,20000000,0,0,20000000,20000000,22000000,22000000,42000000,42000000,1000010,23000010,1000000,1000000,10,22000010
255,674406000,675406000,1000000,1000000,8000000,9000000,634506000,634506000,9000000,9000000,21900000,21900000,30900000,30900000,39900000,40900000,1000000,1000000,8000000,9000000,0,0,9000000,9000000,21900000,21900000,30900000,30900000,1000010,17000040,1000000,1000000,10,16000040
285,670706000,670706000,1000000,1000000,9000000,9000000,634506000,634506000,9000000,9000000,17200000,17200000,26200000,26200000,36200000,36200000,1000000,1000000,9000000,9000000,0,0,9000000,9000000,17200000,17200000,26200000,26200000,1000010,17000040,1000000,1000000,10,16000040
315,676506000,683606000,1000000,1000000,8000000,9000000,634506000,634506000,9000000,39000000,24000000,100000,33000000,39100000,42000000,49100000,1000000,1000000,8000000,9000000,0,0,9000000,39000000,24000000,100000,33000000,39100000,1000010,34000020,1000000,1000000,10,33000020
345,676506000,683606000,1000000,1000000,8000000,9000000,634506000,634506000,9000000,39000000,24000000,100000,33000000,39100000,42000000,49100000,1000000,1000000,8000000,9000000,0,0,9000000,39000000,24000000,100000,33000000,39100000,1000010,34000020,1000000,1000000,10,33000020
375,662206000,668806000,1000000,1000000,9000000,9000000,634506000,634506000,9000000,20000000,8700000,4300000,17700000,24300000,27700000,34300000,1000000,1000000,9000000,9000000,0,0,9000000,20000000,8700000,4300000,17700000,24300000,1000010,17000030,1000000,1000000,10,16000030
405,691306000,692306000,1000000,1000000,12000000,13000000,634506000,634506000,13000000,13000000,30800000,30800000,43800000,43800000,56800000,57800000,1000000,1000000,12000000,13000000,0,0,13000000,13000000,30800000,30800000,43800000,43800000,1000010,3000010,1000000,1000000,10,2000010
435,675506000,676506000,1000000,1000000,11000000,12000000,634506000,634506000,12000000,12000000,17000000,17000000,29000000,29000000,41000000,42000000,1000000,1000000,11000000,12000000,0,0,12000000,12000000,17000000,17000000,29000000,29000000,1000010,27000040,1000000,1000000,10,26000040
465,666906000,683606000,1000000,1000000,11000000,11000000,634506000,634506000,11000000,37000000,9400000,100000,20400000,37100000,32400000,49100000,1000000,1000000,11000000,11000000,0,0,11000000,37000000,9400000,100000,20400000,37100000,1000010,34000020,1000000,1000000,10,33000020
495,739606000,740606000,1000000,1000000,37000000,38000000,634506000,634506000,38000000,38000000,29100000,29100000,67100000,67100000,105100000,106100000,1000000,1000000,37000000,38000000,0,0,38000000,38000000,29100000,29100000,67100000,67100000,1000010,37000040,1000000,1000000,10,36000040
525,685206000,733606000,1000000,1000000,18000000,18000000,634506000,634506000,18000000,80000000,13700000,100000,31700000,80100000,50700000,99100000,1000000,1000000,18000000,18000000,0,0,18000000,80000000,13700000,100000,31700000,80100000,1000010,63000010,1000000,1000000,10,62000010
555,672406000,673406000,1000000,1000000,7000000,8000000,634506000,634506000,8000000,8000000,21900000,21900000,29900000,29900000,37900000,38900000,1000000,1000000,7000000,8000000,0,0,8000000,8000000,21900000,21900000,29900000,29900000,1000010,23000030,1000000,1000000,10,22000030
585,752806000,753806000,1000000,1000000,43000000,44000000,634506000,634506000,44000000,44000000,30300000,30300000,74300000,74300000,118300000,119300000,1000000,1000000,43000000,44000000,0,0,44000000,44000000,30300000,30300000,74300000,74300000,1000010,118000090,1000000,1000000,10,117000090
615,677706000,725606000,1000000,1000000,9000000,10000000,634506000,634506000,10000000,80000000,23200000,100000,33200000,80100000,43200000,91100000,1000000,1000000,9000000,10000000,0,0,10000000,80000000,23200000,100000,33200000,80100000,1000010,84000020,1000000,1000000,10,83000020
645,669806000,725606000,1000000,1000000,9000000,10000000,634506000,634506000,10000000,80000000,15300000,100000,25300000,80100000,35300000,91100000,1000000,1000000,9000000,10000000,0,0,10000000,80000000,15300000,100000,25300000,80100000,1000010,84000020,1000000,1000000,10,83000020
675,658306000,658306000,1000000,1000000,6000000,6000000,634506000,634506000,6000000,6000000,10800000,10800000,16800000,16800000,23800000,23800000,1000000,1000000,6000000,6000000,0,0,6000000,6000000,10800000,10800000,16800000,16800000,1000010,13000020,1000000,1000000,10,12000020
705,687706000,691606000,1000000,1000000,17000000,18000000,634506000,634506000,18000000,38000000,17200000,100000,35200000,38100000,53200000,57100000,1000000,1000000,17000000,18000000,0,0,18000000,38000000,17200000,100000,35200000,38100000,1000010,22000010,1000000,1000000,10,21000010
735,641506000,643506000,1000000,1000000,6000000,8000000,634506000,634506000,0,0,0,0,0,0,7000000,9000000,1000000,1000000,6000000,8000000,0,0,0,0,0,0,0,0,1000010,1000000,1000000,1000000,10,0
765,640806000,647606000,1000000,1000000,1000000,1000000,634506000,634506000,1000000,11000000,3300000,100000,4300000,11100000,6300000,13100000,1000000,1000000,1000000,1000000,0,0,1000000,11000000,3300000,100000,4300000,11100000,1000010,12000030,1000000,1000000,10,11000030
795,650706000,654606000,1000000,1000000,1000000,1000000,634506000,634506000,1000000,18000000,13200000,100000,14200000,18100000,16200000,20100000,1000000,1000000,1000000,1000000,0,0,1000000,18000000,13200000,100000,14200000,18100000,1000010,19000020,1000000,1000000,10,18000020
825,657606000,717706000,1000000,1000000,0,1000000,634506000,634506000,1000000,81000000,21100000,200000,22100000,81200000,23100000,83200000,1000000,1000000,0,1000000,0,0,1000000,81000000,21100000,200000,22100000,81200000,1000010,82000030,1000000,1000000,10,81000030
855,691806000,692806000,1000000,1000000,12000000,13000000,634506000,634506000,13000000,13000000,31300000,31300000,44300000,44300000,57300000,58300000,1000000,1000000,12000000,13000000,0,0,13000000,13000000,31300000,31300000,44300000,44300000,1000010,10000010,1000000,1000000,10,9000010
885,682006000,682006000,1000000,1000000,16000000,16000000,634506000,634506000,16000000,16000000,14500000,14500000,30500000,30500000,47500000,47500000,1000000,1000000,16000000,16000000,0,0,16000000,16000000,14500000,14500000,30500000,30500000,1000010,26000030,1000000,1000000,10,25000030
915,691106000,734606000,1000000,1000000,18000000,19000000,634506000,634506000,18000000,80000000,19600000,100000,37600000,80100000,56600000,100100000,1000000,1000000,18000000,19000000,0,0,18000000,80000000,19600000,100000,37600000,80100000,1000010,63000010,1000000,1000000,10,62000010
945,665406000,681606000,1000000,1000000,8000000,8000000,634506000,634506000,8000000,38000000,13900000,100000,21900000,38100000,30900000,47100000,1000000,1000000,8000000,8000000,0,0,8000000,38000000,13900000,100000,21900000,38100000,1000010,45000030,1000000,1000000,10,44000030
975,682406000,4547942000,1000000,1000000,8000000,20000000,634506000,4441542000,19000000,85000000,19900000,400000,38900000,85400000,47900000,106400000,1000000,1000000,8000000,20000000,0,0,19000000,85000000,19900000,400000,38900000,85400000,1000010,73000020,1000000,1000000,10,72000020
1005,687306000,15966850000,1000000,1000000,7000000,18000000,634506000,15862650000,13000000,85000000,31800000,200000,44800000,85200000,52800000,104200000,1000000,1000000,7000000,18000000,0,0,13000000,85000000,31800000,200000,44800000,85200000,1000010,76000040,1000000,1000000,10,75000040
1035,762106000,4002636000,1000000,1000000,17000000,85000000,634506000,3807036000,85000000,85000000,24600000,24600000,109600000,109600000,127600000,195600000,1000000,1000000,17000000,85000000,0,0,85000000,85000000,24600000,24600000,109600000,109600000,1000010,67000030,1000000,1000000,10,66000030
1065,674906000,3848436000,1000000,1000000,19000000,20000000,634506000,3807036000,20000000,20000000,400000,400000,20400000,20400000,40400000,41400000,1000000,1000000,19000000,20000000,0,0,20000000,20000000,400000,400000,20400000,20400000,1000010,1000000,1000000,1000000,10,0
1095,677006000,3217030000,1000000,1000000,11000000,13000000,634506000,3172530000,13000000,13000000,17500000,17500000,30500000,30500000,42500000,44500000,1000000,1000000,11000000,13000000,0,0,13000000,13000000,17500000,17500000,30500000,30500000,1000010,1000000,1000000,1000000,10,0
1125,674306000,12787020000,1000000,1000000,0,10000000,634506000,12690120000,8000000,80000000,30800000,5900000,38800000,85900000,39800000,96900000,1000000,1000000,0,10000000,0,0,8000000,80000000,30800000,5900000,38800000,85900000,1000010,81000040,1000000,1000000,10,80000040
1155,657806000,1293312000,1000000,1000000,10000000,11000000,634506000,1269012000,11000000,11000000,1300000,1300000,12300000,12300000,23300000,24300000,1000000,1000000,10000000,11000000,0,0,11000000,11000000,1300000,1300000,12300000,12300000,1000010,1000000,1000000,1000000,10,0
1185,652606000,3191630000,1000000,1000000,8000000,9000000,634506000,3172530000,9000000,9000000,100000,100000,9100000,9100000,18100000,19100000,1000000,1000000,8000000,9000000,0,0,9000000,9000000,100000,100000,9100000,9100000,1000010,1000000,1000000,1000000,10,0
1215,669606000,1939618000,1000000,1000000,17000000,18000000,634506000,1903518000,17000000,17000000,100000,100000,17100000,17100000,35100000,36100000,1000000,1000000,17000000,18000000,0,0,17000000,17000000,100000,100000,17100000,17100000,1000010,1000000,1000000,1000000,10,0
1245,644506000,645506000,1000000,1000000,9000000,10000000,634506000,634506000,0,0,0,0,0,0,10000000,11000000,1000000,1000000,9000000,10000000,0,0,0,0,0,0,0,0,1000010,1000000,1000000,1000000,10,0
1275,675606000,2581124000,1000000,1000000,17000000,19000000,634506000,2538024000,19000000,19000000,4100000,4100000,23100000,23100000,41100000,43100000,1000000,1000000,17000000,19000000,0,0,19000000,19000000,4100000,4100000,23100000,23100000,1000010,1000000,1000000,1000000,10,0
16,699406000,700406000,1000000,1000000,19000000,20000000,634506000,634506000,20000000,20000000,24900000,24900000,44900000,44900000,64900000,65900000,1000000,1000000,19000000,20000000,0,0,20000000,20000000,24900000,24900000,44900000,44900000,1000010,23000010,1000000,1000000,10,22000010
46,695906000,738806000,1000000,1000000,17000000,18000000,634506000,634506000,18000000,85000000,25400000,300000,43400000,85300000,61400000,104300000,1000000,1000000,17000000,18000000,0,0,18000000,85000000,25400000,300000,43400000,85300000,1000010,69000020,1000000,1000000,10,68000020
76,680606000,704606000,1000000,1000000,10000000,11000000,634506000,634506000,11000000,58000000,24100000,100000,35100000,58100000,46100000,70100000,1000000,1000000,10000000,11000000,0,0,11000000,58000000,24100000,100000,35100000,58100000,1000010,69000040,1000000,1000000,10,68000040
106,685606000,685606000,1000000,1000000,18000000,18000000,634506000,634506000,18000000,18000000,14100000,14100000,32100000,32100000,51100000,51100000,1000000,1000000,18000000,18000000,0,0,18000000,18000000,14100000,14100000,32100000,32100000,1000010,26000040,1000000,1000000,10,25000040
136,653106000,662106000,1000000,1000000,1000000,9000000,634506000,634506000,9000000,17000000,7600000,600000,16600000,17600000,18600000,27600000,1000000,1000000,1000000,9000000,0,0,9000000,17000000,7600000,600000,16600000,17600000,1000010,12000030,1000000,1000000,10,11000030
166,691506000,691506000,1000000,1000000,20000000,20000000,634506000,634506000,20000000,20000000,16000000,16000000,36000000,36000000,57000000,57000000,1000000,1000000,20000000,20000000,0,0,20000000,20000000,16000000,16000000,36000000,36000000,1000010,28000040,1000000,1000000,10,27000040
196,696106000,712606000,1000000,1000000,20000000,20000000,634506000,634506000,20000000,57000000,20600000,100000,40600000,57100000,61600000,78100000,1000000,1000000,20000000,20000000,0,0,20000000,57000000,20600000,100000,40600000,57100000,1000010,52000030,1000000,1000000,10,51000030
226,702106000,703106000,1000000,1000000,19000000,20000000,634506000,634506000,20000000,20000000,27600000,27600000,47600000,47600000,67600000,68600000,1000000,1000000,19000000,20000000,0,0,20000000,20000000,27600000,27600000,47600000,47600000,1000010,23000010,1000000,1000000,10,22000010
256,669206000,670206000,1000000,1000000,8000000,9000000,634506000,634506000,9000000,9000000,16700000,16700000,25700000,25700000,34700000,35700000,1000000,1000000,8000000,9000000,0,0,9000000,9000000,16700000,16700000,25700000,25700000,1000010,17000040,1000000,1000000,10,16000040
286,657006000,665006000,1000000,1000000,5000000,9000000,634506000,634506000,5000000,20000000,11500000,500000,16500000,20500000,22500000,30500000,1000000,1000000,5000000,9000000,0,0,5000000,20000000,11500000,500000,16500000,20500000,1000010,18000030,1000000,1000000,10,17000030
316,676506000,683606000,1000000,1000000,8000000,9000000,634506000,634506000,9000000,39000000,24000000,100000,33000000,39100000,42000000,49100000,1000000,1000000,8000000,9000000,0,0,9000000,39000000,24000000,100000,33000000,39100000,1000010,34000020,1000000,1000000,10,33000020
346,652606000,653606000,1000000,1000000,8000000,9000000,634506000,634506000,9000000,9000000,100000,100000,9100000,9100000,18100000,19100000,1000000,1000000,8000000,9000000,0,0,9000000,9000000,100000,100000,9100000,9100000,1000010,2000010,1000000,1000000,10,1000010
376,666506000,666506000,1000000,1000000,9000000,9000000,634506000,634506000,9000000,9000000,13000000,13000000,22000000,22000000,32000000,32000000,1000000,1000000,9000000,9000000,0,0,9000000,9000000,13000000,13000000,22000000,22000000,1000010,17000030,1000000,1000000,10,16000030
406,691206000,692206000,1000000,1000000,12000000,13000000,634506000,634506000,13000000,13000000,30700000,30700000,43700000,43700000,56700000,57700000,1000000,1000000,12000000,13000000,0,0,13000000,13000000,30700000,30700000,43700000,43700000,1000010,3000010,1000000,1000000,10,2000010
436,675506000,676506000,1000000,1000000,11000000,12000000,634506000,634506000,12000000,12000000,17000000,17000000,29000000,29000000,41000000,42000000,1000000,1000000,11000000,12000000,0,0,12000000,12000000,17000000,17000000,29000000,29000000,1000010,27000040,1000000,1000000,10,26000040
466,666906000,684606000,1000000,1000000,11000000,12000000,634506000,634506000,12000000,37000000,8400000,100000,20400000,37100000,32400000,50100000,1000000,1000000,11000000,12000000,0,0,12000000,37000000,8400000,100000,20400000,37100000,1000010,34000020,1000000,1000000,10,33000020
496,741206000,744206000,1000000,1000000,37000000,40000000,634506000,634506000,40000000,40000000,28700000,28700000,68700000,68700000,106700000,109700000,1000000,1000000,37000000,40000000,0,0,40000000,40000000,28700000,28700000,68700000,68700000,1000010,31000010,1000000,1000000,10,30000010
526,693206000,734606000,1000000,1000000,18000000,19000000,634506000,634506000,19000000,80000000,20700000,100000,39700000,80100000,58700000,100100000,1000000,1000000,18000000,19000000,0,0,19000000,80000000,20700000,100000,39700000,80100000,1000010,63000010,1000000,1000000,10,62000010
556,672406000,673406000,1000000,1000000,7000000,8000000,634506000,634506000,8000000,8000000,21900000,21900000,29900000,29900000,37900000,38900000,1000000,1000000,7000000,8000000,0,0,8000000,8000000,21900000,21900000,29900000,29900000,1000010,23000030,1000000,1000000,10,22000030
586,756906000,759906000,1000000,1000000,44000000,47000000,634506000,634506000,47000000,47000000,30400000,30400000,77400000,77400000,122400000,125400000,1000000,1000000,44000000,47000000,0,0,47000000,47000000,30400000,30400000,77400000,77400000,1000010,39000050,1000000,1000000,10,38000050
616,669806000,725606000,1000000,1000000,9000000,10000000,634506000,634506000,10000000,80000000,15300000,100000,25300000,80100000,35300000,91100000,1000000,1000000,9000000,10000000,0,0,10000000,80000000,15300000,100000,25300000,80100000,1000010,84000020,1000000,1000000,10,83000020
646,674006000,683606000,1000000,1000000,10000000,10000000,634506000,634506000,10000000,38000000,18500000,100000,28500000,38100000,39500000,49100000,1000000,1000000,10000000,10000000,0,0,10000000,38000000,18500000,100000,28500000,38100000,1000010,43000020,1000000,1000000,10,42000020
676,658606000,662606000,1000000,1000000,6000000,10000000,634506000,634506000,6000000,6000000,11100000,11100000,17100000,17100000,24100000,28100000,1000000,1000000,6000000,10000000,0,0,6000000,6000000,11100000,11100000,17100000,17100000,1000010,7000040,1000000,1000000,10,6000040
706,665606000,698106000,1000000,1000000,1000000,17000000,634506000,634506000,17000000,38000000,12100000,7600000,29100000,45600000,31100000,63600000,1000000,1000000,1000000,17000000,0,0,17000000,38000000,12100000,7600000,29100000,45600000,1000010,23000020,1000000,1000000,10,22000020
736,675506000,681606000,1000000,1000000,6000000,7000000,634506000,634506000,7000000,39000000,27000000,100000,34000000,39100000,41000000,47100000,1000000,1000000,6000000,7000000,0,0,7000000,39000000,27000000,100000,34000000,39100000,1000010,39000030,1000000,1000000,10,38000030
766,644806000,656606000,1000000,1000000,1000000,1000000,634506000,634506000,1000000,20000000,7300000,100000,8300000,20100000,10300000,22100000,1000000,1000000,1000000,1000000,0,0,1000000,20000000,7300000,100000,8300000,20100000,1000010,21000030,1000000,1000000,10,20000030
796,651006000,654606000,1000000,1000000,1000000,1000000,634506000,634506000,1000000,18000000,13500000,100000,14500000,18100000,16500000,20100000,1000000,1000000,1000000,1000000,0,0,1000000,18000000,13500000,100000,14500000,18100000,1000010,19000020,1000000,1000000,10,18000020
826,652606000,717706000,1000000,1000000,0,1000000,634506000,634506000,1000000,81000000,16100000,200000,17100000,81200000,18100000,83200000,1000000,1000000,0,1000000,0,0,1000000,81000000,16100000,200000,17100000,81200000,1000010,82000030,1000000,1000000,10,81000030
856,675406000,675406000,1000000,1000000,12000000,12000000,634506000,634506000,12000000,12000000,15900000,15900000,27900000,27900000,40900000,40900000,1000000,1000000,12000000,12000000,0,0,12000000,12000000,15900000,15900000,27900000,27900000,1000010,10000010,1000000,1000000,10,9000010
886,647806000,647806000,1000000,1000000,2000000,2000000,634506000,634506000,2000000,2000000,8300000,8300000,10300000,10300000,13300000,13300000,1000000,1000000,2000000,2000000,0,0,2000000,2000000,8300000,8300000,10300000,10300000,1000010,8000020,1000000,1000000,10,7000020
916,696006000,734606000,1000000,1000000,19000000,19000000,634506000,634506000,19000000,80000000,22500000,100000,41500000,80100000,61500000,100100000,1000000,1000000,19000000,19000000,0,0,19000000,80000000,22500000,100000,41500000,80100000,1000010,63000010,1000000,1000000,10,62000010
946,676506000,683606000,1000000,1000000,8000000,9000000,634506000,634506000,9000000,39000000,24000000,100000,33000000,39100000,42000000,49100000,1000000,1000000,8000000,9000000,0,0,9000000,39000000,24000000,100000,33000000,39100000,1000010,46000040,1000000,1000000,10,45000040
976,733806000,7785372000,1000000,1000000,9000000,81000000,634506000,7614072000,81000000,81000000,8300000,8300000,89300000,89300000,99300000,171300000,1000000,1000000,9000000,81000000,0,0,81000000,81000000,8300000,8300000,89300000,89300000,1000010,53000050,1000000,1000000,10,52000050
1006,661806000,5104348000,1000000,1000000,12000000,13000000,634506000,5076048000,13000000,13000000,1300000,1300000,14300000,14300000,27300000,28300000,1000000,1000000,12000000,13000000,0,0,13000000,13000000,1300000,1300000,14300000,14300000,1000010,1000000,1000000,1000000,10,0
1036,755106000,2666624000,1000000,1000000,43000000,51000000,634506000,2538024000,47000000,47000000,29600000,29600000,76600000,76600000,120600000,128600000,1000000,1000000,43000000,51000000,0,0,47000000,47000000,29600000,29600000,76600000,76600000,1000010,37000050,1000000,1000000,10,36000050
1066,674906000,3848436000,1000000,1000000,19000000,20000000,634506000,3807036000,20000000,20000000,400000,400000,20400000,20400000,40400000,41400000,1000000,1000000,19000000,20000000,0,0,20000000,20000000,400000,400000,20400000,20400000,1000010,1000000,1000000,1000000,10,0
1096,639306000,3812836000,1000000,1000000,0,1000000,634506000,3807036000,1000000,1000000,2800000,2800000,3800000,3800000,4800000,5800000,1000000,1000000,0,1000000,0,0,1000000,1000000,2800000,2800000,3800000,3800000,1000010,1000000,1000000,1000000,10,0
1126,667806000,3846336000,1000000,1000000,7000000,13000000,634506000,3807036000,13000000,13000000,12300000,12300000,25300000,25300000,33300000,39300000,1000000,1000000,7000000,13000000,0,0,13000000,13000000,12300000,12300000,25300000,25300000,1000010,11000030,1000000,1000000,10,10000030
1156,644506000,1280012000,1000000,1000000,9000000,10000000,634506000,1269012000,0,0,0,0,0,0,10000000,11000000,1000000,1000000,9000000,10000000,0,0,0,0,0,0,0,0,1000010,1000000,1000000,1000000,10,0
1186,652606000,3191630000,1000000,1000000,8000000,9000000,634506000,3172530000,9000000,9000000,100000,100000,9100000,9100000,18100000,19100000,1000000,1000000,8000000,9000000,0,0,9000000,9000000,100000,100000,9100000,9100000,1000010,1000000,1000000,1000000,10,0
1216,675606000,2581124000,1000000,1000000,17000000,19000000,634506000,2538024000,19000000,19000000,4100000,4100000,23100000,23100000,41100000,43100000,1000000,1000000,17000000,19000000,0,0,19000000,19000000,4100000,4100000,23100000,23100000,1000010,1000000,1000000,1000000,10,0
1246,643506000,1279012000,1000000,1000000,8000000,9000000,634506000,1269012000,0,0,0,0,0,0,9000000,10000000,1000000,1000000,8000000,9000000,0,0,0,0,0,0,0,0,1000010,1000000,1000000,1000000,10,0
1276,662906000,1299412000,1000000,1000000,9000000,11000000,634506000,1269012000,11000000,11000000,7400000,7400000,18400000,18400000,28400000,30400000,1000000,1000000,9000000,11000000,0,0,11000000,11000000,7400000,7400000,18400000,18400000,1000010,1000000,1000000,1000000,10,0
17,702506000,721506000,1000000,1000000,19000000,38000000,634506000,634506000,38000000,38000000,10000000,10000000,48000000,48000000,68000000,87000000,1000000,1000000,19000000,38000000,0,0,38000000,38000000,10000000,10000000,48000000,48000000,1000010,20000030,1000000,1000000,10,19000030
47,682606000,735406000,1000000,1000000,15000000,17000000,634506000,634506000,17000000,81000000,15100000,1900000,32100000,82900000,48100000,100900000,1000000,1000000,15000000,17000000,0,0,17000000,81000000,15100000,1900000,32100000,82900000,1000010,65000010,1000000,1000000,10,64000010
77,679706000,704706000,1000000,1000000,10000000,11000000,634506000,634506000,11000000,58000000,23200000,200000,34200000,58200000,45200000,70200000,1000000,1000000,10000000,11000000,0,0,11000000,58000000,23200000,200000,34200000,58200000,1000010,69000040,1000000,1000000,10,68000040
107,678006000,738706000,1000000,1000000,18000000,18000000,634506000,634506000,18000000,85000000,6500000,200000,24500000,85200000,43500000,104200000,1000000,1000000,18000000,18000000,0,0,18000000,85000000,6500000,200000,24500000,85200000,1000010,69000020,1000000,1000000,10,68000020
137,653306000,653306000,1000000,1000000,1000000,1000000,634506000,634506000,1000000,1000000,15800000,15800000,16800000,16800000,18800000,18800000,1000000,1000000,1000000,1000000,0,0,1000000,1000000,15800000,15800000,16800000,16800000,1000010,13000030,1000000,1000000,10,12000030
167,696106000,712606000,1000000,1000000,20000000,20000000,634506000,634506000,20000000,57000000,20600000,100000,40600000,57100000,61600000,78100000,1000000,1000000,20000000,20000000,0,0,20000000,57000000,20600000,100000,40600000,57100000,1000010,52000030,1000000,1000000,10,51000030
197,696106000,712606000,1000000,1000000,20000000,20000000,634506000,634506000,20000000,57000000,20600000,100000,40600000,57100000,61600000,78100000,1000000,1000000,20000000,20000000,0,0,20000000,57000000,20600000,100000,40600000,57100000,1000010,52000030,1000000,1000000,10,51000030
227,665706000,693606000,1000000,1000000,9000000,19000000,634506000,634506000,19000000,39000000,2200000,100000,21200000,39100000,31200000,59100000,1000000,1000000,9000000,19000000,0,0,19000000,39000000,2200000,100000,21200000,39100000,1000010,24000020,1000000,1000000,10,23000020
257,668606000,669606000,1000000,1000000,8000000,9000000,634506000,634506000,9000000,9000000,16100000,16100000,25100000,25100000,34100000,35100000,1000000,1000000,8000000,9000000,0,0,9000000,9000000,16100000,16100000,25100000,25100000,1000010,12000010,1000000,1000000,10,11000010
287,670106000,670106000,1000000,1000000,9000000,9000000,634506000,634506000,9000000,9000000,16600000,16600000,25600000,25600000,35600000,35600000,1000000,1000000,9000000,9000000,0,0,9000000,9000000,16600000,16600000,25600000,25600000,1000010,17000040,1000000,1000000,10,16000040
317,665406000,718806000,1000000,1000000,8000000,9000000,634506000,634506000,9000000,74000000,12900000,300000,21900000,74300000,30900000,84300000,1000000,1000000,8000000,9000000,0,0,9000000,74000000,12900000,300000,21900000,74300000,1000010,74000040,1000000,1000000,10,73000040
347,652606000,653606000,1000000,1000000,8000000,9000000,634506000,634506000,9000000,9000000,100000,100000,9100000,9100000,18100000,19100000,1000000,1000000,8000000,9000000,0,0,9000000,9000000,100000,100000,9100000,9100000,1000010,2000010,1000000,1000000,10,1000010
377,666506000,666506000,1000000,1000000,9000000,9000000,634506000,634506000,9000000,9000000,13000000,13000000,22000000,22000000,32000000,32000000,1000000,1000000,9000000,9000000,0,0,9000000,9000000,13000000,13000000,22000000,22000000,1000010,17000030,1000000,1000000,10,16000030
407,691306000,692306000,1000000,1000000,12000000,13000000,634506000,634506000,13000000,13000000,30800000,30800000,43800000,43800000,56800000,57800000,1000000,1000000,12000000,13000000,0,0,13000000,13000000,30800000,30800000,43800000,43800000,1000010,3000010,1000000,1000000,10,2000010
437,690206000,733706000,1000000,1000000,11000000,13000000,634506000,634506000,13000000,85000000,30700000,200000,43700000,85200000,55700000,99200000,1000000,1000000,11000000,13000000,0,0,13000000,85000000,30700000,200000,43700000,85200000,1000010,97000050,1000000,1000000,10,96000050
467,666906000,683606000,1000000,1000000,11000000,11000000,634506000,634506000,11000000,37000000,9400000,100000,20400000,37100000,32400000,49100000,1000000,1000000,11000000,11000000,0,0,11000000,37000000,9400000,100000,20400000,37100000,1000010,34000020,1000000,1000000,10,33000020
497,672506000,676506000,1000000,1000000,37000000,41000000,634506000,634506000,0,0,0,0,0,0,38000000,42000000,1000000,1000000,37000000,41000000,0,0,0,0,0,0,0,0,1000010,1000000,1000000,1000000,10,0
527,669806000,736506000,1000000,1000000,9000000,18000000,634506000,634506000,18000000,80000000,7300000,3000000,25300000,83000000,35300000,102000000,1000000,1000000,9000000,18000000,0,0,18000000,80000000,7300000,3000000,25300000,83000000,1000010,63000010,1000000,1000000,10,62000010
557,672406000,673406000,1000000,1000000,7000000,8000000,634506000,634506000,8000000,8000000,21900000,21900000,29900000,29900000,37900000,38900000,1000000,1000000,7000000,8000000,0,0,8000000,8000000,21900000,21900000,29900000,29900000,1000010,23000030,1000000,1000000,10,22000030
587,730806000,730806000,1000000,1000000,47000000,47000000,634506000,634506000,47000000,47000000,1300000,1300000,48300000,48300000,96300000,96300000,1000000,1000000,47000000,47000000,0,0,47000000,47000000,1300000,1300000,48300000,48300000,1000010,38000030,1000000,1000000,10,37000030
617,674006000,683606000,1000000,1000000,10000000,10000000,634506000,634506000,10000000,38000000,18500000,100000,28500000,38100000,39500000,49100000,1000000,1000000,10000000,10000000,0,0,10000000,38000000,18500000,100000,28500000,38100000,1000010,43000020,1000000,1000000,10,42000020
647,674006000,683606000,1000000,1000000,10000000,10000000,634506000,634506000,10000000,38000000,18500000,100000,28500000,38100000,39500000,49100000,1000000,1000000,10000000,10000000,0,0,10000000,38000000,18500000,100000,28500000,38100000,1000010,43000020,1000000,1000000,10,42000020
677,658206000,658206000,1000000,1000000,6000000,6000000,634506000,634506000,6000000,6000000,10700000,10700000,16700000,16700000,23700000,23700000,1000000,1000000,6000000,6000000,0,0,6000000,6000000,10700000,10700000,16700000,16700000,1000010,11000010,1000000,1000000,10,10000010
707,696506000,697506000,1000000,1000000,17000000,18000000,634506000,634506000,18000000,18000000,26000000,26000000,44000000,44000000,62000000,63000000,1000000,1000000,17000000,18000000,0,0,18000000,18000000,26000000,26000000,44000000,44000000,1000010,22000010,1000000,1000000,10,21000010
737,641506000,643506000,1000000,1000000,6000000,8000000,634506000,634506000,0,0,0,0,0,0,7000000,9000000,1000000,1000000,6000000,8000000,0,0,0,0,0,0,0,0,1000010,1000000,1000000,1000000,10,0
767,644806000,656606000,1000000,1000000,1000000,1000000,634506000,634506000,1000000,20000000,7300000,100000,8300000,20100000,10300000,22100000,1000000,1000000,1000000,1000000,0,0,1000000,20000000,7300000,100000,8300000,20100000,1000010,21000030,1000000,1000000,10,20000030
797,671206000,694606000,1000000,1000000,1000000,2000000,634506000,634506000,2000000,57000000,32700000,100000,34700000,57100000,36700000,60100000,1000000,1000000,1000000,2000000,0,0,2000000,57000000,32700000,100000,34700000,57100000,1000010,59000030,1000000,1000000,10,58000030
827,657906000,717706000,1000000,1000000,0,1000000,634506000,634506000,1000000,81000000,21400000,200000,22400000,81200000,23400000,83200000,1000000,1000000,0,1000000,0,0,1000000,81000000,21400000,200000,22400000,81200000,1000010,82000030,1000000,1000000,10,81000030
857,684006000,685006000,1000000,1000000,12000000,13000000,634506000,634506000,13000000,13000000,23500000,23500000,36500000,36500000,49500000,50500000,1000000,1000000,12000000,13000000,0,0,13000000,13000000,23500000,23500000,36500000,36500000,1000010,10000010,1000000,1000000,10,9000010
887,661006000,662606000,1000000,1000000,9000000,9000000,634506000,634506000,9000000,18000000,7500000,100000,16500000,18100000,26500000,28100000,1000000,1000000,9000000,9000000,0,0,9000000,18000000,7500000,100000,16500000,18100000,1000010,27000030,1000000,1000000,10,26000030
917,691106000,734606000,1000000,1000000,18000000,19000000,634506000,634506000,18000000,80000000,19600000,100000,37600000,80100000,56600000,100100000,1000000,1000000,18000000,19000000,0,0,18000000,80000000,19600000,100000,37600000,80100000,1000010,63000010,1000000,1000000,10,62000010
947,665206000,681606000,1000000,1000000,8000000,8000000,634506000,634506000,8000000,38000000,13700000,100000,21700000,38100000,30700000,47100000,1000000,1000000,8000000,8000000,0,0,8000000,38000000,13700000,100000,21700000,38100000,1000010,45000030,1000000,1000000,10,44000030
977,684106000,17229862000,1000000,1000000,7000000,17000000,634506000,17131662000,11000000,80000000,30600000,200000,41600000,80200000,49600000,98200000,1000000,1000000,7000000,17000000,0,0,11000000,80000000,30600000,200000,41600000,80200000,1000010,66000030,1000000,1000000,10,65000030
1007,685406000,15936850000,1000000,1000000,8000000,15000000,634506000,15862650000,13000000,58000000,28900000,200000,41900000,58200000,50900000,74200000,1000000,1000000,8000000,15000000,0,0,13000000,58000000,28900000,200000,41900000,58200000,1000010,67000040,1000000,1000000,10,66000040
1037,725806000,1364212000,1000000,1000000,43000000,46000000,634506000,1269012000,46000000,48000000,1300000,200000,47300000,48200000,91300000,95200000,1000000,1000000,43000000,46000000,0,0,46000000,48000000,1300000,200000,47300000,48200000,1000010,37000050,1000000,1000000,10,36000050
1067,674906000,3848436000,1000000,1000000,19000000,20000000,634506000,3807036000,20000000,20000000,400000,400000,20400000,20400000,40400000,41400000,1000000,1000000,19000000,20000000,0,0,20000000,20000000,400000,400000,20400000,20400000,1000010,1000000,1000000,1000000,10,0
1097,654306000,13407726000,1000000,1000000,0,9000000,634506000,13324626000,8000000,73000000,10800000,100000,18800000,73100000,19800000,83100000,1000000,1000000,0,9000000,0,0,8000000,73000000,10800000,100000,18800000,73100000,1000010,74000040,1000000,1000000,10,73000040
1127,660006000,1373312000,1000000,1000000,4000000,18000000,634506000,1269012000,17000000,85000000,3500000,300000,20500000,85300000,25500000,104300000,1000000,1000000,4000000,18000000,0,0,17000000,85000000,3500000,300000,20500000,85300000,1000010,69000020,1000000,1000000,10,68000020
1157,645506000,647506000,1000000,1000000,10000000,12000000,634506000,634506000,0,0,0,0,0,0,11000000,13000000,1000000,1000000,10000000,12000000,0,0,0,0,0,0,0,0,1000010,1000000,1000000,1000000,10,0
1187,652606000,3191630000,1000000,1000000,8000000,9000000,634506000,3172530000,9000000,9000000,100000,100000,9100000,9100000,18100000,19100000,1000000,1000000,8000000,9000000,0,0,9000000,9000000,100000,100000,9100000,9100000,1000010,1000000,1000000,1000000,10,0
1217,653506000,654506000,1000000,1000000,18000000,19000000,634506000,634506000,0,0,0,0,0,0,19000000,20000000,1000000,1000000,18000000,19000000,0,0,0,0,0,0,0,0,1000010,1000000,1000000,1000000,10,0
1247,655506000,656506000,1000000,1000000,20000000,21000000,634506000,634506000,0,0,0,0,0,0,21000000,22000000,1000000,1000000,20000000,21000000,0,0,0,0,0,0,0,0,1000010,1000000,1000000,1000000,10,0
1277,644506000,1280012000,1000000,1000000,9000000,10000000,634506000,1269012000,0,0,0,0,0,0,10000000,11000000,1000000,1000000,9000000,10000000,0,0,0,0,0,0,0,0,1000010,1000000,1000000,1000000,10,0
18,685506000,693906000,1000000,1000000,19000000,20000000,634506000,634506000,20000000,38000000,11000000,400000,31000000,38400000,51000000,59400000,1000000,1000000,19000000,20000000,0,0,20000000,38000000,11000000,400000,31000000,38400000,1000010,24000020,1000000,1000000,10,23000020
48,742006000,806006000,1000000,1000000,17000000,81000000,634506000,634506000,81000000,81000000,8500000,8500000,89500000,89500000,107500000,171500000,1000000,1000000,17000000,81000000,0,0,81000000,81000000,8500000,8500000,89500000,89500000,1000010,69000020,1000000,1000000,10,68000020
78,680606000,705606000,1000000,1000000,10000000,12000000,634506000,634506000,12000000,58000000,23100000,100000,35100000,58100000,46100000,71100000,1000000,1000000,10000000,12000000,0,0,12000000,58000000,23100000,100000,35100000,58100000,1000010,69000040,1000000,1000000,10,68000040
108,688606000,710606000,1000000,1000000,18000000,18000000,634506000,634506000,18000000,57000000,17100000,100000,35100000,57100000,54100000,76100000,1000000,1000000,18000000,18000000,0,0,18000000,57000000,17100000,100000,35100000,57100000,1000010,48000020,1000000,1000000,10,47000020
138,653606000,653606000,1000000,1000000,1000000,1000000,634506000,634506000,1000000,1000000,16100000,16100000,17100000,17100000,19100000,19100000,1000000,1000000,1000000,1000000,0,0,1000000,1000000,16100000,16100000,17100000,17100000,1000010,13000030,1000000,1000000,10,12000030
168,679806000,679806000,1000000,1000000,20000000,20000000,634506000,634506000,20000000,20000000,4300000,4300000,24300000,24300000,45300000,45300000,1000000,1000000,20000000,20000000,0,0,20000000,20000000,4300000,4300000,24300000,24300000,1000010,2000010,1000000,1000000,10,1000010
198,683506000,712606000,1000000,1000000,19000000,20000000,634506000,634506000,19000000,57000000,10000000,100000,29000000,57100000,49000000,78100000,1000000,1000000,19000000,20000000,0,0,19000000,57000000,10000000,100000,29000000,57100000,1000010,52000030,1000000,1000000,10,51000030
228,702106000,703106000,1000000,1000000,19000000,20000000,634506000,634506000,20000000,20000000,27600000,27600000,47600000,47600000,67600000,68600000,1000000,1000000,19000000,20000000,0,0,20000000,20000000,27600000,27600000,47600000,47600000,1000010,23000010,1000000,1000000,10,22000010
258,679706000,729606000,1000000,1000000,8000000,9000000,634506000,634506000,9000000,85000000,27200000,100000,36200000,85100000,45200000,95100000,1000000,1000000,8000000,9000000,0,0,9000000,85000000,27200000,100000,36200000,85100000,1000010,86000050,1000000,1000000,10,85000050
288,671606000,671606000,1000000,1000000,9000000,9000000,634506000,634506000,9000000,9000000,18100000,18100000,27100000,27100000,37100000,37100000,1000000,1000000,9000000,9000000,0,0,9000000,9000000,18100000,18100000,27100000,27100000,1000010,17000040,1000000,1000000,10,16000040
318,649606000,665906000,1000000,1000000,0,8000000,634506000,634506000,8000000,20000000,6100000,2400000,14100000,22400000,15100000,31400000,1000000,1000000,0,8000000,0,0,8000000,20000000,6100000,2400000,14100000,22400000,1000010,13000020,1000000,1000000,10,12000020
348,652606000,653606000,1000000,1000000,8000000,9000000,634506000,634506000,9000000,9000000,100000,100000,9100000,9100000,18100000,19100000,1000000,1000000,8000000,9000000,0,0,9000000,9000000,100000,100000,9100000,9100000,1000010,2000010,1000000,1000000,10,1000010
378,660506000,666806000,1000000,1000000,9000000,10000000,634506000,634506000,10000000,20000000,6000000,1300000,16000000,21300000,26000000,32300000,1000000,1000000,9000000,10000000,0,0,10000000,20000000,6000000,1300000,16000000,21300000,1000010,13000020,1000000,1000000,10,12000020
408,691306000,692306000,1000000,1000000,12000000,13000000,634506000,634506000,13000000,13000000,30800000,30800000,43800000,43800000,56800000,57800000,1000000,1000000,12000000,13000000,0,0,13000000,13000000,30800000,30800000,43800000,43800000,1000010,3000010,1000000,1000000,10,2000010
438,675506000,676506000,1000000,1000000,11000000,12000000,634506000,634506000,12000000,12000000,17000000,17000000,29000000,29000000,41000000,42000000,1000000,1000000,11000000,12000000,0,0,12000000,12000000,17000000,17000000,29000000,29000000,1000010,27000040,1000000,1000000,10,26000040
468,666906000,683606000,1000000,1000000,11000000,11000000,634506000,634506000,11000000,37000000,9400000,100000,20400000,37100000,32400000,49100000,1000000,1000000,11000000,11000000,0,0,11000000,37000000,9400000,100000,20400000,37100000,1000010,34000020,1000000,1000000,10,33000020
498,709106000,738106000,1000000,1000000,8000000,37000000,634506000,634506000,37000000,37000000,28600000,28600000,65600000,65600000,74600000,103600000,1000000,1000000,8000000,37000000,0,0,37000000,37000000,28600000,28600000,65600000,65600000,1000010,29000050,1000000,1000000,10,28000050
528,694506000,694506000,1000000,1000000,18000000,18000000,634506000,634506000,18000000,18000000,23000000,23000000,41000000,41000000,60000000,60000000,1000000,1000000,18000000,18000000,0,0,18000000,18000000,23000000,23000000,41000000,41000000,1000010,27000040,1000000,1000000,10,26000040
558,667106000,668106000,1000000,1000000,7000000,8000000,634506000,634506000,8000000,8000000,16600000,16600000,24600000,24600000,32600000,33600000,1000000,1000000,7000000,8000000,0,0,8000000,8000000,16600000,16600000,24600000,24600000,1000010,16000020,1000000,1000000,10,15000020
588,660806000,660806000,1000000,1000000,8000000,8000000,634506000,634506000,8000000,8000000,9300000,9300000,17300000,17300000,26300000,26300000,1000000,1000000,8000000,8000000,0,0,8000000,8000000,9300000,9300000,17300000,17300000,1000010,9000020,1000000,1000000,10,8000020
618,677706000,725606000,1000000,1000000,9000000,10000000,634506000,634506000,10000000,80000000,23200000,100000,33200000,80100000,43200000,91100000,1000000,1000000,9000000,10000000,0,0,10000000,80000000,23200000,100000,33200000,80100000,1000010,84000020,1000000,1000000,10,83000020
648,670106000,731706000,1000000,1000000,10000000,11000000,634506000,634506000,11000000,85000000,13600000,200000,24600000,85200000,35600000,97200000,1000000,1000000,10000000,11000000,0,0,11000000,85000000,13600000,200000,24600000,85200000,1000010,95000040,1000000,1000000,10,94000040
678,658206000,658206000,1000000,1000000,6000000,6000000,634506000,634506000,6000000,6000000,10700000,10700000,16700000,16700000,23700000,23700000,1000000,1000000,6000000,6000000,0,0,6000000,6000000,10700000,10700000,16700000,16700000,1000010,11000010,1000000,1000000,10,10000010
708,687706000,691606000,1000000,1000000,17000000,18000000,634506000,634506000,18000000,38000000,17200000,100000,35200000,38100000,53200000,57100000,1000000,1000000,17000000,18000000,0,0,18000000,38000000,17200000,100000,35200000,38100000,1000010,22000010,1000000,1000000,10,21000010
738,650106000,684706000,1000000,1000000,0,5000000,634506000,634506000,5000000,44000000,9600000,200000,14600000,44200000,15600000,50200000,1000000,1000000,0,5000000,0,0,5000000,44000000,9600000,200000,14600000,44200000,1000010,45000050,1000000,1000000,10,44000050
768,644806000,656606000,1000000,1000000,1000000,1000000,634506000,634506000,1000000,20000000,7300000,100000,8300000,20100000,10300000,22100000,1000000,1000000,1000000,1000000,0,0,1000000,20000000,7300000,100000,8300000,20100000,1000010,21000030,1000000,1000000,10,20000030
798,661306000,694606000,1000000,1000000,1000000,2000000,634506000,634506000,2000000,57000000,22800000,100000,24800000,57100000,26800000,60100000,1000000,1000000,1000000,2000000,0,0,2000000,57000000,22800000,100000,24800000,57100000,1000010,59000030,1000000,1000000,10,58000030
828,657606000,717706000,1000000,1000000,0,1000000,634506000,634506000,1000000,81000000,21100000,200000,22100000,81200000,23100000,83200000,1000000,1000000,0,1000000,0,0,1000000,81000000,21100000,200000,22100000,81200000,1000010,82000030,1000000,1000000,10,81000030
858,671306000,672306000,1000000,1000000,12000000,13000000,634506000,634506000,13000000,13000000,10800000,10800000,23800000,23800000,36800000,37800000,1000000,1000000,12000000,13000000,0,0,13000000,13000000,10800000,10800000,23800000,23800000,1000010,10000010,1000000,1000000,10,9000010
888,686806000,703606000,1000000,1000000,9000000,11000000,634506000,634506000,11000000,57000000,31300000,100000,42300000,57100000,52300000,69100000,1000000,1000000,9000000,11000000,0,0,11000000,57000000,31300000,100000,42300000,57100000,1000010,67000040,1000000,1000000,10,66000040
918,691106000,734606000,1000000,1000000,18000000,19000000,634506000,634506000,18000000,80000000,19600000,100000,37600000,80100000,56600000,100100000,1000000,1000000,18000000,19000000,0,0,18000000,80000000,19600000,100000,37600000,80100000,1000010,63000010,1000000,1000000,10,62000010
948,668906000,684606000,1000000,1000000,12000000,12000000,634506000,634506000,12000000,37000000,9400000,100000,21400000,37100000,34400000,50100000,1000000,1000000,12000000,12000000,0,0,12000000,37000000,9400000,100000,21400000,37100000,1000010,35000030,1000000,1000000,10,34000030
978,694306000,14684438000,1000000,1000000,8000000,39000000,634506000,14593638000,20000000,20000000,30800000,30800000,50800000,50800000,59800000,90800000,1000000,1000000,8000000,39000000,0,0,20000000,20000000,30800000,30800000,50800000,50800000,1000010,9000020,1000000,1000000,10,8000020
1008,652506000,653506000,1000000,1000000,17000000,18000000,634506000,634506000,0,0,0,0,0,0,18000000,19000000,1000000,1000000,17000000,18000000,0,0,0,0,0,0,0,0,1000010,1000000,1000000,1000000,10,0
1038,727706000,1999718000,1000000,1000000,44000000,47000000,634506000,1903518000,47000000,47000000,1200000,1200000,48200000,48200000,93200000,96200000,1000000,1000000,44000000,47000000,0,0,47000000,47000000,1200000,1200000,48200000,48200000,1000010,35000020,1000000,1000000,10,34000020
1068,674906000,3848436000,1000000,1000000,19000000,20000000,634506000,3807036000,20000000,20000000,400000,400000,20400000,20400000,40400000,41400000,1000000,1000000,19000000,20000000,0,0,20000000,20000000,400000,400000,20400000,20400000,1000010,1000000,1000000,1000000,10,0
1098,661306000,7705272000,1000000,1000000,0,9000000,634506000,7614072000,9000000,81000000,16800000,200000,25800000,81200000,26800000,91200000,1000000,1000000,0,9000000,0,0,9000000,81000000,16800000,200000,25800000,81200000,1000010,82000030,1000000,1000000,10,81000030
1128,681006000,3273430000,1000000,1000000,0,17000000,634506000,3172530000,16000000,81000000,29500000,1900000,45500000,82900000,46500000,100900000,1000000,1000000,0,17000000,0,0,16000000,81000000,29500000,1900000,45500000,82900000,1000010,65000010,1000000,1000000,10,64000010
1158,644506000,1280012000,1000000,1000000,9000000,10000000,634506000,1269012000,0,0,0,0,0,0,10000000,11000000,1000000,1000000,9000000,10000000,0,0,0,0,0,0,0,0,1000010,1000000,1000000,1000000,10,0
1188,646706000,3185730000,1000000,1000000,5000000,6000000,634506000,3172530000,6000000,6000000,200000,200000,6200000,6200000,12200000,13200000,1000000,1000000,5000000,6000000,0,0,6000000,6000000,200000,200000,6200000,6200000,1000010,1000000,1000000,1000000,10,0
1218,640506000,1276012000,1000000,1000000,5000000,6000000,634506000,1269012000,0,0,0,0,0,0,6000000,7000000,1000000,1000000,5000000,6000000,0,0,0,0,0,0,0,0,1000010,1000000,1000000,1000000,10,0
1248,642506000,1912518000,1000000,1000000,7000000,8000000,634506000,1903518000,0,0,0,0,0,0,8000000,9000000,1000000,1000000,7000000,8000000,0,0,0,0,0,0,0,0,1000010,1000000,1000000,1000000,10,0
1278,663106000,3861436000,1000000,1000000,7000000,9000000,634506000,3807036000,9000000,44000000,11600000,400000,20600000,44400000,28600000,54400000,1000000,1000000,7000000,9000000,0,0,9000000,44000000,11600000,400000,20600000,44400000,1000010,38000040,1000000,1000000,10,37000040
19,699406000,700406000,1000000,1000000,19000000,20000000,634506000,634506000,20000000,20000000,24900000,24900000,44900000,44900000,64900000,65900000,1000000,1000000,19000000,20000000,0,0,20000000,20000000,24900000,24900000,44900000,44900000,1000010,23000010,1000000,1000000,10,22000010
49,666206000,691706000,1000000,1000000,9000000,17000000,634506000,634506000,17000000,39000000,4700000,200000,21700000,39200000,31700000,57200000,1000000,1000000,9000000,17000000,0,0,17000000,39000000,4700000,200000,21700000,39200000,1000010,33000040,1000000,1000000,10,32000040
79,705406000,706406000,1000000,1000000,19000000,20000000,634506000,634506000,20000000,20000000,30900000,30900000,50900000,50900000,70900000,71900000,1000000,1000000,19000000,20000000,0,0,20000000,20000000,30900000,30900000,50900000,50900000,1000010,24000020,1000000,1000000,10,23000020
109,684306000,694306000,1000000,1000000,17000000,18000000,634506000,634506000,17000000,38000000,14800000,2800000,31800000,40800000,49800000,59800000,1000000,1000000,17000000,18000000,0,0,17000000,38000000,14800000,2800000,31800000,40800000,1000010,23000040,1000000,1000000,10,22000040
139,648306000,649606000,1000000,1000000,1000000,1000000,634506000,634506000,1000000,13000000,10800000,100000,11800000,13100000,13800000,15100000,1000000,1000000,1000000,1000000,0,0,1000000,13000000,10800000,100000,11800000,13100000,1000010,13000030,1000000,1000000,10,12000030
169,696506000,697506000,1000000,1000000,19000000,20000000,634506000,634506000,20000000,20000000,22000000,22000000,42000000,42000000,62000000,63000000,1000000,1000000,19000000,20000000,0,0,20000000,20000000,22000000,22000000,42000000,42000000,1000010,23000010,1000000,1000000,10,22000010
199,693106000,712706000,1000000,1000000,20000000,20000000,634506000,634506000,20000000,57000000,17600000,200000,37600000,57200000,58600000,78200000,1000000,1000000,20000000,20000000,0,0,20000000,57000000,17600000,200000,37600000,57200000,1000010,51000040,1000000,1000000,10,50000040
229,670306000,680306000,1000000,1000000,9000000,19000000,634506000,634506000,19000000,19000000,6800000,6800000,25800000,25800000,35800000,45800000,1000000,1000000,9000000,19000000,0,0,19000000,19000000,6800000,6800000,25800000,25800000,1000010,7000030,1000000,1000000,10,6000030
259,674406000,675406000,1000000,1000000,8000000,9000000,634506000,634506000,9000000,9000000,21900000,21900000,30900000,30900000,39900000,40900000,1000000,1000000,8000000,9000000,0,0,9000000,9000000,21900000,21900000,30900000,30900000,1000010,17000040,1000000,1000000,10,16000040
289,670706000,670706000,1000000,1000000,9000000,9000000,634506000,634506000,9000000,9000000,17200000,17200000,26200000,26200000,36200000,36200000,1000000,1000000,9000000,9000000,0,0,9000000,9000000,17200000,17200000,26200000,26200000,1000010,17000040,1000000,1000000,10,16000040
319,678706000,679706000,1000000,1000000,8000000,9000000,634506000,634506000,9000000,9000000,26200000,26200000,35200000,35200000,44200000,45200000,1000000,1000000,8000000,9000000,0,0,9000000,9000000,26200000,26200000,35200000,35200000,1000010,18000030,1000000,1000000,10,17000030
349,652606000,653606000,1000000,1000000,8000000,9000000,634506000,634506000,9000000,9000000,100000,100000,9100000,9100000,18100000,19100000,1000000,1000000,8000000,9000000,0,0,9000000,9000000,100000,100000,9100000,9100000,1000010,2000010,1000000,1000000,10,1000010
379,666506000,666506000,1000000,1000000,9000000,9000000,634506000,634506000,9000000,9000000,13000000,13000000,22000000,22000000,32000000,32000000,1000000,1000000,9000000,9000000,0,0,9000000,9000000,13000000,13000000,22000000,22000000,1000010,17000030,1000000,1000000,10,16000030
409,679006000,679006000,1000000,1000000,13000000,13000000,634506000,634506000,13000000,13000000,17500000,17500000,30500000,30500000,44500000,44500000,1000000,1000000,13000000,13000000,0,0,13000000,13000000,17500000,17500000,30500000,30500000,1000010,3000010,1000000,1000000,10,2000010
439,675606000,675606000,1000000,1000000,11000000,11000000,634506000,634506000,11000000,11000000,18100000,18100000,29100000,29100000,41100000,41100000,1000000,1000000,11000000,11000000,0,0,11000000,11000000,18100000,18100000,29100000,29100000,1000010,27000040,1000000,1000000,10,26000040
469,666906000,684606000,1000000,1000000,11000000,12000000,634506000,634506000,12000000,37000000,8400000,100000,20400000,37100000,32400000,50100000,1000000,1000000,11000000,12000000,0,0,12000000,37000000,8400000,100000,20400000,37100000,1000010,34000020,1000000,1000000,10,33000020
499,714906000,722706000,1000000,1000000,38000000,40000000,634506000,634506000,40000000,47000000,1400000,200000,41400000,47200000,80400000,88200000,1000000,1000000,38000000,40000000,0,0,40000000,47000000,1400000,200000,41400000,47200000,1000010,12000030,1000000,1000000,10,11000030
529,685206000,733606000,1000000,1000000,18000000,18000000,634506000,634506000,18000000,80000000,13700000,100000,31700000,80100000,50700000,99100000,1000000,1000000,18000000,18000000,0,0,18000000,80000000,13700000,100000,31700000,80100000,1000010,63000010,1000000,1000000,10,62000010
559,672406000,673406000,1000000,1000000,7000000,8000000,634506000,634506000,8000000,8000000,21900000,21900000,29900000,29900000,37900000,38900000,1000000,1000000,7000000,8000000,0,0,8000000,8000000,21900000,21900000,29900000,29900000,1000010,23000030,1000000,1000000,10,22000030
589,681706000,682706000,1000000,1000000,7000000,8000000,634506000,634506000,8000000,8000000,31200000,31200000,39200000,39200000,47200000,48200000,1000000,1000000,7000000,8000000,0,0,8000000,8000000,31200000,31200000,39200000,39200000,1000010,27000040,1000000,1000000,10,26000040
619,666406000,666406000,1000000,1000000,9000000,9000000,634506000,634506000,9000000,9000000,12900000,12900000,21900000,21900000,31900000,31900000,1000000,1000000,9000000,9000000,0,0,9000000,9000000,12900000,12900000,21900000,21900000,1000010,26000040,1000000,1000000,10,25000040
649,668606000,683606000,1000000,1000000,10000000,10000000,634506000,634506000,10000000,38000000,13100000,100000,23100000,38100000,34100000,49100000,1000000,1000000,10000000,10000000,0,0,10000000,38000000,13100000,100000,23100000,38100000,1000010,43000020,1000000,1000000,10,42000020
679,658206000,658206000,1000000,1000000,6000000,6000000,634506000,634506000,6000000,6000000,10700000,10700000,16700000,16700000,23700000,23700000,1000000,1000000,6000000,6000000,0,0,6000000,6000000,10700000,10700000,16700000,16700000,1000010,11000010,1000000,1000000,10,10000010
709,696506000,697506000,1000000,1000000,17000000,18000000,634506000,634506000,18000000,18000000,26000000,26000000,44000000,44000000,62000000,63000000,1000000,1000000,17000000,18000000,0,0,18000000,18000000,26000000,26000000,44000000,44000000,1000010,22000010,1000000,1000000,10,21000010
739,665106000,721606000,1000000,1000000,5000000,6000000,634506000,634506000,6000000,80000000,18600000,100000,24600000,80100000,30600000,87100000,1000000,1000000,5000000,6000000,0,0,6000000,80000000,18600000,100000,24600000,80100000,1000010,83000040,1000000,1000000,10,82000040
769,644506000,656606000,1000000,1000000,1000000,1000000,634506000,634506000,1000000,20000000,7000000,100000,8000000,20100000,10000000,22100000,1000000,1000000,1000000,1000000,0,0,1000000,20000000,7000000,100000,8000000,20100000,1000010,21000030,1000000,1000000,10,20000030
799,651306000,654106000,1000000,1000000,0,1000000,634506000,634506000,1000000,17000000,14800000,600000,15800000,17600000,16800000,19600000,1000000,1000000,0,1000000,0,0,1000000,17000000,14800000,600000,15800000,17600000,1000010,18000020,1000000,1000000,10,17000020
829,657906000,717706000,1000000,1000000,0,1000000,634506000,634506000,1000000,81000000,21400000,200000,22400000,81200000,23400000,83200000,1000000,1000000,0,1000000,0,0,1000000,81000000,21400000,200000,22400000,81200000,1000010,82000030,1000000,1000000,10,81000030
859,683906000,684906000,1000000,1000000,12000000,13000000,634506000,634506000,13000000,13000000,23400000,23400000,36400000,36400000,49400000,50400000,1000000,1000000,12000000,13000000,0,0,13000000,13000000,23400000,23400000,36400000,36400000,1000010,10000010,1000000,1000000,10,9000010
889,672506000,672506000,1000000,1000000,9000000,9000000,634506000,634506000,9000000,9000000,19000000,19000000,28000000,28000000,38000000,38000000,1000000,1000000,9000000,9000000,0,0,9000000,9000000,19000000,19000000,28000000,28000000,1000010,29000040,1000000,1000000,10,28000040
919,691106000,734606000,1000000,1000000,18000000,19000000,634506000,634506000,18000000,80000000,19600000,100000,37600000,80100000,56600000,100100000,1000000,1000000,18000000,19000000,0,0,18000000,80000000,19600000,100000,37600000,80100000,1000010,63000010,1000000,1000000,10,62000010
949,673506000,685706000,1000000,1000000,11000000,12000000,634506000,634506000,12000000,38000000,15000000,200000,27000000,38200000,39000000,51200000,1000000,1000000,11000000,12000000,0,0,12000000,38000000,15000000,200000,27000000,38200000,1000010,45000030,1000000,1000000,10,44000030
979,673906000,4547942000,1000000,1000000,11000000,20000000,634506000,4441542000,18000000,85000000,9400000,400000,27400000,85400000,39400000,106400000,1000000,1000000,11000000,20000000,0,0,18000000,85000000,9400000,400000,27400000,85400000,1000010,74000030,1000000,1000000,10,73000030
1009,652606000,3191630000,1000000,1000000,8000000,9000000,634506000,3172530000,9000000,9000000,100000,100000,9100000,9100000,18100000,19100000,1000000,1000000,8000000,9000000,0,0,9000000,9000000,100000,100000,9100000,9100000,1000010,1000000,1000000,1000000,10,0
1039,681506000,686506000,1000000,1000000,46000000,51000000,634506000,634506000,0,0,0,0,0,0,47000000,52000000,1000000,1000000,46000000,51000000,0,0,0,0,0,0,0,0,1000010,1000000,1000000,1000000,10,0
1069,654506000,1924518000,1000000,1000000,19000000,20000000,634506000,1903518000,0,0,0,0,0,0,20000000,21000000,1000000,1000000,19000000,20000000,0,0,0,0,0,0,0,0,1000010,1000000,1000000,1000000,10,0
1099,661906000,15329444000,1000000,1000000,0,17000000,634506000,15228144000,17000000,81000000,9400000,2300000,26400000,83300000,27400000,101300000,1000000,1000000,0,17000000,0,0,17000000,81000000,9400000,2300000,26400000,83300000,1000010,66000040,1000000,1000000,10,65000040
1129,739106000,1437612000,1000000,1000000,17000000,81000000,634506000,1269012000,81000000,81000000,5600000,5600000,86600000,86600000,104600000,168600000,1000000,1000000,17000000,81000000,0,0,81000000,81000000,5600000,5600000,86600000,86600000,1000010,69000020,1000000,1000000,10,68000020
1159,644506000,1280012000,1000000,1000000,9000000,10000000,634506000,1269012000,0,0,0,0,0,0,10000000,11000000,1000000,1000000,9000000,10000000,0,0,0,0,0,0,0,0,1000010,1000000,1000000,1000000,10,0
1189,651006000,3193030000,1000000,1000000,5000000,9000000,634506000,3172530000,9000000,9000000,1500000,1500000,10500000,10500000,16500000,20500000,1000000,1000000,5000000,9000000,0,0,9000000,9000000,1500000,1500000,10500000,10500000,1000010,1000000,1000000,1000000,10,0
1219,640506000,642506000,1000000,1000000,5000000,7000000,634506000,634506000,0,0,0,0,0,0,6000000,8000000,1000000,1000000,5000000,7000000,0,0,0,0,0,0,0,0,1000010,1000000,1000000,1000000,10,0
1249,642506000,1912518000,1000000,1000000,7000000,8000000,634506000,1903518000,0,0,0,0,0,0,8000000,9000000,1000000,1000000,7000000,8000000,0,0,0,0,0,0,0,0,1000010,1000000,1000000,1000000,10,0
1279,659006000,1295512000,1000000,1000000,9000000,11000000,634506000,1269012000,11000000,11000000,3500000,3500000,14500000,14500000,24500000,26500000,1000000,1000000,9000000,11000000,0,0,11000000,11000000,3500000,3500000,14500000,14500000,1000010,1000000,1000000,1000000,10,0
20,699406000,700406000,1000000,1000000,19000000,20000000,634506000,634506000,20000000,20000000,24900000,24900000,44900000,44900000,64900000,65900000,1000000,1000000,19000000,20000000,0,0,20000000,20000000,24900000,24900000,44900000,44900000,1000010,23000010,1000000,1000000,10,22000010
50,699306000,710606000,1000000,1000000,17000000,18000000,634506000,634506000,18000000,57000000,28800000,100000,46800000,57100000,64800000,76100000,1000000,1000000,17000000,18000000,0,0,18000000,57000000,28800000,100000,46800000,57100000,1000010,62000050,1000000,1000000,10,61000050
80,699306000,700306000,1000000,1000000,19000000,20000000,634506000,634506000,20000000,20000000,24800000,24800000,44800000,44800000,64800000,65800000,1000000,1000000,19000000,20000000,0,0,20000000,20000000,24800000,24800000,44800000,44800000,1000010,23000010,1000000,1000000,10,22000010
110,653506000,654506000,1000000,1000000,18000000,19000000,634506000,634506000,0,0,0,0,0,0,19000000,20000000,1000000,1000000,18000000,19000000,0,0,0,0,0,0,0,0,1000010,1000000,1000000,1000000,10,0
140,653306000,653306000,1000000,1000000,1000000,1000000,634506000,634506000,1000000,1000000,15800000,15800000,16800000,16800000,18800000,18800000,1000000,1000000,1000000,1000000,0,0,1000000,1000000,15800000,15800000,16800000,16800000,1000010,13000030,1000000,1000000,10,12000030
170,682606000,694906000,1000000,1000000,19000000,20000000,634506000,634506000,20000000,39000000,8100000,400000,28100000,39400000,48100000,60400000,1000000,1000000,19000000,20000000,0,0,20000000,39000000,8100000,400000,28100000,39400000,1000010,24000020,1000000,1000000,10,23000020
200,696106000,712606000,1000000,1000000,20000000,20000000,634506000,634506000,20000000,57000000,20600000,100000,40600000,57100000,61600000,78100000,1000000,1000000,20000000,20000000,0,0,20000000,57000000,20600000,100000,40600000,57100000,1000010,52000030,1000000,1000000,10,51000030
230,696606000,697606000,1000000,1000000,19000000,20000000,634506000,634506000,20000000,20000000,22100000,22100000,42100000,42100000,62100000,63100000,1000000,1000000,19000000,20000000,0,0,20000000,20000000,22100000,22100000,42100000,42100000,1000010,24000020,1000000,1000000,10,23000020
260,669206000,670206000,1000000,1000000,8000000,9000000,634506000,634506000,9000000,9000000,16700000,16700000,25700000,25700000,34700000,35700000,1000000,1000000,8000000,9000000,0,0,9000000,9000000,16700000,16700000,25700000,25700000,1000010,17000040,1000000,1000000,10,16000040
290,670706000,670706000,1000000,1000000,9000000,9000000,634506000,634506000,9000000,9000000,17200000,17200000,26200000,26200000,36200000,36200000,1000000,1000000,9000000,9000000,0,0,9000000,9000000,17200000,17200000,26200000,26200000,1000010,17000040,1000000,1000000,10,16000040
320,674206000,718606000,1000000,1000000,8000000,9000000,634506000,634506000,9000000,74000000,21700000,100000,30700000,74100000,39700000,84100000,1000000,1000000,8000000,9000000,0,0,9000000,74000000,21700000,100000,30700000,74100000,1000010,74000040,1000000,1000000,10,73000040
350,652606000,653606000,1000000,1000000,8000000,9000000,634506000,634506000,9000000,9000000,100000,100000,9100000,9100000,18100000,19100000,1000000,1000000,8000000,9000000,0,0,9000000,9000000,100000,100000,9100000,9100000,1000010,2000010,1000000,1000000,10,1000010
380,658006000,665306000,1000000,1000000,6000000,9000000,634506000,634506000,6000000,20000000,10500000,800000,16500000,20800000,23500000,30800000,1000000,1000000,6000000,9000000,0,0,6000000,20000000,10500000,800000,16500000,20800000,1000010,18000030,1000000,1000000,10,17000030
410,691306000,692306000,1000000,1000000,12000000,13000000,634506000,634506000,13000000,13000000,30800000,30800000,43800000,43800000,56800000,57800000,1000000,1000000,12000000,13000000,0,0,13000000,13000000,30800000,30800000,43800000,43800000,1000010,3000010,1000000,1000000,10,2000010
440,675506000,676506000,1000000,1000000,11000000,12000000,634506000,634506000,12000000,12000000,17000000,17000000,29000000,29000000,41000000,42000000,1000000,1000000,11000000,12000000,0,0,12000000,12000000,17000000,17000000,29000000,29000000,1000010,27000040,1000000,1000000,10,26000040
470,666906000,684606000,1000000,1000000,11000000,12000000,634506000,634506000,12000000,37000000,8400000,100000,20400000,37100000,32400000,50100000,1000000,1000000,11000000,12000000,0,0,12000000,37000000,8400000,100000,20400000,37100000,1000010,34000020,1000000,1000000,10,33000020
500,775706000,778706000,1000000,1000000,38000000,41000000,634506000,634506000,41000000,41000000,61200000,61200000,102200000,102200000,141200000,144200000,1000000,1000000,38000000,41000000,0,0,41000000,41000000,61200000,61200000,102200000,102200000,1000010,113000070,1000000,1000000,10,112000070
530,694506000,694506000,1000000,1000000,18000000,18000000,634506000,634506000,18000000,18000000,23000000,23000000,41000000,41000000,60000000,60000000,1000000,1000000,18000000,18000000,0,0,18000000,18000000,23000000,23000000,41000000,41000000,1000010,27000040,1000000,1000000,10,26000040
560,672406000,673406000,1000000,1000000,7000000,8000000,634506000,634506000,8000000,8000000,21900000,21900000,29900000,29900000,37900000,38900000,1000000,1000000,7000000,8000000,0,0,8000000,8000000,21900000,21900000,29900000,29900000,1000010,23000030,1000000,1000000,10,22000030
590,664406000,683606000,1000000,1000000,8000000,9000000,634506000,634506000,8000000,39000000,12900000,100000,20900000,39100000,29900000,49100000,1000000,1000000,8000000,9000000,0,0,8000000,39000000,12900000,100000,20900000,39100000,1000010,35000030,1000000,1000000,10,34000030
620,672706000,684606000,1000000,1000000,9000000,10000000,634506000,634506000,10000000,39000000,18200000,100000,28200000,39100000,38200000,50100000,1000000,1000000,9000000,10000000,0,0,10000000,39000000,18200000,100000,28200000,39100000,1000010,44000030,1000000,1000000,10,43000030
650,685706000,727706000,1000000,1000000,10000000,11000000,634506000,634506000,11000000,81000000,29200000,200000,40200000,81200000,51200000,93200000,1000000,1000000,10000000,11000000,0,0,11000000,81000000,29200000,200000,40200000,81200000,1000010,87000050,1000000,1000000,10,86000050
680,658306000,658306000,1000000,1000000,6000000,6000000,634506000,634506000,6000000,6000000,10800000,10800000,16800000,16800000,23800000,23800000,1000000,1000000,6000000,6000000,0,0,6000000,6000000,10800000,10800000,16800000,16800000,1000010,11000010,1000000,1000000,10,10000010
710,687706000,691606000,1000000,1000000,17000000,18000000,634506000,634506000,18000000,38000000,17200000,100000,35200000,38100000,53200000,57100000,1000000,1000000,17000000,18000000,0,0,18000000,38000000,17200000,100000,35200000,38100000,1000010,22000010,1000000,1000000,10,21000010
740,665006000,721606000,1000000,1000000,5000000,6000000,634506000,634506000,6000000,80000000,18500000,100000,24500000,80100000,30500000,87100000,1000000,1000000,5000000,6000000,0,0,6000000,80000000,18500000,100000,24500000,80100000,1000010,83000040,1000000,1000000,10,82000040
770,644506000,656606000,1000000,1000000,1000000,1000000,634506000,634506000,1000000,20000000,7000000,100000,8000000,20100000,10000000,22100000,1000000,1000000,1000000,1000000,0,0,1000000,20000000,7000000,100000,8000000,20100000,1000010,21000030,1000000,1000000,10,20000030
800,661306000,694606000,1000000,1000000,1000000,2000000,634506000,634506000,2000000,57000000,22800000,100000,24800000,57100000,26800000,60100000,1000000,1000000,1000000,2000000,0,0,2000000,57000000,22800000,100000,24800000,57100000,1000010,59000030,1000000,1000000,10,58000030
830,657606000,717706000,1000000,1000000,0,1000000,634506000,634506000,1000000,81000000,21100000,200000,22100000,81200000,23100000,83200000,1000000,1000000,0,1000000,0,0,1000000,81000000,21100000,200000,22100000,81200000,1000010,82000030,1000000,1000000,10,81000030
860,671006000,676006000,1000000,1000000,8000000,13000000,634506000,634506000,13000000,13000000,14500000,14500000,27500000,27500000,36500000,41500000,1000000,1000000,8000000,13000000,0,0,13000000,13000000,14500000,14500000,27500000,27500000,1000010,3000020,1000000,1000000,10,2000020
890,678406000,702606000,1000000,1000000,9000000,10000000,634506000,634506000,10000000,57000000,23900000,100000,33900000,57100000,43900000,68100000,1000000,1000000,9000000,10000000,0,0,10000000,57000000,23900000,100000,33900000,57100000,1000010,67000040,1000000,1000000,10,66000040
920,691106000,734606000,1000000,1000000,18000000,19000000,634506000,634506000,18000000,80000000,19600000,100000,37600000,80100000,56600000,100100000,1000000,1000000,18000000,19000000,0,0,18000000,80000000,19600000,100000,37600000,80100000,1000010,63000010,1000000,1000000,10,62000010
950,671906000,672906000,1000000,1000000,11000000,12000000,634506000,634506000,12000000,12000000,13400000,13400000,25400000,25400000,37400000,38400000,1000000,1000000,11000000,12000000,0,0,12000000,12000000,13400000,13400000,25400000,25400000,1000010,26000040,1000000,1000000,10,25000040
980,652506000,1288012000,1000000,1000000,17000000,18000000,634506000,1269012000,0,0,0,0,0,0,18000000,19000000,1000000,1000000,17000000,18000000,0,0,0,0,0,0,0,0,1000010,1000000,1000000,1000000,10,0
1010,638506000,1274012000,1000000,1000000,3000000,4000000,634506000,1269012000,0,0,0,0,0,0,4000000,5000000,1000000,1000000,3000000,4000000,0,0,0,0,0,0,0,0,1000010,1000000,1000000,1000000,10,0
1040,642506000,1278012000,1000000,1000000,7000000,8000000,634506000,1269012000,0,0,0,0,0,0,8000000,9000000,1000000,1000000,7000000,8000000,0,0,0,0,0,0,0,0,1000010,1000000,1000000,1000000,10,0
1070,664606000,1944618000,1000000,1000000,8000000,19000000,634506000,1903518000,19000000,19000000,2100000,2100000,21100000,21100000,30100000,41100000,1000000,1000000,8000000,19000000,0,0,19000000,19000000,2100000,2100000,21100000,21100000,1000010,1000000,1000000,1000000,10,0
1100,670106000,18471474000,1000000,1000000,0,10000000,634506000,18400674000,2000000,57000000,32600000,2800000,34600000,59800000,35600000,70800000,1000000,1000000,0,10000000,0,0,2000000,57000000,32600000,2800000,34600000,59800000,1000010,50000020,1000000,1000000,10,49000020
1130,670906000,3274930000,1000000,1000000,5000000,17000000,634506000,3172530000,16000000,81000000,14400000,3400000,30400000,84400000,36400000,102400000,1000000,1000000,5000000,17000000,0,0,16000000,81000000,14400000,3400000,30400000,84400000,1000010,67000030,1000000,1000000,10,66000030
1160,644506000,1280012000,1000000,1000000,9000000,10000000,634506000,1269012000,0,0,0,0,0,0,10000000,11000000,1000000,1000000,9000000,10000000,0,0,0,0,0,0,0,0,1000010,1000000,1000000,1000000,10,0
1190,646706000,2551224000,1000000,1000000,5000000,6000000,634506000,2538024000,6000000,6000000,200000,200000,6200000,6200000,12200000,13200000,1000000,1000000,5000000,6000000,0,0,6000000,6000000,200000,200000,6200000,6200000,1000010,1000000,1000000,1000000,10,0
1220,782906000,2068918000,1000000,1000000,57000000,74000000,634506000,1903518000,74000000,74000000,16400000,16400000,90400000,90400000,148400000,165400000,1000000,1000000,57000000,74000000,0,0,74000000,74000000,16400000,16400000,90400000,90400000,1000010,105000020,1000000,1000000,10,104000020
1250,652106000,2556624000,1000000,1000000,7000000,8000000,634506000,2538024000,7000000,7000000,2600000,2600000,9600000,9600000,17600000,18600000,1000000,1000000,7000000,8000000,0,0,7000000,7000000,2600000,2600000,9600000,9600000,1000010,1000000,1000000,1000000,10,0
1280,728206000,1366712000,1000000,1000000,44000000,48000000,634506000,1269012000,47000000,47000000,1700000,1700000,48700000,48700000,93700000,97700000,1000000,1000000,44000000,48000000,0,0,47000000,47000000,1700000,1700000,48700000,48700000,1000010,1000000,1000000,1000000,10,0
21,699406000,700406000,1000000,1000000,19000000,20000000,634506000,634506000,20000000,20000000,24900000,24900000,44900000,44900000,64900000,65900000,1000000,1000000,19000000,20000000,0,0,20000000,20000000,24900000,24900000,44900000,44900000,1000010,23000010,1000000,1000000,10,22000010
51,680606000,733606000,1000000,1000000,16000000,17000000,634506000,634506000,16000000,80000000,13100000,1100000,29100000,81100000,46100000,99100000,1000000,1000000,16000000,17000000,0,0,16000000,80000000,13100000,1100000,29100000,81100000,1000010,67000030,1000000,1000000,10,66000030
81,704306000,724306000,1000000,1000000,19000000,39000000,634506000,634506000,39000000,39000000,10800000,10800000,49800000,49800000,69800000,89800000,1000000,1000000,19000000,39000000,0,0,39000000,39000000,10800000,10800000,49800000,49800000,1000010,20000030,1000000,1000000,10,19000030
111,684306000,685306000,1000000,1000000,17000000,18000000,634506000,634506000,17000000,17000000,14800000,14800000,31800000,31800000,49800000,50800000,1000000,1000000,17000000,18000000,0,0,17000000,17000000,14800000,14800000,31800000,31800000,1000010,23000040,1000000,1000000,10,22000040
141,653606000,653606000,1000000,1000000,1000000,1000000,634506000,634506000,1000000,1000000,16100000,16100000,17100000,17100000,19100000,19100000,1000000,1000000,1000000,1000000,0,0,1000000,1000000,16100000,16100000,17100000,17100000,1000010,13000030,1000000,1000000,10,12000030
171,698806000,698806000,1000000,1000000,20000000,20000000,634506000,634506000,20000000,20000000,23300000,23300000,43300000,43300000,64300000,64300000,1000000,1000000,20000000,20000000,0,0,20000000,20000000,23300000,23300000,43300000,43300000,1000010,28000040,1000000,1000000,10,27000040
201,655506000,656506000,1000000,1000000,20000000,21000000,634506000,634506000,0,0,0,0,0,0,21000000,22000000,1000000,1000000,20000000,21000000,0,0,0,0,0,0,0,0,1000010,1000000,1000000,1000000,10,0
231,685606000,698806000,1000000,1000000,8000000,19000000,634506000,634506000,19000000,39000000,23100000,5300000,42100000,44300000,51100000,64300000,1000000,1000000,8000000,19000000,0,0,19000000,39000000,23100000,5300000,42100000,44300000,1000010,23000010,1000000,1000000,10,22000010
261,669206000,670206000,1000000,1000000,8000000,9000000,634506000,634506000,9000000,9000000,16700000,16700000,25700000,25700000,34700000,35700000,1000000,1000000,8000000,9000000,0,0,9000000,9000000,16700000,16700000,25700000,25700000,1000010,17000040,1000000,1000000,10,16000040
291,663806000,719106000,1000000,1000000,7000000,9000000,634506000,634506000,7000000,74000000,14300000,600000,21300000,74600000,29300000,84600000,1000000,1000000,7000000,9000000,0,0,7000000,74000000,14300000,600000,21300000,74600000,1000010,75000030,1000000,1000000,10,74000030
321,647406000,663706000,1000000,1000000,1000000,8000000,634506000,634506000,8000000,20000000,2900000,200000,10900000,20200000,12900000,29200000,1000000,1000000,1000000,8000000,0,0,8000000,20000000,2900000,200000,10900000,20200000,1000010,13000020,1000000,1000000,10,12000020
351,652606000,653606000,1000000,1000000,8000000,9000000,634506000,634506000,9000000,9000000,100000,100000,9100000,9100000,18100000,19100000,1000000,1000000,8000000,9000000,0,0,9000000,9000000,100000,100000,9100000,9100000,1000010,2000010,1000000,1000000,10,1000010
381,666506000,666506000,1000000,1000000,9000000,9000000,634506000,634506000,9000000,9000000,13000000,13000000,22000000,22000000,32000000,32000000,1000000,1000000,9000000,9000000,0,0,9000000,9000000,13000000,13000000,22000000,22000000,1000010,17000030,1000000,1000000,10,16000030
411,691406000,692406000,1000000,1000000,12000000,13000000,634506000,634506000,13000000,13000000,30900000,30900000,43900000,43900000,56900000,57900000,1000000,1000000,12000000,13000000,0,0,13000000,13000000,30900000,30900000,43900000,43900000,1000010,3000010,1000000,1000000,10,2000010
441,689806000,733706000,1000000,1000000,11000000,13000000,634506000,634506000,13000000,85000000,30300000,200000,43300000,85200000,55300000,99200000,1000000,1000000,11000000,13000000,0,0,13000000,85000000,30300000,200000,43300000,85200000,1000010,97000050,1000000,1000000,10,96000050
471,666906000,683606000,1000000,1000000,11000000,11000000,634506000,634506000,11000000,37000000,9400000,100000,20400000,37100000,32400000,49100000,1000000,1000000,11000000,11000000,0,0,11000000,37000000,9400000,100000,20400000,37100000,1000010,34000020,1000000,1000000,10,33000020
501,727806000,733806000,1000000,1000000,38000000,44000000,634506000,634506000,44000000,44000000,10300000,10300000,54300000,54300000,93300000,99300000,1000000,1000000,38000000,44000000,0,0,44000000,44000000,10300000,10300000,54300000,54300000,1000010,33000040,1000000,1000000,10,32000040
531,685206000,733606000,1000000,1000000,18000000,18000000,634506000,634506000,18000000,80000000,13700000,100000,31700000,80100000,50700000,99100000,1000000,1000000,18000000,18000000,0,0,18000000,80000000,13700000,100000,31700000,80100000,1000010,63000010,1000000,1000000,10,62000010
561,672206000,673206000,1000000,1000000,7000000,8000000,634506000,634506000,8000000,8000000,21700000,21700000,29700000,29700000,37700000,38700000,1000000,1000000,7000000,8000000,0,0,8000000,8000000,21700000,21700000,29700000,29700000,1000010,23000030,1000000,1000000,10,22000030
591,672606000,673606000,1000000,1000000,7000000,8000000,634506000,634506000,8000000,8000000,22100000,22100000,30100000,30100000,38100000,39100000,1000000,1000000,7000000,8000000,0,0,8000000,8000000,22100000,22100000,30100000,30100000,1000010,24000030,1000000,1000000,10,23000030
621,666106000,724606000,1000000,1000000,8000000,9000000,634506000,634506000,8000000,80000000,14600000,100000,22600000,80100000,31600000,90100000,1000000,1000000,8000000,9000000,0,0,8000000,80000000,14600000,100000,22600000,80100000,1000010,84000020,1000000,1000000,10,83000020
651,667306000,683606000,1000000,1000000,10000000,10000000,634506000,634506000,10000000,38000000,11800000,100000,21800000,38100000,32800000,49100000,1000000,1000000,10000000,10000000,0,0,10000000,38000000,11800000,100000,21800000,38100000,1000010,43000020,1000000,1000000,10,42000020
681,668206000,669206000,1000000,1000000,6000000,7000000,634506000,634506000,7000000,7000000,19700000,19700000,26700000,26700000,33700000,34700000,1000000,1000000,6000000,7000000,0,0,7000000,7000000,19700000,19700000,26700000,26700000,1000010,11000010,1000000,1000000,10,10000010
711,687706000,691606000,1000000,1000000,17000000,18000000,634506000,634506000,18000000,38000000,17200000,100000,35200000,38100000,53200000,57100000,1000000,1000000,17000000,18000000,0,0,18000000,38000000,17200000,100000,35200000,38100000,1000010,22000010,1000000,1000000,10,21000010
741,669306000,721606000,1000000,1000000,5000000,6000000,634506000,634506000,6000000,80000000,22800000,100000,28800000,80100000,34800000,87100000,1000000,1000000,5000000,6000000,0,0,6000000,80000000,22800000,100000,28800000,80100000,1000010,83000040,1000000,1000000,10,82000040
771,638206000,638206000,1000000,1000000,1000000,1000000,634506000,634506000,1000000,1000000,700000,700000,1700000,1700000,3700000,3700000,1000000,1000000,1000000,1000000,0,0,1000000,1000000,700000,700000,1700000,1700000,1000010,2000010,1000000,1000000,10,1000010
801,651006000,654606000,1000000,1000000,1000000,1000000,634506000,634506000,1000000,18000000,13500000,100000,14500000,18100000,16500000,20100000,1000000,1000000,1000000,1000000,0,0,1000000,18000000,13500000,100000,14500000,18100000,1000010,19000020,1000000,1000000,10,18000020
831,659006000,659006000,1000000,1000000,10000000,10000000,634506000,634506000,10000000,10000000,3500000,3500000,13500000,13500000,24500000,24500000,1000000,1000000,10000000,10000000,0,0,10000000,10000000,3500000,3500000,13500000,13500000,1000010,12000020,1000000,1000000,10,11000020
861,668506000,669506000,1000000,1000000,11000000,12000000,634506000,634506000,12000000,12000000,10000000,10000000,22000000,22000000,34000000,35000000,1000000,1000000,11000000,12000000,0,0,12000000,12000000,10000000,10000000,22000000,22000000,1000010,13000030,1000000,1000000,10,12000030
891,667206000,667206000,1000000,1000000,8000000,8000000,634506000,634506000,8000000,8000000,15700000,15700000,23700000,23700000,32700000,32700000,1000000,1000000,8000000,8000000,0,0,8000000,8000000,15700000,15700000,23700000,23700000,1000010,7000030,1000000,1000000,10,6000030
921,691106000,734606000,1000000,1000000,18000000,19000000,634506000,634506000,18000000,80000000,19600000,100000,37600000,80100000,56600000,100100000,1000000,1000000,18000000,19000000,0,0,18000000,80000000,19600000,100000,37600000,80100000,1000010,63000010,1000000,1000000,10,62000010
951,678506000,679506000,1000000,1000000,12000000,13000000,634506000,634506000,13000000,13000000,18000000,18000000,31000000,31000000,44000000,45000000,1000000,1000000,12000000,13000000,0,0,13000000,13000000,18000000,18000000,31000000,31000000,1000010,26000040,1000000,1000000,10,25000040
981,687406000,5790354000,1000000,1000000,17000000,20000000,634506000,5710554000,18000000,57000000,16900000,1800000,34900000,58800000,52900000,79800000,1000000,1000000,17000000,20000000,0,0,18000000,57000000,16900000,1800000,34900000,58800000,1000010,41000010,1000000,1000000,10,40000010
1011,666406000,7072466000,1000000,1000000,0,10000000,634506000,6979566000,4000000,81000000,26900000,900000,30900000,81900000,31900000,92900000,1000000,1000000,0,10000000,0,0,4000000,81000000,26900000,900000,30900000,81900000,1000010,81000040,1000000,1000000,10,80000040
1041,659706000,2565224000,1000000,1000000,7000000,9000000,634506000,2538024000,8000000,8000000,9200000,9200000,17200000,17200000,25200000,27200000,1000000,1000000,7000000,9000000,0,0,8000000,8000000,9200000,9200000,17200000,17200000,1000010,2000010,1000000,1000000,10,1000010
1071,654506000,1924518000,1000000,1000000,19000000,20000000,634506000,1903518000,0,0,0,0,0,0,20000000,21000000,1000000,1000000,19000000,20000000,0,0,0,0,0,0,0,0,1000010,1000000,1000000,1000000,10,0
1101,671006000,18499774000,1000000,1000000,0,15000000,634506000,18400674000,15000000,81000000,20500000,2100000,35500000,83100000,36500000,99100000,1000000,1000000,0,15000000,0,0,15000000,81000000,20500000,2100000,35500000,83100000,1000010,67000020,1000000,1000000,10,66000020
1131,639306000,3178330000,1000000,1000000,0,1000000,634506000,3172530000,1000000,1000000,2800000,2800000,3800000,3800000,4800000,5800000,1000000,1000000,0,1000000,0,0,1000000,1000000,2800000,2800000,3800000,3800000,1000010,1000000,1000000,1000000,10,0
1161,644506000,1280012000,1000000,1000000,9000000,10000000,634506000,1269012000,0,0,0,0,0,0,10000000,11000000,1000000,1000000,9000000,10000000,0,0,0,0,0,0,0,0,1000010,1000000,1000000,1000000,10,0
1191,647706000,1917718000,1000000,1000000,6000000,7000000,634506000,1903518000,6000000,6000000,200000,200000,6200000,6200000,13200000,14200000,1000000,1000000,6000000,7000000,0,0,6000000,6000000,200000,200000,6200000,6200000,1000010,1000000,1000000,1000000,10,0
1221,738306000,1428812000,1000000,1000000,18000000,74000000,634506000,1269012000,73000000,73000000,11800000,11800000,84800000,84800000,103800000,159800000,1000000,1000000,18000000,74000000,0,0,73000000,73000000,11800000,11800000,84800000,84800000,1000010,64000020,1000000,1000000,10,63000020
1251,663006000,3205030000,1000000,1000000,7000000,11000000,634506000,3172530000,11000000,11000000,9500000,9500000,20500000,20500000,28500000,32500000,1000000,1000000,7000000,11000000,0,0,11000000,11000000,9500000,9500000,20500000,20500000,1000010,26000030,1000000,1000000,10,25000030
1281,673206000,1322112000,1000000,1000000,11000000,13000000,634506000,1269012000,13000000,39000000,13700000,100000,26700000,39100000,38700000,53100000,1000000,1000000,11000000,13000000,0,0,13000000,39000000,13700000,100000,26700000,39100000,1000010,46000040,1000000,1000000,10,45000040
22,705006000,706006000,1000000,1000000,19000000,20000000,634506000,634506000,20000000,20000000,30500000,30500000,50500000,50500000,70500000,71500000,1000000,1000000,19000000,20000000,0,0,20000000,20000000,30500000,30500000,50500000,50500000,1000010,23000010,1000000,1000000,10,22000010
52,736506000,778606000,1000000,1000000,17000000,57000000,634506000,634506000,57000000,85000000,27000000,1100000,84000000,86100000,102000000,144100000,1000000,1000000,17000000,57000000,0,0,57000000,85000000,27000000,1100000,84000000,86100000,1000010,67000030,1000000,1000000,10,66000030
82,677206000,692606000,1000000,1000000,19000000,19000000,634506000,634506000,19000000,38000000,3700000,100000,22700000,38100000,42700000,58100000,1000000,1000000,19000000,19000000,0,0,19000000,38000000,3700000,100000,22700000,38100000,1000010,23000010,1000000,1000000,10,22000010
112,677306000,714106000,1000000,1000000,18000000,20000000,634506000,634506000,20000000,57000000,3800000,1600000,23800000,58600000,42800000,79600000,1000000,1000000,18000000,20000000,0,0,20000000,57000000,3800000,1600000,23800000,58600000,1000010,48000020,1000000,1000000,10,47000020
142,653306000,653306000,1000000,1000000,1000000,1000000,634506000,634506000,1000000,1000000,15800000,15800000,16800000,16800000,18800000,18800000,1000000,1000000,1000000,1000000,0,0,1000000,1000000,15800000,15800000,16800000,16800000,1000010,13000030,1000000,1000000,10,12000030
172,691606000,691606000,1000000,1000000,20000000,20000000,634506000,634506000,20000000,20000000,16100000,16100000,36100000,36100000,57100000,57100000,1000000,1000000,20000000,20000000,0,0,20000000,20000000,16100000,16100000,36100000,36100000,1000010,28000040,1000000,1000000,10,27000040
202,696106000,712606000,1000000,1000000,20000000,20000000,634506000,634506000,20000000,57000000,20600000,100000,40600000,57100000,61600000,78100000,1000000,1000000,20000000,20000000,0,0,20000000,57000000,20600000,100000,40600000,57100000,1000010,52000030,1000000,1000000,10,51000030
232,679106000,693606000,1000000,1000000,19000000,19000000,634506000,634506000,19000000,39000000,5600000,100000,24600000,39100000,44600000,59100000,1000000,1000000,19000000,19000000,0,0,19000000,39000000,5600000,100000,24600000,39100000,1000010,23000010,1000000,1000000,10,22000010
262,661006000,717606000,1000000,1000000,8000000,8000000,634506000,634506000,8000000,74000000,9500000,100000,17500000,74100000,26500000,83100000,1000000,1000000,8000000,8000000,0,0,8000000,74000000,9500000,100000,17500000,74100000,1000010,74000040,1000000,1000000,10,73000040
292,664506000,718906000,1000000,1000000,8000000,9000000,634506000,634506000,9000000,74000000,12000000,400000,21000000,74400000,30000000,84400000,1000000,1000000,8000000,9000000,0,0,9000000,74000000,12000000,400000,21000000,74400000,1000010,74000040,1000000,1000000,10,73000040
322,681706000,683606000,1000000,1000000,8000000,9000000,634506000,634506000,9000000,39000000,29200000,100000,38200000,39100000,47200000,49100000,1000000,1000000,8000000,9000000,0,0,9000000,39000000,29200000,100000,38200000,39100000,1000010,34000020,1000000,1000000,10,33000020
352,651506000,653506000,1000000,1000000,6000000,8000000,634506000,634506000,8000000,8000000,2000000,2000000,10000000,10000000,17000000,19000000,1000000,1000000,6000000,8000000,0,0,8000000,8000000,2000000,2000000,10000000,10000000,1000010,3000020,1000000,1000000,10,2000020
382,672906000,676906000,1000000,1000000,9000000,13000000,634506000,634506000,13000000,13000000,15400000,15400000,28400000,28400000,38400000,42400000,1000000,1000000,9000000,13000000,0,0,13000000,13000000,15400000,15400000,28400000,28400000,1000010,21000040,1000000,1000000,10,20000040
412,691406000,692406000,1000000,1000000,12000000,13000000,634506000,634506000,13000000,13000000,30900000,30900000,43900000,43900000,56900000,57900000,1000000,1000000,12000000,13000000,0,0,13000000,13000000,30900000,30900000,43900000,43900000,1000010,3000010,1000000,1000000,10,2000010
442,675606000,675606000,1000000,1000000,11000000,11000000,634506000,634506000,11000000,11000000,18100000,18100000,29100000,29100000,41100000,41100000,1000000,1000000,11000000,11000000,0,0,11000000,11000000,18100000,18100000,29100000,29100000,1000010,27000040,1000000,1000000,10,26000040
472,665406000,683706000,1000000,1000000,11000000,11000000,634506000,634506000,11000000,37000000,7900000,200000,18900000,37200000,30900000,49200000,1000000,1000000,11000000,11000000,0,0,11000000,37000000,7900000,200000,18900000,37200000,1000010,34000020,1000000,1000000,10,33000020
502,739106000,740106000,1000000,1000000,37000000,38000000,634506000,634506000,38000000,38000000,28600000,28600000,66600000,66600000,104600000,105600000,1000000,1000000,37000000,38000000,0,0,38000000,38000000,28600000,28600000,66600000,66600000,1000010,39000040,1000000,1000000,10,38000040
532,685206000,733606000,1000000,1000000,18000000,18000000,634506000,634506000,18000000,80000000,13700000,100000,31700000,80100000,50700000,99100000,1000000,1000000,18000000,18000000,0,0,18000000,80000000,13700000,100000,31700000,80100000,1000010,63000010,1000000,1000000,10,62000010
562,668206000,673206000,1000000,1000000,7000000,12000000,634506000,634506000,12000000,12000000,13700000,13700000,25700000,25700000,33700000,38700000,1000000,1000000,7000000,12000000,0,0,12000000,12000000,13700000,13700000,25700000,25700000,1000010,24000030,1000000,1000000,10,23000030
592,676006000,677006000,1000000,1000000,7000000,8000000,634506000,634506000,8000000,8000000,25500000,25500000,33500000,33500000,41500000,42500000,1000000,1000000,7000000,8000000,0,0,8000000,8000000,25500000,25500000,33500000,33500000,1000010,27000040,1000000,1000000,10,26000040
622,666306000,684706000,1000000,1000000,9000000,10000000,634506000,634506000,10000000,39000000,11800000,200000,21800000,39200000,31800000,50200000,1000000,1000000,9000000,10000000,0,0,10000000,39000000,11800000,200000,21800000,39200000,1000010,44000030,1000000,1000000,10,43000030
652,666206000,683706000,1000000,1000000,10000000,10000000,634506000,634506000,10000000,38000000,10700000,200000,20700000,38200000,31700000,49200000,1000000,1000000,10000000,10000000,0,0,10000000,38000000,10700000,200000,20700000,38200000,1000010,43000020,1000000,1000000,10,42000020
682,660606000,721606000,1000000,1000000,5000000,6000000,634506000,634506000,6000000,80000000,14100000,100000,20100000,80100000,26100000,87100000,1000000,1000000,5000000,6000000,0,0,6000000,80000000,14100000,100000,20100000,80100000,1000010,83000040,1000000,1000000,10,82000040
712,687706000,691606000,1000000,1000000,17000000,18000000,634506000,634506000,18000000,38000000,17200000,100000,35200000,38100000,53200000,57100000,1000000,1000000,17000000,18000000,0,0,18000000,38000000,17200000,100000,35200000,38100000,1000010,22000010,1000000,1000000,10,21000010
742,665206000,721606000,1000000,1000000,5000000,6000000,634506000,634506000,6000000,80000000,18700000,100000,24700000,80100000,30700000,87100000,1000000,1000000,5000000,6000000,0,0,6000000,80000000,18700000,100000,24700000,80100000,1000010,83000040,1000000,1000000,10,82000040
772,650306000,654706000,1000000,1000000,1000000,1000000,634506000,634506000,1000000,18000000,12800000,200000,13800000,18200000,15800000,20200000,1000000,1000000,1000000,1000000,0,0,1000000,18000000,12800000,200000,13800000,18200000,1000010,19000020,1000000,1000000,10,18000020
802,661306000,694606000,1000000,1000000,1000000,2000000,634506000,634506000,2000000,57000000,22800000,100000,24800000,57100000,26800000,60100000,1000000,1000000,1000000,2000000,0,0,2000000,57000000,22800000,100000,24800000,57100000,1000010,59000030,1000000,1000000,10,58000030
832,669406000,669406000,1000000,1000000,10000000,10000000,634506000,634506000,10000000,10000000,13900000,13900000,23900000,23900000,34900000,34900000,1000000,1000000,10000000,10000000,0,0,10000000,10000000,13900000,13900000,23900000,23900000,1000010,26000030,1000000,1000000,10,25000030
862,666606000,666606000,1000000,1000000,11000000,11000000,634506000,634506000,11000000,11000000,9100000,9100000,20100000,20100000,32100000,32100000,1000000,1000000,11000000,11000000,0,0,11000000,11000000,9100000,9100000,20100000,20100000,1000010,12000020,1000000,1000000,10,11000020
892,673906000,674906000,1000000,1000000,7000000,8000000,634506000,634506000,8000000,8000000,23400000,23400000,31400000,31400000,39400000,40400000,1000000,1000000,7000000,8000000,0,0,8000000,8000000,23400000,23400000,31400000,31400000,1000010,8000010,1000000,1000000,10,7000010
922,691106000,734606000,1000000,1000000,18000000,19000000,634506000,634506000,18000000,80000000,19600000,100000,37600000,80100000,56600000,100100000,1000000,1000000,18000000,19000000,0,0,18000000,80000000,19600000,100000,37600000,80100000,1000010,63000010,1000000,1000000,10,62000010
952,799006000,800006000,1000000,1000000,73000000,74000000,634506000,634506000,74000000,74000000,16500000,16500000,90500000,90500000,164500000,165500000,1000000,1000000,73000000,74000000,0,0,74000000,74000000,16500000,16500000,90500000,90500000,1000010,121000030,1000000,1000000,10,120000030
982,652506000,1288012000,1000000,1000000,17000000,18000000,634506000,1269012000,0,0,0,0,0,0,18000000,19000000,1000000,1000000,17000000,18000000,0,0,0,0,0,0,0,0,1000010,1000000,1000000,1000000,10,0
1012,667306000,7064766000,1000000,1000000,1000000,11000000,634506000,6979566000,4000000,73000000,26800000,200000,30800000,73200000,32800000,85200000,1000000,1000000,1000000,11000000,0,0,4000000,73000000,26800000,200000,30800000,73200000,1000010,74000040,1000000,1000000,10,73000040
1042,678806000,12110914000,1000000,1000000,1000000,12000000,634506000,12055614000,8000000,8000000,34300000,34300000,42300000,42300000,44300000,55300000,1000000,1000000,1000000,12000000,0,0,8000000,8000000,34300000,34300000,42300000,42300000,1000010,20000040,1000000,1000000,10,19000040
1072,669206000,3852736000,1000000,1000000,8000000,19000000,634506000,3807036000,19000000,19000000,6700000,6700000,25700000,25700000,34700000,45700000,1000000,1000000,8000000,19000000,0,0,19000000,19000000,6700000,6700000,25700000,25700000,1000010,1000000,1000000,1000000,10,0
1102,639306000,3812836000,1000000,1000000,0,1000000,634506000,3807036000,1000000,1000000,2800000,2800000,3800000,3800000,4800000,5800000,1000000,1000000,0,1000000,0,0,1000000,1000000,2800000,2800000,3800000,3800000,1000010,1000000,1000000,1000000,10,0
1132,648006000,1924018000,1000000,1000000,1000000,8000000,634506000,1903518000,8000000,8000000,3500000,3500000,11500000,11500000,13500000,20500000,1000000,1000000,1000000,8000000,0,0,8000000,8000000,3500000,3500000,11500000,11500000,1000010,2000010,1000000,1000000,10,1000010
1162,644506000,1925518000,1000000,1000000,9000000,21000000,634506000,1903518000,0,0,0,0,0,0,10000000,22000000,1000000,1000000,9000000,21000000,0,0,0,0,0,0,0,0,1000010,1000000,1000000,1000000,10,0
1192,651606000,3828136000,1000000,1000000,5000000,9000000,634506000,3807036000,6000000,6000000,5100000,5100000,11100000,11100000,17100000,21100000,1000000,1000000,5000000,9000000,0,0,6000000,6000000,5100000,5100000,11100000,11100000,1000010,1000000,1000000,1000000,10,0
1222,718106000,2041118000,1000000,1000000,19000000,73000000,634506000,1903518000,57000000,57000000,6600000,6600000,63600000,63600000,83600000,137600000,1000000,1000000,19000000,73000000,0,0,57000000,57000000,6600000,6600000,63600000,63600000,1000010,1000000,1000000,1000000,10,0
1252,646506000,648506000,1000000,1000000,11000000,13000000,634506000,634506000,0,0,0,0,0,0,12000000,14000000,1000000,1000000,11000000,13000000,0,0,0,0,0,0,0,0,1000010,1000000,1000000,1000000,10,0
1282,747506000,2082518000,1000000,1000000,19000000,85000000,634506000,1903518000,85000000,85000000,8000000,8000000,93000000,93000000,113000000,179000000,1000000,1000000,19000000,85000000,0,0,85000000,85000000,8000000,8000000,93000000,93000000,1000010,63000010,1000000,1000000,10,62000010
23,705006000,706006000,1000000,1000000,19000000,20000000,634506000,634506000,20000000,20000000,30500000,30500000,50500000,50500000,70500000,71500000,1000000,1000000,19000000,20000000,0,0,20000000,20000000,30500000,30500000,50500000,50500000,1000010,23000010,1000000,1000000,10,22000010
53,668906000,668906000,1000000,1000000,10000000,10000000,634506000,634506000,10000000,10000000,13400000,13400000,23400000,23400000,34400000,34400000,1000000,1000000,10000000,10000000,0,0,10000000,10000000,13400000,13400000,23400000,23400000,1000010,26000040,1000000,1000000,10,25000040
83,685606000,694906000,1000000,1000000,19000000,20000000,634506000,634506000,20000000,39000000,11100000,400000,31100000,39400000,51100000,60400000,1000000,1000000,19000000,20000000,0,0,20000000,39000000,11100000,400000,31100000,39400000,1000010,24000020,1000000,1000000,10,23000020
113,682306000,682306000,1000000,1000000,18000000,18000000,634506000,634506000,18000000,18000000,10800000,10800000,28800000,28800000,47800000,47800000,1000000,1000000,18000000,18000000,0,0,18000000,18000000,10800000,10800000,28800000,28800000,1000010,25000030,1000000,1000000,10,24000030
143,670906000,726306000,1000000,1000000,8000000,10000000,634506000,634506000,10000000,80000000,17400000,800000,27400000,80800000,36400000,91800000,1000000,1000000,8000000,10000000,0,0,10000000,80000000,17400000,800000,27400000,80800000,1000010,87000040,1000000,1000000,10,86000040
173,691506000,691506000,1000000,1000000,20000000,20000000,634506000,634506000,20000000,20000000,16000000,16000000,36000000,36000000,57000000,57000000,1000000,1000000,20000000,20000000,0,0,20000000,20000000,16000000,16000000,36000000,36000000,1000010,28000040,1000000,1000000,10,27000040
203,696106000,712606000,1000000,1000000,20000000,20000000,634506000,634506000,20000000,57000000,20600000,100000,40600000,57100000,61600000,78100000,1000000,1000000,20000000,20000000,0,0,20000000,57000000,20600000,100000,40600000,57100000,1000010,52000030,1000000,1000000,10,51000030
233,696506000,697506000,1000000,1000000,19000000,20000000,634506000,634506000,20000000,20000000,22000000,22000000,42000000,42000000,62000000,63000000,1000000,1000000,19000000,20000000,0,0,20000000,20000000,22000000,22000000,42000000,42000000,1000010,23000010,1000000,1000000,10,22000010
263,669206000,670206000,1000000,1000000,8000000,9000000,634506000,634506000,9000000,9000000,16700000,16700000,25700000,25700000,34700000,35700000,1000000,1000000,8000000,9000000,0,0,9000000,9000000,16700000,16700000,25700000,25700000,1000010,17000040,1000000,1000000,10,16000040
293,660406000,663606000,1000000,1000000,6000000,9000000,634506000,634506000,6000000,19000000,12900000,100000,18900000,19100000,25900000,29100000,1000000,1000000,6000000,9000000,0,0,6000000,19000000,12900000,100000,18900000,19100000,1000010,18000030,1000000,1000000,10,17000030
323,676506000,683606000,1000000,1000000,8000000,9000000,634506000,634506000,9000000,39000000,24000000,100000,33000000,39100000,42000000,49100000,1000000,1000000,8000000,9000000,0,0,9000000,39000000,24000000,100000,33000000,39100000,1000010,34000020,1000000,1000000,10,33000020
353,652606000,653606000,1000000,1000000,8000000,9000000,634506000,634506000,9000000,9000000,100000,100000,9100000,9100000,18100000,19100000,1000000,1000000,8000000,9000000,0,0,9000000,9000000,100000,100000,9100000,9100000,1000010,2000010,1000000,1000000,10,1000010
383,664906000,664906000,1000000,1000000,9000000,9000000,634506000,634506000,9000000,9000000,11400000,11400000,20400000,20400000,30400000,30400000,1000000,1000000,9000000,9000000,0,0,9000000,9000000,11400000,11400000,20400000,20400000,1000010,17000030,1000000,1000000,10,16000030
413,691406000,692406000,1000000,1000000,12000000,13000000,634506000,634506000,13000000,13000000,30900000,30900000,43900000,43900000,56900000,57900000,1000000,1000000,12000000,13000000,0,0,13000000,13000000,30900000,30900000,43900000,43900000,1000010,3000010,1000000,1000000,10,2000010
443,675606000,675606000,1000000,1000000,11000000,11000000,634506000,634506000,11000000,11000000,18100000,18100000,29100000,29100000,41100000,41100000,1000000,1000000,11000000,11000000,0,0,11000000,11000000,18100000,18100000,29100000,29100000,1000010,27000040,1000000,1000000,10,26000040
473,666906000,683606000,1000000,1000000,11000000,11000000,634506000,634506000,11000000,37000000,9400000,100000,20400000,37100000,32400000,49100000,1000000,1000000,11000000,11000000,0,0,11000000,37000000,9400000,100000,20400000,37100000,1000010,34000020,1000000,1000000,10,33000020
503,673506000,677506000,1000000,1000000,38000000,42000000,634506000,634506000,0,0,0,0,0,0,39000000,43000000,1000000,1000000,38000000,42000000,0,0,0,0,0,0,0,0,1000010,1000000,1000000,1000000,10,0
533,685206000,733606000,1000000,1000000,18000000,18000000,634506000,634506000,18000000,80000000,13700000,100000,31700000,80100000,50700000,99100000,1000000,1000000,18000000,18000000,0,0,18000000,80000000,13700000,100000,31700000,80100000,1000010,63000010,1000000,1000000,10,62000010
563,686106000,710606000,1000000,1000000,18000000,18000000,634506000,634506000,18000000,57000000,14600000,100000,32600000,57100000,51600000,76100000,1000000,1000000,18000000,18000000,0,0,18000000,57000000,14600000,100000,32600000,57100000,1000010,41000010,1000000,1000000,10,40000010
593,678006000,679006000,1000000,1000000,7000000,8000000,634506000,634506000,8000000,8000000,27500000,27500000,35500000,35500000,43500000,44500000,1000000,1000000,7000000,8000000,0,0,8000000,8000000,27500000,27500000,35500000,35500000,1000010,27000040,1000000,1000000,10,26000040
623,662606000,724606000,1000000,1000000,7000000,9000000,634506000,634506000,7000000,80000000,13100000,100000,20100000,80100000,28100000,90100000,1000000,1000000,7000000,9000000,0,0,7000000,80000000,13100000,100000,20100000,80100000,1000010,84000020,1000000,1000000,10,83000020
653,674006000,683606000,1000000,1000000,10000000,10000000,634506000,634506000,10000000,38000000,18500000,100000,28500000,38100000,39500000,49100000,1000000,1000000,10000000,10000000,0,0,10000000,38000000,18500000,100000,28500000,38100000,1000010,43000020,1000000,1000000,10,42000020
683,654606000,654606000,1000000,1000000,6000000,6000000,634506000,634506000,6000000,6000000,7100000,7100000,13100000,13100000,20100000,20100000,1000000,1000000,6000000,6000000,0,0,6000000,6000000,7100000,7100000,13100000,13100000,1000010,11000010,1000000,1000000,10,10000010
713,687706000,691606000,1000000,1000000,17000000,18000000,634506000,634506000,18000000,38000000,17200000,100000,35200000,38100000,53200000,57100000,1000000,1000000,17000000,18000000,0,0,18000000,38000000,17200000,100000,35200000,38100000,1000010,22000010,1000000,1000000,10,21000010
743,640506000,642506000,1000000,1000000,5000000,7000000,634506000,634506000,0,0,0,0,0,0,6000000,8000000,1000000,1000000,5000000,7000000,0,0,0,0,0,0,0,0,1000010,1000000,1000000,1000000,10,0
773,657206000,718006000,1000000,1000000,0,1000000,634506000,634506000,1000000,81000000,20700000,500000,21700000,81500000,22700000,83500000,1000000,1000000,0,1000000,0,0,1000000,81000000,20700000,500000,21700000,81500000,1000010,82000030,1000000,1000000,10,81000030
803,651006000,654606000,1000000,1000000,1000000,1000000,634506000,634506000,1000000,18000000,13500000,100000,14500000,18100000,16500000,20100000,1000000,1000000,1000000,1000000,0,0,1000000,18000000,13500000,100000,14500000,18100000,1000010,19000020,1000000,1000000,10,18000020
833,664306000,738806000,1000000,1000000,4000000,18000000,634506000,634506000,18000000,85000000,6800000,300000,24800000,85300000,29800000,104300000,1000000,1000000,4000000,18000000,0,0,18000000,85000000,6800000,300000,24800000,85300000,1000010,70000030,1000000,1000000,10,69000030
863,664106000,667106000,1000000,1000000,8000000,11000000,634506000,634506000,11000000,11000000,9600000,9600000,20600000,20600000,29600000,32600000,1000000,1000000,8000000,11000000,0,0,11000000,11000000,9600000,9600000,20600000,20600000,1000010,27000040,1000000,1000000,10,26000040
893,651706000,651706000,1000000,1000000,8000000,8000000,634506000,634506000,8000000,8000000,200000,200000,8200000,8200000,17200000,17200000,1000000,1000000,8000000,8000000,0,0,8000000,8000000,200000,200000,8200000,8200000,1000010,2000010,1000000,1000000,10,1000010
923,691106000,734606000,1000000,1000000,18000000,19000000,634506000,634506000,18000000,80000000,19600000,100000,37600000,80100000,56600000,100100000,1000000,1000000,18000000,19000000,0,0,18000000,80000000,19600000,100000,37600000,80100000,1000010,63000010,1000000,1000000,10,62000010
953,766606000,781606000,1000000,1000000,58000000,73000000,634506000,634506000,73000000,73000000,100000,100000,73100000,73100000,132100000,147100000,1000000,1000000,58000000,73000000,0,0,73000000,73000000,100000,100000,73100000,73100000,1000010,1000000,1000000,1000000,10,0
983,684506000,3223530000,1000000,1000000,17000000,18000000,634506000,3172530000,18000000,18000000,14000000,14000000,32000000,32000000,50000000,51000000,1000000,1000000,17000000,18000000,0,0,18000000,18000000,14000000,14000000,32000000,32000000,1000010,24000030,1000000,1000000,10,23000030
1013,712006000,3283030000,1000000,1000000,8000000,41000000,634506000,3172530000,40000000,40000000,28500000,28500000,68500000,68500000,77500000,110500000,1000000,1000000,8000000,41000000,0,0,40000000,40000000,28500000,28500000,68500000,68500000,1000010,12000030,1000000,1000000,10,11000030
1043,659606000,1929618000,1000000,1000000,10000000,11000000,634506000,1903518000,11000000,11000000,3100000,3100000,14100000,14100000,25100000,26100000,1000000,1000000,10000000,11000000,0,0,11000000,11000000,3100000,3100000,14100000,14100000,1000010,1000000,1000000,1000000,10,0
1073,674906000,3213930000,1000000,1000000,19000000,20000000,634506000,3172530000,20000000,20000000,400000,400000,20400000,20400000,40400000,41400000,1000000,1000000,19000000,20000000,0,0,20000000,20000000,400000,400000,20400000,20400000,1000010,1000000,1000000,1000000,10,0
1103,652706000,4469642000,1000000,1000000,3000000,10000000,634506000,4441542000,6000000,17000000,8200000,100000,14200000,17100000,18200000,28100000,1000000,1000000,3000000,10000000,0,0,6000000,17000000,8200000,100000,14200000,17100000,1000010,18000030,1000000,1000000,10,17000030
1133,636506000,1272012000,1000000,1000000,1000000,2000000,634506000,1269012000,0,0,0,0,0,0,2000000,3000000,1000000,1000000,1000000,2000000,0,0,0,0,0,0,0,0,1000010,1000000,1000000,1000000,10,0
1163,644506000,1280012000,1000000,1000000,9000000,10000000,634506000,1269012000,0,0,0,0,0,0,10000000,11000000,1000000,1000000,9000000,10000000,0,0,0,0,0,0,0,0,1000010,1000000,1000000,1000000,10,0
1193,635506000,636506000,1000000,1000000,0,1000000,634506000,634506000,0,0,0,0,0,0,1000000,2000000,1000000,1000000,0,1000000,0,0,0,0,0,0,0,0,1000010,1000000,1000000,1000000,10,0
1223,680806000,3879136000,1000000,1000000,10000000,13000000,634506000,3807036000,13000000,58000000,22300000,100000,35300000,58100000,46300000,72100000,1000000,1000000,10000000,13000000,0,0,13000000,58000000,22300000,100000,35300000,58100000,1000010,69000040,1000000,1000000,10,68000040
1253,752606000,1393012000,1000000,1000000,41000000,46000000,634506000,1269012000,46000000,47000000,30100000,30000000,76100000,77000000,118100000,124000000,1000000,1000000,41000000,46000000,0,0,46000000,47000000,30100000,30000000,76100000,77000000,1000010,116000080,1000000,1000000,10,115000080
1283,692506000,1355012000,1000000,1000000,57000000,85000000,634506000,1269012000,0,0,0,0,0,0,58000000,86000000,1000000,1000000,57000000,85000000,0,0,0,0,0,0,0,0,1000010,1000000,1000000,1000000,10,0
24,699506000,712606000,1000000,1000000,19000000,20000000,634506000,634506000,20000000,57000000,25000000,100000,45000000,57100000,65000000,78100000,1000000,1000000,19000000,20000000,0,0,20000000,57000000,25000000,100000,45000000,57100000,1000010,52000030,1000000,1000000,10,51000030
54,680606000,705606000,1000000,1000000,10000000,12000000,634506000,634506000,12000000,58000000,23100000,100000,35100000,58100000,46100000,71100000,1000000,1000000,10000000,12000000,0,0,12000000,58000000,23100000,100000,35100000,58100000,1000010,69000040,1000000,1000000,10,68000040
84,704806000,705806000,1000000,1000000,19000000,20000000,634506000,634506000,20000000,20000000,30300000,30300000,50300000,50300000,70300000,71300000,1000000,1000000,19000000,20000000,0,0,20000000,20000000,30300000,30300000,50300000,50300000,1000010,23000010,1000000,1000000,10,22000010
114,653306000,653306000,1000000,1000000,1000000,1000000,634506000,634506000,1000000,1000000,15800000,15800000,16800000,16800000,18800000,18800000,1000000,1000000,1000000,1000000,0,0,1000000,1000000,15800000,15800000,16800000,16800000,1000010,13000030,1000000,1000000,10,12000030
144,717806000,759406000,1000000,1000000,10000000,43000000,634506000,634506000,43000000,80000000,29300000,900000,72300000,80900000,83300000,124900000,1000000,1000000,10000000,43000000,0,0,43000000,80000000,29300000,900000,72300000,80900000,1000010,89000050,1000000,1000000,10,88000050
174,691506000,691506000,1000000,1000000,20000000,20000000,634506000,634506000,20000000,20000000,16000000,16000000,36000000,36000000,57000000,57000000,1000000,1000000,20000000,20000000,0,0,20000000,20000000,16000000,16000000,36000000,36000000,1000010,28000040,1000000,1000000,10,27000040
204,696106000,712606000,1000000,1000000,20000000,20000000,634506000,634506000,20000000,57000000,20600000,100000,40600000,57100000,61600000,78100000,1000000,1000000,20000000,20000000,0,0,20000000,57000000,20600000,100000,40600000,57100000,1000010,52000030,1000000,1000000,10,51000030
234,693506000,694606000,1000000,1000000,19000000,20000000,634506000,634506000,20000000,39000000,19000000,100000,39000000,39100000,59000000,60100000,1000000,1000000,19000000,20000000,0,0,20000000,39000000,19000000,100000,39000000,39100000,1000010,23000010,1000000,1000000,10,22000010
264,669206000,670206000,1000000,1000000,8000000,9000000,634506000,634506000,9000000,9000000,16700000,16700000,25700000,25700000,34700000,35700000,1000000,1000000,8000000,9000000,0,0,9000000,9000000,16700000,16700000,25700000,25700000,1000010,17000040,1000000,1000000,10,16000040
294,670706000,670706000,1000000,1000000,9000000,9000000,634506000,634506000,9000000,9000000,17200000,17200000,26200000,26200000,36200000,36200000,1000000,1000000,9000000,9000000,0,0,9000000,9000000,17200000,17200000,26200000,26200000,1000010,17000040,1000000,1000000,10,16000040
324,676006000,683706000,1000000,1000000,8000000,9000000,634506000,634506000,9000000,39000000,23500000,200000,32500000,39200000,41500000,49200000,1000000,1000000,8000000,9000000,0,0,9000000,39000000,23500000,200000,32500000,39200000,1000010,34000020,1000000,1000000,10,33000020
354,652606000,653606000,1000000,1000000,8000000,9000000,634506000,634506000,9000000,9000000,100000,100000,9100000,9100000,18100000,19100000,1000000,1000000,8000000,9000000,0,0,9000000,9000000,100000,100000,9100000,9100000,1000010,2000010,1000000,1000000,10,1000010
384,667406000,667406000,1000000,1000000,9000000,9000000,634506000,634506000,9000000,9000000,13900000,13900000,22900000,22900000,32900000,32900000,1000000,1000000,9000000,9000000,0,0,9000000,9000000,13900000,13900000,22900000,22900000,1000010,17000030,1000000,1000000,10,16000030
414,679106000,679106000,1000000,1000000,13000000,13000000,634506000,634506000,13000000,13000000,17600000,17600000,30600000,30600000,44600000,44600000,1000000,1000000,13000000,13000000,0,0,13000000,13000000,17600000,17600000,30600000,30600000,1000010,3000010,1000000,1000000,10,2000010
444,675606000,675606000,1000000,1000000,11000000,11000000,634506000,634506000,11000000,11000000,18100000,18100000,29100000,29100000,41100000,41100000,1000000,1000000,11000000,11000000,0,0,11000000,11000000,18100000,18100000,29100000,29100000,1000010,27000040,1000000,1000000,10,26000040
474,670906000,684606000,1000000,1000000,11000000,12000000,634506000,634506000,12000000,37000000,12400000,100000,24400000,37100000,36400000,50100000,1000000,1000000,11000000,12000000,0,0,12000000,37000000,12400000,100000,24400000,37100000,1000010,34000020,1000000,1000000,10,33000020
504,741706000,744706000,1000000,1000000,37000000,40000000,634506000,634506000,40000000,40000000,29200000,29200000,69200000,69200000,107200000,110200000,1000000,1000000,37000000,40000000,0,0,40000000,40000000,29200000,29200000,69200000,69200000,1000010,39000040,1000000,1000000,10,38000040
534,685206000,733606000,1000000,1000000,18000000,18000000,634506000,634506000,18000000,80000000,13700000,100000,31700000,80100000,50700000,99100000,1000000,1000000,18000000,18000000,0,0,18000000,80000000,13700000,100000,31700000,80100000,1000010,63000010,1000000,1000000,10,62000010
564,676506000,719206000,1000000,1000000,10000000,18000000,634506000,634506000,18000000,57000000,13000000,8700000,31000000,65700000,42000000,84700000,1000000,1000000,10000000,18000000,0,0,18000000,57000000,13000000,8700000,31000000,65700000,1000010,41000010,1000000,1000000,10,40000010
594,656706000,658806000,1000000,1000000,7000000,7000000,634506000,634506000,7000000,13000000,7200000,3300000,14200000,16300000,22200000,24300000,1000000,1000000,7000000,7000000,0,0,7000000,13000000,7200000,3300000,14200000,16300000,1000010,9000020,1000000,1000000,10,8000020
624,662906000,666106000,1000000,1000000,9000000,10000000,634506000,634506000,10000000,20000000,8400000,600000,18400000,20600000,28400000,31600000,1000000,1000000,9000000,10000000,0,0,10000000,20000000,8400000,600000,18400000,20600000,1000010,25000030,1000000,1000000,10,24000030
654,673506000,680506000,1000000,1000000,10000000,17000000,634506000,634506000,17000000,17000000,11000000,11000000,28000000,28000000,39000000,46000000,1000000,1000000,10000000,17000000,0,0,17000000,17000000,11000000,11000000,28000000,28000000,1000010,6000030,1000000,1000000,10,5000030
684,641506000,647506000,1000000,1000000,6000000,12000000,634506000,634506000,0,0,0,0,0,0,7000000,13000000,1000000,1000000,6000000,12000000,0,0,0,0,0,0,0,0,1000010,1000000,1000000,1000000,10,0
714,687706000,691606000,1000000,1000000,17000000,18000000,634506000,634506000,18000000,38000000,17200000,100000,35200000,38100000,53200000,57100000,1000000,1000000,17000000,18000000,0,0,18000000,38000000,17200000,100000,35200000,38100000,1000010,22000010,1000000,1000000,10,21000010
744,660006000,721606000,1000000,1000000,5000000,6000000,634506000,634506000,6000000,80000000,13500000,100000,19500000,80100000,25500000,87100000,1000000,1000000,5000000,6000000,0,0,6000000,80000000,13500000,100000,19500000,80100000,1000010,83000040,1000000,1000000,10,82000040
774,648006000,717706000,1000000,1000000,1000000,1000000,634506000,634506000,1000000,81000000,10500000,200000,11500000,81200000,13500000,83200000,1000000,1000000,1000000,1000000,0,0,1000000,81000000,10500000,200000,11500000,81200000,1000010,82000040,1000000,1000000,10,81000040
804,651006000,654606000,1000000,1000000,1000000,1000000,634506000,634506000,1000000,18000000,13500000,100000,14500000,18100000,16500000,20100000,1000000,1000000,1000000,1000000,0,0,1000000,18000000,13500000,100000,14500000,18100000,1000010,19000020,1000000,1000000,10,18000020
834,662006000,666006000,1000000,1000000,8000000,12000000,634506000,634506000,12000000,12000000,6500000,6500000,18500000,18500000,27500000,31500000,1000000,1000000,8000000,12000000,0,0,12000000,12000000,6500000,6500000,18500000,18500000,1000010,11000030,1000000,1000000,10,10000030
864,646506000,648506000,1000000,1000000,11000000,13000000,634506000,634506000,0,0,0,0,0,0,12000000,14000000,1000000,1000000,11000000,13000000,0,0,0,0,0,0,0,0,1000010,1000000,1000000,1000000,10,0
894,667206000,667206000,1000000,1000000,8000000,8000000,634506000,634506000,8000000,8000000,15700000,15700000,23700000,23700000,32700000,32700000,1000000,1000000,8000000,8000000,0,0,8000000,8000000,15700000,15700000,23700000,23700000,1000010,7000030,1000000,1000000,10,6000030
924,691106000,734606000,1000000,1000000,18000000,19000000,634506000,634506000,18000000,80000000,19600000,100000,37600000,80100000,56600000,100100000,1000000,1000000,18000000,19000000,0,0,18000000,80000000,19600000,100000,37600000,80100000,1000010,63000010,1000000,1000000,10,62000010
954,681906000,706606000,1000000,1000000,11000000,13000000,634506000,634506000,13000000,58000000,22400000,100000,35400000,58100000,47400000,72100000,1000000,1000000,11000000,13000000,0,0,13000000,58000000,22400000,100000,35400000,58100000,1000010,70000050,1000000,1000000,10,69000050
984,668806000,19134580000,1000000,1000000,0,17000000,634506000,19035180000,2000000,81000000,31300000,400000,33300000,81400000,34300000,99400000,1000000,1000000,0,17000000,0,0,2000000,81000000,31300000,400000,33300000,81400000,1000010,68000020,1000000,1000000,10,67000020
1014,774306000,3953836000,1000000,1000000,37000000,44000000,634506000,3807036000,41000000,41000000,60800000,60800000,101800000,101800000,139800000,146800000,1000000,1000000,37000000,44000000,0,0,41000000,41000000,60800000,60800000,101800000,101800000,1000010,112000060,1000000,1000000,10,111000060
1044,644506000,646506000,1000000,1000000,9000000,11000000,634506000,634506000,0,0,0,0,0,0,10000000,12000000,1000000,1000000,9000000,11000000,0,0,0,0,0,0,0,0,1000010,1000000,1000000,1000000,10,0
1074,680006000,4499042000,1000000,1000000,8000000,20000000,634506000,4441542000,20000000,20000000,16500000,16500000,36500000,36500000,45500000,57500000,1000000,1000000,8000000,20000000,0,0,20000000,20000000,16500000,16500000,36500000,36500000,1000010,1000000,1000000,1000000,10,0
1104,638506000,1274012000,1000000,1000000,3000000,4000000,634506000,1269012000,0,0,0,0,0,0,4000000,5000000,1000000,1000000,3000000,4000000,0,0,0,0,0,0,0,0,1000010,1000000,1000000,1000000,10,0
1134,636506000,1272012000,1000000,1000000,1000000,2000000,634506000,1269012000,0,0,0,0,0,0,2000000,3000000,1000000,1000000,1000000,2000000,0,0,0,0,0,0,0,0,1000010,1000000,1000000,1000000,10,0
1164,652606000,3191630000,1000000,1000000,8000000,9000000,634506000,3172530000,9000000,9000000,100000,100000,9100000,9100000,18100000,19100000,1000000,1000000,8000000,9000000,0,0,9000000,9000000,100000,100000,9100000,9100000,1000010,1000000,1000000,1000000,10,0
1194,643506000,1279012000,1000000,1000000,8000000,9000000,634506000,1269012000,0,0,0,0,0,0,9000000,10000000,1000000,1000000,8000000,9000000,0,0,0,0,0,0,0,0,1000010,1000000,1000000,1000000,10,0
1224,659606000,1929618000,1000000,1000000,10000000,11000000,634506000,1903518000,11000000,11000000,3100000,3100000,14100000,14100000,25100000,26100000,1000000,1000000,10000000,11000000,0,0,11000000,11000000,3100000,3100000,14100000,14100000,1000010,1000000,1000000,1000000,10,0
1254,754606000,1394112000,1000000,1000000,42000000,47000000,634506000,1269012000,47000000,47000000,30100000,30100000,77100000,77100000,120100000,125100000,1000000,1000000,42000000,47000000,0,0,47000000,47000000,30100000,30100000,77100000,77100000,1000010,117000090,1000000,1000000,10,116000090
1284,642506000,1278012000,1000000,1000000,7000000,8000000,634506000,1269012000,0,0,0,0,0,0,8000000,9000000,1000000,1000000,7000000,8000000,0,0,0,0,0,0,0,0,1000010,1000000,1000000,1000000,10,0
25,683606000,694606000,1000000,1000000,8000000,19000000,634506000,634506000,19000000,19000000,21100000,21100000,40100000,40100000,49100000,60100000,1000000,1000000,8000000,19000000,0,0,19000000,19000000,21100000,21100000,40100000,40100000,1000010,23000010,1000000,1000000,10,22000010
55,680606000,704606000,1000000,1000000,10000000,11000000,634506000,634506000,11000000,58000000,24100000,100000,35100000,58100000,46100000,70100000,1000000,1000000,10000000,11000000,0,0,11000000,58000000,24100000,100000,35100000,58100000,1000010,69000040,1000000,1000000,10,68000040
85,704806000,705806000,1000000,1000000,19000000,20000000,634506000,634506000,20000000,20000000,30300000,30300000,50300000,50300000,70300000,71300000,1000000,1000000,19000000,20000000,0,0,20000000,20000000,30300000,30300000,50300000,50300000,1000010,23000010,1000000,1000000,10,22000010
115,653306000,653306000,1000000,1000000,1000000,1000000,634506000,634506000,1000000,1000000,15800000,15800000,16800000,16800000,18800000,18800000,1000000,1000000,1000000,1000000,0,0,1000000,1000000,15800000,15800000,16800000,16800000,1000010,13000030,1000000,1000000,10,12000030
145,665806000,693606000,1000000,1000000,9000000,10000000,634506000,634506000,10000000,48000000,11300000,100000,21300000,48100000,31300000,59100000,1000000,1000000,9000000,10000000,0,0,10000000,48000000,11300000,100000,21300000,48100000,1000010,41000050,1000000,1000000,10,40000050
175,691506000,691506000,1000000,1000000,20000000,20000000,634506000,634506000,20000000,20000000,16000000,16000000,36000000,36000000,57000000,57000000,1000000,1000000,20000000,20000000,0,0,20000000,20000000,16000000,16000000,36000000,36000000,1000010,28000040,1000000,1000000,10,27000040
205,692406000,694606000,1000000,1000000,19000000,20000000,634506000,634506000,20000000,39000000,17900000,100000,37900000,39100000,57900000,60100000,1000000,1000000,19000000,20000000,0,0,20000000,39000000,17900000,100000,37900000,39100000,1000010,24000020,1000000,1000000,10,23000020
235,696506000,697506000,1000000,1000000,19000000,20000000,634506000,634506000,20000000,20000000,22000000,22000000,42000000,42000000,62000000,63000000,1000000,1000000,19000000,20000000,0,0,20000000,20000000,22000000,22000000,42000000,42000000,1000010,23000010,1000000,1000000,10,22000010
265,669206000,670206000,1000000,1000000,8000000,9000000,634506000,634506000,9000000,9000000,16700000,16700000,25700000,25700000,34700000,35700000,1000000,1000000,8000000,9000000,0,0,9000000,9000000,16700000,16700000,25700000,25700000,1000010,17000040,1000000,1000000,10,16000040
295,671406000,674406000,1000000,1000000,9000000,12000000,634506000,634506000,12000000,12000000,14900000,14900000,26900000,26900000,36900000,39900000,1000000,1000000,9000000,12000000,0,0,12000000,12000000,14900000,14900000,26900000,26900000,1000010,20000020,1000000,1000000,10,19000020
325,677406000,678406000,1000000,1000000,8000000,9000000,634506000,634506000,9000000,9000000,24900000,24900000,33900000,33900000,42900000,43900000,1000000,1000000,8000000,9000000,0,0,9000000,9000000,24900000,24900000,33900000,33900000,1000010,17000030,1000000,1000000,10,16000030
355,652606000,653606000,1000000,1000000,8000000,9000000,634506000,634506000,9000000,9000000,100000,100000,9100000,9100000,18100000,19100000,1000000,1000000,8000000,9000000,0,0,9000000,9000000,100000,100000,9100000,9100000,1000010,2000010,1000000,1000000,10,1000010
385,644506000,652506000,1000000,1000000,9000000,17000000,634506000,634506000,0,0,0,0,0,0,10000000,18000000,1000000,1000000,9000000,17000000,0,0,0,0,0,0,0,0,1000010,1000000,1000000,1000000,10,0
415,691406000,692406000,1000000,1000000,12000000,13000000,634506000,634506000,13000000,13000000,30900000,30900000,43900000,43900000,56900000,57900000,1000000,1000000,12000000,13000000,0,0,13000000,13000000,30900000,30900000,43900000,43900000,1000010,3000010,1000000,1000000,10,2000010
445,691206000,692206000,1000000,1000000,12000000,13000000,634506000,634506000,13000000,13000000,30700000,30700000,43700000,43700000,56700000,57700000,1000000,1000000,12000000,13000000,0,0,13000000,13000000,30700000,30700000,43700000,43700000,1000010,3000010,1000000,1000000,10,2000010
475,669606000,720606000,1000000,1000000,3000000,4000000,634506000,634506000,4000000,81000000,27100000,100000,31100000,81100000,35100000,86100000,1000000,1000000,3000000,4000000,0,0,4000000,81000000,27100000,100000,31100000,81100000,1000010,84000050,1000000,1000000,10,83000050
505,747106000,750806000,1000000,1000000,40000000,41000000,634506000,634506000,41000000,74000000,30600000,300000,71600000,74300000,112600000,116300000,1000000,1000000,40000000,41000000,0,0,41000000,74000000,30600000,300000,71600000,74300000,1000010,115000070,1000000,1000000,10,114000070
535,685206000,733606000,1000000,1000000,18000000,18000000,634506000,634506000,18000000,80000000,13700000,100000,31700000,80100000,50700000,99100000,1000000,1000000,18000000,18000000,0,0,18000000,80000000,13700000,100000,31700000,80100000,1000010,63000010,1000000,1000000,10,62000010
565,686106000,710606000,1000000,1000000,18000000,18000000,634506000,634506000,18000000,57000000,14600000,100000,32600000,57100000,51600000,76100000,1000000,1000000,18000000,18000000,0,0,18000000,57000000,14600000,100000,32600000,57100000,1000010,41000010,1000000,1000000,10,40000010
595,678006000,679006000,1000000,1000000,7000000,8000000,634506000,634506000,8000000,8000000,27500000,27500000,35500000,35500000,43500000,44500000,1000000,1000000,7000000,8000000,0,0,8000000,8000000,27500000,27500000,35500000,35500000,1000010,27000040,1000000,1000000,10,26000040
625,677706000,725606000,1000000,1000000,9000000,10000000,634506000,634506000,10000000,80000000,23200000,100000,33200000,80100000,43200000,91100000,1000000,1000000,9000000,10000000,0,0,10000000,80000000,23200000,100000,33200000,80100000,1000010,84000020,1000000,1000000,10,83000020
655,673406000,674406000,1000000,1000000,9000000,10000000,634506000,634506000,9000000,9000000,19900000,19900000,28900000,28900000,38900000,39900000,1000000,1000000,9000000,10000000,0,0,9000000,9000000,19900000,19900000,28900000,28900000,1000010,26000040,1000000,1000000,10,25000040
685,665106000,721706000,1000000,1000000,5000000,6000000,634506000,634506000,6000000,80000000,18600000,200000,24600000,80200000,30600000,87200000,1000000,1000000,5000000,6000000,0,0,6000000,80000000,18600000,200000,24600000,80200000,1000010,83000040,1000000,1000000,10,82000040
715,687706000,691606000,1000000,1000000,17000000,18000000,634506000,634506000,18000000,38000000,17200000,100000,35200000,38100000,53200000,57100000,1000000,1000000,17000000,18000000,0,0,18000000,38000000,17200000,100000,35200000,38100000,1000010,22000010,1000000,1000000,10,21000010
745,660906000,735906000,1000000,1000000,5000000,16000000,634506000,634506000,16000000,81000000,4400000,3400000,20400000,84400000,26400000,101400000,1000000,1000000,5000000,16000000,0,0,16000000,81000000,4400000,3400000,20400000,84400000,1000010,69000040,1000000,1000000,10,68000040
775,636506000,637506000,1000000,1000000,1000000,2000000,634506000,634506000,0,0,0,0,0,0,2000000,3000000,1000000,1000000,1000000,2000000,0,0,0,0,0,0,0,0,1000010,1000000,1000000,1000000,10,0
805,651006000,654606000,1000000,1000000,1000000,1000000,634506000,634506000,1000000,18000000,13500000,100000,14500000,18100000,16500000,20100000,1000000,1000000,1000000,1000000,0,0,1000000,18000000,13500000,100000,14500000,18100000,1000010,19000020,1000000,1000000,10,18000020
835,657806000,657806000,1000000,1000000,8000000,8000000,634506000,634506000,8000000,8000000,6300000,6300000,14300000,14300000,23300000,23300000,1000000,1000000,8000000,8000000,0,0,8000000,8000000,6300000,6300000,14300000,14300000,1000010,13000020,1000000,1000000,10,12000020
865,673006000,723606000,1000000,1000000,7000000,8000000,634506000,634506000,8000000,80000000,22500000,100000,30500000,80100000,38500000,89100000,1000000,1000000,7000000,8000000,0,0,8000000,80000000,22500000,100000,30500000,80100000,1000010,86000030,1000000,1000000,10,85000030
895,667306000,667306000,1000000,1000000,8000000,8000000,634506000,634506000,8000000,8000000,15800000,15800000,23800000,23800000,32800000,32800000,1000000,1000000,8000000,8000000,0,0,8000000,8000000,15800000,15800000,23800000,23800000,1000010,7000030,1000000,1000000,10,6000030
925,723906000,773606000,1000000,1000000,19000000,58000000,634506000,634506000,58000000,80000000,11400000,100000,69400000,80100000,89400000,139100000,1000000,1000000,19000000,58000000,0,0,58000000,80000000,11400000,100000,69400000,80100000,1000010,63000010,1000000,1000000,10,62000010
955,646506000,648506000,1000000,1000000,11000000,13000000,634506000,634506000,0,0,0,0,0,0,12000000,14000000,1000000,1000000,11000000,13000000,0,0,0,0,0,0,0,0,1000010,1000000,1000000,1000000,10,0
985,654506000,1290012000,1000000,1000000,19000000,20000000,634506000,1269012000,0,0,0,0,0,0,20000000,21000000,1000000,1000000,19000000,20000000,0,0,0,0,0,0,0,0,1000010,1000000,1000000,1000000,10,0
1015,744006000,2654324000,1000000,1000000,37000000,41000000,634506000,2538024000,41000000,74000000,30500000,300000,71500000,74300000,109500000,116300000,1000000,1000000,37000000,41000000,0,0,41000000,74000000,30500000,300000,71500000,74300000,1000010,112000060,1000000,1000000,10,111000060
1045,665506000,8296578000,1000000,1000000,0,17000000,634506000,8248578000,10000000,10000000,20000000,20000000,30000000,30000000,31000000,48000000,1000000,1000000,0,17000000,0,0,10000000,10000000,20000000,20000000,30000000,30000000,1000010,13000030,1000000,1000000,10,12000030
1075,674906000,3848436000,1000000,1000000,19000000,20000000,634506000,3807036000,20000000,20000000,400000,400000,20400000,20400000,40400000,41400000,1000000,1000000,19000000,20000000,0,0,20000000,20000000,400000,400000,20400000,20400000,1000010,1000000,1000000,1000000,10,0
1105,638506000,639506000,1000000,1000000,3000000,4000000,634506000,634506000,0,0,0,0,0,0,4000000,5000000,1000000,1000000,3000000,4000000,0,0,0,0,0,0,0,0,1000010,1000000,1000000,1000000,10,0
1135,639306000,3178330000,1000000,1000000,0,1000000,634506000,3172530000,1000000,1000000,2800000,2800000,3800000,3800000,4800000,5800000,1000000,1000000,0,1000000,0,0,1000000,1000000,2800000,2800000,3800000,3800000,1000010,1000000,1000000,1000000,10,0
1165,652606000,3191630000,1000000,1000000,8000000,9000000,634506000,3172530000,9000000,9000000,100000,100000,9100000,9100000,18100000,19100000,1000000,1000000,8000000,9000000,0,0,9000000,9000000,100000,100000,9100000,9100000,1000010,1000000,1000000,1000000,10,0
1195,678706000,5132748000,1000000,1000000,1000000,11000000,634506000,5076048000,11000000,44000000,31200000,700000,42200000,44700000,44200000,56700000,1000000,1000000,1000000,11000000,0,0,11000000,44000000,31200000,700000,42200000,44700000,1000010,39000050,1000000,1000000,10,38000050
1225,659606000,1929618000,1000000,1000000,10000000,11000000,634506000,1903518000,11000000,11000000,3100000,3100000,14100000,14100000,25100000,26100000,1000000,1000000,10000000,11000000,0,0,11000000,11000000,3100000,3100000,14100000,14100000,1000010,1000000,1000000,1000000,10,0
1255,646506000,648506000,1000000,1000000,11000000,13000000,634506000,634506000,0,0,0,0,0,0,12000000,14000000,1000000,1000000,11000000,13000000,0,0,0,0,0,0,0,0,1000010,1000000,1000000,1000000,10,0
1285,642506000,1278012000,1000000,1000000,7000000,8000000,634506000,1269012000,0,0,0,0,0,0,8000000,9000000,1000000,1000000,7000000,8000000,0,0,0,0,0,0,0,0,1000010,1000000,1000000,1000000,10,0
26,683606000,693706000,1000000,1000000,19000000,20000000,634506000,634506000,20000000,38000000,9100000,200000,29100000,38200000,49100000,59200000,1000000,1000000,19000000,20000000,0,0,20000000,38000000,9100000,200000,29100000,38200000,1000010,23000010,1000000,1000000,10,22000010
56,645506000,646506000,1000000,1000000,10000000,11000000,634506000,634506000,0,0,0,0,0,0,11000000,12000000,1000000,1000000,10000000,11000000,0,0,0,0,0,0,0,0,1000010,1000000,1000000,1000000,10,0
86,699306000,700306000,1000000,1000000,19000000,20000000,634506000,634506000,20000000,20000000,24800000,24800000,44800000,44800000,64800000,65800000,1000000,1000000,19000000,20000000,0,0,20000000,20000000,24800000,24800000,44800000,44800000,1000010,23000010,1000000,1000000,10,22000010
116,654806000,663806000,1000000,1000000,1000000,7000000,634506000,634506000,7000000,20000000,11300000,1300000,18300000,21300000,20300000,29300000,1000000,1000000,1000000,7000000,0,0,7000000,20000000,11300000,1300000,18300000,21300000,1000010,21000040,1000000,1000000,10,20000040
146,659506000,701506000,1000000,1000000,1000000,8000000,634506000,634506000,8000000,57000000,15000000,1000000,23000000,58000000,25000000,67000000,1000000,1000000,1000000,8000000,0,0,8000000,57000000,15000000,1000000,23000000,58000000,1000010,59000030,1000000,1000000,10,58000030
176,670206000,694606000,1000000,1000000,8000000,20000000,634506000,634506000,20000000,39000000,6700000,100000,26700000,39100000,35700000,60100000,1000000,1000000,8000000,20000000,0,0,20000000,39000000,6700000,100000,26700000,39100000,1000010,24000020,1000000,1000000,10,23000020
206,679806000,679806000,1000000,1000000,20000000,20000000,634506000,634506000,20000000,20000000,4300000,4300000,24300000,24300000,45300000,45300000,1000000,1000000,20000000,20000000,0,0,20000000,20000000,4300000,4300000,24300000,24300000,1000010,2000010,1000000,1000000,10,1000010
236,696506000,697506000,1000000,1000000,19000000,20000000,634506000,634506000,20000000,20000000,22000000,22000000,42000000,42000000,62000000,63000000,1000000,1000000,19000000,20000000,0,0,20000000,20000000,22000000,22000000,42000000,42000000,1000010,23000010,1000000,1000000,10,22000010
266,657306000,665206000,1000000,1000000,8000000,9000000,634506000,634506000,9000000,19000000,4800000,1700000,13800000,20700000,22800000,30700000,1000000,1000000,8000000,9000000,0,0,9000000,19000000,4800000,1700000,13800000,20700000,1000010,16000030,1000000,1000000,10,15000030
296,671406000,674406000,1000000,1000000,9000000,12000000,634506000,634506000,12000000,12000000,14900000,14900000,26900000,26900000,36900000,39900000,1000000,1000000,9000000,12000000,0,0,12000000,12000000,14900000,14900000,26900000,26900000,1000010,20000020,1000000,1000000,10,19000020
326,644706000,663606000,1000000,1000000,1000000,8000000,634506000,634506000,8000000,20000000,200000,100000,8200000,20100000,10200000,29100000,1000000,1000000,1000000,8000000,0,0,8000000,20000000,200000,100000,8200000,20100000,1000010,13000020,1000000,1000000,10,12000020
356,652606000,653606000,1000000,1000000,8000000,9000000,634506000,634506000,9000000,9000000,100000,100000,9100000,9100000,18100000,19100000,1000000,1000000,8000000,9000000,0,0,9000000,9000000,100000,100000,9100000,9100000,1000010,2000010,1000000,1000000,10,1000010
386,666106000,666106000,1000000,1000000,9000000,9000000,634506000,634506000,9000000,9000000,12600000,12600000,21600000,21600000,31600000,31600000,1000000,1000000,9000000,9000000,0,0,9000000,9000000,12600000,12600000,21600000,21600000,1000010,17000030,1000000,1000000,10,16000030
416,691006000,692006000,1000000,1000000,12000000,13000000,634506000,634506000,13000000,13000000,30500000,30500000,43500000,43500000,56500000,57500000,1000000,1000000,12000000,13000000,0,0,13000000,13000000,30500000,30500000,43500000,43500000,1000010,3000010,1000000,1000000,10,2000010
446,691106000,692106000,1000000,1000000,12000000,13000000,634506000,634506000,13000000,13000000,30600000,30600000,43600000,43600000,56600000,57600000,1000000,1000000,12000000,13000000,0,0,13000000,13000000,30600000,30600000,43600000,43600000,1000010,3000010,1000000,1000000,10,2000010
476,670506000,670506000,1000000,1000000,4000000,4000000,634506000,634506000,4000000,4000000,27000000,27000000,31000000,31000000,36000000,36000000,1000000,1000000,4000000,4000000,0,0,4000000,4000000,27000000,27000000,31000000,31000000,1000010,16000040,1000000,1000000,10,15000040
506,708506000,737506000,1000000,1000000,8000000,37000000,634506000,634506000,37000000,37000000,28000000,28000000,65000000,65000000,74000000,103000000,1000000,1000000,8000000,37000000,0,0,37000000,37000000,28000000,28000000,65000000,65000000,1000010,4000010,1000000,1000000,10,3000010
536,678806000,679806000,1000000,1000000,17000000,18000000,634506000,634506000,18000000,18000000,8300000,8300000,26300000,26300000,44300000,45300000,1000000,1000000,17000000,18000000,0,0,18000000,18000000,8300000,8300000,26300000,26300000,1000010,22000010,1000000,1000000,10,21000010
566,721306000,777706000,1000000,1000000,18000000,57000000,634506000,634506000,57000000,85000000,10800000,200000,67800000,85200000,86800000,143200000,1000000,1000000,18000000,57000000,0,0,57000000,85000000,10800000,200000,67800000,85200000,1000010,29000010,1000000,1000000,10,28000010
596,678006000,679006000,1000000,1000000,7000000,8000000,634506000,634506000,8000000,8000000,27500000,27500000,35500000,35500000,43500000,44500000,1000000,1000000,7000000,8000000,0,0,8000000,8000000,27500000,27500000,35500000,35500000,1000010,27000040,1000000,1000000,10,26000040
626,677706000,725606000,1000000,1000000,9000000,10000000,634506000,634506000,10000000,80000000,23200000,100000,33200000,80100000,43200000,91100000,1000000,1000000,9000000,10000000,0,0,10000000,80000000,23200000,100000,33200000,80100000,1000010,84000020,1000000,1000000,10,83000020
656,664106000,725606000,1000000,1000000,8000000,10000000,634506000,634506000,8000000,80000000,12600000,100000,20600000,80100000,29600000,91100000,1000000,1000000,8000000,10000000,0,0,8000000,80000000,12600000,100000,20600000,80100000,1000010,85000030,1000000,1000000,10,84000030
686,665506000,722106000,1000000,1000000,6000000,6000000,634506000,634506000,6000000,80000000,18000000,600000,24000000,80600000,31000000,87600000,1000000,1000000,6000000,6000000,0,0,6000000,80000000,18000000,600000,24000000,80600000,1000010,83000030,1000000,1000000,10,82000030
716,687706000,691606000,1000000,1000000,17000000,18000000,634506000,634506000,18000000,38000000,17200000,100000,35200000,38100000,53200000,57100000,1000000,1000000,17000000,18000000,0,0,18000000,38000000,17200000,100000,35200000,38100000,1000010,22000010,1000000,1000000,10,21000010
746,662306000,662306000,1000000,1000000,9000000,9000000,634506000,634506000,9000000,9000000,8800000,8800000,17800000,17800000,27800000,27800000,1000000,1000000,9000000,9000000,0,0,9000000,9000000,8800000,8800000,17800000,17800000,1000010,17000040,1000000,1000000,10,16000040
776,662506000,725706000,1000000,1000000,1000000,9000000,634506000,634506000,9000000,81000000,17000000,200000,26000000,81200000,28000000,91200000,1000000,1000000,1000000,9000000,0,0,9000000,81000000,17000000,200000,26000000,81200000,1000010,83000040,1000000,1000000,10,82000040
806,651006000,654606000,1000000,1000000,1000000,1000000,634506000,634506000,1000000,18000000,13500000,100000,14500000,18100000,16500000,20100000,1000000,1000000,1000000,1000000,0,0,1000000,18000000,13500000,100000,14500000,18100000,1000010,19000020,1000000,1000000,10,18000020
836,654506000,656606000,1000000,1000000,8000000,8000000,634506000,634506000,8000000,13000000,3000000,100000,11000000,13100000,20000000,22100000,1000000,1000000,8000000,8000000,0,0,8000000,13000000,3000000,100000,11000000,13100000,1000010,11000030,1000000,1000000,10,10000030
866,673006000,723606000,1000000,1000000,7000000,8000000,634506000,634506000,8000000,80000000,22500000,100000,30500000,80100000,38500000,89100000,1000000,1000000,7000000,8000000,0,0,8000000,80000000,22500000,100000,30500000,80100000,1000010,86000030,1000000,1000000,10,85000030
896,666506000,666506000,1000000,1000000,8000000,8000000,634506000,634506000,8000000,8000000,15000000,15000000,23000000,23000000,32000000,32000000,1000000,1000000,8000000,8000000,0,0,8000000,8000000,15000000,15000000,23000000,23000000,1000010,4000010,1000000,1000000,10,3000010
926,685106000,735606000,1000000,1000000,18000000,19000000,634506000,634506000,18000000,80000000,13600000,1100000,31600000,81100000,50600000,101100000,1000000,1000000,18000000,19000000,0,0,18000000,80000000,13600000,1100000,31600000,81100000,1000010,63000010,1000000,1000000,10,62000010
956,823006000,824006000,1000000,1000000,80000000,81000000,634506000,634506000,81000000,81000000,26500000,26500000,107500000,107500000,188500000,189500000,1000000,1000000,80000000,81000000,0,0,81000000,81000000,26500000,26500000,107500000,107500000,1000010,134000040,1000000,1000000,10,133000040
986,715706000,2662724000,1000000,1000000,8000000,43000000,634506000,2538024000,43000000,80000000,29200000,700000,72200000,80700000,81200000,124700000,1000000,1000000,8000000,43000000,0,0,43000000,80000000,29200000,700000,72200000,80700000,1000010,87000040,1000000,1000000,10,86000040
1016,672506000,676506000,1000000,1000000,37000000,41000000,634506000,634506000,0,0,0,0,0,0,38000000,42000000,1000000,1000000,37000000,41000000,0,0,0,0,0,0,0,0,1000010,1000000,1000000,1000000,10,0
1046,644506000,1914518000,1000000,1000000,9000000,10000000,634506000,1903518000,0,0,0,0,0,0,10000000,11000000,1000000,1000000,9000000,10000000,0,0,0,0,0,0,0,0,1000010,1000000,1000000,1000000,10,0
1076,681506000,4542842000,1000000,1000000,18000000,20000000,634506000,4441542000,18000000,80000000,10000000,300000,28000000,80300000,47000000,101300000,1000000,1000000,18000000,20000000,0,0,18000000,80000000,10000000,300000,28000000,80300000,1000010,64000020,1000000,1000000,10,63000020
1106,663206000,2007818000,1000000,1000000,3000000,18000000,634506000,1903518000,18000000,85000000,6700000,300000,24700000,85300000,28700000,104300000,1000000,1000000,3000000,18000000,0,0,18000000,85000000,6700000,300000,24700000,85300000,1000010,70000030,1000000,1000000,10,69000030
1136,636506000,1272012000,1000000,1000000,1000000,2000000,634506000,1269012000,0,0,0,0,0,0,2000000,3000000,1000000,1000000,1000000,2000000,0,0,0,0,0,0,0,0,1000010,1000000,1000000,1000000,10,0
1166,748706000,1387212000,1000000,1000000,40000000,43000000,634506000,1269012000,43000000,74000000,30200000,200000,73200000,74200000,114200000,118200000,1000000,1000000,40000000,43000000,0,0,43000000,74000000,30200000,200000,73200000,74200000,1000010,115000070,1000000,1000000,10,114000070
1196,669606000,5761054000,1000000,1000000,1000000,10000000,634506000,5710554000,9000000,38000000,24100000,1500000,33100000,39500000,35100000,50500000,1000000,1000000,1000000,10000000,0,0,9000000,38000000,24100000,1500000,33100000,39500000,1000010,40000030,1000000,1000000,10,39000030
1226,659606000,2566124000,1000000,1000000,10000000,13000000,634506000,2538024000,11000000,11000000,3100000,3100000,14100000,14100000,25100000,28100000,1000000,1000000,10000000,13000000,0,0,11000000,11000000,3100000,3100000,14100000,14100000,1000010,1000000,1000000,1000000,10,0
1256,675606000,2581124000,1000000,1000000,17000000,19000000,634506000,2538024000,19000000,19000000,4100000,4100000,23100000,23100000,41100000,43100000,1000000,1000000,17000000,19000000,0,0,19000000,19000000,4100000,4100000,23100000,23100000,1000010,1000000,1000000,1000000,10,0
1286,653506000,655506000,1000000,1000000,18000000,20000000,634506000,634506000,0,0,0,0,0,0,19000000,21000000,1000000,1000000,18000000,20000000,0,0,0,0,0,0,0,0,1000010,1000000,1000000,1000000,10,0
27,681606000,695206000,1000000,1000000,8000000,19000000,634506000,634506000,19000000,39000000,19100000,1700000,38100000,40700000,47100000,60700000,1000000,1000000,8000000,19000000,0,0,19000000,39000000,19100000,1700000,38100000,40700000,1000010,24000020,1000000,1000000,10,23000020
57,680606000,705606000,1000000,1000000,10000000,12000000,634506000,634506000,12000000,58000000,23100000,100000,35100000,58100000,46100000,71100000,1000000,1000000,10000000,12000000,0,0,12000000,58000000,23100000,100000,35100000,58100000,1000010,69000040,1000000,1000000,10,68000040
87,663606000,693606000,1000000,1000000,9000000,19000000,634506000,634506000,19000000,39000000,100000,100000,19100000,39100000,29100000,59100000,1000000,1000000,9000000,19000000,0,0,19000000,39000000,100000,100000,19100000,39100000,1000010,23000010,1000000,1000000,10,22000010
117,646106000,655706000,1000000,1000000,1000000,1000000,634506000,634506000,1000000,19000000,8600000,200000,9600000,19200000,11600000,21200000,1000000,1000000,1000000,1000000,0,0,1000000,19000000,8600000,200000,9600000,19200000,1000010,20000030,1000000,1000000,10,19000030
147,661706000,661706000,1000000,1000000,8000000,8000000,634506000,634506000,8000000,8000000,10200000,10200000,18200000,18200000,27200000,27200000,1000000,1000000,8000000,8000000,0,0,8000000,8000000,10200000,10200000,18200000,18200000,1000010,26000030,1000000,1000000,10,25000030
177,688406000,699406000,1000000,1000000,9000000,20000000,634506000,634506000,20000000,20000000,23900000,23900000,43900000,43900000,53900000,64900000,1000000,1000000,9000000,20000000,0,0,20000000,20000000,23900000,23900000,43900000,43900000,1000010,18000030,1000000,1000000,10,17000030
207,679806000,679806000,1000000,1000000,20000000,20000000,634506000,634506000,20000000,20000000,4300000,4300000,24300000,24300000,45300000,45300000,1000000,1000000,20000000,20000000,0,0,20000000,20000000,4300000,4300000,24300000,24300000,1000010,2000010,1000000,1000000,10,1000010
237,696506000,697506000,1000000,1000000,19000000,20000000,634506000,634506000,20000000,20000000,22000000,22000000,42000000,42000000,62000000,63000000,1000000,1000000,19000000,20000000,0,0,20000000,20000000,22000000,22000000,42000000,42000000,1000010,23000010,1000000,1000000,10,22000010
267,669206000,670206000,1000000,1000000,8000000,9000000,634506000,634506000,9000000,9000000,16700000,16700000,25700000,25700000,34700000,35700000,1000000,1000000,8000000,9000000,0,0,9000000,9000000,16700000,16700000,25700000,25700000,1000010,17000040,1000000,1000000,10,16000040
297,652606000,654606000,1000000,1000000,8000000,9000000,634506000,634506000,9000000,10000000,100000,100000,9100000,10100000,18100000,20100000,1000000,1000000,8000000,9000000,0,0,9000000,10000000,100000,100000,9100000,10100000,1000010,3000010,1000000,1000000,10,2000010
327,681706000,683606000,1000000,1000000,8000000,9000000,634506000,634506000,9000000,39000000,29200000,100000,38200000,39100000,47200000,49100000,1000000,1000000,8000000,9000000,0,0,9000000,39000000,29200000,100000,38200000,39100000,1000010,34000020,1000000,1000000,10,33000020
357,652606000,653606000,1000000,1000000,8000000,9000000,634506000,634506000,9000000,9000000,100000,100000,9100000,9100000,18100000,19100000,1000000,1000000,8000000,9000000,0,0,9000000,9000000,100000,100000,9100000,9100000,1000010,2000010,1000000,1000000,10,1000010
387,666506000,666506000,1000000,1000000,9000000,9000000,634506000,634506000,9000000,9000000,13000000,13000000,22000000,22000000,32000000,32000000,1000000,1000000,9000000,9000000,0,0,9000000,9000000,13000000,13000000,22000000,22000000,1000010,17000030,1000000,1000000,10,16000030
417,691106000,692106000,1000000,1000000,12000000,13000000,634506000,634506000,13000000,13000000,30600000,30600000,43600000,43600000,56600000,57600000,1000000,1000000,12000000,13000000,0,0,13000000,13000000,30600000,30600000,43600000,43600000,1000010,3000010,1000000,1000000,10,2000010
447,691006000,692006000,1000000,1000000,12000000,13000000,634506000,634506000,13000000,13000000,30500000,30500000,43500000,43500000,56500000,57500000,1000000,1000000,12000000,13000000,0,0,13000000,13000000,30500000,30500000,43500000,43500000,1000010,3000010,1000000,1000000,10,2000010
477,654406000,662606000,1000000,1000000,3000000,10000000,634506000,634506000,10000000,17000000,5900000,100000,15900000,17100000,19900000,28100000,1000000,1000000,3000000,10000000,0,0,10000000,17000000,5900000,100000,15900000,17100000,1000010,19000030,1000000,1000000,10,18000030
507,679906000,709006000,1000000,1000000,7000000,8000000,634506000,634506000,8000000,37000000,29400000,28500000,37400000,65500000,45400000,74500000,1000000,1000000,7000000,8000000,0,0,8000000,37000000,29400000,28500000,37400000,65500000,1000010,37000030,1000000,1000000,10,36000030
537,685206000,733606000,1000000,1000000,18000000,18000000,634506000,634506000,18000000,80000000,13700000,100000,31700000,80100000,50700000,99100000,1000000,1000000,18000000,18000000,0,0,18000000,80000000,13700000,100000,31700000,80100000,1000010,63000010,1000000,1000000,10,62000010
567,671606000,671606000,1000000,1000000,18000000,18000000,634506000,634506000,18000000,18000000,100000,100000,18100000,18100000,37100000,37100000,1000000,1000000,18000000,18000000,0,0,18000000,18000000,100000,100000,18100000,18100000,1000010,1000000,1000000,1000000,10,0
597,678006000,679006000,1000000,1000000,7000000,8000000,634506000,634506000,8000000,8000000,27500000,27500000,35500000,35500000,43500000,44500000,1000000,1000000,7000000,8000000,0,0,8000000,8000000,27500000,27500000,35500000,35500000,1000010,27000040,1000000,1000000,10,26000040
627,677706000,725606000,1000000,1000000,9000000,10000000,634506000,634506000,10000000,80000000,23200000,100000,33200000,80100000,43200000,91100000,1000000,1000000,9000000,10000000,0,0,10000000,80000000,23200000,100000,33200000,80100000,1000010,84000020,1000000,1000000,10,83000020
657,674006000,683606000,1000000,1000000,10000000,10000000,634506000,634506000,10000000,38000000,18500000,100000,28500000,38100000,39500000,49100000,1000000,1000000,10000000,10000000,0,0,10000000,38000000,18500000,100000,28500000,38100000,1000010,43000020,1000000,1000000,10,42000020
687,682906000,683906000,1000000,1000000,19000000,20000000,634506000,634506000,20000000,20000000,8400000,8400000,28400000,28400000,48400000,49400000,1000000,1000000,19000000,20000000,0,0,20000000,20000000,8400000,8400000,28400000,28400000,1000010,3000010,1000000,1000000,10,2000010
717,683706000,691606000,1000000,1000000,17000000,18000000,634506000,634506000,18000000,38000000,13200000,100000,31200000,38100000,49200000,57100000,1000000,1000000,17000000,18000000,0,0,18000000,38000000,13200000,100000,31200000,38100000,1000010,22000010,1000000,1000000,10,21000010
747,666006000,703606000,1000000,1000000,9000000,11000000,634506000,634506000,9000000,57000000,12500000,100000,21500000,57100000,31500000,69100000,1000000,1000000,9000000,11000000,0,0,9000000,57000000,12500000,100000,21500000,57100000,1000010,58000040,1000000,1000000,10,57000040
777,638206000,638206000,1000000,1000000,1000000,1000000,634506000,634506000,1000000,1000000,700000,700000,1700000,1700000,3700000,3700000,1000000,1000000,1000000,1000000,0,0,1000000,1000000,700000,700000,1700000,1700000,1000010,2000010,1000000,1000000,10,1000010
807,659606000,701806000,1000000,1000000,1000000,9000000,634506000,634506000,9000000,57000000,14100000,300000,23100000,57300000,25100000,67300000,1000000,1000000,1000000,9000000,0,0,9000000,57000000,14100000,300000,23100000,57300000,1000010,59000030,1000000,1000000,10,58000030
837,654506000,656606000,1000000,1000000,8000000,8000000,634506000,634506000,8000000,13000000,3000000,100000,11000000,13100000,20000000,22100000,1000000,1000000,8000000,8000000,0,0,8000000,13000000,3000000,100000,11000000,13100000,1000010,11000030,1000000,1000000,10,10000030
867,673106000,723606000,1000000,1000000,7000000,8000000,634506000,634506000,8000000,80000000,22600000,100000,30600000,80100000,38600000,89100000,1000000,1000000,7000000,8000000,0,0,8000000,80000000,22600000,100000,30600000,80100000,1000010,86000030,1000000,1000000,10,85000030
897,667306000,667306000,1000000,1000000,8000000,8000000,634506000,634506000,8000000,8000000,15800000,15800000,23800000,23800000,32800000,32800000,1000000,1000000,8000000,8000000,0,0,8000000,8000000,15800000,15800000,23800000,23800000,1000010,7000030,1000000,1000000,10,6000030
927,723906000,786506000,1000000,1000000,19000000,58000000,634506000,634506000,58000000,85000000,11400000,8000000,69400000,93000000,89400000,152000000,1000000,1000000,19000000,58000000,0,0,58000000,85000000,11400000,8000000,69400000,93000000,1000010,63000010,1000000,1000000,10,62000010
957,758706000,759706000,1000000,1000000,46000000,47000000,634506000,634506000,47000000,47000000,30200000,30200000,77200000,77200000,124200000,125200000,1000000,1000000,46000000,47000000,0,0,47000000,47000000,30200000,30200000,77200000,77200000,1000010,121000100,1000000,1000000,10,120000100
987,672906000,8974884000,1000000,1000000,1000000,10000000,634506000,8883084000,9000000,80000000,27400000,800000,36400000,80800000,38400000,91800000,1000000,1000000,1000000,10000000,0,0,9000000,80000000,27400000,800000,36400000,80800000,1000010,82000040,1000000,1000000,10,81000040
1017,708006000,2031518000,1000000,1000000,7000000,37000000,634506000,1903518000,37000000,40000000,28500000,50000000,65500000,90000000,73500000,128000000,1000000,1000000,7000000,37000000,0,0,37000000,40000000,28500000,50000000,65500000,90000000,1000010,28000040,1000000,1000000,10,27000040
1047,681106000,10888402000,1000000,1000000,7000000,18000000,634506000,10786602000,10000000,80000000,28600000,2800000,38600000,82800000,46600000,101800000,1000000,1000000,7000000,18000000,0,0,10000000,80000000,28600000,2800000,38600000,82800000,1000010,65000030,1000000,1000000,10,64000030
1077,674906000,3848436000,1000000,1000000,19000000,20000000,634506000,3807036000,20000000,20000000,400000,400000,20400000,20400000,40400000,41400000,1000000,1000000,19000000,20000000,0,0,20000000,20000000,400000,400000,20400000,20400000,1000010,1000000,1000000,1000000,10,0
1107,638506000,1274012000,1000000,1000000,3000000,4000000,634506000,1269012000,0,0,0,0,0,0,4000000,5000000,1000000,1000000,3000000,4000000,0,0,0,0,0,0,0,0,1000010,1000000,1000000,1000000,10,0
1137,639306000,3178330000,1000000,1000000,0,1000000,634506000,3172530000,1000000,1000000,2800000,2800000,3800000,3800000,4800000,5800000,1000000,1000000,0,1000000,0,0,1000000,1000000,2800000,2800000,3800000,3800000,1000010,1000000,1000000,1000000,10,0
1167,646706000,1282212000,1000000,1000000,1000000,2000000,634506000,1269012000,2000000,2000000,8200000,8200000,10200000,10200000,12200000,13200000,1000000,1000000,1000000,2000000,0,0,2000000,2000000,8200000,8200000,10200000,10200000,1000010,1000000,1000000,1000000,10,0
1197,651306000,1927318000,1000000,1000000,4000000,11000000,634506000,1903518000,10000000,10000000,1800000,1800000,11800000,11800000,16800000,23800000,1000000,1000000,4000000,11000000,0,0,10000000,10000000,1800000,1800000,11800000,11800000,1000010,1000000,1000000,1000000,10,0
1227,659606000,1929618000,1000000,1000000,10000000,11000000,634506000,1903518000,11000000,11000000,3100000,3100000,14100000,14100000,25100000,26100000,1000000,1000000,10000000,11000000,0,0,11000000,11000000,3100000,3100000,14100000,14100000,1000010,1000000,1000000,1000000,10,0
1257,643506000,1280012000,1000000,1000000,8000000,10000000,634506000,1269012000,0,0,0,0,0,0,9000000,11000000,1000000,1000000,8000000,10000000,0,0,0,0,0,0,0,0,1000010,1000000,1000000,1000000,10,0
1287,673506000,677506000,1000000,1000000,38000000,42000000,634506000,634506000,0,0,0,0,0,0,39000000,43000000,1000000,1000000,38000000,42000000,0,0,0,0,0,0,0,0,1000010,1000000,1000000,1000000,10,0
28,682006000,692606000,1000000,1000000,19000000,19000000,634506000,634506000,19000000,38000000,8500000,100000,27500000,38100000,47500000,58100000,1000000,1000000,19000000,19000000,0,0,19000000,38000000,8500000,100000,27500000,38100000,1000010,23000010,1000000,1000000,10,22000010
58,687106000,688106000,1000000,1000000,10000000,11000000,634506000,634506000,11000000,11000000,30600000,30600000,41600000,41600000,52600000,53600000,1000000,1000000,10000000,11000000,0,0,11000000,11000000,30600000,30600000,41600000,41600000,1000010,47000040,1000000,1000000,10,46000040
88,683706000,694706000,1000000,1000000,19000000,20000000,634506000,634506000,20000000,39000000,9200000,200000,29200000,39200000,49200000,60200000,1000000,1000000,19000000,20000000,0,0,20000000,39000000,9200000,200000,29200000,39200000,1000010,23000010,1000000,1000000,10,22000010
118,669706000,718606000,1000000,1000000,1000000,2000000,634506000,634506000,2000000,81000000,31200000,100000,33200000,81100000,35200000,84100000,1000000,1000000,1000000,2000000,0,0,2000000,81000000,31200000,100000,33200000,81100000,1000010,83000030,1000000,1000000,10,82000030
148,661706000,661706000,1000000,1000000,8000000,8000000,634506000,634506000,8000000,8000000,10200000,10200000,18200000,18200000,27200000,27200000,1000000,1000000,8000000,8000000,0,0,8000000,8000000,10200000,10200000,18200000,18200000,1000010,26000030,1000000,1000000,10,25000030
178,691506000,691506000,1000000,1000000,20000000,20000000,634506000,634506000,20000000,20000000,16000000,16000000,36000000,36000000,57000000,57000000,1000000,1000000,20000000,20000000,0,0,20000000,20000000,16000000,16000000,36000000,36000000,1000010,28000040,1000000,1000000,10,27000040
208,679806000,679806000,1000000,1000000,20000000,20000000,634506000,634506000,20000000,20000000,4300000,4300000,24300000,24300000,45300000,45300000,1000000,1000000,20000000,20000000,0,0,20000000,20000000,4300000,4300000,24300000,24300000,1000010,2000010,1000000,1000000,10,1000010
238,669206000,670206000,1000000,1000000,8000000,9000000,634506000,634506000,9000000,9000000,16700000,16700000,25700000,25700000,34700000,35700000,1000000,1000000,8000000,9000000,0,0,9000000,9000000,16700000,16700000,25700000,25700000,1000010,17000040,1000000,1000000,10,16000040
268,652106000,652606000,1000000,1000000,8000000,8000000,634506000,634506000,8000000,9000000,600000,100000,8600000,9100000,17600000,18100000,1000000,1000000,8000000,8000000,0,0,8000000,9000000,600000,100000,8600000,9100000,1000010,2000010,1000000,1000000,10,1000010
298,670706000,670706000,1000000,1000000,9000000,9000000,634506000,634506000,9000000,9000000,17200000,17200000,26200000,26200000,36200000,36200000,1000000,1000000,9000000,9000000,0,0,9000000,9000000,17200000,17200000,26200000,26200000,1000010,17000040,1000000,1000000,10,16000040
328,676506000,683606000,1000000,1000000,8000000,9000000,634506000,634506000,9000000,39000000,24000000,100000,33000000,39100000,42000000,49100000,1000000,1000000,8000000,9000000,0,0,9000000,39000000,24000000,100000,33000000,39100000,1000010,34000020,1000000,1000000,10,33000020
358,652606000,653606000,1000000,1000000,8000000,9000000,634506000,634506000,9000000,9000000,100000,100000,9100000,9100000,18100000,19100000,1000000,1000000,8000000,9000000,0,0,9000000,9000000,100000,100000,9100000,9100000,1000010,2000010,1000000,1000000,10,1000010
388,666506000,666506000,1000000,1000000,9000000,9000000,634506000,634506000,9000000,9000000,13000000,13000000,22000000,22000000,32000000,32000000,1000000,1000000,9000000,9000000,0,0,9000000,9000000,13000000,13000000,22000000,22000000,1000010,17000030,1000000,1000000,10,16000030
418,691206000,692206000,1000000,1000000,12000000,13000000,634506000,634506000,13000000,13000000,30700000,30700000,43700000,43700000,56700000,57700000,1000000,1000000,12000000,13000000,0,0,13000000,13000000,30700000,30700000,43700000,43700000,1000010,3000010,1000000,1000000,10,2000010
448,691206000,692206000,1000000,1000000,12000000,13000000,634506000,634506000,13000000,13000000,30700000,30700000,43700000,43700000,56700000,57700000,1000000,1000000,12000000,13000000,0,0,13000000,13000000,30700000,30700000,43700000,43700000,1000010,3000010,1000000,1000000,10,2000010
478,669606000,720606000,1000000,1000000,3000000,4000000,634506000,634506000,4000000,81000000,27100000,100000,31100000,81100000,35100000,86100000,1000000,1000000,3000000,4000000,0,0,4000000,81000000,27100000,100000,31100000,81100000,1000010,84000050,1000000,1000000,10,83000050
508,709006000,738006000,1000000,1000000,8000000,37000000,634506000,634506000,37000000,37000000,28500000,28500000,65500000,65500000,74500000,103500000,1000000,1000000,8000000,37000000,0,0,37000000,37000000,28500000,28500000,65500000,65500000,1000010,11000040,1000000,1000000,10,10000040
538,685206000,733606000,1000000,1000000,18000000,18000000,634506000,634506000,18000000,80000000,13700000,100000,31700000,80100000,50700000,99100000,1000000,1000000,18000000,18000000,0,0,18000000,80000000,13700000,100000,31700000,80100000,1000010,63000010,1000000,1000000,10,62000010
568,662206000,704306000,1000000,1000000,1000000,10000000,634506000,634506000,10000000,57000000,15700000,1800000,25700000,58800000,27700000,69800000,1000000,1000000,1000000,10000000,0,0,10000000,57000000,15700000,1800000,25700000,58800000,1000010,50000020,1000000,1000000,10,49000020
598,671806000,672806000,1000000,1000000,7000000,8000000,634506000,634506000,8000000,8000000,21300000,21300000,29300000,29300000,37300000,38300000,1000000,1000000,7000000,8000000,0,0,8000000,8000000,21300000,21300000,29300000,29300000,1000010,24000030,1000000,1000000,10,23000030
628,680906000,725606000,1000000,1000000,9000000,10000000,634506000,634506000,10000000,80000000,26400000,100000,36400000,80100000,46400000,91100000,1000000,1000000,9000000,10000000,0,0,10000000,80000000,26400000,100000,36400000,80100000,1000010,84000020,1000000,1000000,10,83000020
658,674006000,683606000,1000000,1000000,10000000,10000000,634506000,634506000,10000000,38000000,18500000,100000,28500000,38100000,39500000,49100000,1000000,1000000,10000000,10000000,0,0,10000000,38000000,18500000,100000,28500000,38100000,1000010,43000020,1000000,1000000,10,42000020
688,702406000,704406000,1000000,1000000,17000000,19000000,634506000,634506000,19000000,19000000,30900000,30900000,49900000,49900000,67900000,69900000,1000000,1000000,17000000,19000000,0,0,19000000,19000000,30900000,30900000,49900000,49900000,1000010,22000010,1000000,1000000,10,21000010
718,687706000,691606000,1000000,1000000,17000000,18000000,634506000,634506000,18000000,38000000,17200000,100000,35200000,38100000,53200000,57100000,1000000,1000000,17000000,18000000,0,0,18000000,38000000,17200000,100000,35200000,38100000,1000010,22000010,1000000,1000000,10,21000010
748,665106000,685606000,1000000,1000000,11000000,11000000,634506000,634506000,11000000,39000000,7600000,100000,18600000,39100000,30600000,51100000,1000000,1000000,11000000,11000000,0,0,11000000,39000000,7600000,100000,18600000,39100000,1000010,46000040,1000000,1000000,10,45000040
778,638206000,638206000,1000000,1000000,1000000,1000000,634506000,634506000,1000000,1000000,700000,700000,1700000,1700000,3700000,3700000,1000000,1000000,1000000,1000000,0,0,1000000,1000000,700000,700000,1700000,1700000,1000010,2000010,1000000,1000000,10,1000010
808,650706000,654606000,1000000,1000000,1000000,1000000,634506000,634506000,1000000,18000000,13200000,100000,14200000,18100000,16200000,20100000,1000000,1000000,1000000,1000000,0,0,1000000,18000000,13200000,100000,14200000,18100000,1000010,19000020,1000000,1000000,10,18000020
838,654506000,656606000,1000000,1000000,8000000,8000000,634506000,634506000,8000000,13000000,3000000,100000,11000000,13100000,20000000,22100000,1000000,1000000,8000000,8000000,0,0,8000000,13000000,3000000,100000,11000000,13100000,1000010,11000030,1000000,1000000,10,10000030
868,672006000,723606000,1000000,1000000,7000000,8000000,634506000,634506000,8000000,80000000,21500000,100000,29500000,80100000,37500000,89100000,1000000,1000000,7000000,8000000,0,0,8000000,80000000,21500000,100000,29500000,80100000,1000010,86000030,1000000,1000000,10,85000030
898,667106000,667106000,1000000,1000000,8000000,8000000,634506000,634506000,8000000,8000000,15600000,15600000,23600000,23600000,32600000,32600000,1000000,1000000,8000000,8000000,0,0,8000000,8000000,15600000,15600000,23600000,23600000,1000010,7000030,1000000,1000000,10,6000030
928,691106000,734606000,1000000,1000000,18000000,19000000,634506000,634506000,18000000,80000000,19600000,100000,37600000,80100000,56600000,100100000,1000000,1000000,18000000,19000000,0,0,18000000,80000000,19600000,100000,37600000,80100000,1000010,63000010,1000000,1000000,10,62000010
958,758806000,762806000,1000000,1000000,44000000,48000000,634506000,634506000,48000000,48000000,31300000,31300000,79300000,79300000,124300000,128300000,1000000,1000000,44000000,48000000,0,0,48000000,48000000,31300000,31300000,79300000,79300000,1000010,39000050,1000000,1000000,10,38000050
988,723706000,2666624000,1000000,1000000,10000000,47000000,634506000,2538024000,47000000,80000000,31200000,600000,78200000,80600000,89200000,128600000,1000000,1000000,10000000,47000000,0,0,47000000,80000000,31200000,600000,78200000,80600000,1000010,89000050,1000000,1000000,10,88000050
1018,712606000,2648124000,1000000,1000000,8000000,40000000,634506000,2538024000,40000000,40000000,29100000,29100000,69100000,69100000,78100000,110100000,1000000,1000000,8000000,40000000,0,0,40000000,40000000,29100000,29100000,69100000,69100000,1000010,10000030,1000000,1000000,10,9000030
1048,669806000,10258496000,1000000,1000000,6000000,19000000,634506000,10152096000,10000000,80000000,18300000,6400000,28300000,86400000,35300000,106400000,1000000,1000000,6000000,19000000,0,0,10000000,80000000,18300000,6400000,28300000,86400000,1000010,73000020,1000000,1000000,10,72000020
1078,674906000,3848436000,1000000,1000000,19000000,20000000,634506000,3807036000,20000000,20000000,400000,400000,20400000,20400000,40400000,41400000,1000000,1000000,19000000,20000000,0,0,20000000,20000000,400000,400000,20400000,20400000,1000010,1000000,1000000,1000000,10,0
1108,638506000,1274012000,1000000,1000000,3000000,4000000,634506000,1269012000,0,0,0,0,0,0,4000000,5000000,1000000,1000000,3000000,4000000,0,0,0,0,0,0,0,0,1000010,1000000,1000000,1000000,10,0
1138,639306000,3178330000,1000000,1000000,0,1000000,634506000,3172530000,1000000,1000000,2800000,2800000,3800000,3800000,4800000,5800000,1000000,1000000,0,1000000,0,0,1000000,1000000,2800000,2800000,3800000,3800000,1000010,1000000,1000000,1000000,10,0
1168,675606000,2581124000,1000000,1000000,17000000,19000000,634506000,2538024000,19000000,19000000,4100000,4100000,23100000,23100000,41100000,43100000,1000000,1000000,17000000,19000000,0,0,19000000,19000000,4100000,4100000,23100000,23100000,1000010,1000000,1000000,1000000,10,0
1198,661606000,3898436000,1000000,1000000,4000000,10000000,634506000,3807036000,9000000,80000000,13100000,400000,22100000,80400000,27100000,91400000,1000000,1000000,4000000,10000000,0,0,9000000,80000000,13100000,400000,22100000,80400000,1000010,84000020,1000000,1000000,10,83000020
1228,659606000,1929618000,1000000,1000000,10000000,11000000,634506000,1903518000,11000000,11000000,3100000,3100000,14100000,14100000,25100000,26100000,1000000,1000000,10000000,11000000,0,0,11000000,11000000,3100000,3100000,14100000,14100000,1000010,1000000,1000000,1000000,10,0
1258,675606000,2581124000,1000000,1000000,17000000,19000000,634506000,2538024000,19000000,19000000,4100000,4100000,23100000,23100000,41100000,43100000,1000000,1000000,17000000,19000000,0,0,19000000,19000000,4100000,4100000,23100000,23100000,1000010,1000000,1000000,1000000,10,0
29,699406000,700406000,1000000,1000000,19000000,20000000,634506000,634506000,20000000,20000000,24900000,24900000,44900000,44900000,64900000,65900000,1000000,1000000,19000000,20000000,0,0,20000000,20000000,24900000,24900000,44900000,44900000,1000010,23000010,1000000,1000000,10,22000010
59,662106000,686406000,1000000,1000000,7000000,10000000,634506000,634506000,10000000,38000000,9600000,2900000,19600000,40900000,27600000,51900000,1000000,1000000,7000000,10000000,0,0,10000000,38000000,9600000,2900000,19600000,40900000,1000010,32000030,1000000,1000000,10,31000030
89,683606000,695406000,1000000,1000000,8000000,19000000,634506000,634506000,19000000,39000000,21100000,1900000,40100000,40900000,49100000,60900000,1000000,1000000,8000000,19000000,0,0,19000000,39000000,21100000,1900000,40100000,40900000,1000010,23000010,1000000,1000000,10,22000010
119,666506000,718606000,1000000,1000000,1000000,2000000,634506000,634506000,2000000,81000000,28000000,100000,30000000,81100000,32000000,84100000,1000000,1000000,1000000,2000000,0,0,2000000,81000000,28000000,100000,30000000,81100000,1000010,83000030,1000000,1000000,10,82000030
149,680006000,701606000,1000000,1000000,8000000,9000000,634506000,634506000,9000000,57000000,27500000,100000,36500000,57100000,45500000,67100000,1000000,1000000,8000000,9000000,0,0,9000000,57000000,27500000,100000,36500000,57100000,1000010,66000040,1000000,1000000,10,65000040
179,655506000,657506000,1000000,1000000,20000000,22000000,634506000,634506000,0,0,0,0,0,0,21000000,23000000,1000000,1000000,20000000,22000000,0,0,0,0,0,0,0,0,1000010,1000000,1000000,1000000,10,0
209,679806000,679806000,1000000,1000000,20000000,20000000,634506000,634506000,20000000,20000000,4300000,4300000,24300000,24300000,45300000,45300000,1000000,1000000,20000000,20000000,0,0,20000000,20000000,4300000,4300000,24300000,24300000,1000010,2000010,1000000,1000000,10,1000010
239,670706000,670706000,1000000,1000000,9000000,9000000,634506000,634506000,9000000,9000000,17200000,17200000,26200000,26200000,36200000,36200000,1000000,1000000,9000000,9000000,0,0,9000000,9000000,17200000,17200000,26200000,26200000,1000010,17000040,1000000,1000000,10,16000040
269,669206000,670206000,1000000,1000000,8000000,9000000,634506000,634506000,9000000,9000000,16700000,16700000,25700000,25700000,34700000,35700000,1000000,1000000,8000000,9000000,0,0,9000000,9000000,16700000,16700000,25700000,25700000,1000010,17000040,1000000,1000000,10,16000040
299,670706000,670706000,1000000,1000000,9000000,9000000,634506000,634506000,9000000,9000000,17200000,17200000,26200000,26200000,36200000,36200000,1000000,1000000,9000000,9000000,0,0,9000000,9000000,17200000,17200000,26200000,26200000,1000010,17000040,1000000,1000000,10,16000040
329,676506000,683606000,1000000,1000000,8000000,9000000,634506000,634506000,9000000,39000000,24000000,100000,33000000,39100000,42000000,49100000,1000000,1000000,8000000,9000000,0,0,9000000,39000000,24000000,100000,33000000,39100000,1000010,34000020,1000000,1000000,10,33000020
359,678906000,680906000,1000000,1000000,8000000,10000000,634506000,634506000,8000000,8000000,27400000,27400000,35400000,35400000,44400000,46400000,1000000,1000000,8000000,10000000,0,0,8000000,8000000,27400000,27400000,35400000,35400000,1000010,25000030,1000000,1000000,10,24000030
389,651506000,666106000,1000000,1000000,1000000,9000000,634506000,634506000,9000000,20000000,6000000,1600000,15000000,21600000,17000000,31600000,1000000,1000000,1000000,9000000,0,0,9000000,20000000,6000000,1600000,15000000,21600000,1000010,13000020,1000000,1000000,10,12000020
419,691206000,692206000,1000000,1000000,12000000,13000000,634506000,634506000,13000000,13000000,30700000,30700000,43700000,43700000,56700000,57700000,1000000,1000000,12000000,13000000,0,0,13000000,13000000,30700000,30700000,43700000,43700000,1000010,3000010,1000000,1000000,10,2000010
449,691206000,692206000,1000000,1000000,12000000,13000000,634506000,634506000,13000000,13000000,30700000,30700000,43700000,43700000,56700000,57700000,1000000,1000000,12000000,13000000,0,0,13000000,13000000,30700000,30700000,43700000,43700000,1000010,3000010,1000000,1000000,10,2000010
479,638506000,639506000,1000000,1000000,3000000,4000000,634506000,634506000,0,0,0,0,0,0,4000000,5000000,1000000,1000000,3000000,4000000,0,0,0,0,0,0,0,0,1000010,1000000,1000000,1000000,10,0
509,680606000,717606000,1000000,1000000,7000000,8000000,634506000,634506000,8000000,74000000,30100000,100000,38100000,74100000,46100000,83100000,1000000,1000000,7000000,8000000,0,0,8000000,74000000,30100000,100000,38100000,74100000,1000010,82000040,1000000,1000000,10,81000040
539,752906000,808906000,1000000,1000000,18000000,74000000,634506000,634506000,74000000,74000000,25400000,25400000,99400000,99400000,118400000,174400000,1000000,1000000,18000000,74000000,0,0,74000000,74000000,25400000,25400000,99400000,99400000,1000010,65000030,1000000,1000000,10,64000030
569,677806000,702606000,1000000,1000000,10000000,10000000,634506000,634506000,10000000,57000000,22300000,100000,32300000,57100000,43300000,68100000,1000000,1000000,10000000,10000000,0,0,10000000,57000000,22300000,100000,32300000,57100000,1000010,50000020,1000000,1000000,10,49000020
599,678006000,679006000,1000000,1000000,7000000,8000000,634506000,634506000,8000000,8000000,27500000,27500000,35500000,35500000,43500000,44500000,1000000,1000000,7000000,8000000,0,0,8000000,8000000,27500000,27500000,35500000,35500000,1000010,27000040,1000000,1000000,10,26000040
629,677706000,725606000,1000000,1000000,9000000,10000000,634506000,634506000,10000000,80000000,23200000,100000,33200000,80100000,43200000,91100000,1000000,1000000,9000000,10000000,0,0,10000000,80000000,23200000,100000,33200000,80100000,1000010,84000020,1000000,1000000,10,83000020
659,674006000,683606000,1000000,1000000,10000000,10000000,634506000,634506000,10000000,38000000,18500000,100000,28500000,38100000,39500000,49100000,1000000,1000000,10000000,10000000,0,0,10000000,38000000,18500000,100000,28500000,38100000,1000010,43000020,1000000,1000000,10,42000020
689,702706000,704706000,1000000,1000000,17000000,19000000,634506000,634506000,19000000,19000000,31200000,31200000,50200000,50200000,68200000,70200000,1000000,1000000,17000000,19000000,0,0,19000000,19000000,31200000,31200000,50200000,50200000,1000010,23000020,1000000,1000000,10,22000020
719,687706000,691606000,1000000,1000000,17000000,18000000,634506000,634506000,18000000,38000000,17200000,100000,35200000,38100000,53200000,57100000,1000000,1000000,17000000,18000000,0,0,18000000,38000000,17200000,100000,35200000,38100000,1000010,22000010,1000000,1000000,10,21000010
749,644506000,656606000,1000000,1000000,1000000,1000000,634506000,634506000,1000000,20000000,7000000,100000,8000000,20100000,10000000,22100000,1000000,1000000,1000000,1000000,0,0,1000000,20000000,7000000,100000,8000000,20100000,1000010,21000030,1000000,1000000,10,20000030
779,638206000,638206000,1000000,1000000,1000000,1000000,634506000,634506000,1000000,1000000,700000,700000,1700000,1700000,3700000,3700000,1000000,1000000,1000000,1000000,0,0,1000000,1000000,700000,700000,1700000,1700000,1000010,2000010,1000000,1000000,10,1000010
809,645706000,654606000,1000000,1000000,1000000,1000000,634506000,634506000,1000000,18000000,8200000,100000,9200000,18100000,11200000,20100000,1000000,1000000,1000000,1000000,0,0,1000000,18000000,8200000,100000,9200000,18100000,1000010,19000020,1000000,1000000,10,18000020
839,654506000,656606000,1000000,1000000,8000000,8000000,634506000,634506000,8000000,13000000,3000000,100000,11000000,13100000,20000000,22100000,1000000,1000000,8000000,8000000,0,0,8000000,13000000,3000000,100000,11000000,13100000,1000010,11000030,1000000,1000000,10,10000030
869,679806000,717706000,1000000,1000000,7000000,8000000,634506000,634506000,8000000,74000000,29300000,200000,37300000,74200000,45300000,83200000,1000000,1000000,7000000,8000000,0,0,8000000,74000000,29300000,200000,37300000,74200000,1000010,82000040,1000000,1000000,10,81000040
899,658806000,659806000,1000000,1000000,7000000,8000000,634506000,634506000,8000000,8000000,8300000,8300000,16300000,16300000,24300000,25300000,1000000,1000000,7000000,8000000,0,0,8000000,8000000,8300000,8300000,16300000,16300000,1000010,8000010,1000000,1000000,10,7000010
929,691106000,734606000,1000000,1000000,18000000,19000000,634506000,634506000,18000000,80000000,19600000,100000,37600000,80100000,56600000,100100000,1000000,1000000,18000000,19000000,0,0,18000000,80000000,19600000,100000,37600000,80100000,1000010,63000010,1000000,1000000,10,62000010
959,667606000,667606000,1000000,1000000,9000000,9000000,634506000,634506000,9000000,9000000,14100000,14100000,23100000,23100000,33100000,33100000,1000000,1000000,9000000,9000000,0,0,9000000,9000000,14100000,14100000,23100000,23100000,1000010,8000040,1000000,1000000,10,7000040
989,683106000,3257630000,1000000,1000000,7000000,37000000,634506000,3172530000,37000000,47000000,3600000,100000,40600000,47100000,48600000,85100000,1000000,1000000,7000000,37000000,0,0,37000000,47000000,3600000,100000,40600000,47100000,1000010,11000040,1000000,1000000,10,10000040
1019,707906000,2006918000,1000000,1000000,7000000,37000000,634506000,1903518000,37000000,37000000,28400000,28400000,65400000,65400000,73400000,103400000,1000000,1000000,7000000,37000000,0,0,37000000,37000000,28400000,28400000,65400000,65400000,1000010,11000040,1000000,1000000,10,10000040
1049,683606000,12158814000,1000000,1000000,8000000,17000000,634506000,12055614000,11000000,85000000,29100000,200000,40100000,85200000,49100000,103200000,1000000,1000000,8000000,17000000,0,0,11000000,85000000,29100000,200000,40100000,85200000,1000010,75000040,1000000,1000000,10,74000040
1079,674906000,3848436000,1000000,1000000,19000000,20000000,634506000,3807036000,20000000,20000000,400000,400000,20400000,20400000,40400000,41400000,1000000,1000000,19000000,20000000,0,0,20000000,20000000,400000,400000,20400000,20400000,1000010,1000000,1000000,1000000,10,0
1109,638506000,1274012000,1000000,1000000,3000000,4000000,634506000,1269012000,0,0,0,0,0,0,4000000,5000000,1000000,1000000,3000000,4000000,0,0,0,0,0,0,0,0,1000010,1000000,1000000,1000000,10,0
1139,639306000,3178330000,1000000,1000000,0,1000000,634506000,3172530000,1000000,1000000,2800000,2800000,3800000,3800000,4800000,5800000,1000000,1000000,0,1000000,0,0,1000000,1000000,2800000,2800000,3800000,3800000,1000010,1000000,1000000,1000000,10,0
1169,744006000,12870620000,1000000,1000000,9000000,80000000,634506000,12690120000,80000000,80000000,19500000,19500000,99500000,99500000,109500000,180500000,1000000,1000000,9000000,80000000,0,0,80000000,80000000,19500000,19500000,99500000,99500000,1000010,40000050,1000000,1000000,10,39000050
1199,639506000,640506000,1000000,1000000,4000000,5000000,634506000,634506000,0,0,0,0,0,0,5000000,6000000,1000000,1000000,4000000,5000000,0,0,0,0,0,0,0,0,1000010,1000000,1000000,1000000,10,0
1229,659606000,1929618000,1000000,1000000,10000000,11000000,634506000,1903518000,11000000,11000000,3100000,3100000,14100000,14100000,25100000,26100000,1000000,1000000,10000000,11000000,0,0,11000000,11000000,3100000,3100000,14100000,14100000,1000010,1000000,1000000,1000000,10,0
1259,659606000,2564124000,1000000,1000000,12000000,13000000,634506000,2538024000,12000000,12000000,100000,100000,12100000,12100000,25100000,26100000,1000000,1000000,12000000,13000000,0,0,12000000,12000000,100000,100000,12100000,12100000,1000010,1000000,1000000,1000000,10,0
30,696406000,712606000,1000000,1000000,19000000,20000000,634506000,634506000,20000000,57000000,21900000,100000,41900000,57100000,61900000,78100000,1000000,1000000,19000000,20000000,0,0,20000000,57000000,21900000,100000,41900000,57100000,1000010,51000040,1000000,1000000,10,50000040
60,680606000,705606000,1000000,1000000,10000000,12000000,634506000,634506000,12000000,58000000,23100000,100000,35100000,58100000,46100000,71100000,1000000,1000000,10000000,12000000,0,0,12000000,58000000,23100000,100000,35100000,58100000,1000010,69000040,1000000,1000000,10,68000040
90,681506000,695206000,1000000,1000000,8000000,19000000,634506000,634506000,19000000,39000000,19000000,1700000,38000000,40700000,47000000,60700000,1000000,1000000,8000000,19000000,0,0,19000000,39000000,19000000,1700000,38000000,40700000,1000010,24000020,1000000,1000000,10,23000020
120,645906000,676706000,1000000,1000000,0,1000000,634506000,634506000,1000000,40000000,9400000,200000,10400000,40200000,11400000,42200000,1000000,1000000,0,1000000,0,0,1000000,40000000,9400000,200000,10400000,40200000,1000010,41000040,1000000,1000000,10,40000040
150,661806000,661806000,1000000,1000000,8000000,8000000,634506000,634506000,8000000,8000000,10300000,10300000,18300000,18300000,27300000,27300000,1000000,1000000,8000000,8000000,0,0,8000000,8000000,10300000,10300000,18300000,18300000,1000010,26000030,1000000,1000000,10,25000030
180,655506000,656506000,1000000,1000000,20000000,21000000,634506000,634506000,0,0,0,0,0,0,21000000,22000000,1000000,1000000,20000000,21000000,0,0,0,0,0,0,0,0,1000010,1000000,1000000,1000000,10,0
210,679806000,679806000,1000000,1000000,20000000,20000000,634506000,634506000,20000000,20000000,4300000,4300000,24300000,24300000,45300000,45300000,1000000,1000000,20000000,20000000,0,0,20000000,20000000,4300000,4300000,24300000,24300000,1000010,2000010,1000000,1000000,10,1000010
240,676506000,683606000,1000000,1000000,8000000,9000000,634506000,634506000,9000000,39000000,24000000,100000,33000000,39100000,42000000,49100000,1000000,1000000,8000000,9000000,0,0,9000000,39000000,24000000,100000,33000000,39100000,1000010,34000020,1000000,1000000,10,33000020
270,669206000,670206000,1000000,1000000,8000000,9000000,634506000,634506000,9000000,9000000,16700000,16700000,25700000,25700000,34700000,35700000,1000000,1000000,8000000,9000000,0,0,9000000,9000000,16700000,16700000,25700000,25700000,1000010,17000040,1000000,1000000,10,16000040
300,670706000,670706000,1000000,1000000,9000000,9000000,634506000,634506000,9000000,9000000,17200000,17200000,26200000,26200000,36200000,36200000,1000000,1000000,9000000,9000000,0,0,9000000,9000000,17200000,17200000,26200000,26200000,1000010,17000040,1000000,1000000,10,16000040
330,679706000,681706000,1000000,1000000,8000000,10000000,634506000,634506000,10000000,10000000,26200000,26200000,36200000,36200000,45200000,47200000,1000000,1000000,8000000,10000000,0,0,10000000,10000000,26200000,26200000,36200000,36200000,1000010,18000030,1000000,1000000,10,17000030
360,652606000,653606000,1000000,1000000,8000000,9000000,634506000,634506000,9000000,9000000,100000,100000,9100000,9100000,18100000,19100000,1000000,1000000,8000000,9000000,0,0,9000000,9000000,100000,100000,9100000,9100000,1000010,2000010,1000000,1000000,10,1000010
390,666506000,666506000,1000000,1000000,9000000,9000000,634506000,634506000,9000000,9000000,13000000,13000000,22000000,22000000,32000000,32000000,1000000,1000000,9000000,9000000,0,0,9000000,9000000,13000000,13000000,22000000,22000000,1000010,17000030,1000000,1000000,10,16000030
420,691206000,692206000,1000000,1000000,12000000,13000000,634506000,634506000,13000000,13000000,30700000,30700000,43700000,43700000,56700000,57700000,1000000,1000000,12000000,13000000,0,0,13000000,13000000,30700000,30700000,43700000,43700000,1000010,3000010,1000000,1000000,10,2000010
450,691206000,692206000,1000000,1000000,12000000,13000000,634506000,634506000,13000000,13000000,30700000,30700000,43700000,43700000,56700000,57700000,1000000,1000000,12000000,13000000,0,0,13000000,13000000,30700000,30700000,43700000,43700000,1000010,3000010,1000000,1000000,10,2000010
480,646906000,649706000,1000000,1000000,3000000,4000000,634506000,634506000,4000000,10000000,4400000,200000,8400000,10200000,12400000,15200000,1000000,1000000,3000000,4000000,0,0,4000000,10000000,4400000,200000,8400000,10200000,1000010,11000020,1000000,1000000,10,10000020
510,662406000,689606000,1000000,1000000,8000000,8000000,634506000,634506000,8000000,46000000,10900000,100000,18900000,46100000,27900000,55100000,1000000,1000000,8000000,8000000,0,0,8000000,46000000,10900000,100000,18900000,46100000,1000010,40000050,1000000,1000000,10,39000050
540,682506000,734306000,1000000,1000000,18000000,18000000,634506000,634506000,18000000,80000000,11000000,800000,29000000,80800000,48000000,99800000,1000000,1000000,18000000,18000000,0,0,18000000,80000000,11000000,800000,29000000,80800000,1000010,63000010,1000000,1000000,10,62000010
570,645506000,647506000,1000000,1000000,10000000,12000000,634506000,634506000,0,0,0,0,0,0,11000000,13000000,1000000,1000000,10000000,12000000,0,0,0,0,0,0,0,0,1000010,1000000,1000000,1000000,10,0
600,678006000,679006000,1000000,1000000,7000000,8000000,634506000,634506000,8000000,8000000,27500000,27500000,35500000,35500000,43500000,44500000,1000000,1000000,7000000,8000000,0,0,8000000,8000000,27500000,27500000,35500000,35500000,1000010,27000040,1000000,1000000,10,26000040
630,677706000,725606000,1000000,1000000,9000000,10000000,634506000,634506000,10000000,80000000,23200000,100000,33200000,80100000,43200000,91100000,1000000,1000000,9000000,10000000,0,0,10000000,80000000,23200000,100000,33200000,80100000,1000010,84000020,1000000,1000000,10,83000020
660,673506000,693906000,1000000,1000000,10000000,17000000,634506000,634506000,17000000,38000000,11000000,3400000,28000000,41400000,39000000,59400000,1000000,1000000,10000000,17000000,0,0,17000000,38000000,11000000,3400000,28000000,41400000,1000010,23000020,1000000,1000000,10,22000020
690,687406000,688406000,1000000,1000000,17000000,18000000,634506000,634506000,18000000,18000000,16900000,16900000,34900000,34900000,52900000,53900000,1000000,1000000,17000000,18000000,0,0,18000000,18000000,16900000,16900000,34900000,34900000,1000010,22000010,1000000,1000000,10,21000010
720,652506000,660506000,1000000,1000000,1000000,9000000,634506000,634506000,9000000,9000000,7000000,7000000,16000000,16000000,18000000,26000000,1000000,1000000,1000000,9000000,0,0,9000000,9000000,7000000,7000000,16000000,16000000,1000010,2000010,1000000,1000000,10,1000010
750,638206000,638206000,1000000,1000000,1000000,1000000,634506000,634506000,1000000,1000000,700000,700000,1700000,1700000,3700000,3700000,1000000,1000000,1000000,1000000,0,0,1000000,1000000,700000,700000,1700000,1700000,1000010,2000010,1000000,1000000,10,1000010
780,648406000,717606000,1000000,1000000,1000000,1000000,634506000,634506000,1000000,81000000,10900000,100000,11900000,81100000,13900000,83100000,1000000,1000000,1000000,1000000,0,0,1000000,81000000,10900000,100000,11900000,81100000,1000010,82000040,1000000,1000000,10,81000040
810,651006000,654606000,1000000,1000000,1000000,1000000,634506000,634506000,1000000,18000000,13500000,100000,14500000,18100000,16500000,20100000,1000000,1000000,1000000,1000000,0,0,1000000,18000000,13500000,100000,14500000,18100000,1000010,19000020,1000000,1000000,10,18000020
840,654506000,656606000,1000000,1000000,8000000,8000000,634506000,634506000,8000000,13000000,3000000,100000,11000000,13100000,20000000,22100000,1000000,1000000,8000000,8000000,0,0,8000000,13000000,3000000,100000,11000000,13100000,1000010,11000030,1000000,1000000,10,10000030
870,673106000,723606000,1000000,1000000,7000000,8000000,634506000,634506000,8000000,80000000,22600000,100000,30600000,80100000,38600000,89100000,1000000,1000000,7000000,8000000,0,0,8000000,80000000,22600000,100000,30600000,80100000,1000010,86000030,1000000,1000000,10,85000030
900,668106000,723606000,1000000,1000000,8000000,8000000,634506000,634506000,8000000,80000000,16600000,100000,24600000,80100000,33600000,89100000,1000000,1000000,8000000,8000000,0,0,8000000,80000000,16600000,100000,24600000,80100000,1000010,86000030,1000000,1000000,10,85000030
930,754106000,815106000,1000000,1000000,19000000,80000000,634506000,634506000,80000000,80000000,19600000,19600000,99600000,99600000,119600000,180600000,1000000,1000000,19000000,80000000,0,0,80000000,80000000,19600000,19600000,99600000,99600000,1000010,73000020,1000000,1000000,10,72000020
960,664206000,665206000,1000000,1000000,8000000,9000000,634506000,634506000,9000000,9000000,11700000,11700000,20700000,20700000,29700000,30700000,1000000,1000000,8000000,9000000,0,0,9000000,9000000,11700000,11700000,20700000,20700000,1000010,7000030,1000000,1000000,10,6000030
990,674906000,3848436000,1000000,1000000,19000000,20000000,634506000,3807036000,20000000,20000000,400000,400000,20400000,20400000,40400000,41400000,1000000,1000000,19000000,20000000,0,0,20000000,20000000,400000,400000,20400000,20400000,1000010,1000000,1000000,1000000,10,0
1020,646506000,650506000,1000000,1000000,11000000,15000000,634506000,634506000,0,0,0,0,0,0,12000000,16000000,1000000,1000000,11000000,15000000,0,0,0,0,0,0,0,0,1000010,1000000,1000000,1000000,10,0
1050,641506000,1278012000,1000000,1000000,6000000,8000000,634506000,1269012000,0,0,0,0,0,0,7000000,9000000,1000000,1000000,6000000,8000000,0,0,0,0,0,0,0,0,1000010,1000000,1000000,1000000,10,0
1080,646706000,2551224000,1000000,1000000,5000000,6000000,634506000,2538024000,6000000,6000000,200000,200000,6200000,6200000,12200000,13200000,1000000,1000000,5000000,6000000,0,0,6000000,6000000,200000,200000,6200000,6200000,1000010,1000000,1000000,1000000,10,0
1110,661206000,10183796000,1000000,1000000,7000000,12000000,634506000,10152096000,12000000,12000000,6700000,6700000,18700000,18700000,26700000,31700000,1000000,1000000,7000000,12000000,0,0,12000000,12000000,6700000,6700000,18700000,18700000,1000010,8000010,1000000,1000000,10,7000010
1140,639306000,3178330000,1000000,1000000,0,1000000,634506000,3172530000,1000000,1000000,2800000,2800000,3800000,3800000,4800000,5800000,1000000,1000000,0,1000000,0,0,1000000,1000000,2800000,2800000,3800000,3800000,1000010,1000000,1000000,1000000,10,0
1170,678506000,5123048000,1000000,1000000,8000000,11000000,634506000,5076048000,8000000,8000000,27000000,27000000,35000000,35000000,44000000,47000000,1000000,1000000,8000000,11000000,0,0,8000000,8000000,27000000,27000000,35000000,35000000,1000010,19000040,1000000,1000000,10,18000040
1200,646506000,1282012000,1000000,1000000,11000000,12000000,634506000,1269012000,0,0,0,0,0,0,12000000,13000000,1000000,1000000,11000000,12000000,0,0,0,0,0,0,0,0,1000010,1000000,1000000,1000000,10,0
1230,672406000,3265730000,1000000,1000000,10000000,12000000,634506000,3172530000,12000000,80000000,14900000,200000,26900000,80200000,37900000,93200000,1000000,1000000,10000000,12000000,0,0,12000000,80000000,14900000,200000,26900000,80200000,1000010,85000030,1000000,1000000,10,84000030
1260,656606000,3199630000,1000000,1000000,8000000,13000000,634506000,3172530000,13000000,13000000,100000,100000,13100000,13100000,22100000,27100000,1000000,1000000,8000000,13000000,0,0,13000000,13000000,100000,100000,13100000,13100000,1000010,2000010,1000000,1000000,10,1000010
