,ssdn_lo,ssdn_hi,ssdn_detection_lo,ssdn_detection_hi,ssdn_notification_lo,ssdn_notification_hi,ssdn_computation_lo,ssdn_computation_hi,ssdn_transference_lo,ssdn_transference_hi,ssdn_installation_lo,ssdn_installation_hi,ssdn_update_lo,ssdn_update_hi,pcsdn_lo,pcsdn_hi,pcsdn_detection_lo,pcsdn_detection_hi,pcsdn_notification_lo,pcsdn_notification_hi,pcsdn_computation_lo,pcsdn_computation_hi,pcsdn_transference_lo,pcsdn_transference_hi,pcsdn_installation_lo,pcsdn_installation_hi,pcsdn_update_lo,pcsdn_update_hi,felix_lo,felix_hi,felix_detection_lo,felix_detection_hi,felix_coordination_lo,felix_coordination_hi
1,289458000,290283000,1000000,1000000,2919000,3744000,263395000,263395000,3744000,3744000,18400000,18400000,22144000,22144000,26063000,26888000,1000000,1000000,2919000,3744000,0,0,3744000,3744000,18400000,18400000,22144000,22144000,1000010,2650020,1000000,1000000,10,1650020
31,309355000,329975000,1000000,1000000,13135000,14625000,263395000,263395000,14625000,17055000,17200000,33900000,31825000,50955000,45960000,66580000,1000000,1000000,13135000,14625000,0,0,14625000,17055000,17200000,33900000,31825000,50955000,1000010,5278060,1000000,1000000,10,4278060
61,295096000,295409000,1000000,1000000,10944000,11257000,263395000,263395000,11257000,11257000,8500000,8500000,19757000,19757000,31701000,32014000,1000000,1000000,10944000,11257000,0,0,11257000,11257000,8500000,8500000,19757000,19757000,1000010,13063070,1000000,1000000,10,12063070
91,290770000,290923000,1000000,1000000,3711000,3864000,263395000,263395000,3864000,3864000,18800000,18800000,22664000,22664000,27375000,27528000,1000000,1000000,3711000,3864000,0,0,3864000,3864000,18800000,18800000,22664000,22664000,1000010,5682130,1000000,1000000,10,4682130
121,286448000,286803000,1000000,1000000,1299000,1654000,263395000,263395000,1654000,1654000,19100000,19100000,20754000,20754000,23053000,23408000,1000000,1000000,1299000,1654000,0,0,1654000,1654000,19100000,19100000,20754000,20754000,1000010,4228120,1000000,1000000,10,3228120
151,282604000,283222000,1000000,1000000,18209000,18827000,263395000,263395000,0,0,0,0,0,0,19209000,19827000,1000000,1000000,18209000,18827000,0,0,0,0,0,0,0,0,1000010,1000000,1000000,1000000,10,0
181,311614000,327970000,1000000,1000000,15549000,16170000,263395000,263395000,16170000,17905000,15500000,29500000,31670000,47405000,48219000,64575000,1000000,1000000,15549000,16170000,0,0,16170000,17905000,15500000,29500000,31670000,47405000,1000010,6446070,1000000,1000000,10,5446070
211,275113000,275170000,1000000,1000000,10718000,10775000,263395000,263395000,0,0,0,0,0,0,11718000,11775000,1000000,1000000,10718000,10775000,0,0,0,0,0,0,0,0,1000010,1000000,1000000,1000000,10,0
241,267252000,267674000,1000000,1000000,2857000,3279000,263395000,263395000,0,0,0,0,0,0,3857000,4279000,1000000,1000000,2857000,3279000,0,0,0,0,0,0,0,0,1000010,1000000,1000000,1000000,10,0
271,266170000,529998000,1000000,1000000,1775000,2208000,263395000,526790000,0,0,0,0,0,0,2775000,3208000,1000000,1000000,1775000,2208000,0,0,0,0,0,0,0,0,1000010,1000000,1000000,1000000,10,0
301,287942000,551974000,1000000,1000000,3155000,3792000,263395000,526790000,3792000,3792000,16600000,16600000,20392000,20392000,24547000,25184000,1000000,1000000,3155000,3792000,0,0,3792000,3792000,16600000,16600000,20392000,20392000,1000010,5355140,1000000,1000000,10,4355140
331,309783000,837465000,1000000,1000000,13748000,14640000,263395000,790185000,14640000,14640000,17000000,17000000,31640000,31640000,46388000,47280000,1000000,1000000,13748000,14640000,0,0,14640000,14640000,17000000,17000000,31640000,31640000,1000010,16225120,1000000,1000000,10,15225120
361,292305000,556070000,1000000,1000000,4120000,4490000,263395000,526790000,4490000,4490000,19300000,19300000,23790000,23790000,28910000,29280000,1000000,1000000,4120000,4490000,0,0,4490000,4490000,19300000,19300000,23790000,23790000,1000010,1825010,1000000,1000000,10,825010
391,266887000,794502000,1000000,1000000,978000,1803000,263395000,790185000,1314000,1314000,200000,200000,1514000,1514000,3492000,4317000,1000000,1000000,978000,1803000,0,0,1314000,1314000,200000,200000,1514000,1514000,1000010,1000000,1000000,1000000,10,0
421,264933000,792988000,1000000,1000000,538000,1803000,263395000,790185000,0,0,0,0,0,0,1538000,2803000,1000000,1000000,538000,1803000,0,0,0,0,0,0,0,0,1000010,1000000,1000000,1000000,10,0
2,288302000,289358000,1000000,1000000,2488000,2919000,263395000,263395000,2919000,3744000,18500000,18300000,21419000,22044000,24907000,25963000,1000000,1000000,2488000,2919000,0,0,2919000,3744000,18500000,18300000,21419000,22044000,1000010,2950020,1000000,1000000,10,1950020
32,305116000,324939000,1000000,1000000,12486000,13135000,263395000,263395000,13135000,18209000,15100000,29200000,28235000,47409000,41721000,61544000,1000000,1000000,12486000,13135000,0,0,13135000,18209000,15100000,29200000,28235000,47409000,1000010,6074070,1000000,1000000,10,5074070
62,294014000,300714000,1000000,1000000,10475000,10944000,263395000,263395000,10944000,11175000,8200000,14200000,19144000,25375000,30619000,37319000,1000000,1000000,10475000,10944000,0,0,10944000,11175000,8200000,14200000,19144000,25375000,1000010,13215100,1000000,1000000,10,12215100
92,312637000,312839000,1000000,1000000,15370000,15572000,263395000,263395000,15572000,15572000,17300000,17300000,32872000,32872000,49242000,49444000,1000000,1000000,15370000,15572000,0,0,15572000,15572000,17300000,17300000,32872000,32872000,1000010,6112070,1000000,1000000,10,5112070
122,283844000,302216000,1000000,1000000,950000,1299000,263395000,263395000,1299000,2322000,17200000,34200000,18499000,36522000,20449000,38821000,1000000,1000000,950000,1299000,0,0,1299000,2322000,17200000,34200000,18499000,36522000,1000010,3879110,1000000,1000000,10,2879110
152,304539000,304613000,1000000,1000000,18135000,18209000,263395000,263395000,18209000,18209000,3800000,3800000,22009000,22009000,41144000,41218000,1000000,1000000,18135000,18209000,0,0,18209000,18209000,3800000,3800000,22009000,22009000,1000010,9629120,1000000,1000000,10,8629120
182,311743000,327249000,1000000,1000000,14799000,15549000,263395000,263395000,15549000,17905000,17000000,29400000,32549000,47305000,48348000,63854000,1000000,1000000,14799000,15549000,0,0,15549000,17905000,17000000,29400000,32549000,47305000,1000010,6699080,1000000,1000000,10,5699080
212,303521000,312027000,1000000,1000000,9310000,17816000,263395000,263395000,17816000,17816000,12000000,12000000,29816000,29816000,40126000,48632000,1000000,1000000,9310000,17816000,0,0,17816000,17816000,12000000,12000000,29816000,29816000,1000010,9772010,1000000,1000000,10,8772010
242,266818000,267252000,1000000,1000000,2423000,2857000,263395000,263395000,0,0,0,0,0,0,3423000,3857000,1000000,1000000,2423000,2857000,0,0,0,0,0,0,0,0,1000010,1000000,1000000,1000000,10,0
272,287627000,822553000,1000000,1000000,1775000,2857000,263395000,790185000,2857000,3711000,18600000,24800000,21457000,28511000,24232000,32368000,1000000,1000000,1775000,2857000,0,0,2857000,3711000,18600000,24800000,21457000,28511000,1000010,4704140,1000000,1000000,10,3704140
302,290272000,554218000,1000000,1000000,3313000,3864000,263395000,526790000,3864000,3864000,18700000,18700000,22564000,22564000,26877000,27428000,1000000,1000000,3313000,3864000,0,0,3864000,3864000,18700000,18700000,22564000,22564000,1000010,5284120,1000000,1000000,10,4284120
332,308562000,573418000,1000000,1000000,12979000,14088000,263395000,526790000,14088000,14640000,17100000,16900000,31188000,31540000,45167000,46628000,1000000,1000000,12979000,14088000,0,0,14088000,14640000,17100000,16900000,31188000,31540000,1000010,15456110,1000000,1000000,10,14456110
362,291930000,555750000,1000000,1000000,4065000,4270000,263395000,526790000,4270000,4490000,19200000,19200000,23470000,23690000,28535000,28960000,1000000,1000000,4065000,4270000,0,0,4270000,4490000,19200000,19200000,23470000,23690000,1000010,2045020,1000000,1000000,10,1045020
392,301081000,829521000,1000000,1000000,10718000,12368000,263395000,790185000,12368000,12368000,13600000,13600000,25968000,25968000,37686000,39336000,1000000,1000000,10718000,12368000,0,0,12368000,12368000,13600000,13600000,25968000,25968000,1000010,13195080,1000000,1000000,10,12195080
422,281745000,282138000,1000000,1000000,17350000,17743000,263395000,263395000,0,0,0,0,0,0,18350000,18743000,1000000,1000000,17350000,17743000,0,0,0,0,0,0,0,0,1000010,1000000,1000000,1000000,10,0
3,288470000,290535000,1000000,1000000,2215000,3560000,263395000,263395000,3560000,4280000,18300000,18300000,21860000,22580000,25075000,27140000,1000000,1000000,2215000,3560000,0,0,3560000,4280000,18300000,18300000,21860000,22580000,1000010,1720020,1000000,1000000,10,720020
33,277009000,277343000,1000000,1000000,12614000,12948000,263395000,263395000,0,0,0,0,0,0,13614000,13948000,1000000,1000000,12614000,12948000,0,0,0,0,0,0,0,0,1000010,1000000,1000000,1000000,10,0
63,298343000,299045000,1000000,1000000,9773000,10475000,263395000,263395000,10475000,10475000,13700000,13700000,24175000,24175000,34948000,35650000,1000000,1000000,9773000,10475000,0,0,10475000,10475000,13700000,13700000,24175000,24175000,1000010,12513110,1000000,1000000,10,11513110
93,311938000,312537000,1000000,1000000,14973000,15370000,263395000,263395000,15370000,15572000,17200000,17200000,32570000,32772000,48543000,49142000,1000000,1000000,14973000,15370000,0,0,15370000,15572000,17200000,17200000,32570000,32772000,1000010,5753070,1000000,1000000,10,4753070
123,279035000,279149000,1000000,1000000,14640000,14754000,263395000,263395000,0,0,0,0,0,0,15640000,15754000,1000000,1000000,14640000,14754000,0,0,0,0,0,0,0,0,1000010,1000000,1000000,1000000,10,0
153,319035000,319265000,1000000,1000000,17905000,18135000,263395000,263395000,18135000,18135000,18600000,18600000,36735000,36735000,55640000,55870000,1000000,1000000,17905000,18135000,0,0,18135000,18135000,18600000,18600000,36735000,36735000,1000010,9399110,1000000,1000000,10,8399110
183,311719000,326399000,1000000,1000000,14625000,14799000,263395000,263395000,14799000,17905000,17900000,29300000,32699000,47205000,48324000,63004000,1000000,1000000,14625000,14799000,0,0,14799000,17905000,17900000,29300000,32699000,47205000,1000010,6768070,1000000,1000000,10,5768070
213,294830000,294945000,1000000,1000000,9310000,9425000,263395000,263395000,9425000,9425000,11700000,11700000,21125000,21125000,31435000,31550000,1000000,1000000,9310000,9425000,0,0,9425000,9425000,11700000,11700000,21125000,21125000,1000010,13838060,1000000,1000000,10,12838060
243,299584000,307627000,1000000,1000000,9773000,17816000,263395000,263395000,17816000,17816000,7600000,7600000,25416000,25416000,36189000,44232000,1000000,1000000,9773000,17816000,0,0,17816000,17816000,7600000,7600000,25416000,25416000,1000010,1000000,1000000,1000000,10,0
273,285069000,550239000,1000000,1000000,1299000,1775000,263395000,526790000,1775000,3474000,17600000,17200000,19375000,20674000,21674000,23449000,1000000,1000000,1299000,1775000,0,0,1775000,3474000,17600000,17200000,19375000,20674000,1000010,4228120,1000000,1000000,10,3228120
303,274698000,538246000,1000000,1000000,3711000,3864000,263395000,526790000,3792000,3792000,2800000,2800000,6592000,6592000,11303000,11456000,1000000,1000000,3711000,3864000,0,0,3792000,3792000,2800000,2800000,6592000,6592000,1000010,4569080,1000000,1000000,10,3569080
333,297320000,562034000,1000000,1000000,12453000,13772000,263395000,526790000,13772000,13772000,6700000,6700000,20472000,20472000,33925000,35244000,1000000,1000000,12453000,13772000,0,0,13772000,13772000,6700000,6700000,20472000,20472000,1000010,13453060,1000000,1000000,10,12453060
363,272724000,536944000,1000000,1000000,3744000,4569000,263395000,526790000,4385000,4385000,200000,200000,4585000,4585000,9329000,10154000,1000000,1000000,3744000,4569000,0,0,4385000,4385000,200000,200000,4585000,4585000,1000010,1000000,1000000,1000000,10,0
393,294083000,823542000,1000000,1000000,13516000,14780000,263395000,790185000,13772000,17377000,2400000,200000,16172000,17577000,30688000,33357000,1000000,1000000,13516000,14780000,0,0,13772000,17377000,2400000,200000,16172000,17577000,1000010,6788080,1000000,1000000,10,5788080
423,298039000,826150000,1000000,1000000,16422000,17743000,263395000,790185000,16422000,16422000,800000,800000,17222000,17222000,34644000,35965000,1000000,1000000,16422000,17743000,0,0,16422000,16422000,800000,800000,17222000,17222000,1000010,1000000,1000000,1000000,10,0
4,272799000,273308000,1000000,1000000,3560000,3744000,263395000,263395000,3744000,4569000,1100000,600000,4844000,5169000,9404000,9913000,1000000,1000000,3560000,3744000,0,0,3744000,4569000,1100000,600000,4844000,5169000,1000010,2461020,1000000,1000000,10,1461020
34,303681000,306028000,1000000,1000000,12033000,12453000,263395000,263395000,12453000,14780000,14800000,14400000,27253000,29180000,40286000,42633000,1000000,1000000,12033000,12453000,0,0,12453000,14780000,14800000,14400000,27253000,29180000,1000010,14773120,1000000,1000000,10,13773120
64,296509000,297845000,1000000,1000000,9239000,10575000,263395000,263395000,10575000,10575000,12300000,12300000,22875000,22875000,33114000,34450000,1000000,1000000,9239000,10575000,0,0,10575000,10575000,12300000,12300000,22875000,22875000,1000010,1600010,1000000,1000000,10,600010
94,299337000,302174000,1000000,1000000,15572000,16170000,263395000,263395000,16170000,18209000,3200000,3400000,19370000,21609000,35942000,38779000,1000000,1000000,15572000,16170000,0,0,16170000,18209000,3200000,3400000,19370000,21609000,1000010,6314080,1000000,1000000,10,5314080
124,295735000,296812000,1000000,1000000,14300000,14640000,263395000,263395000,14640000,17377000,2400000,400000,17040000,17777000,32340000,33417000,1000000,1000000,14300000,14640000,0,0,14640000,17377000,2400000,400000,17040000,17777000,1000010,8771110,1000000,1000000,10,7771110
154,316141000,316249000,1000000,1000000,17269000,17377000,263395000,263395000,17377000,17377000,17100000,17100000,34477000,34477000,52746000,52854000,1000000,1000000,17269000,17377000,0,0,17377000,17377000,17100000,17100000,34477000,34477000,1000010,9169110,1000000,1000000,10,8169110
184,280373000,280865000,1000000,1000000,1649000,1929000,263395000,263395000,1929000,14341000,12400000,200000,14329000,14541000,16978000,17470000,1000000,1000000,1649000,1929000,0,0,1929000,14341000,12400000,200000,14329000,14541000,1000010,16801140,1000000,1000000,10,15801140
214,279343000,291730000,1000000,1000000,538000,9310000,263395000,263395000,9310000,9425000,5100000,8600000,14410000,18025000,15948000,28335000,1000000,1000000,538000,9310000,0,0,9310000,9425000,5100000,8600000,14410000,18025000,1000010,9506010,1000000,1000000,10,8506010
244,288927000,553578000,1000000,1000000,2488000,3744000,263395000,526790000,3744000,3744000,18300000,18300000,22044000,22044000,25532000,26788000,1000000,1000000,2488000,3744000,0,0,3744000,3744000,18300000,18300000,22044000,22044000,1000010,1273010,1000000,1000000,10,273010
274,303515000,832198000,1000000,1000000,11287000,12033000,263395000,790185000,12033000,14780000,15800000,14200000,27833000,28980000,40120000,42013000,1000000,1000000,11287000,12033000,0,0,12033000,14780000,15800000,14200000,27833000,28980000,1000010,14027100,1000000,1000000,10,13027100
304,312140000,576134000,1000000,1000000,14973000,15572000,263395000,526790000,15572000,15572000,17200000,17200000,32772000,32772000,48745000,49344000,1000000,1000000,14973000,15572000,0,0,15572000,15572000,17200000,17200000,32772000,32772000,1000010,5715060,1000000,1000000,10,4715060
334,267267000,268092000,1000000,1000000,2872000,3697000,263395000,263395000,0,0,0,0,0,0,3872000,4697000,1000000,1000000,2872000,3697000,0,0,0,0,0,0,0,0,1000010,1000000,1000000,1000000,10,0
364,273350000,536965000,1000000,1000000,4270000,4490000,263395000,526790000,4385000,4385000,300000,300000,4685000,4685000,9955000,10175000,1000000,1000000,4270000,4490000,0,0,4385000,4385000,300000,300000,4685000,4685000,1000010,1205020,1000000,1000000,10,205020
394,301483000,829667000,1000000,1000000,12947000,14341000,263395000,790185000,14341000,14341000,9800000,9800000,24141000,24141000,38088000,39482000,1000000,1000000,12947000,14341000,0,0,14341000,14341000,9800000,9800000,24141000,24141000,1000010,14778080,1000000,1000000,10,13778080
424,282604000,283222000,1000000,1000000,18209000,18827000,263395000,263395000,0,0,0,0,0,0,19209000,19827000,1000000,1000000,18209000,18827000,0,0,0,0,0,0,0,0,1000010,1000000,1000000,1000000,10,0
5,291136000,291856000,1000000,1000000,3560000,3881000,263395000,263395000,3881000,4280000,19300000,19300000,23181000,23580000,27741000,28461000,1000000,1000000,3560000,3881000,0,0,3881000,4280000,19300000,19300000,23181000,23580000,1000010,2650020,1000000,1000000,10,1650020
35,304070000,305508000,1000000,1000000,11742000,12033000,263395000,263395000,12033000,14780000,15900000,14300000,27933000,29080000,40675000,42113000,1000000,1000000,11742000,12033000,0,0,12033000,14780000,15900000,14300000,27933000,29080000,1000010,14482110,1000000,1000000,10,13482110
65,269723000,269825000,1000000,1000000,2514000,2616000,263395000,263395000,2514000,2514000,300000,300000,2814000,2814000,6328000,6430000,1000000,1000000,2514000,2616000,0,0,2514000,2514000,300000,300000,2814000,2814000,1000010,1000000,1000000,1000000,10,0
95,279967000,280363000,1000000,1000000,15572000,15968000,263395000,263395000,0,0,0,0,0,0,16572000,16968000,1000000,1000000,15572000,15968000,0,0,0,0,0,0,0,0,1000010,1000000,1000000,1000000,10,0
125,310223000,310775000,1000000,1000000,14088000,14640000,263395000,263395000,14640000,14640000,17100000,17100000,31740000,31740000,46828000,47380000,1000000,1000000,14088000,14640000,0,0,14640000,14640000,17100000,17100000,31740000,31740000,1000010,8860110,1000000,1000000,10,7860110
155,316406000,316433000,1000000,1000000,17242000,17269000,263395000,263395000,17269000,17269000,17500000,17500000,34769000,34769000,53011000,53038000,1000000,1000000,17242000,17269000,0,0,17269000,17269000,17500000,17500000,34769000,34769000,1000010,9385100,1000000,1000000,10,8385100
185,282180000,282309000,1000000,1000000,1478000,1607000,263395000,263395000,1607000,1607000,14700000,14700000,16307000,16307000,18785000,18914000,1000000,1000000,1478000,1607000,0,0,1607000,1607000,14700000,14700000,16307000,16307000,1000010,13126070,1000000,1000000,10,12126070
215,291145000,292268000,1000000,1000000,9425000,9757000,263395000,263395000,9425000,17816000,7900000,300000,17325000,18116000,27750000,28873000,1000000,1000000,9425000,9757000,0,0,9425000,17816000,7900000,300000,17325000,18116000,1000010,13953060,1000000,1000000,10,12953060
245,289995000,1345840000,1000000,1000000,2215000,4385000,263395000,1316975000,4385000,4280000,19000000,19200000,23385000,23480000,26600000,28865000,1000000,1000000,2215000,4385000,0,0,4385000,4280000,19000000,19200000,23385000,23480000,1000010,2140020,1000000,1000000,10,1140020
275,275339000,275926000,1000000,1000000,10944000,11531000,263395000,263395000,0,0,0,0,0,0,11944000,12531000,1000000,1000000,10944000,11531000,0,0,0,0,0,0,0,0,1000010,1000000,1000000,1000000,10,0
305,298435000,828264000,1000000,1000000,15370000,16170000,263395000,790185000,16170000,18209000,2500000,2700000,18670000,20909000,35040000,38079000,1000000,1000000,15370000,16170000,0,0,16170000,18209000,2500000,2700000,18670000,20909000,1000010,6112070,1000000,1000000,10,5112070
335,279768000,543528000,1000000,1000000,1104000,1469000,263395000,526790000,1469000,1469000,12800000,12800000,14269000,14269000,16373000,16738000,1000000,1000000,1104000,1469000,0,0,1469000,1469000,12800000,12800000,14269000,14269000,1000010,12820050,1000000,1000000,10,11820050
365,280363000,544449000,1000000,1000000,15968000,16659000,263395000,526790000,0,0,0,0,0,0,16968000,17659000,1000000,1000000,15968000,16659000,0,0,0,0,0,0,0,0,1000010,1000000,1000000,1000000,10,0
395,275458000,275664000,1000000,1000000,11063000,11269000,263395000,263395000,0,0,0,0,0,0,12063000,12269000,1000000,1000000,11063000,11269000,0,0,0,0,0,0,0,0,1000010,1000000,1000000,1000000,10,0
425,287708000,1087930000,1000000,1000000,538000,10575000,263395000,1053580000,10575000,10575000,12200000,12200000,22775000,22775000,24313000,34350000,1000000,1000000,538000,10575000,0,0,10575000,10575000,12200000,12200000,22775000,22775000,1000010,6007090,1000000,1000000,10,5007090
6,291060000,291790000,1000000,1000000,3560000,3905000,263395000,263395000,3905000,4490000,19200000,19000000,23105000,23490000,27665000,28395000,1000000,1000000,3560000,3905000,0,0,3905000,4490000,19200000,19000000,23105000,23490000,1000010,2650020,1000000,1000000,10,1650020
36,309095000,309589000,1000000,1000000,12453000,12947000,263395000,263395000,12947000,12947000,19300000,19300000,32247000,32247000,45700000,46194000,1000000,1000000,12453000,12947000,0,0,12947000,12947000,19300000,19300000,32247000,32247000,1000010,15193120,1000000,1000000,10,14193120
66,287914000,288723000,1000000,1000000,1705000,2514000,263395000,263395000,2514000,2514000,19300000,19300000,21814000,21814000,24519000,25328000,1000000,1000000,1705000,2514000,0,0,2514000,2514000,19300000,19300000,21814000,21814000,1000010,1052010,1000000,1000000,10,52010
96,308430000,309255000,1000000,1000000,13955000,14780000,263395000,263395000,14780000,14780000,15300000,15300000,30080000,30080000,45035000,45860000,1000000,1000000,13955000,14780000,0,0,14780000,14780000,15300000,15300000,30080000,30080000,1000010,16387120,1000000,1000000,10,15387120
126,308522000,309683000,1000000,1000000,12979000,13748000,263395000,263395000,13748000,14640000,17400000,16900000,31148000,31540000,45127000,46288000,1000000,1000000,12979000,13748000,0,0,13748000,14640000,17400000,16900000,31148000,31540000,1000010,15456110,1000000,1000000,10,14456110
156,316292000,316479000,1000000,1000000,17055000,17242000,263395000,263395000,17242000,17242000,17600000,17600000,34842000,34842000,52897000,53084000,1000000,1000000,17055000,17242000,0,0,17242000,17242000,17600000,17600000,34842000,34842000,1000010,9198090,1000000,1000000,10,8198090
186,273412000,273679000,1000000,1000000,1225000,1492000,263395000,263395000,1492000,1492000,6300000,6300000,7792000,7792000,10017000,10284000,1000000,1000000,1225000,1492000,0,0,1492000,1492000,6300000,6300000,7792000,7792000,1000010,1825010,1000000,1000000,10,825010
216,295909000,295971000,1000000,1000000,9757000,9819000,263395000,263395000,9757000,9757000,12000000,12000000,21757000,21757000,32514000,32576000,1000000,1000000,9757000,9819000,0,0,9757000,9757000,12000000,12000000,21757000,21757000,1000010,12091060,1000000,1000000,10,11091060
246,285853000,549576000,1000000,1000000,915000,1243000,263395000,526790000,1243000,1243000,19300000,19300000,20543000,20543000,22458000,22786000,1000000,1000000,915000,1243000,0,0,1243000,1243000,19300000,19300000,20543000,20543000,1000010,12563040,1000000,1000000,10,11563040
276,300824000,830093000,1000000,1000000,10944000,11585000,263395000,790185000,11585000,13723000,13900000,13600000,25485000,27323000,37429000,39908000,1000000,1000000,10944000,11585000,0,0,11585000,13723000,13900000,13600000,25485000,27323000,1000010,3138040,1000000,1000000,10,2138040
306,307891000,835945000,1000000,1000000,13516000,14780000,263395000,790185000,14780000,14780000,15200000,15200000,29980000,29980000,44496000,45760000,1000000,1000000,13516000,14780000,0,0,14780000,14780000,15200000,15200000,29980000,29980000,1000010,15948110,1000000,1000000,10,14948110
336,289608000,1080916000,1000000,1000000,445000,1568000,263395000,1053580000,1568000,1568000,23200000,23200000,24768000,24768000,26213000,27336000,1000000,1000000,445000,1568000,0,0,1568000,1568000,23200000,23200000,24768000,24768000,1000010,12161040,1000000,1000000,10,11161040
366,279967000,544083000,1000000,1000000,15572000,16293000,263395000,526790000,0,0,0,0,0,0,16572000,17293000,1000000,1000000,15572000,16293000,0,0,0,0,0,0,0,0,1000010,1000000,1000000,1000000,10,0
396,282289000,1088390000,1000000,1000000,915000,11269000,263395000,1053580000,10979000,14341000,6000000,8200000,16979000,22541000,18894000,34810000,1000000,1000000,915000,11269000,0,0,10979000,14341000,6000000,8200000,16979000,22541000,1000010,5011060,1000000,1000000,10,4011060
426,267675000,267816000,1000000,1000000,3280000,3421000,263395000,263395000,0,0,0,0,0,0,4280000,4421000,1000000,1000000,3280000,3421000,0,0,0,0,0,0,0,0,1000010,1000000,1000000,1000000,10,0
7,291440000,292265000,1000000,1000000,3560000,4385000,263395000,263395000,4385000,4385000,19100000,19100000,23485000,23485000,28045000,28870000,1000000,1000000,3560000,4385000,0,0,4385000,4385000,19100000,19100000,23485000,23485000,1000010,2618020,1000000,1000000,10,1618020
37,305731000,306658000,1000000,1000000,12453000,12983000,263395000,263395000,12983000,14780000,15900000,14500000,28883000,29280000,42336000,43263000,1000000,1000000,12453000,12983000,0,0,12983000,14780000,15900000,14500000,28883000,29280000,1000010,15193120,1000000,1000000,10,14193120
67,288068000,288927000,1000000,1000000,1757000,2616000,263395000,263395000,2616000,2616000,19300000,19300000,21916000,21916000,24673000,25532000,1000000,1000000,1757000,2616000,0,0,2616000,2616000,19300000,19300000,21916000,21916000,1000010,1052010,1000000,1000000,10,52010
97,296250000,296595000,1000000,1000000,13955000,14300000,263395000,263395000,14300000,14300000,3600000,3600000,17900000,17900000,32855000,33200000,1000000,1000000,13955000,14300000,0,0,14300000,14300000,3600000,3600000,17900000,17900000,1000010,7586090,1000000,1000000,10,6586090
127,299742000,301115000,1000000,1000000,12368000,12979000,263395000,263395000,12979000,14341000,10000000,9400000,22979000,23741000,36347000,37720000,1000000,1000000,12368000,12979000,0,0,12979000,14341000,10000000,9400000,22979000,23741000,1000010,14845100,1000000,1000000,10,13845100
157,315674000,317105000,1000000,1000000,15624000,17055000,263395000,263395000,17055000,17055000,18600000,18600000,35655000,35655000,52279000,53710000,1000000,1000000,15624000,17055000,0,0,17055000,17055000,18600000,18600000,35655000,35655000,1000010,7767080,1000000,1000000,10,6767080
187,287386000,287589000,1000000,1000000,1844000,2047000,263395000,263395000,2047000,2047000,19100000,19100000,21147000,21147000,23991000,24194000,1000000,1000000,1844000,2047000,0,0,2047000,2047000,19100000,19100000,21147000,21147000,1000010,13492080,1000000,1000000,10,12492080
217,275452000,284733000,1000000,1000000,538000,9819000,263395000,263395000,9819000,9819000,700000,700000,10519000,10519000,12057000,21338000,1000000,1000000,538000,9819000,0,0,9819000,9819000,700000,700000,10519000,10519000,1000010,1000000,1000000,1000000,10,0
247,280610000,548309000,1000000,1000000,915000,1200000,263395000,526790000,1200000,2119000,14100000,17200000,15300000,19319000,17215000,21519000,1000000,1000000,915000,1200000,0,0,1200000,2119000,14100000,17200000,15300000,19319000,1000010,15806080,1000000,1000000,10,14806080
277,275603000,275750000,1000000,1000000,11208000,11355000,263395000,263395000,0,0,0,0,0,0,12208000,12355000,1000000,1000000,11208000,11355000,0,0,0,0,0,0,0,0,1000010,1000000,1000000,1000000,10,0
307,308233000,840206000,1000000,1000000,12983000,14341000,263395000,790185000,13955000,14780000,16900000,19900000,30855000,34680000,44838000,50021000,1000000,1000000,12983000,14341000,0,0,13955000,14780000,16900000,19900000,30855000,34680000,1000010,15723130,1000000,1000000,10,14723130
337,265499000,265794000,1000000,1000000,1104000,1399000,263395000,263395000,0,0,0,0,0,0,2104000,2399000,1000000,1000000,1104000,1399000,0,0,0,0,0,0,0,0,1000010,1000000,1000000,1000000,10,0
367,281054000,809303000,1000000,1000000,16659000,18118000,263395000,790185000,0,0,0,0,0,0,17659000,19118000,1000000,1000000,16659000,18118000,0,0,0,0,0,0,0,0,1000010,1000000,1000000,1000000,10,0
397,297370000,824699000,1000000,1000000,10718000,11257000,263395000,790185000,11257000,11257000,11000000,11000000,22257000,22257000,33975000,34514000,1000000,1000000,10718000,11257000,0,0,11257000,11257000,11000000,11000000,22257000,22257000,1000010,12850060,1000000,1000000,10,11850060
427,284345000,2417395000,1000000,1000000,0,10718000,263395000,2370555000,1050000,2322000,18900000,32800000,19950000,35122000,20950000,46840000,1000000,1000000,0,10718000,0,0,1050000,2322000,18900000,32800000,19950000,35122000,1000010,4911050,1000000,1000000,10,3911050
8,286011000,286281000,1000000,1000000,973000,1243000,263395000,263395000,1243000,1243000,19400000,19400000,20643000,20643000,22616000,22886000,1000000,1000000,973000,1243000,0,0,1243000,1243000,19400000,19400000,20643000,20643000,1000010,12621050,1000000,1000000,10,11621050
38,298827000,299914000,1000000,1000000,12453000,12979000,263395000,263395000,12979000,14640000,9000000,7900000,21979000,22540000,35432000,36519000,1000000,1000000,12453000,12979000,0,0,12979000,14640000,9000000,7900000,21979000,22540000,1000010,14180070,1000000,1000000,10,13180070
68,267011000,267675000,1000000,1000000,2616000,3280000,263395000,263395000,0,0,0,0,0,0,3616000,4280000,1000000,1000000,2616000,3280000,0,0,0,0,0,0,0,0,1000010,1000000,1000000,1000000,10,0
98,308866000,309305000,1000000,1000000,13516000,13955000,263395000,263395000,13955000,13955000,17000000,17000000,30955000,30955000,45471000,45910000,1000000,1000000,13516000,13955000,0,0,13955000,13955000,17000000,17000000,30955000,30955000,1000010,16256140,1000000,1000000,10,15256140
128,301446000,302239000,1000000,1000000,12979000,13772000,263395000,263395000,13772000,13772000,10300000,10300000,24072000,24072000,38051000,38844000,1000000,1000000,12979000,13772000,0,0,13772000,13772000,10300000,10300000,24072000,24072000,1000010,15456110,1000000,1000000,10,14456110
158,299700000,299995000,1000000,1000000,17055000,17350000,263395000,263395000,17350000,17350000,900000,900000,18250000,18250000,36305000,36600000,1000000,1000000,17055000,17350000,0,0,17350000,17350000,900000,900000,18250000,18250000,1000010,3271060,1000000,1000000,10,2271060
188,295995000,297469000,1000000,1000000,1844000,2256000,263395000,263395000,2256000,2618000,27500000,28200000,29756000,30818000,32600000,34074000,1000000,1000000,1844000,2256000,0,0,2256000,2618000,27500000,28200000,29756000,30818000,1000010,6189130,1000000,1000000,10,5189130
218,300087000,300133000,1000000,1000000,9773000,9819000,263395000,263395000,9819000,9819000,16100000,16100000,25919000,25919000,36692000,36738000,1000000,1000000,9773000,9819000,0,0,9819000,9819000,16100000,16100000,25919000,25919000,1000010,2728020,1000000,1000000,10,1728020
248,283656000,827126000,1000000,1000000,1039000,1522000,263395000,790185000,1522000,2119000,16700000,32300000,18222000,34419000,20261000,36941000,1000000,1000000,1039000,1522000,0,0,1522000,2119000,16700000,32300000,18222000,34419000,1000010,15930090,1000000,1000000,10,14930090
278,275339000,275820000,1000000,1000000,10944000,11425000,263395000,263395000,0,0,0,0,0,0,11944000,12425000,1000000,1000000,10944000,11425000,0,0,0,0,0,0,0,0,1000010,1000000,1000000,1000000,10,0
308,309067000,1100633000,1000000,1000000,12983000,14364000,263395000,1053580000,13989000,13989000,17700000,17700000,31689000,31689000,45672000,47053000,1000000,1000000,12983000,14364000,0,0,13989000,13989000,17700000,17700000,31689000,31689000,1000010,5605080,1000000,1000000,10,4605080
338,281073000,545648000,1000000,1000000,1299000,2479000,263395000,526790000,2479000,2479000,12900000,12900000,15379000,15379000,17678000,18858000,1000000,1000000,1299000,2479000,0,0,2479000,2479000,12900000,12900000,15379000,15379000,1000010,2906070,1000000,1000000,10,1906070
368,280688000,545392000,1000000,1000000,16293000,17602000,263395000,526790000,0,0,0,0,0,0,17293000,18602000,1000000,1000000,16293000,17602000,0,0,0,0,0,0,0,0,1000010,1000000,1000000,1000000,10,0
398,292083000,1356761000,1000000,1000000,445000,11543000,263395000,1316975000,11543000,11543000,15700000,15700000,27243000,27243000,28688000,39786000,1000000,1000000,445000,11543000,0,0,11543000,11543000,15700000,15700000,27243000,27243000,1000010,4911050,1000000,1000000,10,3911050
428,271785000,547460000,1000000,1000000,445000,790000,263395000,526790000,445000,14780000,6500000,4100000,6945000,18880000,8390000,20670000,1000000,1000000,445000,790000,0,0,445000,14780000,6500000,4100000,6945000,18880000,1000010,15242090,1000000,1000000,10,14242090
9,285683000,285911000,1000000,1000000,915000,973000,263395000,263395000,973000,1243000,19400000,19300000,20373000,20543000,22288000,22516000,1000000,1000000,915000,973000,0,0,973000,1243000,19400000,19300000,20373000,20543000,1000010,12563040,1000000,1000000,10,11563040
39,287258000,287592000,1000000,1000000,1904000,2159000,263395000,263395000,2159000,2338000,18800000,18700000,20959000,21038000,23863000,24197000,1000000,1000000,1904000,2159000,0,0,2159000,2338000,18800000,18700000,20959000,21038000,1000010,3065070,1000000,1000000,10,2065070
69,287157000,287968000,1000000,1000000,1705000,1757000,263395000,263395000,1757000,2616000,19300000,19200000,21057000,21816000,23762000,24573000,1000000,1000000,1705000,1757000,0,0,1757000,2616000,19300000,19200000,21057000,21816000,1000010,1859010,1000000,1000000,10,859010
99,308294000,308827000,1000000,1000000,12983000,13516000,263395000,263395000,13516000,13516000,17400000,17400000,30916000,30916000,44899000,45432000,1000000,1000000,12983000,13516000,0,0,13516000,13516000,17400000,17400000,30916000,30916000,1000010,15723130,1000000,1000000,10,14723130
129,302206000,303031000,1000000,1000000,11543000,12368000,263395000,263395000,12368000,12368000,13900000,13900000,26268000,26268000,38811000,39636000,1000000,1000000,11543000,12368000,0,0,12368000,12368000,13900000,13900000,26268000,26268000,1000010,14020090,1000000,1000000,10,13020090
159,315041000,316667000,1000000,1000000,15624000,16422000,263395000,263395000,16422000,17350000,18600000,18500000,35022000,35850000,51646000,53272000,1000000,1000000,15624000,16422000,0,0,16422000,17350000,18600000,18500000,35022000,35850000,1000010,5327050,1000000,1000000,10,4327050
189,286217000,286583000,1000000,1000000,1478000,1844000,263395000,263395000,1844000,1844000,18500000,18500000,20344000,20344000,22822000,23188000,1000000,1000000,1478000,1844000,0,0,1844000,1844000,18500000,18500000,20344000,20344000,1000010,13126070,1000000,1000000,10,12126070
219,279159000,288533000,1000000,1000000,445000,9819000,263395000,263395000,9819000,9819000,4500000,4500000,14319000,14319000,15764000,25138000,1000000,1000000,445000,9819000,0,0,9819000,9819000,4500000,4500000,14319000,14319000,1000010,4553030,1000000,1000000,10,3553030
249,272746000,543691000,1000000,1000000,1522000,1929000,263395000,526790000,1929000,13772000,4900000,200000,6829000,13972000,9351000,16901000,1000000,1000000,1522000,1929000,0,0,1929000,13772000,4900000,200000,6829000,13972000,1000010,15588100,1000000,1000000,10,14588100
279,300981000,565174000,1000000,1000000,10944000,11742000,263395000,526790000,11742000,11742000,13900000,13900000,25642000,25642000,37586000,38384000,1000000,1000000,10944000,11742000,0,0,11742000,11742000,13900000,13900000,25642000,25642000,1000010,13684090,1000000,1000000,10,12684090
309,278118000,542239000,1000000,1000000,13723000,14449000,263395000,526790000,0,0,0,0,0,0,14723000,15449000,1000000,1000000,13723000,14449000,0,0,0,0,0,0,0,0,1000010,1000000,1000000,1000000,10,0
339,273642000,537948000,1000000,1000000,1568000,2479000,263395000,526790000,2479000,2479000,5200000,5200000,7679000,7679000,10247000,11158000,1000000,1000000,1568000,2479000,0,0,2479000,2479000,5200000,5200000,7679000,7679000,1000010,3872100,1000000,1000000,10,2872100
369,281997000,282309000,1000000,1000000,17602000,17914000,263395000,263395000,0,0,0,0,0,0,18602000,18914000,1000000,1000000,17602000,17914000,0,0,0,0,0,0,0,0,1000010,1000000,1000000,1000000,10,0
399,294649000,1102112000,1000000,1000000,538000,17816000,263395000,1053580000,17816000,17816000,11900000,11900000,29716000,29716000,31254000,48532000,1000000,1000000,538000,17816000,0,0,17816000,17816000,11900000,11900000,29716000,29716000,1000010,5235050,1000000,1000000,10,4235050
429,282522000,546330000,1000000,1000000,807000,1220000,263395000,526790000,1220000,1220000,16100000,16100000,17320000,17320000,19127000,19540000,1000000,1000000,807000,1220000,0,0,1220000,1220000,16100000,16100000,17320000,17320000,1000010,15959120,1000000,1000000,10,14959120
10,280834000,285114000,1000000,1000000,1039000,1200000,263395000,263395000,1200000,2119000,14200000,17400000,15400000,19519000,17439000,21719000,1000000,1000000,1039000,1200000,0,0,1200000,2119000,14200000,17400000,15400000,19519000,1000010,15930090,1000000,1000000,10,14930090
40,287692000,287871000,1000000,1000000,2159000,2338000,263395000,263395000,2338000,2338000,18800000,18800000,21138000,21138000,24297000,24476000,1000000,1000000,2159000,2338000,0,0,2338000,2338000,18800000,18800000,21138000,21138000,1000010,3040060,1000000,1000000,10,2040060
70,265615000,266100000,1000000,1000000,1220000,1705000,263395000,263395000,0,0,0,0,0,0,2220000,2705000,1000000,1000000,1220000,1705000,0,0,0,0,0,0,0,0,1000010,1000000,1000000,1000000,10,0
100,299752000,300577000,1000000,1000000,13516000,14341000,263395000,263395000,14341000,14341000,7500000,7500000,21841000,21841000,36357000,37182000,1000000,1000000,13516000,14341000,0,0,14341000,14341000,7500000,7500000,21841000,21841000,1000010,16256140,1000000,1000000,10,15256140
130,275938000,276763000,1000000,1000000,11543000,12368000,263395000,263395000,0,0,0,0,0,0,12543000,13368000,1000000,1000000,11543000,12368000,0,0,0,0,0,0,0,0,1000010,1000000,1000000,1000000,10,0
160,313144000,315769000,1000000,1000000,14625000,15624000,263395000,263395000,15624000,17350000,18500000,18400000,34124000,35750000,49749000,52374000,1000000,1000000,14625000,15624000,0,0,15624000,17350000,18500000,18400000,34124000,35750000,1000010,6768070,1000000,1000000,10,5768070
190,268164000,268363000,1000000,1000000,3769000,3968000,263395000,263395000,0,0,0,0,0,0,4769000,4968000,1000000,1000000,3769000,3968000,0,0,0,0,0,0,0,0,1000010,1000000,1000000,1000000,10,0
220,265002000,265064000,1000000,1000000,607000,669000,263395000,263395000,0,0,0,0,0,0,1607000,1669000,1000000,1000000,607000,669000,0,0,0,0,0,0,0,0,1000010,1000000,1000000,1000000,10,0
250,289214000,816923000,1000000,1000000,1200000,2119000,263395000,790185000,2119000,2119000,21500000,21500000,23619000,23619000,25819000,26738000,1000000,1000000,1200000,2119000,0,0,2119000,2119000,21500000,21500000,23619000,23619000,1000010,16091100,1000000,1000000,10,15091100
280,292645000,556740000,1000000,1000000,10475000,11175000,263395000,526790000,10575000,10575000,7200000,7200000,17775000,17775000,29250000,29950000,1000000,1000000,10475000,11175000,0,0,10575000,10575000,7200000,7200000,17775000,17775000,1000010,1000000,1000000,1000000,10,0
310,294073000,557928000,1000000,1000000,13989000,14449000,263395000,526790000,13989000,13989000,1700000,1700000,15689000,15689000,30678000,31138000,1000000,1000000,13989000,14449000,0,0,13989000,13989000,1700000,1700000,15689000,15689000,1000010,1000000,1000000,1000000,10,0
340,284383000,813766000,1000000,1000000,1104000,3697000,263395000,790185000,1784000,1784000,17100000,17100000,18884000,18884000,20988000,23581000,1000000,1000000,1104000,3697000,0,0,1784000,1784000,17100000,17100000,18884000,18884000,1000010,11385020,1000000,1000000,10,10385020
370,281997000,282513000,1000000,1000000,17602000,18118000,263395000,263395000,0,0,0,0,0,0,18602000,19118000,1000000,1000000,17602000,18118000,0,0,0,0,0,0,0,0,1000010,1000000,1000000,1000000,10,0
400,291315000,555663000,1000000,1000000,9310000,9757000,263395000,526790000,9310000,17816000,8300000,300000,17610000,18116000,27920000,28873000,1000000,1000000,9310000,9757000,0,0,9310000,17816000,8300000,300000,17610000,18116000,1000010,13838060,1000000,1000000,10,12838060
430,277368000,804802000,1000000,1000000,0,538000,263395000,790185000,73000,12979000,12900000,100000,12973000,13079000,13973000,14617000,1000000,1000000,0,538000,0,0,73000,12979000,12900000,100000,12973000,13079000,1000010,13496060,1000000,1000000,10,12496060
11,280949000,284753000,1000000,1000000,915000,1039000,263395000,263395000,1039000,2119000,14600000,17200000,15639000,19319000,17554000,21358000,1000000,1000000,915000,1039000,0,0,1039000,2119000,14600000,17200000,15639000,19319000,1000010,15806080,1000000,1000000,10,14806080
41,287274000,287403000,1000000,1000000,1775000,1904000,263395000,263395000,1904000,1904000,19200000,19200000,21104000,21104000,23879000,24008000,1000000,1000000,1775000,1904000,0,0,1904000,1904000,19200000,19200000,21104000,21104000,1000010,3089060,1000000,1000000,10,2089060
71,285916000,286139000,1000000,1000000,1199000,1422000,263395000,263395000,1422000,1422000,18900000,18900000,20322000,20322000,22521000,22744000,1000000,1000000,1199000,1422000,0,0,1422000,1422000,18900000,18900000,20322000,20322000,1000010,12173060,1000000,1000000,10,11173060
101,309907000,310173000,1000000,1000000,13723000,13989000,263395000,263395000,13989000,13989000,17800000,17800000,31789000,31789000,46512000,46778000,1000000,1000000,13723000,13989000,0,0,13989000,13989000,17800000,17800000,31789000,31789000,1000010,5830070,1000000,1000000,10,4830070
131,276763000,276949000,1000000,1000000,12368000,12554000,263395000,263395000,0,0,0,0,0,0,13368000,13554000,1000000,1000000,12368000,12554000,0,0,0,0,0,0,0,0,1000010,1000000,1000000,1000000,10,0
161,316767000,317695000,1000000,1000000,16422000,17350000,263395000,263395000,17350000,17350000,18600000,18600000,35950000,35950000,53372000,54300000,1000000,1000000,16422000,17350000,0,0,17350000,17350000,18600000,18600000,35950000,35950000,1000010,6125060,1000000,1000000,10,5125060
191,288714000,289539000,1000000,1000000,2047000,2872000,263395000,263395000,2872000,2872000,19400000,19400000,22272000,22272000,25319000,26144000,1000000,1000000,2047000,2872000,0,0,2872000,2872000,19400000,19400000,22272000,22272000,1000010,13695090,1000000,1000000,10,12695090
221,277201000,285577000,1000000,1000000,299000,607000,263395000,263395000,607000,10475000,11900000,10100000,12507000,20575000,13806000,22182000,1000000,1000000,299000,607000,0,0,607000,10475000,11900000,10100000,12507000,20575000,1000010,15451090,1000000,1000000,10,14451090
251,284732000,812944000,1000000,1000000,1522000,2944000,263395000,790185000,2215000,2215000,16600000,16600000,18815000,18815000,21337000,22759000,1000000,1000000,1522000,2944000,0,0,2215000,2215000,16600000,16600000,18815000,18815000,1000010,16413110,1000000,1000000,10,15413110
281,299957000,1637710000,1000000,1000000,10475000,11531000,263395000,1580370000,11287000,18209000,13800000,26600000,25087000,44809000,36562000,57340000,1000000,1000000,10475000,11531000,0,0,11287000,18209000,13800000,26600000,25087000,44809000,1000010,13215100,1000000,1000000,10,12215100
311,311967000,840007000,1000000,1000000,13723000,14973000,263395000,790185000,14449000,14449000,19400000,19400000,33849000,33849000,48572000,49822000,1000000,1000000,13723000,14973000,0,0,14449000,14449000,19400000,19400000,33849000,33849000,1000010,5828080,1000000,1000000,10,4828080
341,265963000,531487000,1000000,1000000,1568000,3697000,263395000,526790000,0,0,0,0,0,0,2568000,4697000,1000000,1000000,1568000,3697000,0,0,0,0,0,0,0,0,1000010,1000000,1000000,1000000,10,0
371,310764000,591265000,1000000,1000000,14799000,16170000,263395000,526790000,16170000,17905000,15400000,29400000,31570000,47305000,47369000,64475000,1000000,1000000,14799000,16170000,0,0,16170000,17905000,15400000,29400000,31570000,47305000,1000010,4573060,1000000,1000000,10,3573060
401,290945000,818920000,1000000,1000000,9425000,9819000,263395000,790185000,9425000,17816000,7700000,100000,17125000,17916000,27550000,28735000,1000000,1000000,9425000,9819000,0,0,9425000,17816000,7700000,100000,17125000,17916000,1000010,11734090,1000000,1000000,10,10734090
431,270795000,539168000,1000000,1000000,0,299000,263395000,526790000,0,10979000,6400000,100000,6400000,11079000,7400000,12378000,1000000,1000000,0,299000,0,0,0,10979000,6400000,100000,6400000,11079000,1000010,11979030,1000000,1000000,10,10979030
12,284417000,302736000,1000000,1000000,1200000,1522000,263395000,263395000,1522000,2119000,17300000,34700000,18822000,36819000,21022000,39341000,1000000,1000000,1200000,1522000,0,0,1522000,2119000,17300000,34700000,18822000,36819000,1000010,16091100,1000000,1000000,10,15091100
42,288357000,288563000,1000000,1000000,2778000,2984000,263395000,263395000,2984000,2984000,18200000,18200000,21184000,21184000,24962000,25168000,1000000,1000000,2778000,2984000,0,0,2984000,2984000,18200000,18200000,21184000,21184000,1000010,2537060,1000000,1000000,10,1537060
72,282206000,282373000,1000000,1000000,1422000,1589000,263395000,263395000,1589000,1589000,14800000,14800000,16389000,16389000,18811000,18978000,1000000,1000000,1422000,1589000,0,0,1589000,1589000,14800000,14800000,16389000,16389000,1000010,12396070,1000000,1000000,10,11396070
102,309782000,310423000,1000000,1000000,13723000,14364000,263395000,263395000,14364000,14364000,17300000,17300000,31664000,31664000,46387000,47028000,1000000,1000000,13723000,14364000,0,0,14364000,14364000,17300000,17300000,31664000,31664000,1000010,5722060,1000000,1000000,10,4722060
132,308583000,308795000,1000000,1000000,14088000,14300000,263395000,263395000,14300000,14300000,15800000,15800000,30100000,30100000,45188000,45400000,1000000,1000000,14088000,14300000,0,0,14300000,14300000,15800000,15800000,30100000,30100000,1000010,6513070,1000000,1000000,10,5513070
162,317900000,318935000,1000000,1000000,17100000,17905000,263395000,263395000,17905000,18135000,18500000,18500000,36405000,36635000,54505000,55540000,1000000,1000000,17100000,17905000,0,0,17905000,18135000,18500000,18500000,36405000,36635000,1000010,8594100,1000000,1000000,10,7594100
192,275095000,275783000,1000000,1000000,2256000,2944000,263395000,263395000,2944000,2944000,5500000,5500000,8444000,8444000,11700000,12388000,1000000,1000000,2256000,2944000,0,0,2944000,2944000,5500000,5500000,8444000,8444000,1000010,6601140,1000000,1000000,10,5601140
222,283664000,283864000,1000000,1000000,607000,662000,263395000,263395000,662000,807000,18000000,18000000,18662000,18807000,20269000,20469000,1000000,1000000,607000,662000,0,0,662000,807000,18000000,18000000,18662000,18807000,1000010,15759090,1000000,1000000,10,14759090
252,285237000,1340590000,1000000,1000000,2119000,3892000,263395000,1316975000,2423000,2423000,16300000,16300000,18723000,18723000,21842000,23615000,1000000,1000000,2119000,3892000,0,0,2423000,2423000,16300000,16300000,18723000,18723000,1000010,17010120,1000000,1000000,10,16010120
282,293212000,827276000,1000000,1000000,9773000,11175000,263395000,790185000,10944000,17816000,8100000,7100000,19044000,24916000,29817000,37091000,1000000,1000000,9773000,11175000,0,0,10944000,17816000,8100000,7100000,19044000,24916000,1000010,12513110,1000000,1000000,10,11513110
312,307664000,835724000,1000000,1000000,12453000,13723000,263395000,790185000,13516000,13516000,17300000,17300000,30816000,30816000,44269000,45539000,1000000,1000000,12453000,13723000,0,0,13516000,13516000,17300000,17300000,30816000,30816000,1000010,15193120,1000000,1000000,10,14193120
342,270553000,535170000,1000000,1000000,1929000,2423000,263395000,526790000,1929000,1057000,2300000,3900000,4229000,4957000,7158000,8380000,1000000,1000000,1929000,2423000,0,0,1929000,1057000,2300000,3900000,4229000,4957000,1000010,2267060,1000000,1000000,10,1267060
372,315544000,844720000,1000000,1000000,15549000,17100000,263395000,790185000,17100000,18135000,18500000,18300000,35600000,36435000,52149000,54535000,1000000,1000000,15549000,17100000,0,0,17100000,18135000,18500000,18300000,35600000,36435000,1000010,6314080,1000000,1000000,10,5314080
402,286497000,1086056000,1000000,1000000,445000,9819000,263395000,1053580000,9757000,9757000,11900000,11900000,21657000,21657000,23102000,32476000,1000000,1000000,445000,9819000,0,0,9757000,9757000,11900000,11900000,21657000,21657000,1000010,2728020,1000000,1000000,10,1728020
432,271151000,535038000,1000000,1000000,2778000,2984000,263395000,526790000,2778000,3864000,1200000,400000,3978000,4264000,7756000,8248000,1000000,1000000,2778000,2984000,0,0,2778000,3864000,1200000,400000,3978000,4264000,1000010,2354050,1000000,1000000,10,1354050
13,281073000,281351000,1000000,1000000,1200000,1478000,263395000,263395000,1478000,1478000,14000000,14000000,15478000,15478000,17678000,17956000,1000000,1000000,1200000,1478000,0,0,1478000,1478000,14000000,14000000,15478000,15478000,1000010,12848060,1000000,1000000,10,11848060
43,287811000,288257000,1000000,1000000,2338000,2778000,263395000,263395000,2778000,2984000,18300000,18100000,21078000,21084000,24416000,24862000,1000000,1000000,2338000,2778000,0,0,2778000,2984000,18300000,18100000,21078000,21084000,1000010,3219070,1000000,1000000,10,2219070
73,278370000,281890000,1000000,1000000,1199000,1376000,263395000,263395000,1376000,9819000,11400000,6300000,12776000,16119000,14975000,18495000,1000000,1000000,1199000,1376000,0,0,1376000,9819000,11400000,6300000,12776000,16119000,1000010,14374100,1000000,1000000,10,13374100
103,293561000,296473000,1000000,1000000,12983000,13723000,263395000,263395000,12983000,17055000,3200000,1300000,16183000,18355000,30166000,33078000,1000000,1000000,12983000,13723000,0,0,12983000,17055000,3200000,1300000,16183000,18355000,1000010,6246080,1000000,1000000,10,5246080
133,309431000,310123000,1000000,1000000,13748000,14088000,263395000,263395000,14088000,14640000,17200000,17000000,31288000,31640000,46036000,46728000,1000000,1000000,13748000,14088000,0,0,14088000,14640000,17200000,17000000,31288000,31640000,1000010,16225120,1000000,1000000,10,15225120
163,316265000,318030000,1000000,1000000,16170000,17100000,263395000,263395000,17100000,18135000,18600000,18400000,35700000,36535000,52870000,54635000,1000000,1000000,16170000,17100000,0,0,17100000,18135000,18600000,18400000,35700000,36535000,1000010,7664090,1000000,1000000,10,6664090
193,288429000,288791000,1000000,1000000,2256000,2478000,263395000,263395000,2478000,2618000,19300000,19300000,21778000,21918000,25034000,25396000,1000000,1000000,2256000,2478000,0,0,2478000,2618000,19300000,19300000,21778000,21918000,1000010,3269050,1000000,1000000,10,2269050
223,271141000,275773000,1000000,1000000,73000,299000,263395000,263395000,73000,10979000,6600000,100000,6673000,11079000,7746000,12378000,1000000,1000000,73000,299000,0,0,73000,10979000,6600000,100000,6673000,11079000,1000010,12052040,1000000,1000000,10,11052040
253,287929000,552653000,1000000,1000000,2215000,2919000,263395000,526790000,2919000,3744000,18400000,18200000,21319000,21944000,24534000,25863000,1000000,1000000,2215000,2919000,0,0,2919000,3744000,18400000,18200000,21319000,21944000,1000010,2677010,1000000,1000000,10,1677010
283,296409000,561740000,1000000,1000000,9239000,11175000,263395000,526790000,11175000,11175000,11600000,11600000,22775000,22775000,33014000,34950000,1000000,1000000,9239000,11175000,0,0,11175000,11175000,11600000,11600000,22775000,22775000,1000010,1000000,1000000,1000000,10,0
313,311229000,839227000,1000000,1000000,14364000,15370000,263395000,790185000,15370000,15572000,17100000,17100000,32470000,32672000,47834000,49042000,1000000,1000000,14364000,15370000,0,0,15370000,15572000,17100000,17100000,32470000,32672000,1000010,5753070,1000000,1000000,10,4753070
343,274349000,540297000,1000000,1000000,1265000,1689000,263395000,526790000,1689000,10718000,7000000,100000,8689000,10818000,10954000,13507000,1000000,1000000,1265000,1689000,0,0,1689000,10718000,7000000,100000,8689000,10818000,1000010,12093030,1000000,1000000,10,11093030
373,311554000,842459000,1000000,1000000,13135000,15624000,263395000,790185000,15624000,17350000,18400000,18300000,34024000,35650000,48159000,52274000,1000000,1000000,13135000,15624000,0,0,15624000,17350000,18400000,18300000,34024000,35650000,1000010,5278060,1000000,1000000,10,4278060
403,275113000,275170000,1000000,1000000,10718000,10775000,263395000,263395000,0,0,0,0,0,0,11718000,11775000,1000000,1000000,10718000,10775000,0,0,0,0,0,0,0,0,1000010,1000000,1000000,1000000,10,0
433,267011000,531211000,1000000,1000000,2616000,3421000,263395000,526790000,0,0,0,0,0,0,3616000,4421000,1000000,1000000,2616000,3421000,0,0,0,0,0,0,0,0,1000010,1000000,1000000,1000000,10,0
14,273101000,280296000,1000000,1000000,1777000,1929000,263395000,263395000,1929000,13772000,5000000,200000,6929000,13972000,9706000,16901000,1000000,1000000,1777000,1929000,0,0,1929000,13772000,5000000,200000,6929000,13972000,1000010,15843110,1000000,1000000,10,14843110
44,266335000,266603000,1000000,1000000,1940000,2208000,263395000,263395000,0,0,0,0,0,0,2940000,3208000,1000000,1000000,1940000,2208000,0,0,0,0,0,0,0,0,1000010,1000000,1000000,1000000,10,0
74,276939000,281313000,1000000,1000000,845000,1199000,263395000,263395000,1199000,9819000,10500000,5900000,11699000,15719000,13544000,17918000,1000000,1000000,845000,1199000,0,0,1199000,9819000,10500000,5900000,11699000,15719000,1000010,14551110,1000000,1000000,10,13551110
104,294173000,294633000,1000000,1000000,13989000,14449000,263395000,263395000,13989000,13989000,1800000,1800000,15789000,15789000,30778000,31238000,1000000,1000000,13989000,14449000,0,0,13989000,13989000,1800000,1800000,15789000,15789000,1000010,1085010,1000000,1000000,10,85010
134,297914000,298739000,1000000,1000000,12947000,13772000,263395000,263395000,13772000,13772000,6800000,6800000,20572000,20572000,34519000,35344000,1000000,1000000,12947000,13772000,0,0,13772000,13772000,6800000,6800000,20572000,20572000,1000010,13947070,1000000,1000000,10,12947070
164,272533000,272538000,1000000,1000000,2719000,2724000,263395000,263395000,2719000,2719000,2700000,2700000,5419000,5419000,9138000,9143000,1000000,1000000,2719000,2724000,0,0,2719000,2719000,2700000,2700000,5419000,5419000,1000010,3118050,1000000,1000000,10,2118050
194,267339000,268164000,1000000,1000000,2944000,3769000,263395000,263395000,0,0,0,0,0,0,3944000,4769000,1000000,1000000,2944000,3769000,0,0,0,0,0,0,0,0,1000010,1000000,1000000,1000000,10,0
224,276139000,280859000,1000000,1000000,299000,845000,263395000,263395000,845000,9819000,10600000,5800000,11445000,15619000,12744000,17464000,1000000,1000000,299000,845000,0,0,845000,9819000,10600000,5800000,11445000,15619000,1000010,14905100,1000000,1000000,10,13905100
254,308295000,572720000,1000000,1000000,11785000,12815000,263395000,526790000,12815000,12815000,19300000,19300000,32115000,32115000,44900000,45930000,1000000,1000000,11785000,12815000,0,0,12815000,12815000,19300000,19300000,32115000,32115000,1000010,1000000,1000000,1000000,10,0
284,266100000,530406000,1000000,1000000,1705000,2616000,263395000,526790000,0,0,0,0,0,0,2705000,3616000,1000000,1000000,1705000,2616000,0,0,0,0,0,0,0,0,1000010,1000000,1000000,1000000,10,0
314,282590000,546661000,1000000,1000000,445000,950000,263395000,526790000,950000,1221000,16800000,16700000,17750000,17921000,19195000,19871000,1000000,1000000,445000,950000,0,0,950000,1221000,16800000,16700000,17750000,17921000,1000010,3842080,1000000,1000000,10,2842080
344,273933000,540642000,1000000,1000000,1469000,1689000,263395000,526790000,1469000,11063000,6600000,100000,8069000,11163000,10538000,13852000,1000000,1000000,1469000,1689000,0,0,1469000,11063000,6600000,100000,8069000,11163000,1000010,12242050,1000000,1000000,10,11242050
374,311469000,590544000,1000000,1000000,14625000,15549000,263395000,526790000,15549000,17905000,16900000,29300000,32449000,47205000,48074000,63754000,1000000,1000000,14625000,15549000,0,0,15549000,17905000,16900000,29300000,32449000,47205000,1000010,6525070,1000000,1000000,10,5525070
404,293618000,558456000,1000000,1000000,10944000,11257000,263395000,526790000,10979000,18209000,7300000,1200000,18279000,19409000,30223000,31666000,1000000,1000000,10944000,11257000,0,0,10979000,18209000,7300000,1200000,18279000,19409000,1000010,12618060,1000000,1000000,10,11618060
434,268287000,268975000,1000000,1000000,3892000,4580000,263395000,263395000,0,0,0,0,0,0,4892000,5580000,1000000,1000000,3892000,4580000,0,0,0,0,0,0,0,0,1000010,1000000,1000000,1000000,10,0
15,285894000,286149000,1000000,1000000,1522000,1777000,263395000,263395000,1777000,1777000,18200000,18200000,19977000,19977000,22499000,22754000,1000000,1000000,1522000,1777000,0,0,1777000,1777000,18200000,18200000,19977000,19977000,1000010,16413110,1000000,1000000,10,15413110
45,287778000,288603000,1000000,1000000,2479000,3304000,263395000,263395000,3304000,3304000,17600000,17600000,20904000,20904000,24383000,25208000,1000000,1000000,2479000,3304000,0,0,3304000,3304000,17600000,17600000,20904000,20904000,1000010,4913120,1000000,1000000,10,3913120
75,271647000,272158000,1000000,1000000,978000,1474000,263395000,263395000,1474000,1589000,4800000,4700000,6274000,6289000,8252000,8763000,1000000,1000000,978000,1474000,0,0,1474000,1589000,4800000,4700000,6274000,6289000,1000010,3242050,1000000,1000000,10,2242050
105,312708000,312793000,1000000,1000000,14364000,14449000,263395000,263395000,14449000,14449000,19500000,19500000,33949000,33949000,49313000,49398000,1000000,1000000,14364000,14449000,0,0,14449000,14449000,19500000,19500000,33949000,33949000,1000010,6437080,1000000,1000000,10,5437080
135,267267000,268092000,1000000,1000000,2872000,3697000,263395000,263395000,0,0,0,0,0,0,3872000,4697000,1000000,1000000,2872000,3697000,0,0,0,0,0,0,0,0,1000010,1000000,1000000,1000000,10,0
165,288837000,288943000,1000000,1000000,2618000,2724000,263395000,263395000,2724000,2724000,19100000,19100000,21824000,21824000,25442000,25548000,1000000,1000000,2618000,2724000,0,0,2724000,2724000,19100000,19100000,21824000,21824000,1000010,3631070,1000000,1000000,10,2631070
195,288891000,289031000,1000000,1000000,2478000,2618000,263395000,263395000,2618000,2618000,19400000,19400000,22018000,22018000,25496000,25636000,1000000,1000000,2478000,2618000,0,0,2618000,2618000,19400000,19400000,22018000,22018000,1000010,3491060,1000000,1000000,10,2491060
225,284847000,285623000,1000000,1000000,538000,1314000,263395000,263395000,1314000,1314000,18600000,18600000,19914000,19914000,21452000,22228000,1000000,1000000,538000,1314000,0,0,1314000,1314000,18600000,18600000,19914000,19914000,1000010,1000000,1000000,1000000,10,0
255,276407000,540605000,1000000,1000000,12012000,12815000,263395000,526790000,0,0,0,0,0,0,13012000,13815000,1000000,1000000,12012000,12815000,0,0,0,0,0,0,0,0,1000010,1000000,1000000,1000000,10,0
285,266152000,794465000,1000000,1000000,1757000,3280000,263395000,790185000,0,0,0,0,0,0,2757000,4280000,1000000,1000000,1757000,3280000,0,0,0,0,0,0,0,0,1000010,1000000,1000000,1000000,10,0
315,269033000,532699000,1000000,1000000,950000,1221000,263395000,526790000,1088000,1088000,2600000,2600000,3688000,3688000,5638000,5909000,1000000,1000000,950000,1221000,0,0,1088000,1088000,2600000,2600000,3688000,3688000,1000010,1265010,1000000,1000000,10,265010
345,301449000,829689000,1000000,1000000,17377000,18827000,263395000,790185000,17377000,17377000,2300000,2300000,19677000,19677000,38054000,39504000,1000000,1000000,17377000,18827000,0,0,17377000,17377000,2300000,2300000,19677000,19677000,1000010,8411100,1000000,1000000,10,7411100
375,284973000,812243000,1000000,1000000,1649000,2129000,263395000,790185000,2129000,2129000,16800000,16800000,18929000,18929000,21578000,22058000,1000000,1000000,1649000,2129000,0,0,2129000,2129000,16800000,16800000,18929000,18929000,1000010,16668120,1000000,1000000,10,15668120
405,265002000,265064000,1000000,1000000,607000,669000,263395000,263395000,0,0,0,0,0,0,1607000,1669000,1000000,1000000,607000,669000,0,0,0,0,0,0,0,0,1000010,1000000,1000000,1000000,10,0
435,266610000,795765000,1000000,1000000,2215000,4580000,263395000,790185000,0,0,0,0,0,0,3215000,5580000,1000000,1000000,2215000,4580000,0,0,0,0,0,0,0,0,1000010,1000000,1000000,1000000,10,0
16,288336000,288933000,1000000,1000000,1522000,2119000,263395000,263395000,2119000,2119000,20300000,20300000,22419000,22419000,24941000,25538000,1000000,1000000,1522000,2119000,0,0,2119000,2119000,20300000,20300000,22419000,22419000,1000010,16413110,1000000,1000000,10,15413110
46,275057000,275380000,1000000,1000000,2981000,3304000,263395000,263395000,2981000,2981000,4700000,4700000,7681000,7681000,11662000,11985000,1000000,1000000,2981000,3304000,0,0,2981000,2981000,4700000,4700000,7681000,7681000,1000010,4443090,1000000,1000000,10,3443090
76,282143000,282258000,1000000,1000000,1474000,1589000,263395000,263395000,1474000,1474000,14800000,14800000,16274000,16274000,18748000,18863000,1000000,1000000,1474000,1589000,0,0,1474000,1474000,14800000,14800000,16274000,16274000,1000010,12646060,1000000,1000000,10,11646060
106,310332000,310941000,1000000,1000000,14364000,14973000,263395000,263395000,14973000,14973000,16600000,16600000,31573000,31573000,46937000,47546000,1000000,1000000,14364000,14973000,0,0,14973000,14973000,16600000,16600000,31573000,31573000,1000010,5828080,1000000,1000000,10,4828080
136,280029000,280233000,1000000,1000000,1265000,1469000,263395000,263395000,1469000,1469000,12900000,12900000,14369000,14369000,16634000,16838000,1000000,1000000,1265000,1469000,0,0,1469000,1469000,12900000,12900000,14369000,14369000,1000010,12981060,1000000,1000000,10,11981060
166,286061000,286733000,1000000,1000000,2047000,2719000,263395000,263395000,2719000,2719000,16900000,16900000,19619000,19619000,22666000,23338000,1000000,1000000,2047000,2719000,0,0,2719000,2719000,16900000,16900000,19619000,19619000,1000010,3062070,1000000,1000000,10,2062070
196,281864000,282293000,1000000,1000000,1220000,1649000,263395000,263395000,1649000,1649000,14600000,14600000,16249000,16249000,18469000,18898000,1000000,1000000,1220000,1649000,0,0,1649000,1649000,14600000,14600000,16249000,16249000,1000010,16372140,1000000,1000000,10,15372140
226,279072000,292514000,1000000,1000000,538000,9239000,263395000,263395000,9239000,14780000,4900000,4100000,14139000,18880000,15677000,29119000,1000000,1000000,538000,9239000,0,0,9239000,14780000,4900000,4100000,14139000,18880000,1000010,6541100,1000000,1000000,10,5541100
256,303288000,848979000,1000000,1000000,11208000,11785000,263395000,790185000,11785000,18209000,15900000,27800000,27685000,46009000,39893000,58794000,1000000,1000000,11208000,11785000,0,0,11785000,18209000,15900000,27800000,27685000,46009000,1000010,7424090,1000000,1000000,10,6424090
286,268229000,796313000,1000000,1000000,1220000,2514000,263395000,790185000,2514000,2514000,100000,100000,2614000,2614000,4834000,6128000,1000000,1000000,1220000,2514000,0,0,2514000,2514000,100000,100000,2614000,2614000,1000010,1000000,1000000,1000000,10,0
316,268641000,532434000,1000000,1000000,823000,1221000,263395000,526790000,823000,823000,2600000,2600000,3423000,3423000,5246000,5644000,1000000,1000000,823000,1221000,0,0,823000,823000,2600000,2600000,3423000,3423000,1000010,1271010,1000000,1000000,10,271010
346,304209000,567908000,1000000,1000000,17905000,18209000,263395000,526790000,18209000,18209000,3700000,3700000,21909000,21909000,40814000,41118000,1000000,1000000,17905000,18209000,0,0,18209000,18209000,3700000,3700000,21909000,21909000,1000010,9399110,1000000,1000000,10,8399110
376,279962000,543568000,1000000,1000000,1478000,1689000,263395000,526790000,1689000,1689000,12400000,12400000,14089000,14089000,16567000,16778000,1000000,1000000,1478000,1689000,0,0,1689000,1689000,12400000,12400000,14089000,14089000,1000010,13126070,1000000,1000000,10,12126070
406,283156000,1077870000,1000000,1000000,299000,915000,263395000,1053580000,662000,10475000,17800000,11900000,18462000,22375000,19761000,24290000,1000000,1000000,299000,915000,0,0,662000,10475000,17800000,11900000,18462000,22375000,1000010,15451090,1000000,1000000,10,14451090
436,267252000,267674000,1000000,1000000,2857000,3279000,263395000,263395000,0,0,0,0,0,0,3857000,4279000,1000000,1000000,2857000,3279000,0,0,0,0,0,0,0,0,1000010,1000000,1000000,1000000,10,0
17,285429000,285525000,1000000,1000000,2119000,2215000,263395000,263395000,2215000,2215000,16700000,16700000,18915000,18915000,22034000,22130000,1000000,1000000,2119000,2215000,0,0,2215000,2215000,16700000,16700000,18915000,18915000,1000010,17010120,1000000,1000000,10,16010120
47,266170000,266335000,1000000,1000000,1775000,1940000,263395000,263395000,0,0,0,0,0,0,2775000,2940000,1000000,1000000,1775000,1940000,0,0,0,0,0,0,0,0,1000010,1000000,1000000,1000000,10,0
77,281881000,292021000,1000000,1000000,1376000,9310000,263395000,263395000,9310000,17816000,6800000,500000,16110000,18316000,18486000,28626000,1000000,1000000,1376000,9310000,0,0,9310000,17816000,6800000,500000,16110000,18316000,1000010,9506010,1000000,1000000,10,8506010
107,297155000,297445000,1000000,1000000,14780000,14973000,263395000,263395000,14780000,17377000,3200000,700000,17980000,18077000,33760000,34050000,1000000,1000000,14780000,14973000,0,0,14780000,17377000,3200000,700000,17980000,18077000,1000010,6150060,1000000,1000000,10,5150060
137,280264000,280425000,1000000,1000000,1104000,1265000,263395000,263395000,1265000,1265000,13500000,13500000,14765000,14765000,16869000,17030000,1000000,1000000,1104000,1265000,0,0,1265000,1265000,13500000,13500000,14765000,14765000,1000010,12820050,1000000,1000000,10,11820050
167,291956000,292355000,1000000,1000000,3881000,4280000,263395000,263395000,4280000,4280000,19400000,19400000,23680000,23680000,28561000,28960000,1000000,1000000,3881000,4280000,0,0,4280000,4280000,19400000,19400000,23680000,23680000,1000010,2971030,1000000,1000000,10,1971030
197,282872000,283035000,1000000,1000000,1057000,1220000,263395000,263395000,1220000,1220000,16200000,16200000,17420000,17420000,19477000,19640000,1000000,1000000,1057000,1220000,0,0,1220000,1220000,16200000,16200000,17420000,17420000,1000010,16209130,1000000,1000000,10,15209130
227,273223000,284165000,1000000,1000000,538000,790000,263395000,263395000,790000,14780000,7500000,4200000,8290000,18980000,9828000,20770000,1000000,1000000,538000,790000,0,0,790000,14780000,7500000,4200000,8290000,18980000,1000010,15242090,1000000,1000000,10,14242090
257,303966000,1113403000,1000000,1000000,11585000,12614000,263395000,1053580000,12486000,18209000,15500000,28000000,27986000,46209000,40571000,59823000,1000000,1000000,11585000,12614000,0,0,12486000,18209000,15500000,28000000,27986000,46209000,1000010,6723080,1000000,1000000,10,5723080
287,287916000,552222000,1000000,1000000,1705000,2616000,263395000,526790000,2616000,2616000,19200000,19200000,21816000,21816000,24521000,25432000,1000000,1000000,1705000,2616000,0,0,2616000,2616000,19200000,19200000,21816000,21816000,1000010,1000000,1000000,1000000,10,0
317,282919000,546766000,1000000,1000000,636000,1088000,263395000,526790000,1088000,1088000,16800000,16800000,17888000,17888000,19524000,19976000,1000000,1000000,636000,1088000,0,0,1088000,1088000,16800000,16800000,17888000,17888000,1000010,1191010,1000000,1000000,10,191010
347,316014000,579544000,1000000,1000000,17242000,17377000,263395000,526790000,17377000,17377000,17000000,17000000,34377000,34377000,52619000,52754000,1000000,1000000,17242000,17377000,0,0,17377000,17377000,17000000,17000000,34377000,34377000,1000010,9142100,1000000,1000000,10,8142100
377,273002000,536974000,1000000,1000000,915000,1492000,263395000,526790000,1492000,1492000,6200000,6200000,7692000,7692000,9607000,10184000,1000000,1000000,915000,1492000,0,0,1492000,1492000,6200000,6200000,7692000,7692000,1000010,1000000,1000000,1000000,10,0
407,276875000,812605000,1000000,1000000,73000,845000,263395000,790185000,607000,10475000,11800000,10100000,12407000,20575000,13480000,22420000,1000000,1000000,73000,845000,0,0,607000,10475000,11800000,10100000,12407000,20575000,1000010,14905100,1000000,1000000,10,13905100
437,266818000,531069000,1000000,1000000,2423000,3279000,263395000,526790000,0,0,0,0,0,0,3423000,4279000,1000000,1000000,2423000,3279000,0,0,0,0,0,0,0,0,1000010,1000000,1000000,1000000,10,0
18,283358000,284183000,1000000,1000000,2119000,2944000,263395000,263395000,2944000,2944000,13900000,13900000,16844000,16844000,19963000,20788000,1000000,1000000,2119000,2944000,0,0,2944000,2944000,13900000,13900000,16844000,16844000,1000010,2691060,1000000,1000000,10,1691060
48,289092000,295228000,1000000,1000000,1775000,2322000,263395000,263395000,2322000,3711000,20600000,24800000,22922000,28511000,25697000,31833000,1000000,1000000,1775000,2322000,0,0,2322000,3711000,20600000,24800000,22922000,28511000,1000010,4704140,1000000,1000000,10,3704140
78,281810000,289673000,1000000,1000000,1376000,9239000,263395000,263395000,9239000,9239000,6800000,6800000,16039000,16039000,18415000,26278000,1000000,1000000,1376000,9239000,0,0,9239000,9239000,6800000,6800000,16039000,16039000,1000010,6102090,1000000,1000000,10,5102090
108,282531000,283107000,1000000,1000000,445000,791000,263395000,263395000,791000,1221000,16900000,16700000,17691000,17921000,19136000,19712000,1000000,1000000,445000,791000,0,0,791000,1221000,16900000,16700000,17691000,17921000,1000010,4001090,1000000,1000000,10,3001090
138,291167000,291631000,1000000,1000000,1104000,1568000,263395000,263395000,1568000,1568000,24100000,24100000,25668000,25668000,27772000,28236000,1000000,1000000,1104000,1568000,0,0,1568000,1568000,24100000,24100000,25668000,25668000,1000010,11385020,1000000,1000000,10,10385020
168,273279000,273667000,1000000,1000000,3892000,4280000,263395000,263395000,3892000,3892000,1100000,1100000,4992000,4992000,9884000,10272000,1000000,1000000,3892000,4280000,0,0,3892000,3892000,1100000,1100000,4992000,4992000,1000010,3370040,1000000,1000000,10,2370040
198,295277000,296952000,1000000,1000000,14341000,14780000,263395000,263395000,14341000,17377000,2200000,400000,16541000,17777000,31882000,33557000,1000000,1000000,14341000,14780000,0,0,14341000,17377000,2200000,400000,16541000,17777000,1000010,6788080,1000000,1000000,10,5788080
228,277895000,279374000,1000000,1000000,0,538000,263395000,263395000,0,14341000,13500000,100000,13500000,14441000,14500000,15979000,1000000,1000000,0,538000,0,0,0,14341000,13500000,100000,13500000,14441000,1000010,14803080,1000000,1000000,10,13803080
258,308606000,856565000,1000000,1000000,12486000,14625000,263395000,790185000,14625000,17055000,17100000,33700000,31725000,50755000,45211000,66380000,1000000,1000000,12486000,14625000,0,0,14625000,17055000,17100000,33700000,31725000,50755000,1000010,4690050,1000000,1000000,10,3690050
288,281883000,545668000,1000000,1000000,1199000,1589000,263395000,526790000,1589000,1589000,14700000,14700000,16289000,16289000,18488000,18878000,1000000,1000000,1199000,1589000,0,0,1589000,1589000,14700000,14700000,16289000,16289000,1000010,12173060,1000000,1000000,10,11173060
318,282463000,546401000,1000000,1000000,445000,823000,263395000,526790000,823000,1088000,16800000,16700000,17623000,17788000,19068000,19611000,1000000,1000000,445000,823000,0,0,823000,1088000,16800000,16700000,17623000,17788000,1000010,1346010,1000000,1000000,10,346010
348,315473000,579808000,1000000,1000000,17269000,18209000,263395000,526790000,18209000,18209000,15600000,15600000,33809000,33809000,52078000,53018000,1000000,1000000,17269000,18209000,0,0,18209000,18209000,15600000,15600000,33809000,33809000,1000010,7471100,1000000,1000000,10,6471100
378,287120000,814688000,1000000,1000000,1478000,2256000,263395000,790185000,2047000,2047000,19200000,19200000,21247000,21247000,23725000,24503000,1000000,1000000,1478000,2256000,0,0,2047000,2047000,19200000,19200000,21247000,21247000,1000010,13126070,1000000,1000000,10,12126070
408,276293000,544608000,1000000,1000000,299000,1199000,263395000,526790000,1199000,9819000,10400000,5800000,11599000,15619000,12898000,17818000,1000000,1000000,299000,1199000,0,0,1199000,9819000,10400000,5800000,11599000,15619000,1000010,14551110,1000000,1000000,10,13551110
438,271053000,798699000,1000000,1000000,2129000,2857000,263395000,790185000,2129000,1057000,2400000,3600000,4529000,4657000,7658000,8514000,1000000,1000000,2129000,2857000,0,0,2129000,1057000,2400000,3600000,4529000,4657000,1000010,2746030,1000000,1000000,10,1746030
19,286933000,287141000,1000000,1000000,2215000,2423000,263395000,263395000,2423000,2423000,17900000,17900000,20323000,20323000,23538000,23746000,1000000,1000000,2215000,2423000,0,0,2423000,2423000,17900000,17900000,20323000,20323000,1000010,17106130,1000000,1000000,10,16106130
49,285512000,286944000,1000000,1000000,1642000,1775000,263395000,263395000,1775000,3474000,17700000,17300000,19475000,20774000,22117000,23549000,1000000,1000000,1642000,1775000,0,0,1775000,3474000,17700000,17300000,19475000,20774000,1000010,4571130,1000000,1000000,10,3571130
79,267387000,267723000,1000000,1000000,978000,1314000,263395000,263395000,1314000,1314000,700000,700000,2014000,2014000,3992000,4328000,1000000,1000000,978000,1314000,0,0,1314000,1314000,700000,700000,2014000,2014000,1000010,2438050,1000000,1000000,10,1438050
109,283036000,283366000,1000000,1000000,791000,950000,263395000,263395000,950000,1221000,16900000,16800000,17850000,18021000,19641000,19971000,1000000,1000000,791000,950000,0,0,950000,1221000,16900000,16800000,17850000,18021000,1000010,3842080,1000000,1000000,10,2842080
139,265499000,265794000,1000000,1000000,1104000,1399000,263395000,263395000,0,0,0,0,0,0,2104000,2399000,1000000,1000000,1104000,1399000,0,0,0,0,0,0,0,0,1000010,1000000,1000000,1000000,10,0
169,291465000,292050000,1000000,1000000,3905000,4065000,263395000,263395000,4065000,4490000,19100000,19100000,23165000,23590000,28070000,28655000,1000000,1000000,3905000,4065000,0,0,4065000,4490000,19100000,19100000,23165000,23590000,1000010,1425030,1000000,1000000,10,425030
199,274152000,274188000,1000000,1000000,9757000,9793000,263395000,263395000,0,0,0,0,0,0,10757000,10793000,1000000,1000000,9757000,9793000,0,0,0,0,0,0,0,0,1000010,1000000,1000000,1000000,10,0
229,265445000,266036000,1000000,1000000,1050000,1641000,263395000,263395000,0,0,0,0,0,0,2050000,2641000,1000000,1000000,1050000,1641000,0,0,0,0,0,0,0,0,1000010,1000000,1000000,1000000,10,0
259,304315000,588134000,1000000,1000000,11785000,13135000,263395000,526790000,13135000,18209000,15000000,29000000,28135000,47209000,40920000,61344000,1000000,1000000,11785000,13135000,0,0,13135000,18209000,15000000,29000000,28135000,47209000,1000010,6074070,1000000,1000000,10,5074070
289,285462000,812829000,1000000,1000000,845000,1422000,263395000,790185000,1422000,1422000,18800000,18800000,20222000,20222000,22067000,22644000,1000000,1000000,845000,1422000,0,0,1422000,1422000,18800000,18800000,20222000,20222000,1000010,14374100,1000000,1000000,10,13374100
319,279332000,543774000,1000000,1000000,445000,1492000,263395000,526790000,1492000,1492000,13000000,13000000,14492000,14492000,15937000,16984000,1000000,1000000,445000,1492000,0,0,1492000,1492000,13000000,13000000,14492000,14492000,1000010,12161040,1000000,1000000,10,11161040
349,314761000,843277000,1000000,1000000,15624000,17350000,263395000,790185000,17242000,17242000,17500000,17500000,34742000,34742000,51366000,53092000,1000000,1000000,15624000,17350000,0,0,17242000,17242000,17500000,17500000,34742000,34742000,1000010,7767080,1000000,1000000,10,6767080
379,285839000,813273000,1000000,1000000,1200000,1844000,263395000,790185000,1844000,1844000,18400000,18400000,20244000,20244000,22444000,23088000,1000000,1000000,1200000,1844000,0,0,1844000,1844000,18400000,18400000,20244000,20244000,1000010,12848060,1000000,1000000,10,11848060
409,290109000,1880298000,1000000,1000000,0,9819000,263395000,1843765000,1314000,1314000,24400000,24400000,25714000,25714000,26714000,36533000,1000000,1000000,0,9819000,0,0,1314000,1314000,24400000,24400000,25714000,25714000,1000010,6372080,1000000,1000000,10,5372080
439,273705000,545606000,1000000,1000000,9310000,17816000,263395000,526790000,0,0,0,0,0,0,10310000,18816000,1000000,1000000,9310000,17816000,0,0,0,0,0,0,0,0,1000010,1000000,1000000,1000000,10,0
20,288902000,290579000,1000000,1000000,2215000,3892000,263395000,263395000,3892000,3892000,18400000,18400000,22292000,22292000,25507000,27184000,1000000,1000000,2215000,3892000,0,0,3892000,3892000,18400000,18400000,22292000,22292000,1000010,1704020,1000000,1000000,10,704020
50,288274000,288809000,1000000,1000000,2322000,2857000,263395000,263395000,2857000,2857000,18700000,18700000,21557000,21557000,24879000,25414000,1000000,1000000,2322000,2857000,0,0,2857000,2857000,18700000,18700000,21557000,21557000,1000010,4522120,1000000,1000000,10,3522120
80,279976000,280801000,1000000,1000000,978000,1803000,263395000,263395000,1803000,1803000,12800000,12800000,14603000,14603000,16581000,17406000,1000000,1000000,978000,1803000,0,0,1803000,1803000,12800000,12800000,14603000,14603000,1000010,14674080,1000000,1000000,10,13674080
110,269271000,269404000,1000000,1000000,1088000,1221000,263395000,263395000,1088000,1088000,2700000,2700000,3788000,3788000,5876000,6009000,1000000,1000000,1088000,1221000,0,0,1088000,1088000,2700000,2700000,3788000,3788000,1000010,1452020,1000000,1000000,10,452020
140,278444000,279103000,1000000,1000000,445000,1104000,263395000,263395000,1104000,1104000,12500000,12500000,13604000,13604000,15049000,15708000,1000000,1000000,445000,1104000,0,0,1104000,1104000,12500000,12500000,13604000,13604000,1000010,12161040,1000000,1000000,10,11161040
170,291780000,292205000,1000000,1000000,4065000,4120000,263395000,263395000,4120000,4490000,19200000,19200000,23320000,23690000,28385000,28810000,1000000,1000000,4065000,4120000,0,0,4120000,4490000,19200000,19200000,23320000,23690000,1000010,2195030,1000000,1000000,10,1195030
200,292476000,294099000,1000000,1000000,10818000,11063000,263395000,263395000,11063000,14341000,6200000,4300000,17263000,18641000,29081000,30704000,1000000,1000000,10818000,11063000,0,0,11063000,14341000,6200000,4300000,17263000,18641000,1000010,14332060,1000000,1000000,10,13332060
230,284890000,285495000,1000000,1000000,445000,1050000,263395000,263395000,1050000,1050000,19000000,19000000,20050000,20050000,21495000,22100000,1000000,1000000,445000,1050000,0,0,1050000,1050000,19000000,19000000,20050000,20050000,1000010,15184060,1000000,1000000,10,14184060
260,276180000,804133000,1000000,1000000,11785000,12948000,263395000,790185000,0,0,0,0,0,0,12785000,13948000,1000000,1000000,11785000,12948000,0,0,0,0,0,0,0,0,1000010,1000000,1000000,1000000,10,0
290,271662000,535668000,1000000,1000000,978000,1589000,263395000,526790000,1589000,1589000,4700000,4700000,6289000,6289000,8267000,8878000,1000000,1000000,978000,1589000,0,0,1589000,1589000,4700000,4700000,6289000,6289000,1000010,3242050,1000000,1000000,10,2242050
320,266960000,530874000,1000000,1000000,973000,1492000,263395000,526790000,1492000,1492000,100000,100000,1592000,1592000,3565000,4084000,1000000,1000000,973000,1492000,0,0,1492000,1492000,100000,100000,1592000,1592000,1000010,1000000,1000000,1000000,10,0
350,316119000,579728000,1000000,1000000,17055000,17269000,263395000,526790000,17269000,17269000,17400000,17400000,34669000,34669000,52724000,52938000,1000000,1000000,17055000,17269000,0,0,17269000,17269000,17400000,17400000,34669000,34669000,1000010,9198090,1000000,1000000,10,8198090
380,268164000,268363000,1000000,1000000,3769000,3968000,263395000,263395000,0,0,0,0,0,0,4769000,4968000,1000000,1000000,3769000,3968000,0,0,0,0,0,0,0,0,1000010,1000000,1000000,1000000,10,0
410,273143000,804067000,1000000,1000000,445000,1803000,263395000,790185000,1803000,10979000,6500000,100000,8303000,11079000,9748000,13882000,1000000,1000000,445000,1803000,0,0,1803000,10979000,6500000,100000,8303000,11079000,1000010,11534020,1000000,1000000,10,10534020
440,298950000,1097712000,1000000,1000000,9239000,17816000,263395000,1053580000,17816000,17816000,7500000,7500000,25316000,25316000,35555000,44132000,1000000,1000000,9239000,17816000,0,0,17816000,17816000,7500000,7500000,25316000,25316000,1000010,11979110,1000000,1000000,10,10979110
21,288398000,288827000,1000000,1000000,2215000,2488000,263395000,263395000,2488000,3744000,19300000,18200000,21788000,21944000,25003000,25432000,1000000,1000000,2215000,2488000,0,0,2488000,3744000,19300000,18200000,21788000,21944000,1000010,2677010,1000000,1000000,10,1677010
51,287790000,295679000,1000000,1000000,2322000,2473000,263395000,263395000,2473000,3711000,18600000,25100000,21073000,28811000,24395000,32284000,1000000,1000000,2322000,2473000,0,0,2473000,3711000,18600000,25100000,21073000,28811000,1000010,5251150,1000000,1000000,10,4251150
81,290511000,290951000,1000000,1000000,538000,978000,263395000,263395000,978000,978000,24600000,24600000,25578000,25578000,27116000,27556000,1000000,1000000,538000,978000,0,0,978000,978000,24600000,24600000,25578000,25578000,1000010,14234070,1000000,1000000,10,13234070
111,285866000,286137000,1000000,1000000,950000,1221000,263395000,263395000,1221000,1221000,19300000,19300000,20521000,20521000,22471000,22742000,1000000,1000000,950000,1221000,0,0,1221000,1221000,19300000,19300000,20521000,20521000,1000010,1505020,1000000,1000000,10,505020
141,281528000,282353000,1000000,1000000,1654000,2479000,263395000,263395000,2479000,2479000,13000000,13000000,15479000,15479000,18133000,18958000,1000000,1000000,1654000,2479000,0,0,2479000,2479000,13000000,13000000,15479000,15479000,1000010,3261080,1000000,1000000,10,2261080
171,292555000,292775000,1000000,1000000,4270000,4490000,263395000,263395000,4490000,4490000,19400000,19400000,23890000,23890000,29160000,29380000,1000000,1000000,4270000,4490000,0,0,4490000,4490000,19400000,19400000,23890000,23890000,1000010,1825010,1000000,1000000,10,825010
201,299331000,299431000,1000000,1000000,10718000,10818000,263395000,263395000,10818000,10818000,13400000,13400000,24218000,24218000,35936000,36036000,1000000,1000000,10718000,10818000,0,0,10818000,10818000,13400000,13400000,24218000,24218000,1000010,14577050,1000000,1000000,10,13577050
231,283875000,284020000,1000000,1000000,662000,718000,263395000,263395000,718000,807000,18100000,18100000,18818000,18907000,20480000,20625000,1000000,1000000,662000,718000,0,0,718000,807000,18100000,18100000,18818000,18907000,1000010,15814100,1000000,1000000,10,14814100
261,277009000,277343000,1000000,1000000,12614000,12948000,263395000,263395000,0,0,0,0,0,0,13614000,13948000,1000000,1000000,12614000,12948000,0,0,0,0,0,0,0,0,1000010,1000000,1000000,1000000,10,0
291,281991000,545553000,1000000,1000000,1422000,1589000,263395000,526790000,1474000,1474000,14700000,14700000,16174000,16174000,18596000,18763000,1000000,1000000,1422000,1589000,0,0,1474000,1474000,14700000,14700000,16174000,16174000,1000010,12396070,1000000,1000000,10,11396070
321,285527000,1349563000,1000000,1000000,607000,11063000,263395000,1316975000,1225000,1225000,19300000,19300000,20525000,20525000,22132000,32588000,1000000,1000000,607000,11063000,0,0,1225000,1225000,19300000,19300000,20525000,20525000,1000010,5399140,1000000,1000000,10,4399140
351,313942000,843990000,1000000,1000000,14625000,17055000,263395000,790185000,16422000,17350000,18500000,18400000,34922000,35750000,50547000,53805000,1000000,1000000,14625000,17055000,0,0,16422000,17350000,18500000,18400000,34922000,35750000,1000010,6768070,1000000,1000000,10,5768070
381,288411000,816229000,1000000,1000000,1844000,2872000,263395000,790185000,2872000,2872000,19300000,19300000,22172000,22172000,25016000,26044000,1000000,1000000,1844000,2872000,0,0,2872000,2872000,19300000,19300000,22172000,22172000,1000010,13492080,1000000,1000000,10,12492080
411,283720000,547315000,1000000,1000000,607000,718000,263395000,526790000,718000,807000,18000000,18000000,18718000,18807000,20325000,20525000,1000000,1000000,607000,718000,0,0,718000,807000,18000000,18000000,18718000,18807000,1000010,15759090,1000000,1000000,10,14759090
22,308622000,309425000,1000000,1000000,12012000,12815000,263395000,263395000,12815000,12815000,19400000,19400000,32215000,32215000,45227000,46030000,1000000,1000000,12012000,12815000,0,0,12815000,12815000,19400000,19400000,32215000,32215000,1000010,1227010,1000000,1000000,10,227010
52,284936000,286711000,1000000,1000000,1299000,1642000,263395000,263395000,1642000,3474000,17600000,17200000,19242000,20674000,21541000,23316000,1000000,1000000,1299000,1642000,0,0,1642000,3474000,17600000,17200000,19242000,20674000,1000010,4228120,1000000,1000000,10,3228120
82,289524000,289843000,1000000,1000000,3155000,3474000,263395000,263395000,3474000,3474000,18500000,18500000,21974000,21974000,26129000,26448000,1000000,1000000,3155000,3474000,0,0,3474000,3474000,18500000,18500000,21974000,21974000,1000010,5355140,1000000,1000000,10,4355140
112,283206000,283471000,1000000,1000000,823000,1088000,263395000,263395000,1088000,1088000,16900000,16900000,17988000,17988000,19811000,20076000,1000000,1000000,823000,1088000,0,0,1088000,1088000,16900000,16900000,17988000,17988000,1000010,1437020,1000000,1000000,10,437020
142,284947000,285163000,1000000,1000000,1568000,1784000,263395000,263395000,1784000,1784000,17200000,17200000,18984000,18984000,21552000,21768000,1000000,1000000,1568000,1784000,0,0,1784000,1784000,17200000,17200000,18984000,18984000,1000010,4626080,1000000,1000000,10,3626080
172,292085000,292455000,1000000,1000000,4120000,4270000,263395000,263395000,4270000,4490000,19300000,19300000,23570000,23790000,28690000,29060000,1000000,1000000,4120000,4270000,0,0,4270000,4490000,19300000,19300000,23570000,23790000,1000010,2045020,1000000,1000000,10,1045020
202,273948000,277277000,1000000,1000000,1050000,1803000,263395000,263395000,1803000,10979000,6700000,100000,8503000,11079000,10553000,13882000,1000000,1000000,1050000,1803000,0,0,1803000,10979000,6700000,100000,8503000,11079000,1000010,12139030,1000000,1000000,10,11139030
232,284120000,284209000,1000000,1000000,718000,807000,263395000,263395000,807000,807000,18200000,18200000,19007000,19007000,20725000,20814000,1000000,1000000,718000,807000,0,0,807000,807000,18200000,18200000,19007000,19007000,1000010,15870110,1000000,1000000,10,14870110
262,303290000,569323000,1000000,1000000,11742000,12453000,263395000,526790000,12453000,14780000,14700000,14300000,27153000,29080000,39895000,42533000,1000000,1000000,11742000,12453000,0,0,12453000,14780000,14700000,14300000,27153000,29080000,1000010,14482110,1000000,1000000,10,13482110
292,281404000,816614000,1000000,1000000,1199000,9310000,263395000,790185000,9310000,9819000,6500000,6300000,15810000,16119000,18009000,26429000,1000000,1000000,1199000,9310000,0,0,9310000,9819000,6500000,6300000,15810000,16119000,1000010,6102090,1000000,1000000,10,5102090
322,285999000,813493000,1000000,1000000,950000,1654000,263395000,790185000,1654000,1654000,19000000,19000000,20654000,20654000,22604000,23308000,1000000,1000000,950000,1654000,0,0,1654000,1654000,19000000,19000000,20654000,20654000,1000010,3879110,1000000,1000000,10,2879110
352,315869000,580990000,1000000,1000000,15624000,17350000,263395000,526790000,17350000,17350000,18500000,18500000,35850000,35850000,52474000,54200000,1000000,1000000,15624000,17350000,0,0,17350000,17350000,18500000,18500000,35850000,35850000,1000010,5327050,1000000,1000000,10,4327050
382,287917000,815947000,1000000,1000000,1844000,2944000,263395000,790185000,2478000,2618000,19200000,19200000,21678000,21818000,24522000,25762000,1000000,1000000,1844000,2944000,0,0,2478000,2618000,19200000,19200000,21678000,21818000,1000010,6189130,1000000,1000000,10,5189130
412,283964000,547504000,1000000,1000000,662000,807000,263395000,526790000,807000,807000,18100000,18100000,18907000,18907000,20569000,20714000,1000000,1000000,662000,807000,0,0,807000,807000,18100000,18100000,18907000,18907000,1000010,15814100,1000000,1000000,10,14814100
23,307692000,308522000,1000000,1000000,11785000,12012000,263395000,263395000,12012000,12815000,19500000,19300000,31512000,32115000,44297000,45127000,1000000,1000000,11785000,12012000,0,0,12012000,12815000,19500000,19300000,31512000,32115000,1000010,1829010,1000000,1000000,10,829010
53,301424000,301879000,1000000,1000000,11287000,11742000,263395000,263395000,11742000,11742000,14000000,14000000,25742000,25742000,38029000,38484000,1000000,1000000,11287000,11742000,0,0,11742000,11742000,14000000,14000000,25742000,25742000,1000010,14027100,1000000,1000000,10,13027100
83,289407000,289705000,1000000,1000000,2857000,3155000,263395000,263395000,3155000,3155000,19000000,19000000,22155000,22155000,26012000,26310000,1000000,1000000,2857000,3155000,0,0,3155000,3155000,19000000,19000000,22155000,22155000,1000010,5057130,1000000,1000000,10,4057130
113,282754000,283106000,1000000,1000000,636000,823000,263395000,263395000,823000,1088000,16900000,16800000,17723000,17888000,19359000,19711000,1000000,1000000,636000,823000,0,0,823000,1088000,16900000,16800000,17723000,17888000,1000010,1537020,1000000,1000000,10,537020
143,273958000,274653000,1000000,1000000,1784000,2479000,263395000,263395000,2479000,2479000,5300000,5300000,7779000,7779000,10563000,11258000,1000000,1000000,1784000,2479000,0,0,2479000,2479000,5300000,5300000,7779000,7779000,1000010,4088110,1000000,1000000,10,3088110
173,291808000,292633000,1000000,1000000,3744000,4569000,263395000,263395000,4569000,4569000,19100000,19100000,23669000,23669000,28413000,29238000,1000000,1000000,3744000,4569000,0,0,4569000,4569000,19100000,19100000,23669000,23669000,1000010,2529020,1000000,1000000,10,1529020
203,267612000,268101000,1000000,1000000,1314000,1803000,263395000,263395000,1803000,1803000,100000,100000,1903000,1903000,4217000,4706000,1000000,1000000,1314000,1803000,0,0,1803000,1803000,100000,100000,1903000,1903000,1000010,1000000,1000000,1000000,10,0
233,282459000,282772000,1000000,1000000,807000,1057000,263395000,263395000,1057000,1220000,16200000,16100000,17257000,17320000,19064000,19377000,1000000,1000000,807000,1057000,0,0,1057000,1220000,16200000,16100000,17257000,17320000,1000010,15959120,1000000,1000000,10,14959120
263,308575000,1099710000,1000000,1000000,12033000,12983000,263395000,1053580000,12947000,12947000,19200000,19200000,32147000,32147000,45180000,46130000,1000000,1000000,12033000,12983000,0,0,12947000,12947000,19200000,19200000,32147000,32147000,1000010,14773120,1000000,1000000,10,13773120
293,279436000,1070886000,1000000,1000000,538000,1803000,263395000,1053580000,1803000,1803000,12700000,12700000,14503000,14503000,16041000,17306000,1000000,1000000,538000,1803000,0,0,1803000,1803000,12700000,12700000,14503000,14503000,1000010,14234070,1000000,1000000,10,13234070
323,285607000,828806000,1000000,1000000,791000,1299000,263395000,790185000,1221000,2322000,19200000,34000000,20421000,36322000,22212000,38621000,1000000,1000000,791000,1299000,0,0,1221000,2322000,19200000,34000000,20421000,36322000,1000010,3720100,1000000,1000000,10,2720100
353,318130000,582560000,1000000,1000000,17100000,18135000,263395000,526790000,18135000,18135000,18500000,18500000,36635000,36635000,54735000,55770000,1000000,1000000,17100000,18135000,0,0,18135000,18135000,18500000,18500000,36635000,36635000,1000010,8594100,1000000,1000000,10,7594100
383,267339000,531758000,1000000,1000000,2944000,3968000,263395000,526790000,0,0,0,0,0,0,3944000,4968000,1000000,1000000,2944000,3968000,0,0,0,0,0,0,0,0,1000010,1000000,1000000,1000000,10,0
413,282270000,546067000,1000000,1000000,718000,1057000,263395000,526790000,1057000,1220000,16100000,16000000,17157000,17220000,18875000,19277000,1000000,1000000,718000,1057000,0,0,1057000,1220000,16100000,16000000,17157000,17220000,1000010,15870110,1000000,1000000,10,14870110
24,290024000,290225000,1000000,1000000,12614000,12815000,263395000,263395000,12815000,12815000,200000,200000,13015000,13015000,26629000,26830000,1000000,1000000,12614000,12815000,0,0,12815000,12815000,200000,200000,13015000,13015000,1000010,1000000,1000000,1000000,10,0
54,275339000,275926000,1000000,1000000,10944000,11531000,263395000,263395000,0,0,0,0,0,0,11944000,12531000,1000000,1000000,10944000,11531000,0,0,0,0,0,0,0,0,1000010,1000000,1000000,1000000,10,0
84,271636000,271763000,1000000,1000000,2857000,2984000,263395000,263395000,2984000,2984000,1400000,1400000,4384000,4384000,8241000,8368000,1000000,1000000,2857000,2984000,0,0,2984000,2984000,1400000,1400000,4384000,4384000,1000010,3528050,1000000,1000000,10,2528050
114,284776000,284967000,1000000,1000000,445000,636000,263395000,263395000,636000,636000,19300000,19300000,19936000,19936000,21381000,21572000,1000000,1000000,445000,636000,0,0,636000,636000,19300000,19300000,19936000,19936000,1000010,1505020,1000000,1000000,10,505020
144,273760000,278111000,1000000,1000000,1568000,3697000,263395000,263395000,3697000,9819000,4100000,200000,7797000,10019000,10365000,14716000,1000000,1000000,1568000,3697000,0,0,3697000,9819000,4100000,200000,7797000,10019000,1000010,11849030,1000000,1000000,10,10849030
174,274449000,274633000,1000000,1000000,4385000,4569000,263395000,263395000,4569000,4569000,1100000,1100000,5669000,5669000,11054000,11238000,1000000,1000000,4385000,4569000,0,0,4569000,4569000,1100000,1100000,5669000,5669000,1000010,2250030,1000000,1000000,10,1250030
204,302556000,303381000,1000000,1000000,10718000,11543000,263395000,263395000,11543000,11543000,15900000,15900000,27443000,27443000,39161000,39986000,1000000,1000000,10718000,11543000,0,0,11543000,11543000,15900000,15900000,27443000,27443000,1000010,13195080,1000000,1000000,10,12195080
234,281745000,282138000,1000000,1000000,17350000,17743000,263395000,263395000,0,0,0,0,0,0,18350000,18743000,1000000,1000000,17350000,17743000,0,0,0,0,0,0,0,0,1000010,1000000,1000000,1000000,10,0
264,287337000,551166000,1000000,1000000,1904000,2338000,263395000,526790000,2338000,2338000,18700000,18700000,21038000,21038000,23942000,24376000,1000000,1000000,1904000,2338000,0,0,2338000,2338000,18700000,18700000,21038000,21038000,1000010,2785050,1000000,1000000,10,1785050
294,289126000,553138000,1000000,1000000,2857000,3474000,263395000,526790000,3474000,3474000,18400000,18400000,21874000,21874000,25731000,26348000,1000000,1000000,2857000,3474000,0,0,3474000,3474000,18400000,18400000,21874000,21874000,1000010,5057130,1000000,1000000,10,4057130
324,278483000,805939000,1000000,1000000,14088000,14754000,263395000,790185000,0,0,0,0,0,0,15088000,15754000,1000000,1000000,14088000,14754000,0,0,0,0,0,0,0,0,1000010,1000000,1000000,1000000,10,0
354,316870000,582230000,1000000,1000000,16170000,17905000,263395000,526790000,17905000,18135000,18400000,18400000,36305000,36535000,53475000,55440000,1000000,1000000,16170000,17905000,0,0,17905000,18135000,18400000,18400000,36305000,36535000,1000010,7664090,1000000,1000000,10,6664090
384,288597000,552238000,1000000,1000000,2478000,2724000,263395000,526790000,2724000,2724000,19000000,19000000,21724000,21724000,25202000,25448000,1000000,1000000,2478000,2724000,0,0,2724000,2724000,19000000,19000000,21724000,21724000,1000010,3491060,1000000,1000000,10,2491060
414,265445000,266036000,1000000,1000000,1050000,1641000,263395000,263395000,0,0,0,0,0,0,2050000,2641000,1000000,1000000,1050000,1641000,0,0,0,0,0,0,0,0,1000010,1000000,1000000,1000000,10,0
25,301288000,303503000,1000000,1000000,11208000,11585000,263395000,263395000,11585000,13723000,14100000,13800000,25685000,27523000,37893000,40108000,1000000,1000000,11208000,11585000,0,0,11585000,13723000,14100000,13800000,25685000,27523000,1000010,3262050,1000000,1000000,10,2262050
55,275603000,275750000,1000000,1000000,11208000,11355000,263395000,263395000,0,0,0,0,0,0,12208000,12355000,1000000,1000000,11208000,11355000,0,0,0,0,0,0,0,0,1000010,1000000,1000000,1000000,10,0
85,290002000,290172000,1000000,1000000,3194000,3313000,263395000,263395000,3313000,3864000,19100000,18600000,22413000,22464000,26607000,26777000,1000000,1000000,3194000,3313000,0,0,3313000,3864000,19100000,18600000,22413000,22464000,1000010,5165110,1000000,1000000,10,4165110
115,279654000,280479000,1000000,1000000,667000,1492000,263395000,263395000,1492000,1492000,13100000,13100000,14592000,14592000,16259000,17084000,1000000,1000000,667000,1492000,0,0,1492000,1492000,13100000,13100000,14592000,14592000,1000010,12383050,1000000,1000000,10,11383050
145,286464000,287289000,1000000,1000000,2872000,3697000,263395000,263395000,3697000,3697000,15500000,15500000,19197000,19197000,23069000,23894000,1000000,1000000,2872000,3697000,0,0,3697000,3697000,15500000,15500000,19197000,19197000,1000010,14520080,1000000,1000000,10,13520080
175,273565000,273670000,1000000,1000000,4385000,4490000,263395000,263395000,4385000,4385000,400000,400000,4785000,4785000,10170000,10275000,1000000,1000000,4385000,4490000,0,0,4385000,4385000,400000,400000,4785000,4785000,1000010,1425030,1000000,1000000,10,425030
205,302408000,302977000,1000000,1000000,13772000,14341000,263395000,263395000,14341000,14341000,9900000,9900000,24241000,24241000,39013000,39582000,1000000,1000000,13772000,14341000,0,0,14341000,14341000,9900000,9900000,24241000,24241000,1000010,15603090,1000000,1000000,10,14603090
235,295707000,296241000,1000000,1000000,9239000,9773000,263395000,263395000,9773000,9773000,12300000,12300000,22073000,22073000,32312000,32846000,1000000,1000000,9239000,9773000,0,0,9773000,9773000,12300000,12300000,22073000,22073000,1000010,13747060,1000000,1000000,10,12747060
265,287029000,550887000,1000000,1000000,1775000,2159000,263395000,526790000,2159000,2338000,18700000,18600000,20859000,20938000,23634000,24097000,1000000,1000000,1775000,2159000,0,0,2159000,2338000,18700000,18600000,20859000,20938000,1000010,2936060,1000000,1000000,10,1936060
295,288772000,816395000,1000000,1000000,2322000,3155000,263395000,790185000,3155000,3155000,18900000,18900000,22055000,22055000,25377000,26210000,1000000,1000000,2322000,3155000,0,0,3155000,3155000,18900000,18900000,22055000,22055000,1000010,4522120,1000000,1000000,10,3522120
325,279035000,279149000,1000000,1000000,14640000,14754000,263395000,263395000,0,0,0,0,0,0,15640000,15754000,1000000,1000000,14640000,14754000,0,0,0,0,0,0,0,0,1000010,1000000,1000000,1000000,10,0
355,272332000,535833000,1000000,1000000,2618000,2724000,263395000,526790000,2719000,2719000,2600000,2600000,5319000,5319000,8937000,9043000,1000000,1000000,2618000,2724000,0,0,2719000,2719000,2600000,2600000,5319000,5319000,1000010,3012040,1000000,1000000,10,2012040
385,288569000,552326000,1000000,1000000,2256000,2618000,263395000,526790000,2618000,2618000,19300000,19300000,21918000,21918000,25174000,25536000,1000000,1000000,2256000,2618000,0,0,2618000,2618000,19300000,19300000,21918000,21918000,1000010,3269050,1000000,1000000,10,2269050
415,286853000,815293000,1000000,1000000,1654000,3304000,263395000,790185000,3304000,3304000,17500000,17500000,20804000,20804000,23458000,25108000,1000000,1000000,1654000,3304000,0,0,3304000,3304000,17500000,17500000,20804000,20804000,1000010,4088110,1000000,1000000,10,3088110
26,303765000,322389000,1000000,1000000,11585000,11785000,263395000,263395000,11785000,18209000,16000000,28000000,27785000,46209000,40370000,58994000,1000000,1000000,11585000,11785000,0,0,11785000,18209000,16000000,28000000,27785000,46209000,1000010,7424090,1000000,1000000,10,6424090
56,300547000,302926000,1000000,1000000,10944000,11208000,263395000,263395000,11208000,13723000,14000000,13600000,25208000,27323000,37152000,39531000,1000000,1000000,10944000,11208000,0,0,11208000,13723000,14000000,13600000,25208000,27323000,1000010,3515050,1000000,1000000,10,2515050
86,289570000,289953000,1000000,1000000,2981000,3194000,263395000,263395000,3194000,3864000,19000000,18500000,22194000,22364000,26175000,26558000,1000000,1000000,2981000,3194000,0,0,3194000,3864000,19000000,18500000,22194000,22364000,1000010,4952100,1000000,1000000,10,3952100
116,284807000,285029000,1000000,1000000,445000,667000,263395000,263395000,667000,667000,19300000,19300000,19967000,19967000,21412000,21634000,1000000,1000000,445000,667000,0,0,667000,667000,19300000,19300000,19967000,19967000,1000010,12161040,1000000,1000000,10,11161040
146,271353000,271775000,1000000,1000000,2129000,2423000,263395000,263395000,2129000,1057000,2700000,3900000,4829000,4957000,7958000,8380000,1000000,1000000,2129000,2423000,0,0,2129000,1057000,2700000,3900000,4829000,4957000,1000010,2954040,1000000,1000000,10,1954040
176,280363000,280688000,1000000,1000000,15968000,16293000,263395000,263395000,0,0,0,0,0,0,16968000,17293000,1000000,1000000,15968000,16293000,0,0,0,0,0,0,0,0,1000010,1000000,1000000,1000000,10,0
206,275458000,275664000,1000000,1000000,11063000,11269000,263395000,263395000,0,0,0,0,0,0,12063000,12269000,1000000,1000000,11063000,11269000,0,0,0,0,0,0,0,0,1000010,1000000,1000000,1000000,10,0
236,267675000,267816000,1000000,1000000,3280000,3421000,263395000,263395000,0,0,0,0,0,0,4280000,4421000,1000000,1000000,3280000,3421000,0,0,0,0,0,0,0,0,1000010,1000000,1000000,1000000,10,0
266,287817000,551858000,1000000,1000000,2338000,2984000,263395000,526790000,2984000,2984000,18100000,18100000,21084000,21084000,24422000,25068000,1000000,1000000,2338000,2984000,0,0,2984000,2984000,18100000,18100000,21084000,21084000,1000010,2537060,1000000,1000000,10,1537060
296,289689000,553467000,1000000,1000000,2981000,3313000,263395000,526790000,3313000,3864000,19000000,18500000,22313000,22364000,26294000,26677000,1000000,1000000,2981000,3313000,0,0,3313000,3864000,19000000,18500000,22313000,22364000,1000010,4952100,1000000,1000000,10,3952100
326,307811000,1099792000,1000000,1000000,12368000,13772000,263395000,1053580000,13748000,14640000,17300000,16800000,31048000,31440000,44416000,46212000,1000000,1000000,12368000,13772000,0,0,13748000,14640000,17300000,16800000,31048000,31440000,1000010,14845100,1000000,1000000,10,13845100
356,269566000,533638000,1000000,1000000,2047000,2724000,263395000,526790000,2724000,2724000,400000,400000,3124000,3124000,6171000,6848000,1000000,1000000,2047000,2724000,0,0,2724000,2724000,400000,400000,3124000,3124000,1000010,1000000,1000000,1000000,10,0
386,279844000,544260000,1000000,1000000,1220000,1929000,263395000,526790000,1929000,14341000,12300000,200000,14229000,14541000,16449000,17470000,1000000,1000000,1220000,1929000,0,0,1929000,14341000,12300000,200000,14229000,14541000,1000010,16372140,1000000,1000000,10,15372140
416,285439000,813879000,1000000,1000000,2047000,3697000,263395000,790185000,3697000,3697000,15300000,15300000,18997000,18997000,22044000,23694000,1000000,1000000,2047000,3697000,0,0,3697000,3697000,15300000,15300000,18997000,18997000,1000010,13695090,1000000,1000000,10,12695090
27,290422000,294446000,1000000,1000000,11585000,11742000,263395000,263395000,11742000,18209000,2700000,100000,14442000,18309000,27027000,31051000,1000000,1000000,11585000,11742000,0,0,11742000,18209000,2700000,100000,14442000,18309000,1000010,7624100,1000000,1000000,10,6624100
57,275339000,275820000,1000000,1000000,10944000,11425000,263395000,263395000,0,0,0,0,0,0,11944000,12425000,1000000,1000000,10944000,11425000,0,0,0,0,0,0,0,0,1000010,1000000,1000000,1000000,10,0
87,290219000,290670000,1000000,1000000,3313000,3711000,263395000,263395000,3711000,3864000,18800000,18700000,22511000,22564000,26824000,27275000,1000000,1000000,3313000,3711000,0,0,3711000,3864000,18800000,18700000,22511000,22564000,1000010,5284120,1000000,1000000,10,4284120
117,267330000,267579000,1000000,1000000,1243000,1492000,263395000,263395000,1492000,1492000,200000,200000,1692000,1692000,3935000,4184000,1000000,1000000,1243000,1492000,0,0,1492000,1492000,200000,200000,1692000,1692000,1000010,1825010,1000000,1000000,10,825010
147,285353000,285553000,1000000,1000000,1929000,2129000,263395000,263395000,2129000,2129000,16900000,16900000,19029000,19029000,21958000,22158000,1000000,1000000,1929000,2129000,0,0,2129000,2129000,16900000,16900000,19029000,19029000,1000010,17081130,1000000,1000000,10,16081130
177,280688000,281054000,1000000,1000000,16293000,16659000,263395000,263395000,0,0,0,0,0,0,17293000,17659000,1000000,1000000,16293000,16659000,0,0,0,0,0,0,0,0,1000010,1000000,1000000,1000000,10,0
207,294037000,294121000,1000000,1000000,10979000,11063000,263395000,263395000,11063000,11063000,7600000,7600000,18663000,18663000,30642000,30726000,1000000,1000000,10979000,11063000,0,0,11063000,11063000,7600000,7600000,18663000,18663000,1000010,12363060,1000000,1000000,10,11363060
237,277730000,284065000,1000000,1000000,445000,790000,263395000,263395000,790000,14780000,12100000,4100000,12890000,18880000,14335000,20670000,1000000,1000000,445000,790000,0,0,790000,14780000,12100000,4100000,12890000,18880000,1000010,15652080,1000000,1000000,10,14652080
267,287532000,551552000,1000000,1000000,2159000,2778000,263395000,526790000,2778000,2984000,18200000,18000000,20978000,20984000,24137000,24762000,1000000,1000000,2159000,2778000,0,0,2778000,2984000,18200000,18000000,20978000,20984000,1000010,3040060,1000000,1000000,10,2040060
297,290000000,553965000,1000000,1000000,3194000,3711000,263395000,526790000,3711000,3864000,18700000,18600000,22411000,22464000,26605000,27175000,1000000,1000000,3194000,3711000,0,0,3711000,3864000,18700000,18600000,22411000,22464000,1000010,5165110,1000000,1000000,10,4165110
327,298817000,564410000,1000000,1000000,11543000,12979000,263395000,526790000,12979000,14341000,9900000,9300000,22879000,23641000,35422000,37620000,1000000,1000000,11543000,12979000,0,0,12979000,14341000,9900000,9300000,22879000,23641000,1000010,14020090,1000000,1000000,10,13020090
357,273168000,536962000,1000000,1000000,3881000,4280000,263395000,526790000,3892000,3892000,1000000,1000000,4892000,4892000,9773000,10172000,1000000,1000000,3881000,4280000,0,0,3892000,3892000,1000000,1000000,4892000,4892000,1000010,2971030,1000000,1000000,10,1971030
387,281001000,808439000,1000000,1000000,1057000,1705000,263395000,790185000,1649000,1649000,13900000,13900000,15549000,15549000,17606000,18254000,1000000,1000000,1057000,1705000,0,0,1649000,1649000,13900000,13900000,15549000,15549000,1000010,16209130,1000000,1000000,10,15209130
417,266405000,794020000,1000000,1000000,667000,1492000,263395000,790185000,1243000,1243000,100000,100000,1343000,1343000,3010000,3835000,1000000,1000000,667000,1492000,0,0,1243000,1243000,100000,100000,1343000,1343000,1000010,1000000,1000000,1000000,10,0
28,308194000,309023000,1000000,1000000,11785000,12614000,263395000,263395000,12614000,12614000,19400000,19400000,32014000,32014000,44799000,45628000,1000000,1000000,11785000,12614000,0,0,12614000,12614000,19400000,19400000,32014000,32014000,1000010,1227010,1000000,1000000,10,227010
58,300726000,301324000,1000000,1000000,10944000,11287000,263395000,263395000,11287000,11742000,14100000,13900000,25387000,25642000,37331000,37929000,1000000,1000000,10944000,11287000,0,0,11287000,11742000,14100000,13900000,25387000,25642000,1000010,13684090,1000000,1000000,10,12684090
88,284249000,296287000,1000000,1000000,2473000,2981000,263395000,263395000,2981000,3711000,14400000,25200000,17381000,28911000,20854000,32892000,1000000,1000000,2473000,2981000,0,0,2981000,3711000,14400000,25200000,17381000,28911000,1000010,5402140,1000000,1000000,10,4402140
118,282573000,297999000,1000000,1000000,915000,11063000,263395000,263395000,11063000,14341000,6200000,8200000,17263000,22541000,19178000,34604000,1000000,1000000,915000,11063000,0,0,11063000,14341000,6200000,8200000,17263000,22541000,1000010,5256070,1000000,1000000,10,4256070
148,274653000,277247000,1000000,1000000,1469000,1689000,263395000,263395000,1689000,11063000,7100000,100000,8789000,11163000,11258000,13852000,1000000,1000000,1469000,1689000,0,0,1689000,11063000,7100000,100000,8789000,11163000,1000010,12363060,1000000,1000000,10,11363060
178,281054000,281997000,1000000,1000000,16659000,17602000,263395000,263395000,0,0,0,0,0,0,17659000,18602000,1000000,1000000,16659000,17602000,0,0,0,0,0,0,0,0,1000010,1000000,1000000,1000000,10,0
208,297731000,298009000,1000000,1000000,10979000,11257000,263395000,263395000,11257000,11257000,11100000,11100000,22357000,22357000,34336000,34614000,1000000,1000000,10979000,11257000,0,0,11257000,11257000,11100000,11100000,22357000,22357000,1000010,13105070,1000000,1000000,10,12105070
238,270695000,278019000,1000000,1000000,0,445000,263395000,263395000,0,12979000,6300000,200000,6300000,13179000,7300000,14624000,1000000,1000000,0,445000,0,0,0,12979000,6300000,200000,6300000,13179000,1000010,13534040,1000000,1000000,10,12534040
268,266335000,266603000,1000000,1000000,1940000,2208000,263395000,263395000,0,0,0,0,0,0,2940000,3208000,1000000,1000000,1940000,2208000,0,0,0,0,0,0,0,0,1000010,1000000,1000000,1000000,10,0
298,283998000,559582000,1000000,1000000,2322000,2981000,263395000,526790000,2981000,3711000,14300000,25100000,17281000,28811000,20603000,32792000,1000000,1000000,2322000,2981000,0,0,2981000,3711000,14300000,25100000,17281000,28811000,1000010,5251150,1000000,1000000,10,4251150
328,275938000,540344000,1000000,1000000,11543000,12554000,263395000,526790000,0,0,0,0,0,0,12543000,13554000,1000000,1000000,11543000,12554000,0,0,0,0,0,0,0,0,1000010,1000000,1000000,1000000,10,0
358,291535000,555650000,1000000,1000000,3560000,4280000,263395000,526790000,4280000,4280000,19300000,19300000,23580000,23580000,28140000,28860000,1000000,1000000,3560000,4280000,0,0,4280000,4280000,19300000,19300000,23580000,23580000,1000010,2650020,1000000,1000000,10,1650020
388,294791000,824135000,1000000,1000000,13955000,14973000,263395000,790185000,14341000,17377000,2100000,600000,16441000,17977000,31396000,33950000,1000000,1000000,13955000,14973000,0,0,14341000,17377000,2100000,600000,16441000,17977000,1000010,5963070,1000000,1000000,10,4963070
418,270870000,799673000,1000000,1000000,2119000,3769000,263395000,790185000,2256000,2719000,2100000,2000000,4356000,4719000,7475000,9488000,1000000,1000000,2119000,3769000,0,0,2256000,2719000,2100000,2000000,4356000,4719000,1000010,1774030,1000000,1000000,10,774030
29,304666000,324090000,1000000,1000000,11785000,12486000,263395000,263395000,12486000,18209000,16000000,29000000,28486000,47209000,41271000,60695000,1000000,1000000,11785000,12486000,0,0,12486000,18209000,16000000,29000000,28486000,47209000,1000010,6723080,1000000,1000000,10,5723080
59,293945000,294645000,1000000,1000000,10475000,11175000,263395000,263395000,11175000,11175000,7900000,7900000,19075000,19075000,30550000,31250000,1000000,1000000,10475000,11175000,0,0,11175000,11175000,7900000,7900000,19075000,19075000,1000010,1702010,1000000,1000000,10,702010
89,288361000,288679000,1000000,1000000,3474000,3792000,263395000,263395000,3792000,3792000,16700000,16700000,20492000,20492000,24966000,25284000,1000000,1000000,3474000,3792000,0,0,3792000,3792000,16700000,16700000,20492000,20492000,1000010,5674150,1000000,1000000,10,4674150
119,278817000,279125000,1000000,1000000,607000,915000,263395000,263395000,915000,915000,12900000,12900000,13815000,13815000,15422000,15730000,1000000,1000000,607000,915000,0,0,915000,915000,12900000,12900000,13815000,13815000,1000010,12593070,1000000,1000000,10,11593070
149,280191000,280273000,1000000,1000000,1607000,1689000,263395000,263395000,1689000,1689000,12500000,12500000,14189000,14189000,16796000,16878000,1000000,1000000,1607000,1689000,0,0,1689000,1689000,12500000,12500000,14189000,14189000,1000010,13255080,1000000,1000000,10,12255080
179,281997000,282309000,1000000,1000000,17602000,17914000,263395000,263395000,0,0,0,0,0,0,18602000,18914000,1000000,1000000,17602000,17914000,0,0,0,0,0,0,0,0,1000010,1000000,1000000,1000000,10,0
209,296331000,296592000,1000000,1000000,10718000,10979000,263395000,263395000,10718000,10718000,10500000,10500000,21218000,21218000,32936000,33197000,1000000,1000000,10718000,10979000,0,0,10718000,10718000,10500000,10500000,21218000,21218000,1000010,12500060,1000000,1000000,10,11500060
239,277468000,277547000,1000000,1000000,0,73000,263395000,263395000,73000,12979000,13000000,100000,13073000,13079000,14073000,14152000,1000000,1000000,0,73000,0,0,73000,12979000,13000000,100000,13073000,13079000,1000010,13979050,1000000,1000000,10,12979050
269,274455000,538675000,1000000,1000000,2479000,3304000,263395000,526790000,2981000,2981000,4600000,4600000,7581000,7581000,11060000,11885000,1000000,1000000,2479000,3304000,0,0,2981000,2981000,4600000,4600000,7581000,7581000,1000010,3618080,1000000,1000000,10,2618080
299,288962000,816753000,1000000,1000000,2473000,3304000,263395000,790185000,3194000,3864000,18900000,18400000,22094000,22264000,25567000,26568000,1000000,1000000,2473000,3304000,0,0,3194000,3864000,18900000,18400000,22094000,22264000,1000010,4443090,1000000,1000000,10,3443090
329,276763000,276949000,1000000,1000000,12368000,12554000,263395000,263395000,0,0,0,0,0,0,13368000,13554000,1000000,1000000,12368000,12554000,0,0,0,0,0,0,0,0,1000010,1000000,1000000,1000000,10,0
359,291520000,555500000,1000000,1000000,3905000,4120000,263395000,526790000,4120000,4490000,19100000,19100000,23220000,23590000,28125000,28710000,1000000,1000000,3905000,4120000,0,0,4120000,4490000,19100000,19100000,23220000,23590000,1000010,1370020,1000000,1000000,10,370020
389,274152000,274188000,1000000,1000000,9757000,9793000,263395000,263395000,0,0,0,0,0,0,10757000,10793000,1000000,1000000,9757000,9793000,0,0,0,0,0,0,0,0,1000010,1000000,1000000,1000000,10,0
419,273524000,801323000,1000000,1000000,3560000,4569000,263395000,790185000,4569000,4569000,1000000,1000000,5569000,5569000,10129000,11138000,1000000,1000000,3560000,4569000,0,0,4569000,4569000,1000000,1000000,5569000,5569000,1000010,1425030,1000000,1000000,10,425030
30,306953000,307541000,1000000,1000000,13135000,13723000,263395000,263395000,13723000,13723000,15700000,15700000,29423000,29423000,43558000,44146000,1000000,1000000,13135000,13723000,0,0,13723000,13723000,15700000,15700000,29423000,29423000,1000010,5242060,1000000,1000000,10,4242060
60,297845000,298445000,1000000,1000000,10575000,11175000,263395000,263395000,11175000,11175000,11700000,11700000,22875000,22875000,34450000,35050000,1000000,1000000,10575000,11175000,0,0,11175000,11175000,11700000,11700000,22875000,22875000,1000010,2336010,1000000,1000000,10,1336010
90,274879000,274951000,1000000,1000000,3792000,3864000,263395000,263395000,3792000,3792000,2900000,2900000,6692000,6692000,11484000,11556000,1000000,1000000,3792000,3864000,0,0,3792000,3792000,2900000,2900000,6692000,6692000,1000010,4722090,1000000,1000000,10,3722090
120,285935000,286245000,1000000,1000000,915000,1225000,263395000,263395000,1225000,1225000,19400000,19400000,20625000,20625000,22540000,22850000,1000000,1000000,915000,1225000,0,0,1225000,1225000,19400000,19400000,20625000,20625000,1000010,12563040,1000000,1000000,10,11563040
150,315681000,316513000,1000000,1000000,17377000,18209000,263395000,263395000,18209000,18209000,15700000,15700000,33909000,33909000,52286000,53118000,1000000,1000000,17377000,18209000,0,0,18209000,18209000,15700000,15700000,33909000,33909000,1000010,8493110,1000000,1000000,10,7493110
180,281997000,282513000,1000000,1000000,17602000,18118000,263395000,263395000,0,0,0,0,0,0,18602000,19118000,1000000,1000000,17602000,18118000,0,0,0,0,0,0,0,0,1000010,1000000,1000000,1000000,10,0
210,280658000,293554000,1000000,1000000,445000,10718000,263395000,263395000,10718000,14341000,5100000,4100000,15818000,18441000,17263000,30159000,1000000,1000000,445000,10718000,0,0,10718000,14341000,5100000,4100000,15818000,18441000,1000010,4911050,1000000,1000000,10,3911050
240,268287000,268975000,1000000,1000000,3892000,4580000,263395000,263395000,0,0,0,0,0,0,4892000,5580000,1000000,1000000,3892000,4580000,0,0,0,0,0,0,0,0,1000010,1000000,1000000,1000000,10,0
270,286841000,1077706000,1000000,1000000,1642000,2322000,263395000,1053580000,1904000,1904000,18900000,18900000,20804000,20804000,23446000,24126000,1000000,1000000,1642000,2322000,0,0,1904000,1904000,18900000,18900000,20804000,20804000,1000010,4571130,1000000,1000000,10,3571130
300,272433000,536218000,1000000,1000000,3474000,3864000,263395000,526790000,3864000,3864000,700000,700000,4564000,4564000,9038000,9428000,1000000,1000000,3474000,3864000,0,0,3864000,3864000,700000,700000,4564000,4564000,1000010,4258080,1000000,1000000,10,3258080
330,295290000,823402000,1000000,1000000,13955000,14640000,263395000,790185000,14640000,17377000,2300000,200000,16940000,17577000,31895000,33217000,1000000,1000000,13955000,14640000,0,0,14640000,17377000,2300000,200000,16940000,17577000,1000010,7478100,1000000,1000000,10,6478100
360,291020000,555345000,1000000,1000000,3560000,4065000,263395000,526790000,4065000,4490000,19000000,19000000,23065000,23490000,27625000,28555000,1000000,1000000,3560000,4065000,0,0,4065000,4490000,19000000,19000000,23065000,23490000,1000010,1425030,1000000,1000000,10,425030
390,292276000,557494000,1000000,1000000,10718000,11063000,263395000,526790000,11063000,14341000,6100000,4300000,17163000,18641000,28881000,30704000,1000000,1000000,10718000,11063000,0,0,11063000,14341000,6100000,4300000,17163000,18641000,1000010,14332060,1000000,1000000,10,13332060
420,290883000,819323000,1000000,1000000,2919000,4569000,263395000,790185000,4569000,4569000,19000000,19000000,23569000,23569000,27488000,29138000,1000000,1000000,2919000,4569000,0,0,4569000,4569000,19000000,19000000,23569000,23569000,1000010,1825010,1000000,1000000,10,825010
