,ssdn_lo,ssdn_hi,ssdn_detection_lo,ssdn_detection_hi,ssdn_notification_lo,ssdn_notification_hi,ssdn_computation_lo,ssdn_computation_hi,ssdn_transference_lo,ssdn_transference_hi,ssdn_installation_lo,ssdn_installation_hi,ssdn_update_lo,ssdn_update_hi,pcsdn_lo,pcsdn_hi,pcsdn_detection_lo,pcsdn_detection_hi,pcsdn_notification_lo,pcsdn_notification_hi,pcsdn_computation_lo,pcsdn_computation_hi,pcsdn_transference_lo,pcsdn_transference_hi,pcsdn_installation_lo,pcsdn_installation_hi,pcsdn_update_lo,pcsdn_update_hi,felix_lo,felix_hi,felix_detection_lo,felix_detection_hi,felix_coordination_lo,felix_coordination_hi
1,672806000,711006000,100000,100000,17000000,19000000,634506000,634506000,19000000,57000000,2200000,400000,21200000,57400000,38300000,76500000,100000,100000,17000000,19000000,0,0,19000000,57000000,2200000,400000,21200000,57400000,100010,47100020,100000,100000,10,47000020
31,673106000,692706000,100000,100000,19000000,19000000,634506000,634506000,19000000,39000000,500000,100000,19500000,39100000,38600000,58200000,100000,100000,19000000,19000000,0,0,19000000,39000000,500000,100000,19500000,39100000,100010,22100010,100000,100000,10,22000010
61,679206000,725706000,100000,100000,10000000,11000000,634506000,634506000,11000000,80000000,23600000,100000,34600000,80100000,44700000,91200000,100000,100000,10000000,11000000,0,0,11000000,80000000,23600000,100000,34600000,80100000,100010,86100040,100000,100000,10,86000040
91,698406000,699406000,100000,100000,19000000,20000000,634506000,634506000,20000000,20000000,24800000,24800000,44800000,44800000,63900000,64900000,100000,100000,19000000,20000000,0,0,20000000,20000000,24800000,24800000,44800000,44800000,100010,22100010,100000,100000,10,22000010
121,665606000,717706000,100000,100000,1000000,2000000,634506000,634506000,2000000,81000000,28000000,100000,30000000,81100000,31100000,83200000,100000,100000,1000000,2000000,0,0,2000000,81000000,28000000,100000,30000000,81100000,100010,82100030,100000,100000,10,82000030
151,657406000,658406000,100000,100000,7000000,8000000,634506000,634506000,8000000,8000000,7800000,7800000,15800000,15800000,22900000,23900000,100000,100000,7000000,8000000,0,0,8000000,8000000,7800000,7800000,15800000,15800000,100010,8100020,100000,100000,10,8000020
181,690706000,690706000,100000,100000,20000000,20000000,634506000,634506000,20000000,20000000,16100000,16100000,36100000,36100000,56200000,56200000,100000,100000,20000000,20000000,0,0,20000000,20000000,16100000,16100000,36100000,36100000,100010,27100040,100000,100000,10,27000040
211,678906000,678906000,100000,100000,20000000,20000000,634506000,634506000,20000000,20000000,4300000,4300000,24300000,24300000,44400000,44400000,100000,100000,20000000,20000000,0,0,20000000,20000000,4300000,4300000,24300000,24300000,100010,1100010,100000,100000,10,1000010
241,651706000,652706000,100000,100000,8000000,9000000,634506000,634506000,9000000,9000000,100000,100000,9100000,9100000,17200000,18200000,100000,100000,8000000,9000000,0,0,9000000,9000000,100000,100000,9100000,9100000,100010,1100010,100000,100000,10,1000010
271,668306000,669306000,100000,100000,8000000,9000000,634506000,634506000,9000000,9000000,16700000,16700000,25700000,25700000,33800000,34800000,100000,100000,8000000,9000000,0,0,9000000,9000000,16700000,16700000,25700000,25700000,100010,16100040,100000,100000,10,16000040
301,673006000,674006000,100000,100000,9000000,10000000,634506000,634506000,10000000,10000000,19400000,19400000,29400000,29400000,38500000,39500000,100000,100000,9000000,10000000,0,0,10000000,10000000,19400000,19400000,29400000,29400000,100010,16100040,100000,100000,10,16000040
331,675606000,682706000,100000,100000,8000000,9000000,634506000,634506000,9000000,39000000,24000000,100000,33000000,39100000,41100000,48200000,100000,100000,8000000,9000000,0,0,9000000,39000000,24000000,100000,33000000,39100000,100010,33100020,100000,100000,10,33000020
361,651706000,652706000,100000,100000,8000000,9000000,634506000,634506000,9000000,9000000,100000,100000,9100000,9100000,17200000,18200000,100000,100000,8000000,9000000,0,0,9000000,9000000,100000,100000,9100000,9100000,100010,1100010,100000,100000,10,1000010
391,665606000,665606000,100000,100000,9000000,9000000,634506000,634506000,9000000,9000000,13000000,13000000,22000000,22000000,31100000,31100000,100000,100000,9000000,9000000,0,0,9000000,9000000,13000000,13000000,22000000,22000000,100010,16100030,100000,100000,10,16000030
421,678006000,678006000,100000,100000,13000000,13000000,634506000,634506000,13000000,13000000,17400000,17400000,30400000,30400000,43500000,43500000,100000,100000,13000000,13000000,0,0,13000000,13000000,17400000,17400000,30400000,30400000,100010,2100010,100000,100000,10,2000010
451,678006000,678006000,100000,100000,13000000,13000000,634506000,634506000,13000000,13000000,17400000,17400000,30400000,30400000,43500000,43500000,100000,100000,13000000,13000000,0,0,13000000,13000000,17400000,17400000,30400000,30400000,100010,2100010,100000,100000,10,2000010
481,657606000,681806000,100000,100000,0,3000000,634506000,634506000,3000000,44000000,20000000,200000,23000000,44200000,23100000,47300000,100000,100000,0,3000000,0,0,3000000,44000000,20000000,200000,23000000,44200000,100010,44100050,100000,100000,10,44000050
511,757906000,758906000,100000,100000,46000000,47000000,634506000,634506000,47000000,47000000,30300000,30300000,77300000,77300000,123400000,124400000,100000,100000,46000000,47000000,0,0,47000000,47000000,30300000,30300000,77300000,77300000,100010,13100050,100000,100000,10,13000050
541,681306000,739006000,100000,100000,18000000,19000000,634506000,634506000,18000000,85000000,10700000,400000,28700000,85400000,46800000,104500000,100000,100000,18000000,19000000,0,0,18000000,85000000,10700000,400000,28700000,85400000,100010,72100020,100000,100000,10,72000020
571,676906000,701706000,100000,100000,10000000,10000000,634506000,634506000,10000000,57000000,22300000,100000,32300000,57100000,42400000,67200000,100000,100000,10000000,10000000,0,0,10000000,57000000,22300000,100000,32300000,57100000,100010,49100020,100000,100000,10,49000020
601,677106000,678106000,100000,100000,7000000,8000000,634506000,634506000,8000000,8000000,27500000,27500000,35500000,35500000,42600000,43600000,100000,100000,7000000,8000000,0,0,8000000,8000000,27500000,27500000,35500000,35500000,100010,26100040,100000,100000,10,26000040
631,676806000,724706000,100000,100000,9000000,10000000,634506000,634506000,10000000,80000000,23200000,100000,33200000,80100000,42300000,90200000,100000,100000,9000000,10000000,0,0,10000000,80000000,23200000,100000,33200000,80100000,100010,83100020,100000,100000,10,83000020
661,673106000,682706000,100000,100000,10000000,10000000,634506000,634506000,10000000,38000000,18500000,100000,28500000,38100000,38600000,48200000,100000,100000,10000000,10000000,0,0,10000000,38000000,18500000,100000,28500000,38100000,100010,42100020,100000,100000,10,42000020
691,664706000,680706000,100000,100000,1000000,17000000,634506000,634506000,17000000,17000000,12100000,12100000,29100000,29100000,30200000,46200000,100000,100000,1000000,17000000,0,0,17000000,17000000,12100000,12100000,29100000,29100000,100010,9100020,100000,100000,10,9000020
721,644806000,653706000,100000,100000,1000000,1000000,634506000,634506000,1000000,18000000,8200000,100000,9200000,18100000,10300000,19200000,100000,100000,1000000,1000000,0,0,1000000,18000000,8200000,100000,9200000,18100000,100010,18100020,100000,100000,10,18000020
751,647506000,716706000,100000,100000,1000000,1000000,634506000,634506000,1000000,81000000,10900000,100000,11900000,81100000,13000000,82200000,100000,100000,1000000,1000000,0,0,1000000,81000000,10900000,100000,11900000,81100000,100010,81100040,100000,100000,10,81000040
781,650806000,679706000,100000,100000,0,1000000,634506000,634506000,1000000,44000000,15200000,100000,16200000,44100000,16300000,45200000,100000,100000,0,1000000,0,0,1000000,44000000,15200000,100000,16200000,44100000,100010,44100050,100000,100000,10,44000050
811,649806000,653706000,100000,100000,1000000,1000000,634506000,634506000,1000000,18000000,13200000,100000,14200000,18100000,15300000,19200000,100000,100000,1000000,1000000,0,0,1000000,18000000,13200000,100000,14200000,18100000,100010,18100020,100000,100000,10,18000020
841,661106000,665106000,100000,100000,8000000,12000000,634506000,634506000,12000000,12000000,6500000,6500000,18500000,18500000,26600000,30600000,100000,100000,8000000,12000000,0,0,12000000,12000000,6500000,6500000,18500000,18500000,100010,10100030,100000,100000,10,10000030
871,672006000,722706000,100000,100000,7000000,8000000,634506000,634506000,8000000,80000000,22400000,100000,30400000,80100000,37500000,88200000,100000,100000,7000000,8000000,0,0,8000000,80000000,22400000,100000,30400000,80100000,100010,85100030,100000,100000,10,85000030
901,673006000,674006000,100000,100000,7000000,8000000,634506000,634506000,8000000,8000000,23400000,23400000,31400000,31400000,38500000,39500000,100000,100000,7000000,8000000,0,0,8000000,8000000,23400000,23400000,31400000,31400000,100010,7100010,100000,100000,10,7000010
931,644606000,645606000,100000,100000,10000000,11000000,634506000,634506000,0,0,0,0,0,0,10100000,11100000,100000,100000,10000000,11000000,0,0,0,0,0,0,0,0,100010,100000,100000,100000,10,0
961,664806000,687706000,100000,100000,8000000,9000000,634506000,634506000,9000000,44000000,13200000,100000,22200000,44100000,30300000,53200000,100000,100000,8000000,9000000,0,0,9000000,44000000,13200000,100000,22200000,44100000,100010,37100040,100000,100000,10,37000040
991,685606000,14658738000,100000,100000,8000000,22000000,634506000,14593638000,20000000,20000000,23000000,23000000,43000000,43000000,51100000,65100000,100000,100000,8000000,22000000,0,0,20000000,20000000,23000000,23000000,43000000,43000000,100010,22100010,100000,100000,10,22000010
1021,752806000,1393312000,100000,100000,41000000,47000000,634506000,1269012000,47000000,47000000,30200000,30200000,77200000,77200000,118300000,124300000,100000,100000,41000000,47000000,0,0,47000000,47000000,30200000,30200000,77200000,77200000,100010,7100030,100000,100000,10,7000030
1051,678806000,8932384000,100000,100000,5000000,10000000,634506000,8883084000,8000000,8000000,31200000,31200000,39200000,39200000,44300000,49300000,100000,100000,5000000,10000000,0,0,8000000,8000000,31200000,31200000,39200000,39200000,100010,17100030,100000,100000,10,17000030
1081,673306000,9607890000,100000,100000,5000000,9000000,634506000,9517590000,7000000,80000000,26700000,1200000,33700000,81200000,38800000,90300000,100000,100000,5000000,9000000,0,0,7000000,80000000,26700000,1200000,33700000,81200000,100010,77100030,100000,100000,10,77000030
1111,685806000,5133348000,100000,100000,7000000,13000000,634506000,5076048000,13000000,13000000,31200000,31200000,44200000,44200000,51300000,57300000,100000,100000,7000000,13000000,0,0,13000000,13000000,31200000,31200000,44200000,44200000,100010,100000,100000,100000,10,0
1141,677806000,3875336000,100000,100000,1000000,11000000,634506000,3807036000,11000000,57000000,31200000,200000,42200000,57200000,43300000,68300000,100000,100000,1000000,11000000,0,0,11000000,57000000,31200000,200000,42200000,57200000,100010,58100030,100000,100000,10,58000030
1171,651706000,3190730000,100000,100000,8000000,9000000,634506000,3172530000,9000000,9000000,100000,100000,9100000,9100000,17200000,18200000,100000,100000,8000000,9000000,0,0,9000000,9000000,100000,100000,9100000,9100000,100010,100000,100000,100000,10,0
1201,676506000,4491742000,100000,100000,11000000,13000000,634506000,4441542000,13000000,37000000,17900000,100000,30900000,37100000,42000000,50200000,100000,100000,11000000,13000000,0,0,13000000,37000000,17900000,100000,30900000,37100000,100010,33100020,100000,100000,10,33000020
1231,658706000,1928718000,100000,100000,10000000,11000000,634506000,1903518000,11000000,11000000,3100000,3100000,14100000,14100000,24200000,25200000,100000,100000,10000000,11000000,0,0,11000000,11000000,3100000,3100000,14100000,14100000,100010,100000,100000,100000,10,0
1261,649606000,1285112000,100000,100000,15000000,16000000,634506000,1269012000,0,0,0,0,0,0,15100000,16100000,100000,100000,15000000,16000000,0,0,0,0,0,0,0,0,100010,100000,100000,100000,10,0
2,685706000,737706000,100000,100000,17000000,18000000,634506000,634506000,18000000,85000000,16100000,100000,34100000,85100000,51200000,103200000,100000,100000,17000000,18000000,0,0,18000000,85000000,16100000,100000,34100000,85100000,100010,74100030,100000,100000,10,74000030
32,698506000,699506000,100000,100000,19000000,20000000,634506000,634506000,20000000,20000000,24900000,24900000,44900000,44900000,64000000,65000000,100000,100000,19000000,20000000,0,0,20000000,20000000,24900000,24900000,44900000,44900000,100010,22100010,100000,100000,10,22000010
62,679706000,704706000,100000,100000,10000000,12000000,634506000,634506000,12000000,58000000,23100000,100000,35100000,58100000,45200000,70200000,100000,100000,10000000,12000000,0,0,12000000,58000000,23100000,100000,35100000,58100000,100010,68100040,100000,100000,10,68000040
92,698406000,699406000,100000,100000,19000000,20000000,634506000,634506000,20000000,20000000,24800000,24800000,44800000,44800000,63900000,64900000,100000,100000,19000000,20000000,0,0,20000000,20000000,24800000,24800000,44800000,44800000,100010,22100010,100000,100000,10,22000010
122,646906000,717106000,100000,100000,1000000,1000000,634506000,634506000,1000000,81000000,10300000,500000,11300000,81500000,12400000,82600000,100000,100000,1000000,1000000,0,0,1000000,81000000,10300000,500000,11300000,81500000,100010,81100040,100000,100000,10,81000040
152,660406000,660906000,100000,100000,8000000,8000000,634506000,634506000,8000000,18000000,9800000,300000,17800000,18300000,25900000,26400000,100000,100000,8000000,8000000,0,0,8000000,18000000,9800000,300000,17800000,18300000,100010,25100030,100000,100000,10,25000030
182,680706000,681706000,100000,100000,19000000,20000000,634506000,634506000,20000000,20000000,7100000,7100000,27100000,27100000,46200000,47200000,100000,100000,19000000,20000000,0,0,20000000,20000000,7100000,7100000,27100000,27100000,100010,23100020,100000,100000,10,23000020
212,690206000,691206000,100000,100000,19000000,20000000,634506000,634506000,20000000,20000000,16600000,16600000,36600000,36600000,55700000,56700000,100000,100000,19000000,20000000,0,0,20000000,20000000,16600000,16600000,36600000,36600000,100010,11100010,100000,100000,10,11000010
242,665606000,665606000,100000,100000,9000000,9000000,634506000,634506000,9000000,9000000,13000000,13000000,22000000,22000000,31100000,31100000,100000,100000,9000000,9000000,0,0,9000000,9000000,13000000,13000000,22000000,22000000,100010,16100030,100000,100000,10,16000030
272,668306000,669306000,100000,100000,8000000,9000000,634506000,634506000,9000000,9000000,16700000,16700000,25700000,25700000,33800000,34800000,100000,100000,8000000,9000000,0,0,9000000,9000000,16700000,16700000,25700000,25700000,100010,16100040,100000,100000,10,16000040
302,669806000,669806000,100000,100000,9000000,9000000,634506000,634506000,9000000,9000000,17200000,17200000,26200000,26200000,35300000,35300000,100000,100000,9000000,9000000,0,0,9000000,9000000,17200000,17200000,26200000,26200000,100010,16100040,100000,100000,10,16000040
332,675606000,682706000,100000,100000,8000000,9000000,634506000,634506000,9000000,39000000,24000000,100000,33000000,39100000,41100000,48200000,100000,100000,8000000,9000000,0,0,9000000,39000000,24000000,100000,33000000,39100000,100010,33100020,100000,100000,10,33000020
362,662006000,667006000,100000,100000,8000000,13000000,634506000,634506000,13000000,13000000,6400000,6400000,19400000,19400000,27500000,32500000,100000,100000,8000000,13000000,0,0,13000000,13000000,6400000,6400000,19400000,19400000,100010,7100040,100000,100000,10,7000040
392,665606000,665606000,100000,100000,9000000,9000000,634506000,634506000,9000000,9000000,13000000,13000000,22000000,22000000,31100000,31100000,100000,100000,9000000,9000000,0,0,9000000,9000000,13000000,13000000,22000000,22000000,100010,16100030,100000,100000,10,16000030
422,690306000,691306000,100000,100000,12000000,13000000,634506000,634506000,13000000,13000000,30700000,30700000,43700000,43700000,55800000,56800000,100000,100000,12000000,13000000,0,0,13000000,13000000,30700000,30700000,43700000,43700000,100010,2100010,100000,100000,10,2000010
452,645606000,649606000,100000,100000,11000000,15000000,634506000,634506000,0,0,0,0,0,0,11100000,15100000,100000,100000,11000000,15000000,0,0,0,0,0,0,0,0,100010,100000,100000,100000,10,0
482,667206000,719806000,100000,100000,3000000,4000000,634506000,634506000,4000000,81000000,25600000,200000,29600000,81200000,32700000,85300000,100000,100000,3000000,4000000,0,0,4000000,81000000,25600000,200000,29600000,81200000,100010,82100040,100000,100000,10,82000040
512,751906000,757806000,100000,100000,41000000,46000000,634506000,634506000,46000000,47000000,30300000,30200000,76300000,77200000,117400000,123300000,100000,100000,41000000,46000000,0,0,46000000,47000000,30300000,30200000,76300000,77200000,100010,9100040,100000,100000,10,9000040
542,677906000,691706000,100000,100000,17000000,18000000,634506000,634506000,18000000,39000000,8300000,100000,26300000,39100000,43400000,57200000,100000,100000,17000000,18000000,0,0,18000000,39000000,8300000,100000,26300000,39100000,100010,21100010,100000,100000,10,21000010
572,676906000,701706000,100000,100000,10000000,10000000,634506000,634506000,10000000,57000000,22300000,100000,32300000,57100000,42400000,67200000,100000,100000,10000000,10000000,0,0,10000000,57000000,22300000,100000,32300000,57100000,100010,49100020,100000,100000,10,49000020
602,677106000,678106000,100000,100000,7000000,8000000,634506000,634506000,8000000,8000000,27500000,27500000,35500000,35500000,42600000,43600000,100000,100000,7000000,8000000,0,0,8000000,8000000,27500000,27500000,35500000,35500000,100010,26100040,100000,100000,10,26000040
632,668906000,724706000,100000,100000,9000000,10000000,634506000,634506000,10000000,80000000,15300000,100000,25300000,80100000,34400000,90200000,100000,100000,9000000,10000000,0,0,10000000,80000000,15300000,100000,25300000,80100000,100010,83100020,100000,100000,10,83000020
662,679906000,681906000,100000,100000,6000000,8000000,634506000,634506000,8000000,8000000,31300000,31300000,39300000,39300000,45400000,47400000,100000,100000,6000000,8000000,0,0,8000000,8000000,31300000,31300000,39300000,39300000,100010,22100030,100000,100000,10,22000030
692,695306000,696306000,100000,100000,17000000,18000000,634506000,634506000,18000000,18000000,25700000,25700000,43700000,43700000,60800000,61800000,100000,100000,17000000,18000000,0,0,18000000,18000000,25700000,25700000,43700000,43700000,100010,21100010,100000,100000,10,21000010
722,651706000,716806000,100000,100000,0,1000000,634506000,634506000,1000000,81000000,16100000,200000,17100000,81200000,17200000,82300000,100000,100000,0,1000000,0,0,1000000,81000000,16100000,200000,17100000,81200000,100010,81100030,100000,100000,10,81000030
752,649806000,653706000,100000,100000,1000000,1000000,634506000,634506000,1000000,18000000,13200000,100000,14200000,18100000,15300000,19200000,100000,100000,1000000,1000000,0,0,1000000,18000000,13200000,100000,14200000,18100000,100010,18100020,100000,100000,10,18000020
782,647806000,716706000,100000,100000,1000000,1000000,634506000,634506000,1000000,81000000,11200000,100000,12200000,81100000,13300000,82200000,100000,100000,1000000,1000000,0,0,1000000,81000000,11200000,100000,12200000,81100000,100010,81100040,100000,100000,10,81000040
812,650106000,653706000,100000,100000,1000000,1000000,634506000,634506000,1000000,18000000,13500000,100000,14500000,18100000,15600000,19200000,100000,100000,1000000,1000000,0,0,1000000,18000000,13500000,100000,14500000,18100000,100010,18100020,100000,100000,10,18000020
842,653406000,656206000,100000,100000,8000000,8000000,634506000,634506000,8000000,13000000,2800000,600000,10800000,13600000,18900000,21700000,100000,100000,8000000,8000000,0,0,8000000,13000000,2800000,600000,10800000,13600000,100010,10100030,100000,100000,10,10000030
872,662606000,682706000,100000,100000,7000000,8000000,634506000,634506000,8000000,40000000,13000000,100000,21000000,40100000,28100000,48200000,100000,100000,7000000,8000000,0,0,8000000,40000000,13000000,100000,21000000,40100000,100010,33100030,100000,100000,10,33000030
902,676606000,681706000,100000,100000,7000000,8000000,634506000,634506000,8000000,39000000,27000000,100000,35000000,39100000,42100000,47200000,100000,100000,7000000,8000000,0,0,8000000,39000000,27000000,100000,35000000,39100000,100010,45100040,100000,100000,10,45000040
932,670206000,670206000,100000,100000,10000000,10000000,634506000,634506000,10000000,10000000,15600000,15600000,25600000,25600000,35700000,35700000,100000,100000,10000000,10000000,0,0,10000000,10000000,15600000,15600000,25600000,25600000,100010,24100030,100000,100000,10,24000030
962,674406000,686706000,100000,100000,13000000,13000000,634506000,634506000,13000000,39000000,13800000,100000,26800000,39100000,39900000,52200000,100000,100000,13000000,13000000,0,0,13000000,39000000,13800000,100000,26800000,39100000,100010,47100050,100000,100000,10,47000050
992,684106000,12769420000,100000,100000,9000000,21000000,634506000,12690120000,20000000,57000000,20500000,1200000,40500000,58200000,49600000,79300000,100000,100000,9000000,21000000,0,0,20000000,57000000,20500000,1200000,40500000,58200000,100010,47100020,100000,100000,10,47000020
1022,727706000,1363212000,100000,100000,46000000,47000000,634506000,1269012000,46000000,46000000,1100000,1100000,47100000,47100000,93200000,94200000,100000,100000,46000000,47000000,0,0,46000000,46000000,1100000,1100000,47100000,47100000,100010,9100040,100000,100000,10,9000040
1052,677506000,7662072000,100000,100000,5000000,10000000,634506000,7614072000,8000000,8000000,29900000,29900000,37900000,37900000,43000000,48000000,100000,100000,5000000,10000000,0,0,8000000,8000000,29900000,29900000,37900000,37900000,100010,100000,100000,100000,10,0
1082,663206000,9617690000,100000,100000,0,16000000,634506000,9517590000,6000000,81000000,22600000,3000000,28600000,84000000,28700000,100100000,100000,100000,0,16000000,0,0,6000000,81000000,22600000,3000000,28600000,84000000,100010,68100040,100000,100000,10,68000040
1112,653906000,3198930000,100000,100000,2000000,9000000,634506000,3172530000,9000000,9000000,8300000,8300000,17300000,17300000,19400000,26400000,100000,100000,2000000,9000000,0,0,9000000,9000000,8300000,8300000,17300000,17300000,100010,7100020,100000,100000,10,7000020
1142,638406000,3811936000,100000,100000,0,1000000,634506000,3807036000,1000000,1000000,2800000,2800000,3800000,3800000,3900000,4900000,100000,100000,0,1000000,0,0,1000000,1000000,2800000,2800000,3800000,3800000,100010,100000,100000,100000,10,0
1172,651706000,3190730000,100000,100000,8000000,9000000,634506000,3172530000,9000000,9000000,100000,100000,9100000,9100000,17200000,18200000,100000,100000,8000000,9000000,0,0,9000000,9000000,100000,100000,9100000,9100000,100010,100000,100000,100000,10,0
1202,650606000,651606000,100000,100000,16000000,17000000,634506000,634506000,0,0,0,0,0,0,16100000,17100000,100000,100000,16000000,17000000,0,0,0,0,0,0,0,0,100010,100000,100000,100000,10,0
1232,651206000,3190230000,100000,100000,7000000,8000000,634506000,3172530000,7000000,7000000,2600000,2600000,9600000,9600000,16700000,17700000,100000,100000,7000000,8000000,0,0,7000000,7000000,2600000,2600000,9600000,9600000,100010,100000,100000,100000,10,0
1262,674706000,2580224000,100000,100000,17000000,19000000,634506000,2538024000,19000000,19000000,4100000,4100000,23100000,23100000,40200000,42200000,100000,100000,17000000,19000000,0,0,19000000,19000000,4100000,4100000,23100000,23100000,100010,100000,100000,100000,10,0
3,674606000,736806000,100000,100000,17000000,17000000,634506000,634506000,17000000,85000000,6000000,200000,23000000,85200000,40100000,102300000,100000,100000,17000000,17000000,0,0,17000000,85000000,6000000,200000,23000000,85200000,100010,68100020,100000,100000,10,68000020
33,694406000,695406000,100000,100000,19000000,20000000,634506000,634506000,20000000,20000000,20800000,20800000,40800000,40800000,59900000,60900000,100000,100000,19000000,20000000,0,0,20000000,20000000,20800000,20800000,40800000,40800000,100010,27100050,100000,100000,10,27000050
63,679706000,703706000,100000,100000,10000000,11000000,634506000,634506000,11000000,58000000,24100000,100000,35100000,58100000,45200000,69200000,100000,100000,10000000,11000000,0,0,11000000,58000000,24100000,100000,35100000,58100000,100010,68100040,100000,100000,10,68000040
93,698406000,699406000,100000,100000,19000000,20000000,634506000,634506000,20000000,20000000,24800000,24800000,44800000,44800000,63900000,64900000,100000,100000,19000000,20000000,0,0,20000000,20000000,24800000,24800000,44800000,44800000,100010,22100010,100000,100000,10,22000010
123,658106000,665106000,100000,100000,1000000,8000000,634506000,634506000,8000000,8000000,14500000,14500000,22500000,22500000,23600000,30600000,100000,100000,1000000,8000000,0,0,8000000,8000000,14500000,14500000,22500000,22500000,100010,20100030,100000,100000,10,20000030
153,660906000,660906000,100000,100000,8000000,8000000,634506000,634506000,8000000,8000000,10300000,10300000,18300000,18300000,26400000,26400000,100000,100000,8000000,8000000,0,0,8000000,8000000,10300000,10300000,18300000,18300000,100010,25100030,100000,100000,10,25000030
183,687606000,734906000,100000,100000,20000000,20000000,634506000,634506000,20000000,80000000,13000000,300000,33000000,80300000,53100000,100400000,100000,100000,20000000,20000000,0,0,20000000,80000000,13000000,300000,33000000,80300000,100010,67100030,100000,100000,10,67000030
213,678906000,678906000,100000,100000,20000000,20000000,634506000,634506000,20000000,20000000,4300000,4300000,24300000,24300000,44400000,44400000,100000,100000,20000000,20000000,0,0,20000000,20000000,4300000,4300000,24300000,24300000,100010,1100010,100000,100000,10,1000010
243,668306000,669306000,100000,100000,8000000,9000000,634506000,634506000,9000000,9000000,16700000,16700000,25700000,25700000,33800000,34800000,100000,100000,8000000,9000000,0,0,9000000,9000000,16700000,16700000,25700000,25700000,100010,16100040,100000,100000,10,16000040
273,668306000,669306000,100000,100000,8000000,9000000,634506000,634506000,9000000,9000000,16700000,16700000,25700000,25700000,33800000,34800000,100000,100000,8000000,9000000,0,0,9000000,9000000,16700000,16700000,25700000,25700000,100010,16100040,100000,100000,10,16000040
303,669806000,669806000,100000,100000,9000000,9000000,634506000,634506000,9000000,9000000,17200000,17200000,26200000,26200000,35300000,35300000,100000,100000,9000000,9000000,0,0,9000000,9000000,17200000,17200000,26200000,26200000,100010,16100040,100000,100000,10,16000040
333,675606000,682706000,100000,100000,8000000,9000000,634506000,634506000,9000000,39000000,24000000,100000,33000000,39100000,41100000,48200000,100000,100000,8000000,9000000,0,0,9000000,39000000,24000000,100000,33000000,39100000,100010,33100020,100000,100000,10,33000020
363,654606000,715706000,100000,100000,1000000,8000000,634506000,634506000,8000000,73000000,11000000,100000,19000000,73100000,20100000,81200000,100000,100000,1000000,8000000,0,0,8000000,73000000,11000000,100000,19000000,73100000,100010,74100050,100000,100000,10,74000050
393,665606000,665606000,100000,100000,9000000,9000000,634506000,634506000,9000000,9000000,13000000,13000000,22000000,22000000,31100000,31100000,100000,100000,9000000,9000000,0,0,9000000,9000000,13000000,13000000,22000000,22000000,100010,16100030,100000,100000,10,16000030
423,674706000,674706000,100000,100000,11000000,11000000,634506000,634506000,11000000,11000000,18100000,18100000,29100000,29100000,40200000,40200000,100000,100000,11000000,11000000,0,0,11000000,11000000,18100000,18100000,29100000,29100000,100010,26100040,100000,100000,10,26000040
453,666006000,682706000,100000,100000,11000000,11000000,634506000,634506000,11000000,37000000,9400000,100000,20400000,37100000,31500000,48200000,100000,100000,11000000,11000000,0,0,11000000,37000000,9400000,100000,20400000,37100000,100010,33100020,100000,100000,10,33000020
483,668706000,719706000,100000,100000,3000000,4000000,634506000,634506000,4000000,81000000,27100000,100000,31100000,81100000,34200000,85200000,100000,100000,3000000,4000000,0,0,4000000,81000000,27100000,100000,31100000,81100000,100010,83100050,100000,100000,10,83000050
513,729706000,729706000,100000,100000,47000000,47000000,634506000,634506000,47000000,47000000,1100000,1100000,48100000,48100000,95200000,95200000,100000,100000,47000000,47000000,0,0,47000000,47000000,1100000,1100000,48100000,48100000,100010,9100040,100000,100000,10,9000040
543,684306000,732706000,100000,100000,18000000,18000000,634506000,634506000,18000000,80000000,13700000,100000,31700000,80100000,49800000,98200000,100000,100000,18000000,18000000,0,0,18000000,80000000,13700000,100000,31700000,80100000,100010,62100010,100000,100000,10,62000010
573,676906000,701706000,100000,100000,10000000,10000000,634506000,634506000,10000000,57000000,22300000,100000,32300000,57100000,42400000,67200000,100000,100000,10000000,10000000,0,0,10000000,57000000,22300000,100000,32300000,57100000,100010,49100020,100000,100000,10,49000020
603,676906000,677906000,100000,100000,7000000,8000000,634506000,634506000,8000000,8000000,27300000,27300000,35300000,35300000,42400000,43400000,100000,100000,7000000,8000000,0,0,8000000,8000000,27300000,27300000,35300000,35300000,100010,26100040,100000,100000,10,26000040
633,668906000,724706000,100000,100000,9000000,10000000,634506000,634506000,10000000,80000000,15300000,100000,25300000,80100000,34400000,90200000,100000,100000,9000000,10000000,0,0,10000000,80000000,15300000,100000,25300000,80100000,100010,83100020,100000,100000,10,83000020
663,678606000,680606000,100000,100000,6000000,8000000,634506000,634506000,8000000,8000000,30000000,30000000,38000000,38000000,44100000,46100000,100000,100000,6000000,8000000,0,0,8000000,8000000,30000000,30000000,38000000,38000000,100010,10100010,100000,100000,10,10000010
693,686506000,687506000,100000,100000,17000000,18000000,634506000,634506000,18000000,18000000,16900000,16900000,34900000,34900000,52000000,53000000,100000,100000,17000000,18000000,0,0,18000000,18000000,16900000,16900000,34900000,34900000,100010,21100010,100000,100000,10,21000010
723,642506000,716706000,100000,100000,1000000,1000000,634506000,634506000,1000000,81000000,5900000,100000,6900000,81100000,8000000,82200000,100000,100000,1000000,1000000,0,0,1000000,81000000,5900000,100000,6900000,81100000,100010,81100040,100000,100000,10,81000040
753,656706000,716806000,100000,100000,0,1000000,634506000,634506000,1000000,81000000,21100000,200000,22100000,81200000,22200000,82300000,100000,100000,0,1000000,0,0,1000000,81000000,21100000,200000,22100000,81200000,100010,81100030,100000,100000,10,81000030
783,647806000,716706000,100000,100000,1000000,1000000,634506000,634506000,1000000,81000000,11200000,100000,12200000,81100000,13300000,82200000,100000,100000,1000000,1000000,0,0,1000000,81000000,11200000,100000,12200000,81100000,100010,81100040,100000,100000,10,81000040
813,649806000,653706000,100000,100000,1000000,1000000,634506000,634506000,1000000,18000000,13200000,100000,14200000,18100000,15300000,19200000,100000,100000,1000000,1000000,0,0,1000000,18000000,13200000,100000,14200000,18100000,100010,18100020,100000,100000,10,18000020
843,660906000,663906000,100000,100000,8000000,11000000,634506000,634506000,11000000,11000000,7300000,7300000,18300000,18300000,26400000,29400000,100000,100000,8000000,11000000,0,0,11000000,11000000,7300000,7300000,18300000,18300000,100010,8100020,100000,100000,10,8000020
873,680506000,716706000,100000,100000,7000000,8000000,634506000,634506000,8000000,74000000,30900000,100000,38900000,74100000,46000000,82200000,100000,100000,7000000,8000000,0,0,8000000,74000000,30900000,100000,38900000,74100000,100010,81100040,100000,100000,10,81000040
903,673106000,674106000,100000,100000,7000000,8000000,634506000,634506000,8000000,8000000,23500000,23500000,31500000,31500000,38600000,39600000,100000,100000,7000000,8000000,0,0,8000000,8000000,23500000,23500000,31500000,31500000,100010,7100010,100000,100000,10,7000010
933,676806000,676806000,100000,100000,13000000,13000000,634506000,634506000,13000000,13000000,16200000,16200000,29200000,29200000,42300000,42300000,100000,100000,13000000,13000000,0,0,13000000,13000000,16200000,16200000,29200000,29200000,100010,26100040,100000,100000,10,26000040
963,650706000,650706000,100000,100000,8000000,8000000,634506000,634506000,8000000,8000000,100000,100000,8100000,8100000,16200000,16200000,100000,100000,8000000,8000000,0,0,8000000,8000000,100000,100000,8100000,8100000,100010,100000,100000,100000,10,0
993,677806000,10830902000,100000,100000,19000000,20000000,634506000,10786602000,20000000,20000000,4200000,4200000,24200000,24200000,43300000,44300000,100000,100000,19000000,20000000,0,0,20000000,20000000,4200000,4200000,24200000,24200000,100010,100000,100000,100000,10,0
1023,748806000,2026718000,100000,100000,38000000,46000000,634506000,1903518000,46000000,47000000,30200000,30100000,76200000,77100000,114300000,123200000,100000,100000,38000000,46000000,0,0,46000000,47000000,30200000,30100000,76200000,77100000,100010,112100070,100000,100000,10,112000070
1053,640606000,646606000,100000,100000,6000000,12000000,634506000,634506000,0,0,0,0,0,0,6100000,12100000,100000,100000,6000000,12000000,0,0,0,0,0,0,0,0,100010,100000,100000,100000,10,0
1083,651706000,3190730000,100000,100000,8000000,9000000,634506000,3172530000,9000000,9000000,100000,100000,9100000,9100000,17200000,18200000,100000,100000,8000000,9000000,0,0,9000000,9000000,100000,100000,9100000,9100000,100010,100000,100000,100000,10,0
1113,641606000,1911618000,100000,100000,7000000,8000000,634506000,1903518000,0,0,0,0,0,0,7100000,8100000,100000,100000,7000000,8000000,0,0,0,0,0,0,0,0,100010,100000,100000,100000,10,0
1143,642706000,3823236000,100000,100000,0,8000000,634506000,3807036000,8000000,8000000,100000,100000,8100000,8100000,8200000,16200000,100000,100000,0,8000000,0,0,8000000,8000000,100000,100000,8100000,8100000,100010,100000,100000,100000,10,0
1173,671806000,4483842000,100000,100000,8000000,13000000,634506000,4441542000,13000000,13000000,16200000,16200000,29200000,29200000,37300000,42300000,100000,100000,8000000,13000000,0,0,13000000,13000000,16200000,16200000,29200000,29200000,100010,17100030,100000,100000,10,17000030
1203,644606000,645606000,100000,100000,10000000,11000000,634506000,634506000,0,0,0,0,0,0,10100000,11100000,100000,100000,10000000,11000000,0,0,0,0,0,0,0,0,100010,100000,100000,100000,10,0
1233,820906000,1456412000,100000,100000,80000000,81000000,634506000,1269012000,81000000,81000000,25300000,25300000,106300000,106300000,186400000,187400000,100000,100000,80000000,81000000,0,0,81000000,81000000,25300000,25300000,106300000,106300000,100010,132100030,100000,100000,10,132000030
1263,640606000,642606000,100000,100000,6000000,8000000,634506000,634506000,0,0,0,0,0,0,6100000,8100000,100000,100000,6000000,8000000,0,0,0,0,0,0,0,0,100010,100000,100000,100000,10,0
4,671106000,732106000,100000,100000,10000000,17000000,634506000,634506000,17000000,80000000,9500000,500000,26500000,80500000,36600000,97600000,100000,100000,10000000,17000000,0,0,17000000,80000000,9500000,500000,26500000,80500000,100010,65100030,100000,100000,10,65000030
34,698506000,699506000,100000,100000,19000000,20000000,634506000,634506000,20000000,20000000,24900000,24900000,44900000,44900000,64000000,65000000,100000,100000,19000000,20000000,0,0,20000000,20000000,24900000,24900000,44900000,44900000,100010,22100010,100000,100000,10,22000010
64,679706000,703706000,100000,100000,10000000,11000000,634506000,634506000,11000000,58000000,24100000,100000,35100000,58100000,45200000,69200000,100000,100000,10000000,11000000,0,0,11000000,58000000,24100000,100000,35100000,58100000,100010,68100040,100000,100000,10,68000040
94,681006000,692706000,100000,100000,19000000,19000000,634506000,634506000,19000000,39000000,8400000,100000,27400000,39100000,46500000,58200000,100000,100000,19000000,19000000,0,0,19000000,39000000,8400000,100000,27400000,39100000,100010,22100010,100000,100000,10,22000010
124,652706000,652706000,100000,100000,1000000,1000000,634506000,634506000,1000000,1000000,16100000,16100000,17100000,17100000,18200000,18200000,100000,100000,1000000,1000000,0,0,1000000,1000000,16100000,16100000,17100000,17100000,100010,12100030,100000,100000,10,12000030
154,660706000,660706000,100000,100000,8000000,8000000,634506000,634506000,8000000,8000000,10100000,10100000,18100000,18100000,26200000,26200000,100000,100000,8000000,8000000,0,0,8000000,8000000,10100000,10100000,18100000,18100000,100010,25100030,100000,100000,10,25000030
184,690606000,690606000,100000,100000,20000000,20000000,634506000,634506000,20000000,20000000,16000000,16000000,36000000,36000000,56100000,56100000,100000,100000,20000000,20000000,0,0,20000000,20000000,16000000,16000000,36000000,36000000,100010,27100040,100000,100000,10,27000040
214,677806000,677806000,100000,100000,20000000,20000000,634506000,634506000,20000000,20000000,3200000,3200000,23200000,23200000,43300000,43300000,100000,100000,20000000,20000000,0,0,20000000,20000000,3200000,3200000,23200000,23200000,100010,1100010,100000,100000,10,1000010
244,668106000,669106000,100000,100000,8000000,9000000,634506000,634506000,9000000,9000000,16500000,16500000,25500000,25500000,33600000,34600000,100000,100000,8000000,9000000,0,0,9000000,9000000,16500000,16500000,25500000,25500000,100010,11100010,100000,100000,10,11000010
274,668306000,669306000,100000,100000,8000000,9000000,634506000,634506000,9000000,9000000,16700000,16700000,25700000,25700000,33800000,34800000,100000,100000,8000000,9000000,0,0,9000000,9000000,16700000,16700000,25700000,25700000,100010,16100040,100000,100000,10,16000040
304,669806000,669806000,100000,100000,9000000,9000000,634506000,634506000,9000000,9000000,17200000,17200000,26200000,26200000,35300000,35300000,100000,100000,9000000,9000000,0,0,9000000,9000000,17200000,17200000,26200000,26200000,100010,16100040,100000,100000,10,16000040
334,675606000,682706000,100000,100000,8000000,9000000,634506000,634506000,9000000,39000000,24000000,100000,33000000,39100000,41100000,48200000,100000,100000,8000000,9000000,0,0,9000000,39000000,24000000,100000,33000000,39100000,100010,33100020,100000,100000,10,33000020
364,651706000,652706000,100000,100000,8000000,9000000,634506000,634506000,9000000,9000000,100000,100000,9100000,9100000,17200000,18200000,100000,100000,8000000,9000000,0,0,9000000,9000000,100000,100000,9100000,9100000,100010,1100010,100000,100000,10,1000010
394,665606000,665606000,100000,100000,9000000,9000000,634506000,634506000,9000000,9000000,13000000,13000000,22000000,22000000,31100000,31100000,100000,100000,9000000,9000000,0,0,9000000,9000000,13000000,13000000,22000000,22000000,100010,16100030,100000,100000,10,16000030
424,674606000,675606000,100000,100000,11000000,12000000,634506000,634506000,12000000,12000000,17000000,17000000,29000000,29000000,40100000,41100000,100000,100000,11000000,12000000,0,0,12000000,12000000,17000000,17000000,29000000,29000000,100010,26100040,100000,100000,10,26000040
454,666006000,683706000,100000,100000,11000000,12000000,634506000,634506000,12000000,37000000,8400000,100000,20400000,37100000,31500000,49200000,100000,100000,11000000,12000000,0,0,12000000,37000000,8400000,100000,20400000,37100000,100010,33100020,100000,100000,10,33000020
484,668706000,719706000,100000,100000,3000000,4000000,634506000,634506000,4000000,81000000,27100000,100000,31100000,81100000,34200000,85200000,100000,100000,3000000,4000000,0,0,4000000,81000000,27100000,100000,31100000,81100000,100010,83100050,100000,100000,10,83000050
514,748506000,753606000,100000,100000,41000000,42000000,634506000,634506000,42000000,47000000,30900000,30000000,72900000,77000000,114000000,119100000,100000,100000,41000000,42000000,0,0,42000000,47000000,30900000,30000000,72900000,77000000,100010,115100080,100000,100000,10,115000080
544,684306000,732706000,100000,100000,18000000,18000000,634506000,634506000,18000000,80000000,13700000,100000,31700000,80100000,49800000,98200000,100000,100000,18000000,18000000,0,0,18000000,80000000,13700000,100000,31700000,80100000,100010,62100010,100000,100000,10,62000010
574,676906000,701706000,100000,100000,10000000,10000000,634506000,634506000,10000000,57000000,22300000,100000,32300000,57100000,42400000,67200000,100000,100000,10000000,10000000,0,0,10000000,57000000,22300000,100000,32300000,57100000,100010,49100020,100000,100000,10,49000020
604,668506000,673506000,100000,100000,7000000,12000000,634506000,634506000,12000000,12000000,14900000,14900000,26900000,26900000,34000000,39000000,100000,100000,7000000,12000000,0,0,12000000,12000000,14900000,14900000,26900000,26900000,100010,11100030,100000,100000,10,11000030
634,668306000,725006000,100000,100000,9000000,10000000,634506000,634506000,10000000,80000000,14700000,400000,24700000,80400000,33800000,90500000,100000,100000,9000000,10000000,0,0,10000000,80000000,14700000,400000,24700000,80400000,100010,83100020,100000,100000,10,83000020
664,658706000,660706000,100000,100000,6000000,6000000,634506000,634506000,6000000,20000000,12100000,100000,18100000,20100000,24200000,26200000,100000,100000,6000000,6000000,0,0,6000000,20000000,12100000,100000,18100000,20100000,100010,20100030,100000,100000,10,20000030
694,695306000,696306000,100000,100000,17000000,18000000,634506000,634506000,18000000,18000000,25700000,25700000,43700000,43700000,60800000,61800000,100000,100000,17000000,18000000,0,0,18000000,18000000,25700000,25700000,43700000,43700000,100010,21100010,100000,100000,10,21000010
724,651606000,659606000,100000,100000,1000000,9000000,634506000,634506000,9000000,9000000,7000000,7000000,16000000,16000000,17100000,25100000,100000,100000,1000000,9000000,0,0,9000000,9000000,7000000,7000000,16000000,16000000,100010,1100010,100000,100000,10,1000010
754,643606000,655706000,100000,100000,1000000,1000000,634506000,634506000,1000000,20000000,7000000,100000,8000000,20100000,9100000,21200000,100000,100000,1000000,1000000,0,0,1000000,20000000,7000000,100000,8000000,20100000,100010,20100030,100000,100000,10,20000030
784,647806000,716706000,100000,100000,1000000,1000000,634506000,634506000,1000000,81000000,11200000,100000,12200000,81100000,13300000,82200000,100000,100000,1000000,1000000,0,0,1000000,81000000,11200000,100000,12200000,81100000,100010,81100040,100000,100000,10,81000040
814,656706000,716806000,100000,100000,0,1000000,634506000,634506000,1000000,81000000,21100000,200000,22100000,81200000,22200000,82300000,100000,100000,0,1000000,0,0,1000000,81000000,21100000,200000,22100000,81200000,100010,81100030,100000,100000,10,81000030
844,642606000,643606000,100000,100000,8000000,9000000,634506000,634506000,0,0,0,0,0,0,8100000,9100000,100000,100000,8000000,9000000,0,0,0,0,0,0,0,0,100010,100000,100000,100000,10,0
874,680506000,716706000,100000,100000,7000000,8000000,634506000,634506000,8000000,74000000,30900000,100000,38900000,74100000,46000000,82200000,100000,100000,7000000,8000000,0,0,8000000,74000000,30900000,100000,38900000,74100000,100010,81100040,100000,100000,10,81000040
904,676606000,681706000,100000,100000,7000000,8000000,634506000,634506000,8000000,39000000,27000000,100000,35000000,39100000,42100000,47200000,100000,100000,7000000,8000000,0,0,8000000,39000000,27000000,100000,35000000,39100000,100010,45100040,100000,100000,10,45000040
934,676906000,676906000,100000,100000,13000000,13000000,634506000,634506000,13000000,13000000,16300000,16300000,29300000,29300000,42400000,42400000,100000,100000,13000000,13000000,0,0,13000000,13000000,16300000,16300000,29300000,29300000,100010,26100040,100000,100000,10,26000040
964,752806000,757706000,100000,100000,42000000,46000000,634506000,634506000,46000000,47000000,30200000,30100000,76200000,77100000,118300000,123200000,100000,100000,42000000,46000000,0,0,46000000,47000000,30200000,30100000,76200000,77100000,100010,116100090,100000,100000,10,116000090
994,692006000,17854668000,100000,100000,8000000,39000000,634506000,17766168000,20000000,20000000,29400000,29400000,49400000,49400000,57500000,88500000,100000,100000,8000000,39000000,0,0,20000000,20000000,29400000,29400000,49400000,49400000,100010,17100030,100000,100000,10,17000030
1024,712506000,3906036000,100000,100000,18000000,39000000,634506000,3807036000,39000000,39000000,20900000,20900000,59900000,59900000,78000000,99000000,100000,100000,18000000,39000000,0,0,39000000,39000000,20900000,20900000,59900000,59900000,100010,11100010,100000,100000,10,11000010
1054,645806000,3190830000,100000,100000,5000000,12000000,634506000,3172530000,6000000,6000000,200000,200000,6200000,6200000,11300000,18300000,100000,100000,5000000,12000000,0,0,6000000,6000000,200000,200000,6200000,6200000,100010,100000,100000,100000,10,0
1084,654606000,656606000,100000,100000,20000000,22000000,634506000,634506000,0,0,0,0,0,0,20100000,22100000,100000,100000,20000000,22000000,0,0,0,0,0,0,0,0,100010,100000,100000,100000,10,0
1114,641606000,1911618000,100000,100000,7000000,8000000,634506000,1903518000,0,0,0,0,0,0,7100000,8100000,100000,100000,7000000,8000000,0,0,0,0,0,0,0,0,100010,100000,100000,100000,10,0
1144,638406000,3177430000,100000,100000,0,1000000,634506000,3172530000,1000000,1000000,2800000,2800000,3800000,3800000,3900000,4900000,100000,100000,0,1000000,0,0,1000000,1000000,2800000,2800000,3800000,3800000,100010,100000,100000,100000,10,0
1174,651706000,2556224000,100000,100000,8000000,9000000,634506000,2538024000,9000000,9000000,100000,100000,9100000,9100000,17200000,18200000,100000,100000,8000000,9000000,0,0,9000000,9000000,100000,100000,9100000,9100000,100010,100000,100000,100000,10,0
1204,652606000,1288112000,100000,100000,18000000,19000000,634506000,1269012000,0,0,0,0,0,0,18100000,19100000,100000,100000,18000000,19000000,0,0,0,0,0,0,0,0,100010,100000,100000,100000,10,0
1234,760006000,2092018000,100000,100000,18000000,81000000,634506000,1903518000,81000000,81000000,26400000,26400000,107400000,107400000,125500000,188500000,100000,100000,18000000,81000000,0,0,81000000,81000000,26400000,26400000,107400000,107400000,100010,58100020,100000,100000,10,58000020
1264,640606000,642606000,100000,100000,6000000,8000000,634506000,634506000,0,0,0,0,0,0,6100000,8100000,100000,100000,6000000,8000000,0,0,0,0,0,0,0,0,100010,100000,100000,100000,10,0
5,672806000,710806000,100000,100000,17000000,19000000,634506000,634506000,19000000,57000000,2200000,200000,21200000,57200000,38300000,76300000,100000,100000,17000000,19000000,0,0,19000000,57000000,2200000,200000,21200000,57200000,100010,47100020,100000,100000,10,47000020
35,698506000,699506000,100000,100000,19000000,20000000,634506000,634506000,20000000,20000000,24900000,24900000,44900000,44900000,64000000,65000000,100000,100000,19000000,20000000,0,0,20000000,20000000,24900000,24900000,44900000,44900000,100010,22100010,100000,100000,10,22000010
65,679606000,703806000,100000,100000,10000000,11000000,634506000,634506000,11000000,58000000,24000000,200000,35000000,58200000,45100000,69300000,100000,100000,10000000,11000000,0,0,11000000,58000000,24000000,200000,35000000,58200000,100010,68100040,100000,100000,10,68000040
95,695406000,711706000,100000,100000,19000000,20000000,634506000,634506000,20000000,57000000,21800000,100000,41800000,57100000,60900000,77200000,100000,100000,19000000,20000000,0,0,20000000,57000000,21800000,100000,41800000,57100000,100010,50100040,100000,100000,10,50000040
125,665606000,717706000,100000,100000,1000000,2000000,634506000,634506000,2000000,81000000,28000000,100000,30000000,81100000,31100000,83200000,100000,100000,1000000,2000000,0,0,2000000,81000000,28000000,100000,30000000,81100000,100010,82100030,100000,100000,10,82000030
155,663706000,663706000,100000,100000,8000000,8000000,634506000,634506000,8000000,8000000,13100000,13100000,21100000,21100000,29200000,29200000,100000,100000,8000000,8000000,0,0,8000000,8000000,13100000,13100000,21100000,21100000,100010,25100030,100000,100000,10,25000030
185,690606000,690606000,100000,100000,20000000,20000000,634506000,634506000,20000000,20000000,16000000,16000000,36000000,36000000,56100000,56100000,100000,100000,20000000,20000000,0,0,20000000,20000000,16000000,16000000,36000000,36000000,100010,27100040,100000,100000,10,27000040
215,678906000,678906000,100000,100000,20000000,20000000,634506000,634506000,20000000,20000000,4300000,4300000,24300000,24300000,44400000,44400000,100000,100000,20000000,20000000,0,0,20000000,20000000,4300000,4300000,24300000,24300000,100010,1100010,100000,100000,10,1000010
245,668306000,669306000,100000,100000,8000000,9000000,634506000,634506000,9000000,9000000,16700000,16700000,25700000,25700000,33800000,34800000,100000,100000,8000000,9000000,0,0,9000000,9000000,16700000,16700000,25700000,25700000,100010,16100040,100000,100000,10,16000040
275,669806000,669806000,100000,100000,9000000,9000000,634506000,634506000,9000000,9000000,17200000,17200000,26200000,26200000,35300000,35300000,100000,100000,9000000,9000000,0,0,9000000,9000000,17200000,17200000,26200000,26200000,100010,16100040,100000,100000,10,16000040
305,669806000,669806000,100000,100000,9000000,9000000,634506000,634506000,9000000,9000000,17200000,17200000,26200000,26200000,35300000,35300000,100000,100000,9000000,9000000,0,0,9000000,9000000,17200000,17200000,26200000,26200000,100010,16100040,100000,100000,10,16000040
335,651606000,660706000,100000,100000,8000000,8000000,634506000,634506000,8000000,18000000,1000000,100000,9000000,18100000,17100000,26200000,100000,100000,8000000,8000000,0,0,8000000,18000000,1000000,100000,9000000,18100000,100010,13100010,100000,100000,10,13000010
365,651706000,652706000,100000,100000,8000000,9000000,634506000,634506000,9000000,9000000,100000,100000,9100000,9100000,17200000,18200000,100000,100000,8000000,9000000,0,0,9000000,9000000,100000,100000,9100000,9100000,100010,1100010,100000,100000,10,1000010
395,665606000,665606000,100000,100000,9000000,9000000,634506000,634506000,9000000,9000000,13000000,13000000,22000000,22000000,31100000,31100000,100000,100000,9000000,9000000,0,0,9000000,9000000,13000000,13000000,22000000,22000000,100010,16100030,100000,100000,10,16000030
425,661706000,666006000,100000,100000,7000000,11000000,634506000,634506000,11000000,20000000,9100000,400000,20100000,20400000,27200000,31500000,100000,100000,7000000,11000000,0,0,11000000,20000000,9100000,400000,20100000,20400000,100010,19100030,100000,100000,10,19000030
455,670706000,682706000,100000,100000,11000000,11000000,634506000,634506000,11000000,37000000,14100000,100000,25100000,37100000,36200000,48200000,100000,100000,11000000,11000000,0,0,11000000,37000000,14100000,100000,25100000,37100000,100010,33100020,100000,100000,10,33000020
485,668706000,719706000,100000,100000,3000000,4000000,634506000,634506000,4000000,81000000,27100000,100000,31100000,81100000,34200000,85200000,100000,100000,3000000,4000000,0,0,4000000,81000000,27100000,100000,31100000,81100000,100010,83100050,100000,100000,10,83000050
515,733606000,733606000,100000,100000,39000000,39000000,634506000,634506000,39000000,39000000,21000000,21000000,60000000,60000000,99100000,99100000,100000,100000,39000000,39000000,0,0,39000000,39000000,21000000,21000000,60000000,60000000,100010,33100020,100000,100000,10,33000020
545,750706000,812706000,100000,100000,18000000,80000000,634506000,634506000,80000000,80000000,18100000,18100000,98100000,98100000,116200000,178200000,100000,100000,18000000,80000000,0,0,80000000,80000000,18100000,18100000,98100000,98100000,100010,58100020,100000,100000,10,58000020
575,676806000,701806000,100000,100000,10000000,10000000,634506000,634506000,10000000,57000000,22200000,200000,32200000,57200000,42300000,67300000,100000,100000,10000000,10000000,0,0,10000000,57000000,22200000,200000,32200000,57200000,100010,49100020,100000,100000,10,49000020
605,643606000,645606000,100000,100000,9000000,11000000,634506000,634506000,0,0,0,0,0,0,9100000,11100000,100000,100000,9000000,11000000,0,0,0,0,0,0,0,0,100010,100000,100000,100000,10,0
635,643606000,644606000,100000,100000,9000000,10000000,634506000,634506000,0,0,0,0,0,0,9100000,10100000,100000,100000,9000000,10000000,0,0,0,0,0,0,0,0,100010,100000,100000,100000,10,0
665,657006000,657006000,100000,100000,6000000,6000000,634506000,634506000,6000000,6000000,10400000,10400000,16400000,16400000,22500000,22500000,100000,100000,6000000,6000000,0,0,6000000,6000000,10400000,10400000,16400000,16400000,100010,12100020,100000,100000,10,12000020
695,686506000,687506000,100000,100000,17000000,18000000,634506000,634506000,18000000,18000000,16900000,16900000,34900000,34900000,52000000,53000000,100000,100000,17000000,18000000,0,0,18000000,18000000,16900000,16900000,34900000,34900000,100010,21100010,100000,100000,10,21000010
725,640006000,646706000,100000,100000,1000000,1000000,634506000,634506000,1000000,11000000,3400000,100000,4400000,11100000,5500000,12200000,100000,100000,1000000,1000000,0,0,1000000,11000000,3400000,100000,4400000,11100000,100010,11100030,100000,100000,10,11000030
755,646106000,653806000,100000,100000,1000000,1000000,634506000,634506000,1000000,18000000,9500000,200000,10500000,18200000,11600000,19300000,100000,100000,1000000,1000000,0,0,1000000,18000000,9500000,200000,10500000,18200000,100010,18100020,100000,100000,10,18000020
785,647806000,716706000,100000,100000,1000000,1000000,634506000,634506000,1000000,81000000,11200000,100000,12200000,81100000,13300000,82200000,100000,100000,1000000,1000000,0,0,1000000,81000000,11200000,100000,12200000,81100000,100010,81100040,100000,100000,10,81000040
815,652706000,714706000,100000,100000,0,7000000,634506000,634506000,7000000,73000000,11100000,100000,18100000,73100000,18200000,80200000,100000,100000,0,7000000,0,0,7000000,73000000,11100000,100000,18100000,73100000,100010,73100040,100000,100000,10,73000040
845,653606000,655706000,100000,100000,8000000,8000000,634506000,634506000,8000000,13000000,3000000,100000,11000000,13100000,19100000,21200000,100000,100000,8000000,8000000,0,0,8000000,13000000,3000000,100000,11000000,13100000,100010,10100030,100000,100000,10,10000030
875,669506000,722706000,100000,100000,7000000,8000000,634506000,634506000,8000000,80000000,19900000,100000,27900000,80100000,35000000,88200000,100000,100000,7000000,8000000,0,0,8000000,80000000,19900000,100000,27900000,80100000,100010,85100030,100000,100000,10,85000030
905,672206000,673206000,100000,100000,7000000,8000000,634506000,634506000,8000000,8000000,22600000,22600000,30600000,30600000,37700000,38700000,100000,100000,7000000,8000000,0,0,8000000,8000000,22600000,22600000,30600000,30600000,100010,7100010,100000,100000,10,7000010
935,658506000,661506000,100000,100000,6000000,9000000,634506000,634506000,6000000,6000000,11900000,11900000,17900000,17900000,24000000,27000000,100000,100000,6000000,9000000,0,0,6000000,6000000,11900000,11900000,17900000,17900000,100010,8100020,100000,100000,10,8000020
965,759206000,760206000,100000,100000,47000000,48000000,634506000,634506000,48000000,48000000,29600000,29600000,77600000,77600000,124700000,125700000,100000,100000,47000000,48000000,0,0,48000000,48000000,29600000,29600000,77600000,77600000,100010,4100010,100000,100000,10,4000010
995,651706000,3190730000,100000,100000,8000000,9000000,634506000,3172530000,9000000,9000000,100000,100000,9100000,9100000,17200000,18200000,100000,100000,8000000,9000000,0,0,9000000,9000000,100000,100000,9100000,9100000,100010,100000,100000,100000,10,0
1025,672606000,1308112000,100000,100000,38000000,39000000,634506000,1269012000,0,0,0,0,0,0,38100000,39100000,100000,100000,38000000,39000000,0,0,0,0,0,0,0,0,100010,100000,100000,100000,10,0
1055,679906000,1951918000,100000,100000,17000000,20000000,634506000,1903518000,20000000,20000000,8300000,8300000,28300000,28300000,45400000,48400000,100000,100000,17000000,20000000,0,0,20000000,20000000,8300000,8300000,28300000,28300000,100010,100000,100000,100000,10,0
1085,654606000,655606000,100000,100000,20000000,21000000,634506000,634506000,0,0,0,0,0,0,20100000,21100000,100000,100000,20000000,21000000,0,0,0,0,0,0,0,0,100010,100000,100000,100000,10,0
1115,641606000,1911618000,100000,100000,7000000,8000000,634506000,1903518000,0,0,0,0,0,0,7100000,8100000,100000,100000,7000000,8000000,0,0,0,0,0,0,0,0,100010,100000,100000,100000,10,0
1145,638406000,3811936000,100000,100000,0,1000000,634506000,3807036000,1000000,1000000,2800000,2800000,3800000,3800000,3900000,4900000,100000,100000,0,1000000,0,0,1000000,1000000,2800000,2800000,3800000,3800000,100010,100000,100000,100000,10,0
1175,643606000,651606000,100000,100000,9000000,17000000,634506000,634506000,0,0,0,0,0,0,9100000,17100000,100000,100000,9000000,17000000,0,0,0,0,0,0,0,0,100010,100000,100000,100000,10,0
1205,643606000,1913618000,100000,100000,9000000,10000000,634506000,1903518000,0,0,0,0,0,0,9100000,10100000,100000,100000,9000000,10000000,0,0,0,0,0,0,0,0,100010,100000,100000,100000,10,0
1235,644606000,655606000,100000,100000,10000000,21000000,634506000,634506000,0,0,0,0,0,0,10100000,21100000,100000,100000,10000000,21000000,0,0,0,0,0,0,0,0,100010,100000,100000,100000,10,0
1265,674706000,2580224000,100000,100000,17000000,19000000,634506000,2538024000,19000000,19000000,4100000,4100000,23100000,23100000,40200000,42200000,100000,100000,17000000,19000000,0,0,19000000,19000000,4100000,4100000,23100000,23100000,100010,100000,100000,100000,10,0
6,688706000,709706000,100000,100000,17000000,18000000,634506000,634506000,18000000,57000000,19100000,100000,37100000,57100000,54200000,75200000,100000,100000,17000000,18000000,0,0,18000000,57000000,19100000,100000,37100000,57100000,100010,47100020,100000,100000,10,47000020
36,675606000,676606000,100000,100000,18000000,19000000,634506000,634506000,19000000,19000000,4000000,4000000,23000000,23000000,41100000,42100000,100000,100000,18000000,19000000,0,0,19000000,19000000,4000000,4000000,23000000,23000000,100010,22100020,100000,100000,10,22000020
66,658806000,661806000,100000,100000,7000000,10000000,634506000,634506000,7000000,7000000,10200000,10200000,17200000,17200000,24300000,27300000,100000,100000,7000000,10000000,0,0,7000000,7000000,10200000,10200000,17200000,17200000,100010,8100020,100000,100000,10,8000020
96,698406000,699406000,100000,100000,19000000,20000000,634506000,634506000,20000000,20000000,24800000,24800000,44800000,44800000,63900000,64900000,100000,100000,19000000,20000000,0,0,20000000,20000000,24800000,24800000,44800000,44800000,100010,22100010,100000,100000,10,22000010
126,652706000,652706000,100000,100000,1000000,1000000,634506000,634506000,1000000,1000000,16100000,16100000,17100000,17100000,18200000,18200000,100000,100000,1000000,1000000,0,0,1000000,1000000,16100000,16100000,17100000,17100000,100010,12100030,100000,100000,10,12000030
156,666506000,667506000,100000,100000,7000000,8000000,634506000,634506000,8000000,8000000,16900000,16900000,24900000,24900000,32000000,33000000,100000,100000,7000000,8000000,0,0,8000000,8000000,16900000,16900000,24900000,24900000,100010,8100010,100000,100000,10,8000010
186,690606000,690606000,100000,100000,20000000,20000000,634506000,634506000,20000000,20000000,16000000,16000000,36000000,36000000,56100000,56100000,100000,100000,20000000,20000000,0,0,20000000,20000000,16000000,16000000,36000000,36000000,100010,27100040,100000,100000,10,27000040
216,678906000,678906000,100000,100000,20000000,20000000,634506000,634506000,20000000,20000000,4300000,4300000,24300000,24300000,44400000,44400000,100000,100000,20000000,20000000,0,0,20000000,20000000,4300000,4300000,24300000,24300000,100010,1100010,100000,100000,10,1000010
246,661506000,664306000,100000,100000,8000000,9000000,634506000,634506000,9000000,19000000,9900000,1700000,18900000,20700000,27000000,29800000,100000,100000,8000000,9000000,0,0,9000000,19000000,9900000,1700000,18900000,20700000,100010,16100040,100000,100000,10,16000040
276,669706000,669706000,100000,100000,9000000,9000000,634506000,634506000,9000000,9000000,17100000,17100000,26100000,26100000,35200000,35200000,100000,100000,9000000,9000000,0,0,9000000,9000000,17100000,17100000,26100000,26100000,100010,16100040,100000,100000,10,16000040
306,669806000,669806000,100000,100000,9000000,9000000,634506000,634506000,9000000,9000000,17200000,17200000,26200000,26200000,35300000,35300000,100000,100000,9000000,9000000,0,0,9000000,9000000,17200000,17200000,26200000,26200000,100010,16100040,100000,100000,10,16000040
336,673106000,674106000,100000,100000,8000000,9000000,634506000,634506000,9000000,9000000,21500000,21500000,30500000,30500000,38600000,39600000,100000,100000,8000000,9000000,0,0,9000000,9000000,21500000,21500000,30500000,30500000,100010,17100030,100000,100000,10,17000030
366,651706000,652706000,100000,100000,8000000,9000000,634506000,634506000,9000000,9000000,100000,100000,9100000,9100000,17200000,18200000,100000,100000,8000000,9000000,0,0,9000000,9000000,100000,100000,9100000,9100000,100010,1100010,100000,100000,10,1000010
396,665606000,665606000,100000,100000,9000000,9000000,634506000,634506000,9000000,9000000,13000000,13000000,22000000,22000000,31100000,31100000,100000,100000,9000000,9000000,0,0,9000000,9000000,13000000,13000000,22000000,22000000,100010,16100030,100000,100000,10,16000030
426,688106000,689106000,100000,100000,11000000,12000000,634506000,634506000,12000000,12000000,30500000,30500000,42500000,42500000,53600000,54600000,100000,100000,11000000,12000000,0,0,12000000,12000000,30500000,30500000,42500000,42500000,100010,35100050,100000,100000,10,35000050
456,666906000,725806000,100000,100000,11000000,11000000,634506000,634506000,11000000,80000000,10300000,200000,21300000,80200000,32400000,91300000,100000,100000,11000000,11000000,0,0,11000000,80000000,10300000,200000,21300000,80200000,100010,86100040,100000,100000,10,86000040
486,652706000,719306000,100000,100000,1000000,3000000,634506000,634506000,3000000,81000000,14100000,700000,17100000,81700000,18200000,84800000,100000,100000,1000000,3000000,0,0,3000000,81000000,14100000,700000,17100000,81700000,100010,80100040,100000,100000,10,80000040
516,722006000,723006000,100000,100000,38000000,39000000,634506000,634506000,39000000,39000000,10400000,10400000,49400000,49400000,87500000,88500000,100000,100000,38000000,39000000,0,0,39000000,39000000,10400000,10400000,49400000,49400000,100010,22100010,100000,100000,10,22000010
546,641606000,645606000,100000,100000,7000000,11000000,634506000,634506000,0,0,0,0,0,0,7100000,11100000,100000,100000,7000000,11000000,0,0,0,0,0,0,0,0,100010,100000,100000,100000,10,0
576,663806000,664806000,100000,100000,9000000,10000000,634506000,634506000,9000000,9000000,11200000,11200000,20200000,20200000,29300000,30300000,100000,100000,9000000,10000000,0,0,9000000,9000000,11200000,11200000,20200000,20200000,100010,19100030,100000,100000,10,19000030
606,651606000,662306000,100000,100000,1000000,9000000,634506000,634506000,9000000,17000000,7000000,1700000,16000000,18700000,17100000,27800000,100000,100000,1000000,9000000,0,0,9000000,17000000,7000000,1700000,16000000,18700000,100010,11100030,100000,100000,10,11000030
636,662206000,729806000,100000,100000,9000000,10000000,634506000,634506000,9000000,85000000,9600000,200000,18600000,85200000,27700000,95300000,100000,100000,9000000,10000000,0,0,9000000,85000000,9600000,200000,18600000,85200000,100010,93100030,100000,100000,10,93000030
666,655006000,659006000,100000,100000,6000000,10000000,634506000,634506000,6000000,6000000,8400000,8400000,14400000,14400000,20500000,24500000,100000,100000,6000000,10000000,0,0,6000000,6000000,8400000,8400000,14400000,14400000,100010,5100030,100000,100000,10,5000030
696,686506000,687506000,100000,100000,17000000,18000000,634506000,634506000,18000000,18000000,16900000,16900000,34900000,34900000,52000000,53000000,100000,100000,17000000,18000000,0,0,18000000,18000000,16900000,16900000,34900000,34900000,100010,21100010,100000,100000,10,21000010
726,680706000,734906000,100000,100000,18000000,20000000,634506000,634506000,18000000,80000000,10100000,300000,28100000,80300000,46200000,100400000,100000,100000,18000000,20000000,0,0,18000000,80000000,10100000,300000,28100000,80300000,100010,63100020,100000,100000,10,63000020
756,652406000,716806000,100000,100000,0,1000000,634506000,634506000,1000000,81000000,16800000,200000,17800000,81200000,17900000,82300000,100000,100000,0,1000000,0,0,1000000,81000000,16800000,200000,17800000,81200000,100010,81100030,100000,100000,10,81000030
786,647806000,716706000,100000,100000,1000000,1000000,634506000,634506000,1000000,81000000,11200000,100000,12200000,81100000,13300000,82200000,100000,100000,1000000,1000000,0,0,1000000,81000000,11200000,100000,12200000,81100000,100010,81100040,100000,100000,10,81000040
816,670306000,732506000,100000,100000,0,15000000,634506000,634506000,15000000,81000000,20700000,1900000,35700000,82900000,35800000,98000000,100000,100000,0,15000000,0,0,15000000,81000000,20700000,1900000,35700000,82900000,100010,66100020,100000,100000,10,66000020
846,653606000,655706000,100000,100000,8000000,8000000,634506000,634506000,8000000,13000000,3000000,100000,11000000,13100000,19100000,21200000,100000,100000,8000000,8000000,0,0,8000000,13000000,3000000,100000,11000000,13100000,100010,10100030,100000,100000,10,10000030
876,671706000,722706000,100000,100000,7000000,8000000,634506000,634506000,8000000,80000000,22100000,100000,30100000,80100000,37200000,88200000,100000,100000,7000000,8000000,0,0,8000000,80000000,22100000,100000,30100000,80100000,100010,85100030,100000,100000,10,85000030
906,673106000,674106000,100000,100000,7000000,8000000,634506000,634506000,8000000,8000000,23500000,23500000,31500000,31500000,38600000,39600000,100000,100000,7000000,8000000,0,0,8000000,8000000,23500000,23500000,31500000,31500000,100010,7100010,100000,100000,10,7000010
936,651806000,651806000,100000,100000,6000000,6000000,634506000,634506000,6000000,6000000,5200000,5200000,11200000,11200000,17300000,17300000,100000,100000,6000000,6000000,0,0,6000000,6000000,5200000,5200000,11200000,11200000,100010,5100010,100000,100000,10,5000010
966,708806000,738106000,100000,100000,8000000,37000000,634506000,634506000,37000000,38000000,29200000,28500000,66200000,66500000,74300000,103600000,100000,100000,8000000,37000000,0,0,37000000,38000000,29200000,28500000,66200000,66500000,100010,12100040,100000,100000,10,12000040
996,673206000,22311910000,100000,100000,0,19000000,634506000,22207710000,19000000,85000000,19600000,100000,38600000,85100000,38700000,104200000,100000,100000,0,19000000,0,0,19000000,85000000,19600000,100000,38600000,85100000,100010,78100040,100000,100000,10,78000040
1026,721706000,5195348000,100000,100000,17000000,39000000,634506000,5076048000,39000000,80000000,31100000,200000,70100000,80200000,87200000,119300000,100000,100000,17000000,39000000,0,0,39000000,80000000,31100000,200000,70100000,80200000,100010,62100010,100000,100000,10,62000010
1056,676806000,1313312000,100000,100000,18000000,20000000,634506000,1269012000,19000000,19000000,5200000,5200000,24200000,24200000,42300000,44300000,100000,100000,18000000,20000000,0,0,19000000,19000000,5200000,5200000,24200000,24200000,100010,100000,100000,100000,10,0
1086,662106000,4509742000,100000,100000,8000000,11000000,634506000,4441542000,11000000,57000000,8500000,100000,19500000,57100000,27600000,68200000,100000,100000,8000000,11000000,0,0,11000000,57000000,8500000,100000,19500000,57100000,100010,56100030,100000,100000,10,56000030
1116,641606000,1911618000,100000,100000,7000000,8000000,634506000,1903518000,0,0,0,0,0,0,7100000,8100000,100000,100000,7000000,8000000,0,0,0,0,0,0,0,0,100010,100000,100000,100000,10,0
1146,638406000,3177430000,100000,100000,0,1000000,634506000,3172530000,1000000,1000000,2800000,2800000,3800000,3800000,3900000,4900000,100000,100000,0,1000000,0,0,1000000,1000000,2800000,2800000,3800000,3800000,100010,100000,100000,100000,10,0
1176,656506000,5124248000,100000,100000,1000000,9000000,634506000,5076048000,8000000,39000000,12900000,100000,20900000,39100000,22000000,48200000,100000,100000,1000000,9000000,0,0,8000000,39000000,12900000,100000,20900000,39100000,100010,33100020,100000,100000,10,33000020
1206,643606000,1913618000,100000,100000,9000000,10000000,634506000,1903518000,0,0,0,0,0,0,9100000,10100000,100000,100000,9000000,10000000,0,0,0,0,0,0,0,0,100010,100000,100000,100000,10,0
1236,644806000,1921818000,100000,100000,1000000,9000000,634506000,1903518000,9000000,9000000,200000,200000,9200000,9200000,10300000,18300000,100000,100000,1000000,9000000,0,0,9000000,9000000,200000,200000,9200000,9200000,100010,100000,100000,100000,10,0
1266,755106000,1394612000,100000,100000,43000000,48000000,634506000,1269012000,48000000,48000000,29500000,29500000,77500000,77500000,120600000,125600000,100000,100000,43000000,48000000,0,0,48000000,48000000,29500000,29500000,77500000,77500000,100010,100000,100000,100000,10,0
7,697206000,737706000,100000,100000,17000000,18000000,634506000,634506000,18000000,85000000,27600000,100000,45600000,85100000,62700000,103200000,100000,100000,17000000,18000000,0,0,18000000,85000000,27600000,100000,45600000,85100000,100010,75100030,100000,100000,10,75000030
37,679906000,737806000,100000,100000,18000000,18000000,634506000,634506000,18000000,85000000,9300000,200000,27300000,85200000,45400000,103300000,100000,100000,18000000,18000000,0,0,18000000,85000000,9300000,200000,27300000,85200000,100010,74100030,100000,100000,10,74000030
67,676606000,677606000,100000,100000,10000000,11000000,634506000,634506000,11000000,11000000,21000000,21000000,32000000,32000000,42100000,43100000,100000,100000,10000000,11000000,0,0,11000000,11000000,21000000,21000000,32000000,32000000,100010,24100030,100000,100000,10,24000030
97,698406000,699406000,100000,100000,19000000,20000000,634506000,634506000,20000000,20000000,24800000,24800000,44800000,44800000,63900000,64900000,100000,100000,19000000,20000000,0,0,20000000,20000000,24800000,24800000,44800000,44800000,100010,22100010,100000,100000,10,22000010
127,648506000,652506000,100000,100000,1000000,5000000,634506000,634506000,5000000,5000000,7900000,7900000,12900000,12900000,14000000,18000000,100000,100000,1000000,5000000,0,0,5000000,5000000,7900000,7900000,12900000,12900000,100010,9100030,100000,100000,10,9000030
157,664206000,722806000,100000,100000,7000000,8000000,634506000,634506000,8000000,80000000,14600000,200000,22600000,80200000,29700000,88300000,100000,100000,7000000,8000000,0,0,8000000,80000000,14600000,200000,22600000,80200000,100010,85100030,100000,100000,10,85000030
187,686506000,686506000,100000,100000,20000000,20000000,634506000,634506000,20000000,20000000,11900000,11900000,31900000,31900000,52000000,52000000,100000,100000,20000000,20000000,0,0,20000000,20000000,11900000,11900000,31900000,31900000,100010,27100040,100000,100000,10,27000040
217,678906000,678906000,100000,100000,20000000,20000000,634506000,634506000,20000000,20000000,4300000,4300000,24300000,24300000,44400000,44400000,100000,100000,20000000,20000000,0,0,20000000,20000000,4300000,4300000,24300000,24300000,100010,1100010,100000,100000,10,1000010
247,661706000,699706000,100000,100000,7000000,8000000,634506000,634506000,7000000,57000000,13100000,100000,20100000,57100000,27200000,65200000,100000,100000,7000000,8000000,0,0,7000000,57000000,13100000,100000,20100000,57100000,100010,57100040,100000,100000,10,57000040
277,669806000,669806000,100000,100000,9000000,9000000,634506000,634506000,9000000,9000000,17200000,17200000,26200000,26200000,35300000,35300000,100000,100000,9000000,9000000,0,0,9000000,9000000,17200000,17200000,26200000,26200000,100010,16100040,100000,100000,10,16000040
307,667306000,667306000,100000,100000,9000000,9000000,634506000,634506000,9000000,9000000,14700000,14700000,23700000,23700000,32800000,32800000,100000,100000,9000000,9000000,0,0,9000000,9000000,14700000,14700000,23700000,23700000,100010,16100040,100000,100000,10,16000040
337,661206000,724706000,100000,100000,6000000,8000000,634506000,634506000,6000000,80000000,14600000,2100000,20600000,82100000,26700000,90200000,100000,100000,6000000,8000000,0,0,6000000,80000000,14600000,2100000,20600000,82100000,100010,77100030,100000,100000,10,77000030
367,651706000,652706000,100000,100000,8000000,9000000,634506000,634506000,9000000,9000000,100000,100000,9100000,9100000,17200000,18200000,100000,100000,8000000,9000000,0,0,9000000,9000000,100000,100000,9100000,9100000,100010,1100010,100000,100000,10,1000010
397,665606000,665606000,100000,100000,9000000,9000000,634506000,634506000,9000000,9000000,13000000,13000000,22000000,22000000,31100000,31100000,100000,100000,9000000,9000000,0,0,9000000,9000000,13000000,13000000,22000000,22000000,100010,16100030,100000,100000,10,16000030
427,667206000,667206000,100000,100000,11000000,11000000,634506000,634506000,11000000,11000000,10600000,10600000,21600000,21600000,32700000,32700000,100000,100000,11000000,11000000,0,0,11000000,11000000,10600000,10600000,21600000,21600000,100010,23100020,100000,100000,10,23000020
457,666006000,683706000,100000,100000,11000000,12000000,634506000,634506000,12000000,37000000,8400000,100000,20400000,37100000,31500000,49200000,100000,100000,11000000,12000000,0,0,12000000,37000000,8400000,100000,20400000,37100000,100010,33100020,100000,100000,10,33000020
487,669606000,669606000,100000,100000,4000000,4000000,634506000,634506000,4000000,4000000,27000000,27000000,31000000,31000000,35100000,35100000,100000,100000,4000000,4000000,0,0,4000000,4000000,27000000,27000000,31000000,31000000,100010,15100040,100000,100000,10,15000040
517,712406000,733406000,100000,100000,18000000,39000000,634506000,634506000,39000000,39000000,20800000,20800000,59800000,59800000,77900000,98900000,100000,100000,18000000,39000000,0,0,39000000,39000000,20800000,20800000,59800000,59800000,100010,25100040,100000,100000,10,25000040
547,669306000,670306000,100000,100000,7000000,8000000,634506000,634506000,8000000,8000000,19700000,19700000,27700000,27700000,34800000,35800000,100000,100000,7000000,8000000,0,0,8000000,8000000,19700000,19700000,27700000,27700000,100010,22100030,100000,100000,10,22000030
577,676906000,701706000,100000,100000,10000000,10000000,634506000,634506000,10000000,57000000,22300000,100000,32300000,57100000,42400000,67200000,100000,100000,10000000,10000000,0,0,10000000,57000000,22300000,100000,32300000,57100000,100010,49100020,100000,100000,10,49000020
607,655906000,664906000,100000,100000,0,9000000,634506000,634506000,9000000,9000000,12300000,12300000,21300000,21300000,21400000,30400000,100000,100000,0,9000000,0,0,9000000,9000000,12300000,12300000,21300000,21300000,100010,12100040,100000,100000,10,12000040
637,661606000,727706000,100000,100000,7000000,9000000,634506000,634506000,9000000,80000000,11000000,4100000,20000000,84100000,27100000,93200000,100000,100000,7000000,9000000,0,0,9000000,80000000,11000000,4100000,20000000,84100000,100010,83100020,100000,100000,10,83000020
667,658606000,660806000,100000,100000,6000000,6000000,634506000,634506000,6000000,20000000,12000000,200000,18000000,20200000,24100000,26300000,100000,100000,6000000,6000000,0,0,6000000,20000000,12000000,200000,18000000,20200000,100010,20100030,100000,100000,10,20000030
697,686506000,687506000,100000,100000,17000000,18000000,634506000,634506000,18000000,18000000,16900000,16900000,34900000,34900000,52000000,53000000,100000,100000,17000000,18000000,0,0,18000000,18000000,16900000,16900000,34900000,34900000,100010,21100010,100000,100000,10,21000010
727,664706000,720906000,100000,100000,6000000,6000000,634506000,634506000,6000000,80000000,18100000,300000,24100000,80300000,30200000,86400000,100000,100000,6000000,6000000,0,0,6000000,80000000,18100000,300000,24100000,80300000,100010,82100030,100000,100000,10,82000030
757,643806000,716706000,100000,100000,1000000,1000000,634506000,634506000,1000000,81000000,7200000,100000,8200000,81100000,9300000,82200000,100000,100000,1000000,1000000,0,0,1000000,81000000,7200000,100000,8200000,81100000,100010,81100040,100000,100000,10,81000040
787,647806000,716706000,100000,100000,1000000,1000000,634506000,634506000,1000000,81000000,11200000,100000,12200000,81100000,13300000,82200000,100000,100000,1000000,1000000,0,0,1000000,81000000,11200000,100000,12200000,81100000,100010,81100040,100000,100000,10,81000040
817,657006000,716806000,100000,100000,0,1000000,634506000,634506000,1000000,81000000,21400000,200000,22400000,81200000,22500000,82300000,100000,100000,0,1000000,0,0,1000000,81000000,21400000,200000,22400000,81200000,100010,81100030,100000,100000,10,81000030
847,653606000,655706000,100000,100000,8000000,8000000,634506000,634506000,8000000,13000000,3000000,100000,11000000,13100000,19100000,21200000,100000,100000,8000000,8000000,0,0,8000000,13000000,3000000,100000,11000000,13100000,100010,10100030,100000,100000,10,10000030
877,674406000,675406000,100000,100000,12000000,13000000,634506000,634506000,12000000,12000000,15800000,15800000,27800000,27800000,39900000,40900000,100000,100000,12000000,13000000,0,0,12000000,12000000,15800000,15800000,27800000,27800000,100010,26100040,100000,100000,10,26000040
907,672906000,673906000,100000,100000,7000000,8000000,634506000,634506000,8000000,8000000,23300000,23300000,31300000,31300000,38400000,39400000,100000,100000,7000000,8000000,0,0,8000000,8000000,23300000,23300000,31300000,31300000,100010,7100010,100000,100000,10,7000010
937,655406000,657406000,100000,100000,9000000,11000000,634506000,634506000,9000000,9000000,2800000,2800000,11800000,11800000,20900000,22900000,100000,100000,9000000,11000000,0,0,9000000,9000000,2800000,2800000,11800000,11800000,100010,8100010,100000,100000,10,8000010
967,660506000,686706000,100000,100000,8000000,8000000,634506000,634506000,8000000,44000000,9900000,100000,17900000,44100000,26000000,52200000,100000,100000,8000000,8000000,0,0,8000000,44000000,9900000,100000,17900000,44100000,100010,36100030,100000,100000,10,36000030
997,684306000,23571222000,100000,100000,5000000,20000000,634506000,23476722000,20000000,74000000,24700000,400000,44700000,74400000,49800000,94500000,100000,100000,5000000,20000000,0,0,20000000,74000000,24700000,400000,44700000,74400000,100010,63100040,100000,100000,10,63000040
1027,742906000,16676556000,100000,100000,9000000,80000000,634506000,16497156000,74000000,74000000,25300000,25300000,99300000,99300000,108400000,179400000,100000,100000,9000000,80000000,0,0,74000000,74000000,25300000,25300000,99300000,99300000,100010,45100030,100000,100000,10,45000030
1057,685406000,12124514000,100000,100000,1000000,19000000,634506000,12055614000,19000000,19000000,30800000,30800000,49800000,49800000,50900000,68900000,100000,100000,1000000,19000000,0,0,19000000,19000000,30800000,30800000,49800000,49800000,100010,100000,100000,100000,10,0
1087,642606000,1912618000,100000,100000,8000000,9000000,634506000,1903518000,0,0,0,0,0,0,8100000,9100000,100000,100000,8000000,9000000,0,0,0,0,0,0,0,0,100010,100000,100000,100000,10,0
1117,641606000,1911618000,100000,100000,7000000,8000000,634506000,1903518000,0,0,0,0,0,0,7100000,8100000,100000,100000,7000000,8000000,0,0,0,0,0,0,0,0,100010,100000,100000,100000,10,0
1147,638406000,3811936000,100000,100000,0,1000000,634506000,3807036000,1000000,1000000,2800000,2800000,3800000,3800000,3900000,4900000,100000,100000,0,1000000,0,0,1000000,1000000,2800000,2800000,3800000,3800000,100010,100000,100000,100000,10,0
1177,651706000,3190730000,100000,100000,8000000,9000000,634506000,3172530000,9000000,9000000,100000,100000,9100000,9100000,17200000,18200000,100000,100000,8000000,9000000,0,0,9000000,9000000,100000,100000,9100000,9100000,100010,100000,100000,100000,10,0
1207,643606000,1913618000,100000,100000,9000000,10000000,634506000,1903518000,0,0,0,0,0,0,9100000,10100000,100000,100000,9000000,10000000,0,0,0,0,0,0,0,0,100010,100000,100000,100000,10,0
1237,668706000,1938718000,100000,100000,17000000,18000000,634506000,1903518000,17000000,17000000,100000,100000,17100000,17100000,34200000,35200000,100000,100000,17000000,18000000,0,0,17000000,17000000,100000,100000,17100000,17100000,100010,100000,100000,100000,10,0
1267,707706000,2007018000,100000,100000,7000000,37000000,634506000,1903518000,37000000,38000000,29100000,28400000,66100000,66400000,73200000,103500000,100000,100000,7000000,37000000,0,0,37000000,38000000,29100000,28400000,66100000,66400000,100010,8100020,100000,100000,10,8000020
8,683906000,690706000,100000,100000,17000000,18000000,634506000,634506000,18000000,38000000,14300000,100000,32300000,38100000,49400000,56200000,100000,100000,17000000,18000000,0,0,18000000,38000000,14300000,100000,32300000,38100000,100010,25100030,100000,100000,10,25000030
38,668206000,736606000,100000,100000,8000000,18000000,634506000,634506000,18000000,81000000,7600000,3000000,25600000,84000000,33700000,102100000,100000,100000,8000000,18000000,0,0,18000000,81000000,7600000,3000000,25600000,84000000,100010,66100030,100000,100000,10,66000030
68,659306000,662706000,100000,100000,7000000,10000000,634506000,634506000,10000000,18000000,7700000,100000,17700000,18100000,24800000,28200000,100000,100000,7000000,10000000,0,0,10000000,18000000,7700000,100000,17700000,18100000,100010,22100020,100000,100000,10,22000020
98,698406000,699406000,100000,100000,19000000,20000000,634506000,634506000,20000000,20000000,24800000,24800000,44800000,44800000,63900000,64900000,100000,100000,19000000,20000000,0,0,20000000,20000000,24800000,24800000,44800000,44800000,100010,22100010,100000,100000,10,22000010
128,652006000,652006000,100000,100000,1000000,1000000,634506000,634506000,1000000,1000000,15400000,15400000,16400000,16400000,17500000,17500000,100000,100000,1000000,1000000,0,0,1000000,1000000,15400000,15400000,16400000,16400000,100010,12100030,100000,100000,10,12000030
158,659406000,681506000,100000,100000,8000000,8000000,634506000,634506000,8000000,38000000,8800000,900000,16800000,38900000,24900000,47000000,100000,100000,8000000,8000000,0,0,8000000,38000000,8800000,900000,16800000,38900000,100010,44100030,100000,100000,10,44000030
188,690606000,690606000,100000,100000,20000000,20000000,634506000,634506000,20000000,20000000,16000000,16000000,36000000,36000000,56100000,56100000,100000,100000,20000000,20000000,0,0,20000000,20000000,16000000,16000000,36000000,36000000,100010,27100040,100000,100000,10,27000040
218,702106000,722106000,100000,100000,19000000,39000000,634506000,634506000,39000000,39000000,9500000,9500000,48500000,48500000,67600000,87600000,100000,100000,19000000,39000000,0,0,39000000,39000000,9500000,9500000,48500000,48500000,100010,12100020,100000,100000,10,12000020
248,668306000,669306000,100000,100000,8000000,9000000,634506000,634506000,9000000,9000000,16700000,16700000,25700000,25700000,33800000,34800000,100000,100000,8000000,9000000,0,0,9000000,9000000,16700000,16700000,25700000,25700000,100010,16100040,100000,100000,10,16000040
278,663206000,664406000,100000,100000,9000000,9000000,634506000,634506000,9000000,20000000,10600000,800000,19600000,20800000,28700000,29900000,100000,100000,9000000,9000000,0,0,9000000,20000000,10600000,800000,19600000,20800000,100010,16100040,100000,100000,10,16000040
308,669806000,669806000,100000,100000,9000000,9000000,634506000,634506000,9000000,9000000,17200000,17200000,26200000,26200000,35300000,35300000,100000,100000,9000000,9000000,0,0,9000000,9000000,17200000,17200000,26200000,26200000,100010,16100040,100000,100000,10,16000040
338,684806000,695806000,100000,100000,8000000,19000000,634506000,634506000,19000000,19000000,23200000,23200000,42200000,42200000,50300000,61300000,100000,100000,8000000,19000000,0,0,19000000,19000000,23200000,23200000,42200000,42200000,100010,16100030,100000,100000,10,16000030
368,651706000,652706000,100000,100000,8000000,9000000,634506000,634506000,9000000,9000000,100000,100000,9100000,9100000,17200000,18200000,100000,100000,8000000,9000000,0,0,9000000,9000000,100000,100000,9100000,9100000,100010,1100010,100000,100000,10,1000010
398,665606000,665606000,100000,100000,9000000,9000000,634506000,634506000,9000000,9000000,13000000,13000000,22000000,22000000,31100000,31100000,100000,100000,9000000,9000000,0,0,9000000,9000000,13000000,13000000,22000000,22000000,100010,16100030,100000,100000,10,16000030
428,679606000,685806000,100000,100000,11000000,12000000,634506000,634506000,12000000,39000000,22000000,200000,34000000,39200000,45100000,51300000,100000,100000,11000000,12000000,0,0,12000000,39000000,22000000,200000,34000000,39200000,100010,45100040,100000,100000,10,45000040
458,669706000,682706000,100000,100000,11000000,11000000,634506000,634506000,11000000,37000000,13100000,100000,24100000,37100000,35200000,48200000,100000,100000,11000000,11000000,0,0,11000000,37000000,13100000,100000,24100000,37100000,100010,33100020,100000,100000,10,33000020
488,656906000,718706000,100000,100000,4000000,11000000,634506000,634506000,11000000,73000000,7300000,100000,18300000,73100000,22400000,84200000,100000,100000,4000000,11000000,0,0,11000000,73000000,7300000,100000,18300000,73100000,100010,74100050,100000,100000,10,74000050
518,733606000,733606000,100000,100000,39000000,39000000,634506000,634506000,39000000,39000000,21000000,21000000,60000000,60000000,99100000,99100000,100000,100000,39000000,39000000,0,0,39000000,39000000,21000000,21000000,60000000,60000000,100010,33100020,100000,100000,10,33000020
548,657506000,657506000,100000,100000,7000000,7000000,634506000,634506000,7000000,7000000,8900000,8900000,15900000,15900000,23000000,23000000,100000,100000,7000000,7000000,0,0,7000000,7000000,8900000,8900000,15900000,15900000,100010,8100010,100000,100000,10,8000010
578,784406000,800406000,100000,100000,57000000,73000000,634506000,634506000,73000000,73000000,19800000,19800000,92800000,92800000,149900000,165900000,100000,100000,57000000,73000000,0,0,73000000,73000000,19800000,19800000,92800000,92800000,100010,105100030,100000,100000,10,105000030
608,673706000,674706000,100000,100000,9000000,10000000,634506000,634506000,10000000,10000000,20100000,20100000,30100000,30100000,39200000,40200000,100000,100000,9000000,10000000,0,0,10000000,10000000,20100000,20100000,30100000,30100000,100010,21100040,100000,100000,10,21000040
638,657306000,660706000,100000,100000,6000000,9000000,634506000,634506000,6000000,16000000,10700000,1100000,16700000,17100000,22800000,26200000,100000,100000,6000000,9000000,0,0,6000000,16000000,10700000,1100000,16700000,17100000,100010,15100020,100000,100000,10,15000020
668,658606000,660706000,100000,100000,6000000,6000000,634506000,634506000,6000000,20000000,12000000,100000,18000000,20100000,24100000,26200000,100000,100000,6000000,6000000,0,0,6000000,20000000,12000000,100000,18000000,20100000,100010,20100030,100000,100000,10,20000030
698,686506000,687506000,100000,100000,17000000,18000000,634506000,634506000,18000000,18000000,16900000,16900000,34900000,34900000,52000000,53000000,100000,100000,17000000,18000000,0,0,18000000,18000000,16900000,16900000,34900000,34900000,100010,21100010,100000,100000,10,21000010
728,664306000,720706000,100000,100000,5000000,6000000,634506000,634506000,6000000,80000000,18700000,100000,24700000,80100000,29800000,86200000,100000,100000,5000000,6000000,0,0,6000000,80000000,18700000,100000,24700000,80100000,100010,82100040,100000,100000,10,82000040
758,643906000,655706000,100000,100000,1000000,1000000,634506000,634506000,1000000,20000000,7300000,100000,8300000,20100000,9400000,21200000,100000,100000,1000000,1000000,0,0,1000000,20000000,7300000,100000,8300000,20100000,100010,20100030,100000,100000,10,20000030
788,660406000,723806000,100000,100000,1000000,9000000,634506000,634506000,9000000,80000000,15800000,200000,24800000,80200000,25900000,89300000,100000,100000,1000000,9000000,0,0,9000000,80000000,15800000,200000,24800000,80200000,100010,79100030,100000,100000,10,79000030
818,634606000,635606000,100000,100000,0,1000000,634506000,634506000,0,0,0,0,0,0,100000,1100000,100000,100000,0,1000000,0,0,0,0,0,0,0,0,100010,100000,100000,100000,10,0
848,690906000,691906000,100000,100000,12000000,13000000,634506000,634506000,13000000,13000000,31300000,31300000,44300000,44300000,56400000,57400000,100000,100000,12000000,13000000,0,0,13000000,13000000,31300000,31300000,44300000,44300000,100010,9100010,100000,100000,10,9000010
878,671406000,672406000,100000,100000,12000000,13000000,634506000,634506000,13000000,13000000,11800000,11800000,24800000,24800000,36900000,37900000,100000,100000,12000000,13000000,0,0,13000000,13000000,11800000,11800000,24800000,24800000,100010,15100040,100000,100000,10,15000040
908,661006000,662006000,100000,100000,7000000,8000000,634506000,634506000,8000000,8000000,11400000,11400000,19400000,19400000,26500000,27500000,100000,100000,7000000,8000000,0,0,8000000,8000000,11400000,11400000,19400000,19400000,100010,15100030,100000,100000,10,15000030
938,665806000,724806000,100000,100000,9000000,10000000,634506000,634506000,9000000,80000000,13200000,200000,22200000,80200000,31300000,90300000,100000,100000,9000000,10000000,0,0,9000000,80000000,13200000,200000,22200000,80200000,100010,84100030,100000,100000,10,84000030
968,652906000,652906000,100000,100000,8000000,8000000,634506000,634506000,8000000,8000000,2300000,2300000,10300000,10300000,18400000,18400000,100000,100000,8000000,8000000,0,0,8000000,8000000,2300000,2300000,10300000,10300000,100010,1100010,100000,100000,10,1000010
998,677506000,28658270000,100000,100000,0,19000000,634506000,28552770000,19000000,85000000,23900000,1400000,42900000,86400000,43000000,105500000,100000,100000,0,19000000,0,0,19000000,85000000,23900000,1400000,42900000,86400000,100010,74100030,100000,100000,10,74000030
1028,672606000,1308112000,100000,100000,38000000,39000000,634506000,1269012000,0,0,0,0,0,0,38100000,39100000,100000,100000,38000000,39000000,0,0,0,0,0,0,0,0,100010,100000,100000,100000,10,0
1058,690106000,12782720000,100000,100000,1000000,38000000,634506000,12690120000,38000000,38000000,16500000,16500000,54500000,54500000,55600000,92600000,100000,100000,1000000,38000000,0,0,38000000,38000000,16500000,16500000,54500000,54500000,100010,10100020,100000,100000,10,10000020
1088,664906000,1953718000,100000,100000,9000000,11000000,634506000,1903518000,9000000,39000000,12300000,100000,21300000,39100000,30400000,50200000,100000,100000,9000000,11000000,0,0,9000000,39000000,12300000,100000,21300000,39100000,100010,34100030,100000,100000,10,34000030
1118,685806000,5133348000,100000,100000,7000000,13000000,634506000,5076048000,13000000,13000000,31200000,31200000,44200000,44200000,51300000,57300000,100000,100000,7000000,13000000,0,0,13000000,13000000,31200000,31200000,44200000,44200000,100010,100000,100000,100000,10,0
1148,658706000,1294212000,100000,100000,12000000,13000000,634506000,1269012000,12000000,12000000,100000,100000,12100000,12100000,24200000,25200000,100000,100000,12000000,13000000,0,0,12000000,12000000,100000,100000,12100000,12100000,100010,100000,100000,100000,10,0
1178,651706000,3190730000,100000,100000,8000000,9000000,634506000,3172530000,9000000,9000000,100000,100000,9100000,9100000,17200000,18200000,100000,100000,8000000,9000000,0,0,9000000,9000000,100000,100000,9100000,9100000,100010,100000,100000,100000,10,0
1208,643606000,1279112000,100000,100000,9000000,10000000,634506000,1269012000,0,0,0,0,0,0,9100000,10100000,100000,100000,9000000,10000000,0,0,0,0,0,0,0,0,100010,100000,100000,100000,10,0
1238,674706000,2580224000,100000,100000,17000000,19000000,634506000,2538024000,19000000,19000000,4100000,4100000,23100000,23100000,40200000,42200000,100000,100000,17000000,19000000,0,0,19000000,19000000,4100000,4100000,23100000,23100000,100010,100000,100000,100000,10,0
1268,709106000,1373612000,100000,100000,8000000,38000000,634506000,1269012000,38000000,38000000,28500000,28500000,66500000,66500000,74600000,104600000,100000,100000,8000000,38000000,0,0,38000000,38000000,28500000,28500000,66500000,66500000,100010,11100030,100000,100000,10,11000030
9,697306000,709706000,100000,100000,17000000,18000000,634506000,634506000,18000000,57000000,27700000,100000,45700000,57100000,62800000,75200000,100000,100000,17000000,18000000,0,0,18000000,57000000,27700000,100000,45700000,57100000,100010,47100020,100000,100000,10,47000020
39,691706000,742206000,100000,100000,18000000,19000000,634506000,634506000,19000000,80000000,20100000,8600000,39100000,88600000,57200000,107700000,100000,100000,18000000,19000000,0,0,19000000,80000000,20100000,8600000,39100000,88600000,100010,72100020,100000,100000,10,72000020
69,679706000,704706000,100000,100000,10000000,12000000,634506000,634506000,12000000,58000000,23100000,100000,35100000,58100000,45200000,70200000,100000,100000,10000000,12000000,0,0,12000000,58000000,23100000,100000,35100000,58100000,100010,68100040,100000,100000,10,68000040
99,698406000,699406000,100000,100000,19000000,20000000,634506000,634506000,20000000,20000000,24800000,24800000,44800000,44800000,63900000,64900000,100000,100000,19000000,20000000,0,0,20000000,20000000,24800000,24800000,44800000,44800000,100010,22100010,100000,100000,10,22000010
129,652706000,652706000,100000,100000,1000000,1000000,634506000,634506000,1000000,1000000,16100000,16100000,17100000,17100000,18200000,18200000,100000,100000,1000000,1000000,0,0,1000000,1000000,16100000,16100000,17100000,17100000,100010,12100030,100000,100000,10,12000030
159,767106000,770106000,100000,100000,43000000,46000000,634506000,634506000,46000000,46000000,43500000,43500000,89500000,89500000,132600000,135600000,100000,100000,43000000,46000000,0,0,46000000,46000000,43500000,43500000,89500000,89500000,100010,121100060,100000,100000,10,121000060
189,681206000,693806000,100000,100000,19000000,20000000,634506000,634506000,20000000,39000000,7600000,200000,27600000,39200000,46700000,59300000,100000,100000,19000000,20000000,0,0,20000000,39000000,7600000,200000,27600000,39200000,100010,22100010,100000,100000,10,22000010
219,695706000,696706000,100000,100000,19000000,20000000,634506000,634506000,20000000,20000000,22100000,22100000,42100000,42100000,61200000,62200000,100000,100000,19000000,20000000,0,0,20000000,20000000,22100000,22100000,42100000,42100000,100010,23100020,100000,100000,10,23000020
249,668306000,669306000,100000,100000,8000000,9000000,634506000,634506000,9000000,9000000,16700000,16700000,25700000,25700000,33800000,34800000,100000,100000,8000000,9000000,0,0,9000000,9000000,16700000,16700000,25700000,25700000,100010,16100040,100000,100000,10,16000040
279,669806000,669806000,100000,100000,9000000,9000000,634506000,634506000,9000000,9000000,17200000,17200000,26200000,26200000,35300000,35300000,100000,100000,9000000,9000000,0,0,9000000,9000000,17200000,17200000,26200000,26200000,100010,16100040,100000,100000,10,16000040
309,675606000,682706000,100000,100000,8000000,9000000,634506000,634506000,9000000,39000000,24000000,100000,33000000,39100000,41100000,48200000,100000,100000,8000000,9000000,0,0,9000000,39000000,24000000,100000,33000000,39100000,100010,33100020,100000,100000,10,33000020
339,675606000,682706000,100000,100000,8000000,9000000,634506000,634506000,9000000,39000000,24000000,100000,33000000,39100000,41100000,48200000,100000,100000,8000000,9000000,0,0,9000000,39000000,24000000,100000,33000000,39100000,100010,33100020,100000,100000,10,33000020
369,651706000,652706000,100000,100000,8000000,9000000,634506000,634506000,9000000,9000000,100000,100000,9100000,9100000,17200000,18200000,100000,100000,8000000,9000000,0,0,9000000,9000000,100000,100000,9100000,9100000,100010,1100010,100000,100000,10,1000010
399,690406000,691406000,100000,100000,12000000,13000000,634506000,634506000,13000000,13000000,30800000,30800000,43800000,43800000,55900000,56900000,100000,100000,12000000,13000000,0,0,13000000,13000000,30800000,30800000,43800000,43800000,100010,2100010,100000,100000,10,2000010
429,672706000,672706000,100000,100000,11000000,11000000,634506000,634506000,11000000,11000000,16100000,16100000,27100000,27100000,38200000,38200000,100000,100000,11000000,11000000,0,0,11000000,11000000,16100000,16100000,27100000,27100000,100010,26100040,100000,100000,10,26000040
459,687706000,705706000,100000,100000,11000000,13000000,634506000,634506000,13000000,58000000,29100000,100000,42100000,58100000,53200000,71200000,100000,100000,11000000,13000000,0,0,13000000,58000000,29100000,100000,42100000,58100000,100010,69100050,100000,100000,10,69000050
489,654406000,717706000,100000,100000,4000000,10000000,634506000,634506000,10000000,73000000,5800000,100000,15800000,73100000,19900000,83200000,100000,100000,4000000,10000000,0,0,10000000,73000000,5800000,100000,15800000,73100000,100010,74100050,100000,100000,10,74000050
519,742806000,753706000,100000,100000,38000000,39000000,634506000,634506000,39000000,80000000,31200000,100000,70200000,80100000,108300000,119200000,100000,100000,38000000,39000000,0,0,39000000,80000000,31200000,100000,70200000,80100000,100010,83100020,100000,100000,10,83000020
549,651706000,658806000,100000,100000,1000000,7000000,634506000,634506000,7000000,17000000,9100000,200000,16100000,17200000,17200000,24300000,100000,100000,1000000,7000000,0,0,7000000,17000000,9100000,200000,16100000,17200000,100010,18100020,100000,100000,10,18000020
579,772806000,773906000,100000,100000,57000000,58000000,634506000,634506000,58000000,81000000,23200000,300000,81200000,81300000,138300000,139400000,100000,100000,57000000,58000000,0,0,58000000,81000000,23200000,300000,81200000,81300000,100010,105100030,100000,100000,10,105000030
609,673806000,674806000,100000,100000,9000000,10000000,634506000,634506000,10000000,10000000,20200000,20200000,30200000,30200000,39300000,40300000,100000,100000,9000000,10000000,0,0,10000000,10000000,20200000,20200000,30200000,30200000,100010,21100040,100000,100000,10,21000040
639,668906000,724706000,100000,100000,9000000,10000000,634506000,634506000,10000000,80000000,15300000,100000,25300000,80100000,34400000,90200000,100000,100000,9000000,10000000,0,0,10000000,80000000,15300000,100000,25300000,80100000,100010,83100020,100000,100000,10,83000020
669,658606000,658606000,100000,100000,6000000,6000000,634506000,634506000,6000000,6000000,12000000,12000000,18000000,18000000,24100000,24100000,100000,100000,6000000,6000000,0,0,6000000,6000000,12000000,12000000,18000000,18000000,100010,10100010,100000,100000,10,10000010
699,686506000,687506000,100000,100000,17000000,18000000,634506000,634506000,18000000,18000000,16900000,16900000,34900000,34900000,52000000,53000000,100000,100000,17000000,18000000,0,0,18000000,18000000,16900000,16900000,34900000,34900000,100010,21100010,100000,100000,10,21000010
729,654806000,657706000,100000,100000,5000000,6000000,634506000,634506000,6000000,16000000,9200000,1100000,15200000,17100000,20300000,23200000,100000,100000,5000000,6000000,0,0,6000000,16000000,9200000,1100000,15200000,17100000,100010,14100030,100000,100000,10,14000030
759,643906000,655706000,100000,100000,1000000,1000000,634506000,634506000,1000000,20000000,7300000,100000,8300000,20100000,9400000,21200000,100000,100000,1000000,1000000,0,0,1000000,20000000,7300000,100000,8300000,20100000,100010,20100030,100000,100000,10,20000030
789,647506000,716706000,100000,100000,1000000,1000000,634506000,634506000,1000000,81000000,10900000,100000,11900000,81100000,13000000,82200000,100000,100000,1000000,1000000,0,0,1000000,81000000,10900000,100000,11900000,81100000,100010,81100040,100000,100000,10,81000040
819,658006000,717906000,100000,100000,0,7000000,634506000,634506000,7000000,74000000,16400000,2300000,23400000,76300000,23500000,83400000,100000,100000,0,7000000,0,0,7000000,74000000,16400000,2300000,23400000,76300000,100010,74100040,100000,100000,10,74000040
849,674506000,674506000,100000,100000,12000000,12000000,634506000,634506000,12000000,12000000,15900000,15900000,27900000,27900000,40000000,40000000,100000,100000,12000000,12000000,0,0,12000000,12000000,15900000,15900000,27900000,27900000,100010,9100010,100000,100000,10,9000010
879,671306000,672306000,100000,100000,12000000,13000000,634506000,634506000,13000000,13000000,11700000,11700000,24700000,24700000,36800000,37800000,100000,100000,12000000,13000000,0,0,13000000,13000000,11700000,11700000,24700000,24700000,100010,5100010,100000,100000,10,5000010
909,672606000,722706000,100000,100000,7000000,8000000,634506000,634506000,8000000,80000000,23000000,100000,31000000,80100000,38100000,88200000,100000,100000,7000000,8000000,0,0,8000000,80000000,23000000,100000,31000000,80100000,100010,85100030,100000,100000,10,85000030
939,685906000,687906000,100000,100000,9000000,11000000,634506000,634506000,11000000,11000000,31300000,31300000,42300000,42300000,51400000,53400000,100000,100000,9000000,11000000,0,0,11000000,11000000,31300000,31300000,42300000,42300000,100010,28100040,100000,100000,10,28000040
969,662106000,662106000,100000,100000,8000000,8000000,634506000,634506000,8000000,8000000,11500000,11500000,19500000,19500000,27600000,27600000,100000,100000,8000000,8000000,0,0,8000000,8000000,11500000,11500000,19500000,19500000,100010,8100020,100000,100000,10,8000020
999,664706000,19718886000,100000,100000,1000000,20000000,634506000,19669686000,20000000,20000000,9100000,9100000,29100000,29100000,30200000,49200000,100000,100000,1000000,20000000,0,0,20000000,20000000,9100000,9100000,29100000,29100000,100010,8100020,100000,100000,10,8000020
1029,641606000,645606000,100000,100000,7000000,11000000,634506000,634506000,0,0,0,0,0,0,7100000,11100000,100000,100000,7000000,11000000,0,0,0,0,0,0,0,0,100010,100000,100000,100000,10,0
1059,644606000,645606000,100000,100000,10000000,11000000,634506000,634506000,0,0,0,0,0,0,10100000,11100000,100000,100000,10000000,11000000,0,0,0,0,0,0,0,0,100010,100000,100000,100000,10,0
1089,688406000,4498442000,100000,100000,10000000,13000000,634506000,4441542000,13000000,13000000,30800000,30800000,43800000,43800000,53900000,56900000,100000,100000,10000000,13000000,0,0,13000000,13000000,30800000,30800000,43800000,43800000,100010,100000,100000,100000,10,0
1119,669006000,2578524000,100000,100000,7000000,13000000,634506000,2538024000,13000000,13000000,14400000,14400000,27400000,27400000,34500000,40500000,100000,100000,7000000,13000000,0,0,13000000,13000000,14400000,14400000,27400000,27400000,100010,100000,100000,100000,10,0
1149,651206000,3190230000,100000,100000,7000000,8000000,634506000,3172530000,7000000,7000000,2600000,2600000,9600000,9600000,16700000,17700000,100000,100000,7000000,8000000,0,0,7000000,7000000,2600000,2600000,9600000,9600000,100010,100000,100000,100000,10,0
1179,651706000,3190730000,100000,100000,8000000,9000000,634506000,3172530000,9000000,9000000,100000,100000,9100000,9100000,17200000,18200000,100000,100000,8000000,9000000,0,0,9000000,9000000,100000,100000,9100000,9100000,100010,100000,100000,100000,10,0
1209,643606000,1913618000,100000,100000,9000000,10000000,634506000,1903518000,0,0,0,0,0,0,9100000,10100000,100000,100000,9000000,10000000,0,0,0,0,0,0,0,0,100010,100000,100000,100000,10,0
1239,728606000,1998618000,100000,100000,46000000,47000000,634506000,1903518000,47000000,47000000,1000000,1000000,48000000,48000000,94100000,95100000,100000,100000,46000000,47000000,0,0,47000000,47000000,1000000,1000000,48000000,48000000,100010,7100040,100000,100000,10,7000040
1269,665206000,5763754000,100000,100000,7000000,9000000,634506000,5710554000,9000000,44000000,14600000,100000,23600000,44100000,30700000,53200000,100000,100000,7000000,9000000,0,0,9000000,44000000,14600000,100000,23600000,44100000,100010,36100030,100000,100000,10,36000030
10,686906000,709706000,100000,100000,17000000,18000000,634506000,634506000,18000000,57000000,17300000,100000,35300000,57100000,52400000,75200000,100000,100000,17000000,18000000,0,0,18000000,57000000,17300000,100000,35300000,57100000,100010,47100020,100000,100000,10,47000020
40,652606000,654606000,100000,100000,18000000,20000000,634506000,634506000,0,0,0,0,0,0,18100000,20100000,100000,100000,18000000,20000000,0,0,0,0,0,0,0,0,100010,100000,100000,100000,10,0
70,679706000,703706000,100000,100000,10000000,11000000,634506000,634506000,11000000,58000000,24100000,100000,35100000,58100000,45200000,69200000,100000,100000,10000000,11000000,0,0,11000000,58000000,24100000,100000,35100000,58100000,100010,68100040,100000,100000,10,68000040
100,679606000,680606000,100000,100000,18000000,19000000,634506000,634506000,18000000,18000000,9000000,9000000,27000000,27000000,45100000,46100000,100000,100000,18000000,19000000,0,0,18000000,18000000,9000000,9000000,27000000,27000000,100010,21100010,100000,100000,10,21000010
130,647406000,648706000,100000,100000,1000000,1000000,634506000,634506000,1000000,13000000,10800000,100000,11800000,13100000,12900000,14200000,100000,100000,1000000,1000000,0,0,1000000,13000000,10800000,100000,11800000,13100000,100010,12100030,100000,100000,10,12000030
160,751206000,758706000,100000,100000,43000000,44000000,634506000,634506000,44000000,80000000,29600000,100000,73600000,80100000,116700000,124200000,100000,100000,43000000,44000000,0,0,44000000,80000000,29600000,100000,73600000,80100000,100010,121100060,100000,100000,10,121000060
190,691106000,691106000,100000,100000,20000000,20000000,634506000,634506000,20000000,20000000,16500000,16500000,36500000,36500000,56600000,56600000,100000,100000,20000000,20000000,0,0,20000000,20000000,16500000,16500000,36500000,36500000,100010,27100050,100000,100000,10,27000050
220,703106000,704106000,100000,100000,19000000,20000000,634506000,634506000,20000000,20000000,29500000,29500000,49500000,49500000,68600000,69600000,100000,100000,19000000,20000000,0,0,20000000,20000000,29500000,29500000,49500000,49500000,100010,28100040,100000,100000,10,28000040
250,658006000,663906000,100000,100000,8000000,9000000,634506000,634506000,9000000,20000000,6400000,300000,15400000,20300000,23500000,29400000,100000,100000,8000000,9000000,0,0,9000000,20000000,6400000,300000,15400000,20300000,100010,16100030,100000,100000,10,16000030
280,669806000,669806000,100000,100000,9000000,9000000,634506000,634506000,9000000,9000000,17200000,17200000,26200000,26200000,35300000,35300000,100000,100000,9000000,9000000,0,0,9000000,9000000,17200000,17200000,26200000,26200000,100010,16100040,100000,100000,10,16000040
310,675406000,682806000,100000,100000,8000000,9000000,634506000,634506000,9000000,39000000,23800000,200000,32800000,39200000,40900000,48300000,100000,100000,8000000,9000000,0,0,9000000,39000000,23800000,200000,32800000,39200000,100010,33100020,100000,100000,10,33000020
340,675606000,682706000,100000,100000,8000000,9000000,634506000,634506000,9000000,39000000,24000000,100000,33000000,39100000,41100000,48200000,100000,100000,8000000,9000000,0,0,9000000,39000000,24000000,100000,33000000,39100000,100010,33100020,100000,100000,10,33000020
370,651706000,652706000,100000,100000,8000000,9000000,634506000,634506000,9000000,9000000,100000,100000,9100000,9100000,17200000,18200000,100000,100000,8000000,9000000,0,0,9000000,9000000,100000,100000,9100000,9100000,100010,1100010,100000,100000,10,1000010
400,690506000,691506000,100000,100000,12000000,13000000,634506000,634506000,13000000,13000000,30900000,30900000,43900000,43900000,56000000,57000000,100000,100000,12000000,13000000,0,0,13000000,13000000,30900000,30900000,43900000,43900000,100010,2100010,100000,100000,10,2000010
430,674706000,674706000,100000,100000,11000000,11000000,634506000,634506000,11000000,11000000,18100000,18100000,29100000,29100000,40200000,40200000,100000,100000,11000000,11000000,0,0,11000000,11000000,18100000,18100000,29100000,29100000,100010,26100040,100000,100000,10,26000040
460,660806000,703906000,100000,100000,8000000,11000000,634506000,634506000,11000000,58000000,7200000,300000,18200000,58300000,26300000,69400000,100000,100000,8000000,11000000,0,0,11000000,58000000,7200000,300000,18200000,58300000,100010,66100040,100000,100000,10,66000040
490,638606000,639606000,100000,100000,4000000,5000000,634506000,634506000,0,0,0,0,0,0,4100000,5100000,100000,100000,4000000,5000000,0,0,0,0,0,0,0,0,100010,100000,100000,100000,10,0
520,742806000,753706000,100000,100000,38000000,39000000,634506000,634506000,39000000,80000000,31200000,100000,70200000,80100000,108300000,119200000,100000,100000,38000000,39000000,0,0,39000000,80000000,31200000,100000,70200000,80100000,100010,83100020,100000,100000,10,83000020
550,665506000,666506000,100000,100000,7000000,8000000,634506000,634506000,8000000,8000000,15900000,15900000,23900000,23900000,31000000,32000000,100000,100000,7000000,8000000,0,0,8000000,8000000,15900000,15900000,23900000,23900000,100010,10100030,100000,100000,10,10000030
580,772906000,773906000,100000,100000,57000000,58000000,634506000,634506000,58000000,58000000,23300000,23300000,81300000,81300000,138400000,139400000,100000,100000,57000000,58000000,0,0,58000000,58000000,23300000,23300000,81300000,81300000,100010,105100030,100000,100000,10,105000030
610,673806000,674806000,100000,100000,9000000,10000000,634506000,634506000,10000000,10000000,20200000,20200000,30200000,30200000,39300000,40300000,100000,100000,9000000,10000000,0,0,10000000,10000000,20200000,20200000,30200000,30200000,100010,21100040,100000,100000,10,21000040
640,670506000,740306000,100000,100000,9000000,19000000,634506000,634506000,19000000,80000000,7900000,6700000,26900000,86700000,36000000,105800000,100000,100000,9000000,19000000,0,0,19000000,80000000,7900000,6700000,26900000,86700000,100010,72100020,100000,100000,10,72000020
670,658706000,660706000,100000,100000,6000000,6000000,634506000,634506000,6000000,20000000,12100000,100000,18100000,20100000,24200000,26200000,100000,100000,6000000,6000000,0,0,6000000,20000000,12100000,100000,18100000,20100000,100010,20100030,100000,100000,10,20000030
700,686506000,687506000,100000,100000,17000000,18000000,634506000,634506000,18000000,18000000,16900000,16900000,34900000,34900000,52000000,53000000,100000,100000,17000000,18000000,0,0,18000000,18000000,16900000,16900000,34900000,34900000,100010,21100010,100000,100000,10,21000010
730,668806000,720906000,100000,100000,6000000,6000000,634506000,634506000,6000000,80000000,22200000,300000,28200000,80300000,34300000,86400000,100000,100000,6000000,6000000,0,0,6000000,80000000,22200000,300000,28200000,80300000,100010,82100030,100000,100000,10,82000030
760,643206000,655806000,100000,100000,1000000,1000000,634506000,634506000,1000000,20000000,6600000,200000,7600000,20200000,8700000,21300000,100000,100000,1000000,1000000,0,0,1000000,20000000,6600000,200000,7600000,20200000,100010,20100030,100000,100000,10,20000030
790,647506000,716706000,100000,100000,1000000,1000000,634506000,634506000,1000000,81000000,10900000,100000,11900000,81100000,13000000,82200000,100000,100000,1000000,1000000,0,0,1000000,81000000,10900000,100000,11900000,81100000,100010,81100040,100000,100000,10,81000040
820,657006000,716806000,100000,100000,0,1000000,634506000,634506000,1000000,81000000,21400000,200000,22400000,81200000,22500000,82300000,100000,100000,0,1000000,0,0,1000000,81000000,21400000,200000,22400000,81200000,100010,81100030,100000,100000,10,81000030
850,683106000,684106000,100000,100000,12000000,13000000,634506000,634506000,13000000,13000000,23500000,23500000,36500000,36500000,48600000,49600000,100000,100000,12000000,13000000,0,0,13000000,13000000,23500000,23500000,36500000,36500000,100010,9100010,100000,100000,10,9000010
880,695006000,696006000,100000,100000,15000000,16000000,634506000,634506000,16000000,16000000,29400000,29400000,45400000,45400000,60500000,61500000,100000,100000,15000000,16000000,0,0,16000000,16000000,29400000,29400000,45400000,45400000,100010,28100040,100000,100000,10,28000040
910,650806000,650806000,100000,100000,8000000,8000000,634506000,634506000,8000000,8000000,200000,200000,8200000,8200000,16300000,16300000,100000,100000,8000000,8000000,0,0,8000000,8000000,200000,200000,8200000,8200000,100010,1100010,100000,100000,10,1000010
940,675506000,675506000,100000,100000,9000000,9000000,634506000,634506000,9000000,9000000,22900000,22900000,31900000,31900000,41000000,41000000,100000,100000,9000000,9000000,0,0,9000000,9000000,22900000,22900000,31900000,31900000,100010,16100040,100000,100000,10,16000040
970,662106000,662106000,100000,100000,8000000,8000000,634506000,634506000,8000000,8000000,11500000,11500000,19500000,19500000,27600000,27600000,100000,100000,8000000,8000000,0,0,8000000,8000000,11500000,11500000,19500000,19500000,100010,8100020,100000,100000,10,8000020
1000,679106000,20367792000,100000,100000,1000000,20000000,634506000,20304192000,20000000,20000000,23500000,23500000,43500000,43500000,44600000,63600000,100000,100000,1000000,20000000,0,0,20000000,20000000,23500000,23500000,43500000,43500000,100010,15100050,100000,100000,10,15000050
1030,665306000,12731920000,100000,100000,1000000,12000000,634506000,12690120000,8000000,8000000,21700000,21700000,29700000,29700000,30800000,41800000,100000,100000,1000000,12000000,0,0,8000000,8000000,21700000,21700000,29700000,29700000,100010,17100030,100000,100000,10,17000030
1060,643606000,1913618000,100000,100000,9000000,10000000,634506000,1903518000,0,0,0,0,0,0,9100000,10100000,100000,100000,9000000,10000000,0,0,0,0,0,0,0,0,100010,100000,100000,100000,10,0
1090,688206000,3863736000,100000,100000,10000000,13000000,634506000,3807036000,13000000,13000000,30600000,30600000,43600000,43600000,53700000,56700000,100000,100000,10000000,13000000,0,0,13000000,13000000,30600000,30600000,43600000,43600000,100010,100000,100000,100000,10,0
1120,664406000,5110948000,100000,100000,8000000,13000000,634506000,5076048000,12000000,12000000,9800000,9800000,21800000,21800000,29900000,34900000,100000,100000,8000000,13000000,0,0,12000000,12000000,9800000,9800000,21800000,21800000,100010,22100020,100000,100000,10,22000020
1150,666106000,7705272000,100000,100000,7000000,11000000,634506000,7614072000,8000000,80000000,16500000,100000,24500000,80100000,31600000,91200000,100000,100000,7000000,11000000,0,0,8000000,80000000,16500000,100000,24500000,80100000,100010,83100020,100000,100000,10,83000020
1180,651706000,3190730000,100000,100000,8000000,9000000,634506000,3172530000,9000000,9000000,100000,100000,9100000,9100000,17200000,18200000,100000,100000,8000000,9000000,0,0,9000000,9000000,100000,100000,9100000,9100000,100010,100000,100000,100000,10,0
1210,643606000,1913618000,100000,100000,9000000,10000000,634506000,1903518000,0,0,0,0,0,0,9100000,10100000,100000,100000,9000000,10000000,0,0,0,0,0,0,0,0,100010,100000,100000,100000,10,0
1240,751806000,2665324000,100000,100000,38000000,48000000,634506000,2538024000,48000000,48000000,31200000,31200000,79200000,79200000,117300000,127300000,100000,100000,38000000,48000000,0,0,48000000,48000000,31200000,31200000,79200000,79200000,100010,32100040,100000,100000,10,32000040
1270,651206000,2555724000,100000,100000,7000000,8000000,634506000,2538024000,7000000,7000000,2600000,2600000,9600000,9600000,16700000,17700000,100000,100000,7000000,8000000,0,0,7000000,7000000,2600000,2600000,9600000,9600000,100010,100000,100000,100000,10,0
11,666006000,682006000,100000,100000,1000000,17000000,634506000,634506000,17000000,17000000,13400000,13400000,30400000,30400000,31500000,47500000,100000,100000,1000000,17000000,0,0,17000000,17000000,13400000,13400000,30400000,30400000,100010,9100030,100000,100000,10,9000030
41,681406000,681406000,100000,100000,18000000,18000000,634506000,634506000,18000000,18000000,10800000,10800000,28800000,28800000,46900000,46900000,100000,100000,18000000,18000000,0,0,18000000,18000000,10800000,10800000,28800000,28800000,100010,15100020,100000,100000,10,15000020
71,679706000,704706000,100000,100000,10000000,12000000,634506000,634506000,12000000,58000000,23100000,100000,35100000,58100000,45200000,70200000,100000,100000,10000000,12000000,0,0,12000000,58000000,23100000,100000,35100000,58100000,100010,68100040,100000,100000,10,68000040
101,679106000,681106000,100000,100000,18000000,20000000,634506000,634506000,18000000,18000000,8500000,8500000,26500000,26500000,44600000,46600000,100000,100000,18000000,20000000,0,0,18000000,18000000,8500000,8500000,26500000,26500000,100010,21100030,100000,100000,10,21000030
131,647106000,662806000,100000,100000,1000000,8000000,634506000,634506000,8000000,20000000,3500000,200000,11500000,20200000,12600000,28300000,100000,100000,1000000,8000000,0,0,8000000,20000000,3500000,200000,11500000,20200000,100010,12100020,100000,100000,10,12000020
161,755906000,759906000,100000,100000,43000000,47000000,634506000,634506000,47000000,47000000,31300000,31300000,78300000,78300000,121400000,125400000,100000,100000,43000000,47000000,0,0,47000000,47000000,31300000,31300000,78300000,78300000,100010,37100040,100000,100000,10,37000040
191,695206000,711706000,100000,100000,20000000,20000000,634506000,634506000,20000000,57000000,20600000,100000,40600000,57100000,60700000,77200000,100000,100000,20000000,20000000,0,0,20000000,57000000,20600000,100000,40600000,57100000,100010,51100030,100000,100000,10,51000030
221,695606000,696606000,100000,100000,19000000,20000000,634506000,634506000,20000000,20000000,22000000,22000000,42000000,42000000,61100000,62100000,100000,100000,19000000,20000000,0,0,20000000,20000000,22000000,22000000,42000000,42000000,100010,22100010,100000,100000,10,22000010
251,658506000,662706000,100000,100000,6000000,8000000,634506000,634506000,6000000,20000000,11900000,100000,17900000,20100000,24000000,28200000,100000,100000,6000000,8000000,0,0,6000000,20000000,11900000,100000,17900000,20100000,100010,15100020,100000,100000,10,15000020
281,660106000,663906000,100000,100000,9000000,9000000,634506000,634506000,9000000,20000000,7500000,300000,16500000,20300000,25600000,29400000,100000,100000,9000000,9000000,0,0,9000000,20000000,7500000,300000,16500000,20300000,100010,15100020,100000,100000,10,15000020
311,675606000,682706000,100000,100000,8000000,9000000,634506000,634506000,9000000,39000000,24000000,100000,33000000,39100000,41100000,48200000,100000,100000,8000000,9000000,0,0,9000000,39000000,24000000,100000,33000000,39100000,100010,33100020,100000,100000,10,33000020
341,675606000,682706000,100000,100000,8000000,9000000,634506000,634506000,9000000,39000000,24000000,100000,33000000,39100000,41100000,48200000,100000,100000,8000000,9000000,0,0,9000000,39000000,24000000,100000,33000000,39100000,100010,33100020,100000,100000,10,33000020
371,651706000,652706000,100000,100000,8000000,9000000,634506000,634506000,9000000,9000000,100000,100000,9100000,9100000,17200000,18200000,100000,100000,8000000,9000000,0,0,9000000,9000000,100000,100000,9100000,9100000,100010,1100010,100000,100000,10,1000010
401,690306000,691306000,100000,100000,12000000,13000000,634506000,634506000,13000000,13000000,30700000,30700000,43700000,43700000,55800000,56800000,100000,100000,12000000,13000000,0,0,13000000,13000000,30700000,30700000,43700000,43700000,100010,2100010,100000,100000,10,2000010
431,665606000,666606000,100000,100000,10000000,11000000,634506000,634506000,11000000,11000000,10000000,10000000,21000000,21000000,31100000,32100000,100000,100000,10000000,11000000,0,0,11000000,11000000,10000000,10000000,21000000,21000000,100010,26100040,100000,100000,10,26000040
461,665906000,682806000,100000,100000,11000000,11000000,634506000,634506000,11000000,37000000,9300000,200000,20300000,37200000,31400000,48300000,100000,100000,11000000,11000000,0,0,11000000,37000000,9300000,200000,20300000,37200000,100010,33100020,100000,100000,10,33000020
491,669606000,669606000,100000,100000,4000000,4000000,634506000,634506000,4000000,4000000,27000000,27000000,31000000,31000000,35100000,35100000,100000,100000,4000000,4000000,0,0,4000000,4000000,27000000,27000000,31000000,31000000,100010,15100040,100000,100000,10,15000040
521,700806000,752906000,100000,100000,19000000,38000000,634506000,634506000,38000000,80000000,9200000,300000,47200000,80300000,66300000,118400000,100000,100000,19000000,38000000,0,0,38000000,80000000,9200000,300000,47200000,80300000,100010,62100010,100000,100000,10,62000010
551,671506000,672506000,100000,100000,7000000,8000000,634506000,634506000,8000000,8000000,21900000,21900000,29900000,29900000,37000000,38000000,100000,100000,7000000,8000000,0,0,8000000,8000000,21900000,21900000,29900000,29900000,100010,22100030,100000,100000,10,22000030
581,801306000,829306000,100000,100000,57000000,85000000,634506000,634506000,85000000,85000000,24700000,24700000,109700000,109700000,166800000,194800000,100000,100000,57000000,85000000,0,0,85000000,85000000,24700000,24700000,109700000,109700000,100010,106100030,100000,100000,10,106000030
611,673806000,674806000,100000,100000,9000000,10000000,634506000,634506000,10000000,10000000,20200000,20200000,30200000,30200000,39300000,40300000,100000,100000,9000000,10000000,0,0,10000000,10000000,20200000,20200000,30200000,30200000,100010,21100040,100000,100000,10,21000040
641,672106000,724706000,100000,100000,9000000,10000000,634506000,634506000,10000000,80000000,18500000,100000,28500000,80100000,37600000,90200000,100000,100000,9000000,10000000,0,0,10000000,80000000,18500000,100000,28500000,80100000,100010,83100020,100000,100000,10,83000020
671,668606000,669606000,100000,100000,6000000,7000000,634506000,634506000,7000000,7000000,21000000,21000000,28000000,28000000,34100000,35100000,100000,100000,6000000,7000000,0,0,7000000,7000000,21000000,21000000,28000000,28000000,100010,20100030,100000,100000,10,20000030
701,686506000,687506000,100000,100000,17000000,18000000,634506000,634506000,18000000,18000000,16900000,16900000,34900000,34900000,52000000,53000000,100000,100000,17000000,18000000,0,0,18000000,18000000,16900000,16900000,34900000,34900000,100010,21100010,100000,100000,10,21000010
731,660606000,660606000,100000,100000,6000000,6000000,634506000,634506000,6000000,6000000,14000000,14000000,20000000,20000000,26100000,26100000,100000,100000,6000000,6000000,0,0,6000000,6000000,14000000,14000000,20000000,20000000,100010,12100020,100000,100000,10,12000020
761,643906000,655706000,100000,100000,1000000,1000000,634506000,634506000,1000000,20000000,7300000,100000,8300000,20100000,9400000,21200000,100000,100000,1000000,1000000,0,0,1000000,20000000,7300000,100000,8300000,20100000,100010,20100030,100000,100000,10,20000030
791,642506000,716706000,100000,100000,1000000,1000000,634506000,634506000,1000000,81000000,5900000,100000,6900000,81100000,8000000,82200000,100000,100000,1000000,1000000,0,0,1000000,81000000,5900000,100000,6900000,81100000,100010,81100040,100000,100000,10,81000040
821,657006000,716806000,100000,100000,0,1000000,634506000,634506000,1000000,81000000,21400000,200000,22400000,81200000,22500000,82300000,100000,100000,0,1000000,0,0,1000000,81000000,21400000,200000,22400000,81200000,100010,81100030,100000,100000,10,81000030
851,670406000,671406000,100000,100000,12000000,13000000,634506000,634506000,13000000,13000000,10800000,10800000,23800000,23800000,35900000,36900000,100000,100000,12000000,13000000,0,0,13000000,13000000,10800000,10800000,23800000,23800000,100010,9100010,100000,100000,10,9000010
881,695206000,696206000,100000,100000,15000000,16000000,634506000,634506000,16000000,16000000,29600000,29600000,45600000,45600000,60700000,61700000,100000,100000,15000000,16000000,0,0,16000000,16000000,29600000,29600000,45600000,45600000,100010,28100040,100000,100000,10,28000040
911,650606000,651606000,100000,100000,16000000,17000000,634506000,634506000,0,0,0,0,0,0,16100000,17100000,100000,100000,16000000,17000000,0,0,0,0,0,0,0,0,100010,100000,100000,100000,10,0
941,681406000,682406000,100000,100000,9000000,10000000,634506000,634506000,10000000,10000000,27800000,27800000,37800000,37800000,46900000,47900000,100000,100000,9000000,10000000,0,0,10000000,10000000,27800000,27800000,37800000,37800000,100010,27100040,100000,100000,10,27000040
971,664106000,664106000,100000,100000,11000000,11000000,634506000,634506000,11000000,11000000,7500000,7500000,18500000,18500000,29600000,29600000,100000,100000,11000000,11000000,0,0,11000000,11000000,7500000,7500000,18500000,18500000,100010,2100010,100000,100000,10,2000010
1001,688406000,4498442000,100000,100000,10000000,13000000,634506000,4441542000,13000000,13000000,30800000,30800000,43800000,43800000,53900000,56900000,100000,100000,10000000,13000000,0,0,13000000,13000000,30800000,30800000,43800000,43800000,100010,100000,100000,100000,10,0
1031,712306000,3949336000,100000,100000,10000000,57000000,634506000,3807036000,57000000,85000000,10700000,200000,67700000,85200000,77800000,142300000,100000,100000,10000000,57000000,0,0,57000000,85000000,10700000,200000,67700000,85200000,100010,28100010,100000,100000,10,28000010
1061,656406000,4489742000,100000,100000,1000000,9000000,634506000,4441542000,8000000,39000000,12800000,100000,20800000,39100000,21900000,48200000,100000,100000,1000000,9000000,0,0,8000000,39000000,12800000,100000,20800000,39100000,100010,33100020,100000,100000,10,33000020
1091,688006000,3229030000,100000,100000,10000000,13000000,634506000,3172530000,13000000,13000000,30400000,30400000,43400000,43400000,53500000,56500000,100000,100000,10000000,13000000,0,0,13000000,13000000,30400000,30400000,43400000,43400000,100010,100000,100000,100000,10,0
1121,642606000,643606000,100000,100000,8000000,9000000,634506000,634506000,0,0,0,0,0,0,8100000,9100000,100000,100000,8000000,9000000,0,0,0,0,0,0,0,0,100010,100000,100000,100000,10,0
1151,669506000,9607790000,100000,100000,0,10000000,634506000,9517590000,8000000,80000000,26900000,100000,34900000,80100000,35000000,90200000,100000,100000,0,10000000,0,0,8000000,80000000,26900000,100000,34900000,80100000,100010,80100040,100000,100000,10,80000040
1181,651706000,3190730000,100000,100000,8000000,9000000,634506000,3172530000,9000000,9000000,100000,100000,9100000,9100000,17200000,18200000,100000,100000,8000000,9000000,0,0,9000000,9000000,100000,100000,9100000,9100000,100010,100000,100000,100000,10,0
1211,643606000,1913618000,100000,100000,9000000,10000000,634506000,1903518000,0,0,0,0,0,0,9100000,10100000,100000,100000,9000000,10000000,0,0,0,0,0,0,0,0,100010,100000,100000,100000,10,0
1241,655506000,1291012000,100000,100000,8000000,9000000,634506000,1269012000,9000000,9000000,3900000,3900000,12900000,12900000,21000000,22000000,100000,100000,8000000,9000000,0,0,9000000,9000000,3900000,3900000,12900000,12900000,100010,100000,100000,100000,10,0
1271,674706000,2580224000,100000,100000,17000000,19000000,634506000,2538024000,19000000,19000000,4100000,4100000,23100000,23100000,40200000,42200000,100000,100000,17000000,19000000,0,0,19000000,19000000,4100000,4100000,23100000,23100000,100010,100000,100000,100000,10,0
12,704706000,705706000,100000,100000,19000000,20000000,634506000,634506000,20000000,20000000,31100000,31100000,51100000,51100000,70200000,71200000,100000,100000,19000000,20000000,0,0,20000000,20000000,31100000,31100000,51100000,51100000,100010,23100020,100000,100000,10,23000020
42,651606000,652606000,100000,100000,17000000,18000000,634506000,634506000,0,0,0,0,0,0,17100000,18100000,100000,100000,17000000,18000000,0,0,0,0,0,0,0,0,100010,100000,100000,100000,10,0
72,679706000,703706000,100000,100000,10000000,11000000,634506000,634506000,11000000,58000000,24100000,100000,35100000,58100000,45200000,69200000,100000,100000,10000000,11000000,0,0,11000000,58000000,24100000,100000,35100000,58100000,100010,68100040,100000,100000,10,68000040
102,679706000,709706000,100000,100000,18000000,18000000,634506000,634506000,18000000,57000000,9100000,100000,27100000,57100000,45200000,75200000,100000,100000,18000000,18000000,0,0,18000000,57000000,9100000,100000,27100000,57100000,100010,47100020,100000,100000,10,47000020
132,652706000,652706000,100000,100000,1000000,1000000,634506000,634506000,1000000,1000000,16100000,16100000,17100000,17100000,18200000,18200000,100000,100000,1000000,1000000,0,0,1000000,1000000,16100000,16100000,17100000,17100000,100010,12100030,100000,100000,10,12000030
162,684006000,718706000,100000,100000,9000000,37000000,634506000,634506000,37000000,47000000,3400000,100000,40400000,47100000,49500000,84200000,100000,100000,9000000,37000000,0,0,37000000,47000000,3400000,100000,40400000,47100000,100010,10100040,100000,100000,10,10000040
192,695306000,711706000,100000,100000,20000000,20000000,634506000,634506000,20000000,57000000,20700000,100000,40700000,57100000,60800000,77200000,100000,100000,20000000,20000000,0,0,20000000,57000000,20700000,100000,40700000,57100000,100010,51100030,100000,100000,10,51000030
222,695606000,696606000,100000,100000,19000000,20000000,634506000,634506000,20000000,20000000,22000000,22000000,42000000,42000000,61100000,62100000,100000,100000,19000000,20000000,0,0,20000000,20000000,22000000,22000000,42000000,42000000,100010,22100010,100000,100000,10,22000010
252,659706000,662706000,100000,100000,6000000,8000000,634506000,634506000,6000000,20000000,13100000,100000,19100000,20100000,25200000,28200000,100000,100000,6000000,8000000,0,0,6000000,20000000,13100000,100000,19100000,20100000,100010,17100030,100000,100000,10,17000030
282,672006000,672006000,100000,100000,9000000,9000000,634506000,634506000,9000000,9000000,19400000,19400000,28400000,28400000,37500000,37500000,100000,100000,9000000,9000000,0,0,9000000,9000000,19400000,19400000,28400000,28400000,100010,16100040,100000,100000,10,16000040
312,669006000,700706000,100000,100000,8000000,9000000,634506000,634506000,9000000,57000000,17400000,100000,26400000,57100000,34500000,66200000,100000,100000,8000000,9000000,0,0,9000000,57000000,17400000,100000,26400000,57100000,100010,56100030,100000,100000,10,56000030
342,675606000,682706000,100000,100000,8000000,9000000,634506000,634506000,9000000,39000000,24000000,100000,33000000,39100000,41100000,48200000,100000,100000,8000000,9000000,0,0,9000000,39000000,24000000,100000,33000000,39100000,100010,33100020,100000,100000,10,33000020
372,665606000,665606000,100000,100000,9000000,9000000,634506000,634506000,9000000,9000000,13000000,13000000,22000000,22000000,31100000,31100000,100000,100000,9000000,9000000,0,0,9000000,9000000,13000000,13000000,22000000,22000000,100010,16100030,100000,100000,10,16000030
402,674606000,675606000,100000,100000,11000000,12000000,634506000,634506000,12000000,12000000,17000000,17000000,29000000,29000000,40100000,41100000,100000,100000,11000000,12000000,0,0,12000000,12000000,17000000,17000000,29000000,29000000,100010,26100040,100000,100000,10,26000040
432,674606000,674606000,100000,100000,11000000,11000000,634506000,634506000,11000000,11000000,18000000,18000000,29000000,29000000,40100000,40100000,100000,100000,11000000,11000000,0,0,11000000,11000000,18000000,18000000,29000000,29000000,100010,26100040,100000,100000,10,26000040
462,666006000,682706000,100000,100000,11000000,11000000,634506000,634506000,11000000,37000000,9400000,100000,20400000,37100000,31500000,48200000,100000,100000,11000000,11000000,0,0,11000000,37000000,9400000,100000,20400000,37100000,100010,33100020,100000,100000,10,33000020
492,668206000,711806000,100000,100000,4000000,4000000,634506000,634506000,4000000,73000000,25600000,200000,29600000,73200000,33700000,77300000,100000,100000,4000000,4000000,0,0,4000000,73000000,25600000,200000,29600000,73200000,100010,73100040,100000,100000,10,73000040
522,702406000,723406000,100000,100000,17000000,38000000,634506000,634506000,38000000,38000000,12800000,12800000,50800000,50800000,67900000,88900000,100000,100000,17000000,38000000,0,0,38000000,38000000,12800000,12800000,50800000,50800000,100010,26100040,100000,100000,10,26000040
552,671506000,672506000,100000,100000,7000000,8000000,634506000,634506000,8000000,8000000,21900000,21900000,29900000,29900000,37000000,38000000,100000,100000,7000000,8000000,0,0,8000000,8000000,21900000,21900000,29900000,29900000,100010,22100030,100000,100000,10,22000030
582,726006000,728906000,100000,100000,44000000,46000000,634506000,634506000,46000000,48000000,1400000,300000,47400000,48300000,91500000,94400000,100000,100000,44000000,46000000,0,0,46000000,48000000,1400000,300000,47400000,48300000,100010,37100060,100000,100000,10,37000060
612,673806000,674806000,100000,100000,9000000,10000000,634506000,634506000,10000000,10000000,20200000,20200000,30200000,30200000,39300000,40300000,100000,100000,9000000,10000000,0,0,10000000,10000000,20200000,20200000,30200000,30200000,100010,21100040,100000,100000,10,21000040
642,668906000,724706000,100000,100000,9000000,10000000,634506000,634506000,10000000,80000000,15300000,100000,25300000,80100000,34400000,90200000,100000,100000,9000000,10000000,0,0,10000000,80000000,15300000,100000,25300000,80100000,100010,83100020,100000,100000,10,83000020
672,659206000,720706000,100000,100000,5000000,6000000,634506000,634506000,6000000,80000000,13600000,100000,19600000,80100000,24700000,86200000,100000,100000,5000000,6000000,0,0,6000000,80000000,13600000,100000,19600000,80100000,100010,82100040,100000,100000,10,82000040
702,682506000,683506000,100000,100000,17000000,18000000,634506000,634506000,18000000,18000000,12900000,12900000,30900000,30900000,48000000,49000000,100000,100000,17000000,18000000,0,0,18000000,18000000,12900000,12900000,30900000,30900000,100010,21100010,100000,100000,10,21000010
732,664606000,720906000,100000,100000,6000000,6000000,634506000,634506000,6000000,80000000,18000000,300000,24000000,80300000,30100000,86400000,100000,100000,6000000,6000000,0,0,6000000,80000000,18000000,300000,24000000,80300000,100010,82100030,100000,100000,10,82000030
762,643906000,655706000,100000,100000,1000000,1000000,634506000,634506000,1000000,20000000,7300000,100000,8300000,20100000,9400000,21200000,100000,100000,1000000,1000000,0,0,1000000,20000000,7300000,100000,8300000,20100000,100010,20100030,100000,100000,10,20000030
792,647806000,716706000,100000,100000,1000000,1000000,634506000,634506000,1000000,81000000,11200000,100000,12200000,81100000,13300000,82200000,100000,100000,1000000,1000000,0,0,1000000,81000000,11200000,100000,12200000,81100000,100010,81100040,100000,100000,10,81000040
822,657006000,716806000,100000,100000,0,1000000,634506000,634506000,1000000,81000000,21400000,200000,22400000,81200000,22500000,82300000,100000,100000,0,1000000,0,0,1000000,81000000,21400000,200000,22400000,81200000,100010,81100030,100000,100000,10,81000030
852,683006000,684006000,100000,100000,12000000,13000000,634506000,634506000,13000000,13000000,23400000,23400000,36400000,36400000,48500000,49500000,100000,100000,12000000,13000000,0,0,13000000,13000000,23400000,23400000,36400000,36400000,100010,9100010,100000,100000,10,9000010
882,682506000,683506000,100000,100000,15000000,16000000,634506000,634506000,16000000,16000000,16900000,16900000,32900000,32900000,48000000,49000000,100000,100000,15000000,16000000,0,0,16000000,16000000,16900000,16900000,32900000,32900000,100010,28100050,100000,100000,10,28000050
912,650606000,651606000,100000,100000,16000000,17000000,634506000,634506000,0,0,0,0,0,0,16100000,17100000,100000,100000,16000000,17000000,0,0,0,0,0,0,0,0,100010,100000,100000,100000,10,0
942,661706000,688006000,100000,100000,8000000,9000000,634506000,634506000,9000000,44000000,10100000,400000,19100000,44400000,27200000,53500000,100000,100000,8000000,9000000,0,0,9000000,44000000,10100000,400000,19100000,44400000,100010,38100050,100000,100000,10,38000050
972,785706000,812706000,100000,100000,58000000,85000000,634506000,634506000,85000000,85000000,8100000,8100000,93100000,93100000,151200000,178200000,100000,100000,58000000,85000000,0,0,85000000,85000000,8100000,8100000,93100000,93100000,100010,106100020,100000,100000,10,106000020
1002,660806000,4468842000,100000,100000,12000000,13000000,634506000,4441542000,13000000,13000000,1200000,1200000,14200000,14200000,26300000,27300000,100000,100000,12000000,13000000,0,0,13000000,13000000,1200000,1200000,14200000,14200000,100010,100000,100000,100000,10,0
1032,651606000,1921618000,100000,100000,17000000,18000000,634506000,1903518000,0,0,0,0,0,0,17100000,18100000,100000,100000,17000000,18000000,0,0,0,0,0,0,0,0,100010,100000,100000,100000,10,0
1062,650506000,5101048000,100000,100000,0,9000000,634506000,5076048000,9000000,9000000,6900000,6900000,15900000,15900000,16000000,25000000,100000,100000,0,9000000,0,0,9000000,9000000,6900000,6900000,15900000,15900000,100010,100000,100000,100000,10,0
1092,688406000,4498442000,100000,100000,10000000,13000000,634506000,4441542000,13000000,13000000,30800000,30800000,43800000,43800000,53900000,56900000,100000,100000,10000000,13000000,0,0,13000000,13000000,30800000,30800000,43800000,43800000,100010,100000,100000,100000,10,0
1122,641606000,1911618000,100000,100000,7000000,8000000,634506000,1903518000,0,0,0,0,0,0,7100000,8100000,100000,100000,7000000,8000000,0,0,0,0,0,0,0,0,100010,100000,100000,100000,10,0
1152,651206000,3824736000,100000,100000,7000000,8000000,634506000,3807036000,7000000,7000000,2600000,2600000,9600000,9600000,16700000,17700000,100000,100000,7000000,8000000,0,0,7000000,7000000,2600000,2600000,9600000,9600000,100010,100000,100000,100000,10,0
1182,651706000,3190730000,100000,100000,8000000,9000000,634506000,3172530000,9000000,9000000,100000,100000,9100000,9100000,17200000,18200000,100000,100000,8000000,9000000,0,0,9000000,9000000,100000,100000,9100000,9100000,100010,100000,100000,100000,10,0
1212,642606000,1278112000,100000,100000,8000000,9000000,634506000,1269012000,0,0,0,0,0,0,8100000,9100000,100000,100000,8000000,9000000,0,0,0,0,0,0,0,0,100010,100000,100000,100000,10,0
1242,665606000,3206630000,100000,100000,8000000,11000000,634506000,3172530000,9000000,9000000,14000000,14000000,23000000,23000000,31100000,34100000,100000,100000,8000000,11000000,0,0,9000000,9000000,14000000,14000000,23000000,23000000,100010,16100020,100000,100000,10,16000020
1272,674706000,2580224000,100000,100000,17000000,19000000,634506000,2538024000,19000000,19000000,4100000,4100000,23100000,23100000,40200000,42200000,100000,100000,17000000,19000000,0,0,19000000,19000000,4100000,4100000,23100000,23100000,100010,100000,100000,100000,10,0
13,698506000,699506000,100000,100000,19000000,20000000,634506000,634506000,20000000,20000000,24900000,24900000,44900000,44900000,64000000,65000000,100000,100000,19000000,20000000,0,0,20000000,20000000,24900000,24900000,44900000,44900000,100010,22100010,100000,100000,10,22000010
43,686306000,687306000,100000,100000,17000000,18000000,634506000,634506000,18000000,18000000,16700000,16700000,34700000,34700000,51800000,52800000,100000,100000,17000000,18000000,0,0,18000000,18000000,16700000,16700000,34700000,34700000,100010,29100040,100000,100000,10,29000040
73,679706000,703706000,100000,100000,10000000,11000000,634506000,634506000,11000000,58000000,24100000,100000,35100000,58100000,45200000,69200000,100000,100000,10000000,11000000,0,0,11000000,58000000,24100000,100000,35100000,58100000,100010,68100040,100000,100000,10,68000040
103,672006000,738006000,100000,100000,11000000,18000000,634506000,634506000,18000000,85000000,8400000,400000,26400000,85400000,37500000,103500000,100000,100000,11000000,18000000,0,0,18000000,85000000,8400000,400000,26400000,85400000,100010,75100040,100000,100000,10,75000040
133,652706000,652706000,100000,100000,1000000,1000000,634506000,634506000,1000000,1000000,16100000,16100000,17100000,17100000,18200000,18200000,100000,100000,1000000,1000000,0,0,1000000,1000000,16100000,16100000,17100000,17100000,100010,12100030,100000,100000,10,12000030
163,684006000,712206000,100000,100000,9000000,37000000,634506000,634506000,37000000,40000000,3400000,600000,40400000,40600000,49500000,77700000,100000,100000,9000000,37000000,0,0,37000000,40000000,3400000,600000,40400000,40600000,100010,6100030,100000,100000,10,6000030
193,695306000,711706000,100000,100000,20000000,20000000,634506000,634506000,20000000,57000000,20700000,100000,40700000,57100000,60800000,77200000,100000,100000,20000000,20000000,0,0,20000000,57000000,20700000,100000,40700000,57100000,100010,51100030,100000,100000,10,51000030
223,700106000,719106000,100000,100000,19000000,38000000,634506000,634506000,38000000,38000000,8500000,8500000,46500000,46500000,65600000,84600000,100000,100000,19000000,38000000,0,0,38000000,38000000,8500000,8500000,46500000,46500000,100010,12100020,100000,100000,10,12000020
253,650806000,664206000,100000,100000,0,8000000,634506000,634506000,8000000,19000000,8200000,2600000,16200000,21600000,16300000,29700000,100000,100000,0,8000000,0,0,8000000,19000000,8200000,2600000,16200000,21600000,100010,11100010,100000,100000,10,11000010
283,668406000,668406000,100000,100000,9000000,9000000,634506000,634506000,9000000,9000000,15800000,15800000,24800000,24800000,33900000,33900000,100000,100000,9000000,9000000,0,0,9000000,9000000,15800000,15800000,24800000,24800000,100010,16100040,100000,100000,10,16000040
313,646906000,663006000,100000,100000,1000000,8000000,634506000,634506000,8000000,20000000,3300000,400000,11300000,20400000,12400000,28500000,100000,100000,1000000,8000000,0,0,8000000,20000000,3300000,400000,11300000,20400000,100010,12100020,100000,100000,10,12000020
343,643806000,662706000,100000,100000,1000000,8000000,634506000,634506000,8000000,20000000,200000,100000,8200000,20100000,9300000,28200000,100000,100000,1000000,8000000,0,0,8000000,20000000,200000,100000,8200000,20100000,100010,12100020,100000,100000,10,12000020
373,665506000,665506000,100000,100000,9000000,9000000,634506000,634506000,9000000,9000000,12900000,12900000,21900000,21900000,31000000,31000000,100000,100000,9000000,9000000,0,0,9000000,9000000,12900000,12900000,21900000,21900000,100010,16100030,100000,100000,10,16000030
403,690306000,691306000,100000,100000,12000000,13000000,634506000,634506000,13000000,13000000,30700000,30700000,43700000,43700000,55800000,56800000,100000,100000,12000000,13000000,0,0,13000000,13000000,30700000,30700000,43700000,43700000,100010,2100010,100000,100000,10,2000010
433,674606000,675606000,100000,100000,11000000,12000000,634506000,634506000,12000000,12000000,17000000,17000000,29000000,29000000,40100000,41100000,100000,100000,11000000,12000000,0,0,12000000,12000000,17000000,17000000,29000000,29000000,100010,26100040,100000,100000,10,26000040
463,659506000,661506000,100000,100000,9000000,11000000,634506000,634506000,11000000,11000000,4900000,4900000,15900000,15900000,25000000,27000000,100000,100000,9000000,11000000,0,0,11000000,11000000,4900000,4900000,15900000,15900000,100010,17100030,100000,100000,10,17000030
493,669606000,669606000,100000,100000,4000000,4000000,634506000,634506000,4000000,4000000,27000000,27000000,31000000,31000000,35100000,35100000,100000,100000,4000000,4000000,0,0,4000000,4000000,27000000,27000000,31000000,31000000,100010,15100040,100000,100000,10,15000040
523,701206000,752706000,100000,100000,18000000,38000000,634506000,634506000,38000000,80000000,10600000,100000,48600000,80100000,66700000,118200000,100000,100000,18000000,38000000,0,0,38000000,80000000,10600000,100000,48600000,80100000,100010,62100010,100000,100000,10,62000010
553,667306000,672306000,100000,100000,7000000,12000000,634506000,634506000,12000000,12000000,13700000,13700000,25700000,25700000,32800000,37800000,100000,100000,7000000,12000000,0,0,12000000,12000000,13700000,13700000,25700000,25700000,100010,23100030,100000,100000,10,23000030
583,757406000,758406000,100000,100000,46000000,47000000,634506000,634506000,47000000,47000000,29800000,29800000,76800000,76800000,122900000,123900000,100000,100000,46000000,47000000,0,0,47000000,47000000,29800000,29800000,76800000,76800000,100010,39100050,100000,100000,10,39000050
613,673806000,674806000,100000,100000,9000000,10000000,634506000,634506000,10000000,10000000,20200000,20200000,30200000,30200000,39300000,40300000,100000,100000,9000000,10000000,0,0,10000000,10000000,20200000,20200000,30200000,30200000,100010,21100040,100000,100000,10,21000040
643,668906000,724706000,100000,100000,9000000,10000000,634506000,634506000,10000000,80000000,15300000,100000,25300000,80100000,34400000,90200000,100000,100000,9000000,10000000,0,0,10000000,80000000,15300000,100000,25300000,80100000,100010,83100020,100000,100000,10,83000020
673,654606000,654606000,100000,100000,6000000,6000000,634506000,634506000,6000000,6000000,8000000,8000000,14000000,14000000,20100000,20100000,100000,100000,6000000,6000000,0,0,6000000,6000000,8000000,8000000,14000000,14000000,100010,10100010,100000,100000,10,10000010
703,686506000,687506000,100000,100000,17000000,18000000,634506000,634506000,18000000,18000000,16900000,16900000,34900000,34900000,52000000,53000000,100000,100000,17000000,18000000,0,0,18000000,18000000,16900000,16900000,34900000,34900000,100010,21100010,100000,100000,10,21000010
733,664606000,664606000,100000,100000,6000000,6000000,634506000,634506000,6000000,6000000,18000000,18000000,24000000,24000000,30100000,30100000,100000,100000,6000000,6000000,0,0,6000000,6000000,18000000,18000000,24000000,24000000,100010,12100020,100000,100000,10,12000020
763,643906000,655706000,100000,100000,1000000,1000000,634506000,634506000,1000000,20000000,7300000,100000,8300000,20100000,9400000,21200000,100000,100000,1000000,1000000,0,0,1000000,20000000,7300000,100000,8300000,20100000,100010,20100030,100000,100000,10,20000030
793,647806000,716706000,100000,100000,1000000,1000000,634506000,634506000,1000000,81000000,11200000,100000,12200000,81100000,13300000,82200000,100000,100000,1000000,1000000,0,0,1000000,81000000,11200000,100000,12200000,81100000,100010,81100040,100000,100000,10,81000040
823,657006000,716806000,100000,100000,0,1000000,634506000,634506000,1000000,81000000,21400000,200000,22400000,81200000,22500000,82300000,100000,100000,0,1000000,0,0,1000000,81000000,21400000,200000,22400000,81200000,100010,81100030,100000,100000,10,81000030
853,648306000,655706000,100000,100000,2000000,8000000,634506000,634506000,8000000,13000000,3700000,100000,11700000,13100000,13800000,21200000,100000,100000,2000000,8000000,0,0,8000000,13000000,3700000,100000,11700000,13100000,100010,7100030,100000,100000,10,7000030
883,822006000,822006000,100000,100000,81000000,81000000,634506000,634506000,81000000,81000000,25400000,25400000,106400000,106400000,187500000,187500000,100000,100000,81000000,81000000,0,0,81000000,81000000,25400000,25400000,106400000,106400000,100010,132100030,100000,100000,10,132000030
913,644606000,655606000,100000,100000,10000000,21000000,634506000,634506000,0,0,0,0,0,0,10100000,21100000,100000,100000,10000000,21000000,0,0,0,0,0,0,0,0,100010,100000,100000,100000,10,0
943,670506000,680706000,100000,100000,8000000,8000000,634506000,634506000,8000000,38000000,19900000,100000,27900000,38100000,36000000,46200000,100000,100000,8000000,8000000,0,0,8000000,38000000,19900000,100000,27900000,38100000,100010,44100030,100000,100000,10,44000030
973,681206000,7083766000,100000,100000,1000000,19000000,634506000,6979566000,18000000,85000000,27600000,100000,45600000,85100000,46700000,104200000,100000,100000,1000000,19000000,0,0,18000000,85000000,27600000,100000,45600000,85100000,100010,68100020,100000,100000,10,68000020
1003,660706000,3834236000,100000,100000,12000000,13000000,634506000,3807036000,13000000,13000000,1100000,1100000,14100000,14100000,26200000,27200000,100000,100000,12000000,13000000,0,0,13000000,13000000,1100000,1100000,14100000,14100000,100010,100000,100000,100000,10,0
1033,674206000,8355178000,100000,100000,1000000,18000000,634506000,8248578000,18000000,85000000,20600000,3500000,38600000,88500000,39700000,106600000,100000,100000,1000000,18000000,0,0,18000000,85000000,20600000,3500000,38600000,88500000,100010,68100020,100000,100000,10,68000020
1063,674006000,3213030000,100000,100000,19000000,20000000,634506000,3172530000,20000000,20000000,400000,400000,20400000,20400000,39500000,40500000,100000,100000,19000000,20000000,0,0,20000000,20000000,400000,400000,20400000,20400000,100010,100000,100000,100000,10,0
1093,688406000,4498442000,100000,100000,10000000,13000000,634506000,4441542000,13000000,13000000,30800000,30800000,43800000,43800000,53900000,56900000,100000,100000,10000000,13000000,0,0,13000000,13000000,30800000,30800000,43800000,43800000,100010,100000,100000,100000,10,0
1123,641606000,1911618000,100000,100000,7000000,8000000,634506000,1903518000,0,0,0,0,0,0,7100000,8100000,100000,100000,7000000,8000000,0,0,0,0,0,0,0,0,100010,100000,100000,100000,10,0
1153,650606000,651606000,100000,100000,16000000,17000000,634506000,634506000,0,0,0,0,0,0,16100000,17100000,100000,100000,16000000,17000000,0,0,0,0,0,0,0,0,100010,100000,100000,100000,10,0
1183,651706000,3190730000,100000,100000,8000000,9000000,634506000,3172530000,9000000,9000000,100000,100000,9100000,9100000,17200000,18200000,100000,100000,8000000,9000000,0,0,9000000,9000000,100000,100000,9100000,9100000,100010,100000,100000,100000,10,0
1213,635606000,636606000,100000,100000,1000000,2000000,634506000,634506000,0,0,0,0,0,0,1100000,2100000,100000,100000,1000000,2000000,0,0,0,0,0,0,0,0,100010,100000,100000,100000,10,0
1243,662706000,1319212000,100000,100000,11000000,13000000,634506000,1269012000,13000000,37000000,4100000,100000,17100000,37100000,28200000,50200000,100000,100000,11000000,13000000,0,0,13000000,37000000,4100000,100000,17100000,37100000,100010,33100020,100000,100000,10,33000020
1273,677406000,3273230000,100000,100000,17000000,20000000,634506000,3172530000,19000000,80000000,6800000,600000,25800000,80600000,42900000,100700000,100000,100000,17000000,20000000,0,0,19000000,80000000,6800000,600000,25800000,80600000,100010,62100010,100000,100000,10,62000010
14,676306000,692706000,100000,100000,19000000,19000000,634506000,634506000,19000000,39000000,3700000,100000,22700000,39100000,41800000,58200000,100000,100000,19000000,19000000,0,0,19000000,39000000,3700000,100000,22700000,39100000,100010,22100010,100000,100000,10,22000010
44,698406000,709706000,100000,100000,17000000,18000000,634506000,634506000,18000000,57000000,28800000,100000,46800000,57100000,63900000,75200000,100000,100000,17000000,18000000,0,0,18000000,57000000,28800000,100000,46800000,57100000,100010,61100050,100000,100000,10,61000050
74,676206000,683706000,100000,100000,10000000,11000000,634506000,634506000,11000000,38000000,20600000,100000,31600000,38100000,41700000,49200000,100000,100000,10000000,11000000,0,0,11000000,38000000,20600000,100000,31600000,38100000,100010,34100040,100000,100000,10,34000040
104,680106000,738006000,100000,100000,18000000,18000000,634506000,634506000,18000000,85000000,9500000,400000,27500000,85400000,45600000,103500000,100000,100000,18000000,18000000,0,0,18000000,85000000,9500000,400000,27500000,85400000,100010,73100030,100000,100000,10,73000030
134,652706000,652706000,100000,100000,1000000,1000000,634506000,634506000,1000000,1000000,16100000,16100000,17100000,17100000,18200000,18200000,100000,100000,1000000,1000000,0,0,1000000,1000000,16100000,16100000,17100000,17100000,100010,12100030,100000,100000,10,12000030
164,664106000,685806000,100000,100000,9000000,11000000,634506000,634506000,9000000,37000000,11500000,3200000,20500000,40200000,29600000,51300000,100000,100000,9000000,11000000,0,0,9000000,37000000,11500000,3200000,20500000,40200000,100010,30100010,100000,100000,10,30000010
194,689506000,700506000,100000,100000,9000000,20000000,634506000,634506000,20000000,20000000,25900000,25900000,45900000,45900000,55000000,66000000,100000,100000,9000000,20000000,0,0,20000000,20000000,25900000,25900000,45900000,45900000,100010,19100040,100000,100000,10,19000040
224,695606000,696606000,100000,100000,19000000,20000000,634506000,634506000,20000000,20000000,22000000,22000000,42000000,42000000,61100000,62100000,100000,100000,19000000,20000000,0,0,20000000,20000000,22000000,22000000,42000000,42000000,100010,22100010,100000,100000,10,22000010
254,666306000,667306000,100000,100000,8000000,9000000,634506000,634506000,9000000,9000000,14700000,14700000,23700000,23700000,31800000,32800000,100000,100000,8000000,9000000,0,0,9000000,9000000,14700000,14700000,23700000,23700000,100010,16100040,100000,100000,10,16000040
284,660106000,669806000,100000,100000,9000000,9000000,634506000,634506000,9000000,20000000,7500000,6200000,16500000,26200000,25600000,35300000,100000,100000,9000000,9000000,0,0,9000000,20000000,7500000,6200000,16500000,26200000,100010,13100030,100000,100000,10,13000030
314,666006000,733106000,100000,100000,8000000,10000000,634506000,634506000,10000000,85000000,13400000,3500000,23400000,88500000,31500000,98600000,100000,100000,8000000,10000000,0,0,10000000,85000000,13400000,3500000,23400000,88500000,100010,77100030,100000,100000,10,77000030
344,675606000,682706000,100000,100000,8000000,9000000,634506000,634506000,9000000,39000000,24000000,100000,33000000,39100000,41100000,48200000,100000,100000,8000000,9000000,0,0,9000000,39000000,24000000,100000,33000000,39100000,100010,33100020,100000,100000,10,33000020
374,665606000,665606000,100000,100000,9000000,9000000,634506000,634506000,9000000,9000000,13000000,13000000,22000000,22000000,31100000,31100000,100000,100000,9000000,9000000,0,0,9000000,9000000,13000000,13000000,22000000,22000000,100010,16100030,100000,100000,10,16000030
404,666006000,683706000,100000,100000,11000000,12000000,634506000,634506000,12000000,37000000,8400000,100000,20400000,37100000,31500000,49200000,100000,100000,11000000,12000000,0,0,12000000,37000000,8400000,100000,20400000,37100000,100010,33100020,100000,100000,10,33000020
434,674706000,674706000,100000,100000,11000000,11000000,634506000,634506000,11000000,11000000,18100000,18100000,29100000,29100000,40200000,40200000,100000,100000,11000000,11000000,0,0,11000000,11000000,18100000,18100000,29100000,29100000,100010,26100040,100000,100000,10,26000040
464,666006000,683706000,100000,100000,11000000,12000000,634506000,634506000,12000000,37000000,8400000,100000,20400000,37100000,31500000,49200000,100000,100000,11000000,12000000,0,0,12000000,37000000,8400000,100000,20400000,37100000,100010,33100020,100000,100000,10,33000020
494,669606000,669606000,100000,100000,4000000,4000000,634506000,634506000,4000000,4000000,27000000,27000000,31000000,31000000,35100000,35100000,100000,100000,4000000,4000000,0,0,4000000,4000000,27000000,27000000,31000000,31000000,100010,15100040,100000,100000,10,15000040
524,703906000,705906000,100000,100000,18000000,20000000,634506000,634506000,20000000,20000000,31300000,31300000,51300000,51300000,69400000,71400000,100000,100000,18000000,20000000,0,0,20000000,20000000,31300000,31300000,51300000,51300000,100010,26100040,100000,100000,10,26000040
554,671506000,672506000,100000,100000,7000000,8000000,634506000,634506000,8000000,8000000,21900000,21900000,29900000,29900000,37000000,38000000,100000,100000,7000000,8000000,0,0,8000000,8000000,21900000,21900000,29900000,29900000,100010,22100030,100000,100000,10,22000030
584,680606000,685606000,100000,100000,46000000,51000000,634506000,634506000,0,0,0,0,0,0,46100000,51100000,100000,100000,46000000,51000000,0,0,0,0,0,0,0,0,100010,100000,100000,100000,10,0
614,673806000,674806000,100000,100000,9000000,10000000,634506000,634506000,10000000,10000000,20200000,20200000,30200000,30200000,39300000,40300000,100000,100000,9000000,10000000,0,0,10000000,10000000,20200000,20200000,30200000,30200000,100010,21100040,100000,100000,10,21000040
644,668906000,724706000,100000,100000,9000000,10000000,634506000,634506000,10000000,80000000,15300000,100000,25300000,80100000,34400000,90200000,100000,100000,9000000,10000000,0,0,10000000,80000000,15300000,100000,25300000,80100000,100010,83100020,100000,100000,10,83000020
674,657406000,657406000,100000,100000,6000000,6000000,634506000,634506000,6000000,6000000,10800000,10800000,16800000,16800000,22900000,22900000,100000,100000,6000000,6000000,0,0,6000000,6000000,10800000,10800000,16800000,16800000,100010,10100010,100000,100000,10,10000010
704,686506000,687506000,100000,100000,17000000,18000000,634506000,634506000,18000000,18000000,16900000,16900000,34900000,34900000,52000000,53000000,100000,100000,17000000,18000000,0,0,18000000,18000000,16900000,16900000,34900000,34900000,100010,21100010,100000,100000,10,21000010
734,664706000,720906000,100000,100000,6000000,6000000,634506000,634506000,6000000,80000000,18100000,300000,24100000,80300000,30200000,86400000,100000,100000,6000000,6000000,0,0,6000000,80000000,18100000,300000,24100000,80300000,100010,82100030,100000,100000,10,82000030
764,643606000,655706000,100000,100000,1000000,1000000,634506000,634506000,1000000,20000000,7000000,100000,8000000,20100000,9100000,21200000,100000,100000,1000000,1000000,0,0,1000000,20000000,7000000,100000,8000000,20100000,100010,20100030,100000,100000,10,20000030
794,647506000,716706000,100000,100000,1000000,1000000,634506000,634506000,1000000,81000000,10900000,100000,11900000,81100000,13000000,82200000,100000,100000,1000000,1000000,0,0,1000000,81000000,10900000,100000,11900000,81100000,100010,81100040,100000,100000,10,81000040
824,657006000,716806000,100000,100000,0,1000000,634506000,634506000,1000000,81000000,21400000,200000,22400000,81200000,22500000,82300000,100000,100000,0,1000000,0,0,1000000,81000000,21400000,200000,22400000,81200000,100010,81100030,100000,100000,10,81000030
854,663606000,682706000,100000,100000,8000000,9000000,634506000,634506000,8000000,39000000,13000000,100000,21000000,39100000,29100000,48200000,100000,100000,8000000,9000000,0,0,8000000,39000000,13000000,100000,21000000,39100000,100010,34100030,100000,100000,10,34000030
884,680906000,680906000,100000,100000,16000000,16000000,634506000,634506000,16000000,16000000,14300000,14300000,30300000,30300000,46400000,46400000,100000,100000,16000000,16000000,0,0,16000000,16000000,14300000,14300000,30300000,30300000,100010,25100030,100000,100000,10,25000030
914,748906000,751806000,100000,100000,41000000,43000000,634506000,634506000,43000000,44000000,30300000,30200000,73300000,74200000,114400000,117300000,100000,100000,41000000,43000000,0,0,43000000,44000000,30300000,30200000,73300000,74200000,100010,115100080,100000,100000,10,115000080
944,670506000,680706000,100000,100000,8000000,8000000,634506000,634506000,8000000,38000000,19900000,100000,27900000,38100000,36000000,46200000,100000,100000,8000000,8000000,0,0,8000000,38000000,19900000,100000,27900000,38100000,100010,44100030,100000,100000,10,44000030
974,693606000,15957950000,100000,100000,8000000,38000000,634506000,15862650000,20000000,57000000,31000000,200000,51000000,57200000,59100000,95300000,100000,100000,8000000,38000000,0,0,20000000,57000000,31000000,200000,51000000,57200000,100010,47100020,100000,100000,10,47000020
1004,660906000,5103448000,100000,100000,12000000,13000000,634506000,5076048000,13000000,13000000,1300000,1300000,14300000,14300000,26400000,27400000,100000,100000,12000000,13000000,0,0,13000000,13000000,1300000,1300000,14300000,14300000,100010,100000,100000,100000,10,0
1034,651606000,1921618000,100000,100000,17000000,18000000,634506000,1903518000,0,0,0,0,0,0,17100000,18100000,100000,100000,17000000,18000000,0,0,0,0,0,0,0,0,100010,100000,100000,100000,10,0
1064,653606000,1289112000,100000,100000,19000000,20000000,634506000,1269012000,0,0,0,0,0,0,19100000,20100000,100000,100000,19000000,20000000,0,0,0,0,0,0,0,0,100010,100000,100000,100000,10,0
1094,688406000,4498442000,100000,100000,10000000,13000000,634506000,4441542000,13000000,13000000,30800000,30800000,43800000,43800000,53900000,56900000,100000,100000,10000000,13000000,0,0,13000000,13000000,30800000,30800000,43800000,43800000,100010,100000,100000,100000,10,0
1124,641606000,1911618000,100000,100000,7000000,8000000,634506000,1903518000,0,0,0,0,0,0,7100000,8100000,100000,100000,7000000,8000000,0,0,0,0,0,0,0,0,100010,100000,100000,100000,10,0
1154,649606000,2555124000,100000,100000,15000000,17000000,634506000,2538024000,0,0,0,0,0,0,15100000,17100000,100000,100000,15000000,17000000,0,0,0,0,0,0,0,0,100010,100000,100000,100000,10,0
1184,651706000,3190730000,100000,100000,8000000,9000000,634506000,3172530000,9000000,9000000,100000,100000,9100000,9100000,17200000,18200000,100000,100000,8000000,9000000,0,0,9000000,9000000,100000,100000,9100000,9100000,100010,100000,100000,100000,10,0
1214,749806000,1387312000,100000,100000,41000000,44000000,634506000,1269012000,44000000,44000000,30200000,30200000,74200000,74200000,115300000,118300000,100000,100000,41000000,44000000,0,0,44000000,44000000,30200000,30200000,74200000,74200000,100010,115100080,100000,100000,10,115000080
1244,645606000,1282112000,100000,100000,11000000,13000000,634506000,1269012000,0,0,0,0,0,0,11100000,13100000,100000,100000,11000000,13000000,0,0,0,0,0,0,0,0,100010,100000,100000,100000,10,0
1274,674706000,2580224000,100000,100000,17000000,19000000,634506000,2538024000,19000000,19000000,4100000,4100000,23100000,23100000,40200000,42200000,100000,100000,17000000,19000000,0,0,19000000,19000000,4100000,4100000,23100000,23100000,100010,100000,100000,100000,10,0
15,698606000,711706000,100000,100000,19000000,20000000,634506000,634506000,20000000,57000000,25000000,100000,45000000,57100000,64100000,77200000,100000,100000,19000000,20000000,0,0,20000000,57000000,25000000,100000,45000000,57100000,100010,51100030,100000,100000,10,51000030
45,670306000,713106000,100000,100000,10000000,17000000,634506000,634506000,17000000,57000000,8700000,4500000,25700000,61500000,35800000,78600000,100000,100000,10000000,17000000,0,0,17000000,57000000,8700000,4500000,25700000,61500000,100010,40100010,100000,100000,10,40000010
75,668506000,683806000,100000,100000,10000000,11000000,634506000,634506000,11000000,38000000,12900000,200000,23900000,38200000,34000000,49300000,100000,100000,10000000,11000000,0,0,11000000,38000000,12900000,200000,23900000,38200000,100010,34100040,100000,100000,10,34000040
105,677506000,677506000,100000,100000,18000000,18000000,634506000,634506000,18000000,18000000,6900000,6900000,24900000,24900000,43000000,43000000,100000,100000,18000000,18000000,0,0,18000000,18000000,6900000,6900000,24900000,24900000,100010,25100020,100000,100000,10,25000020
135,661406000,664406000,100000,100000,1000000,4000000,634506000,634506000,4000000,4000000,21800000,21800000,25800000,25800000,26900000,29900000,100000,100000,1000000,4000000,0,0,4000000,4000000,21800000,21800000,25800000,25800000,100010,19100030,100000,100000,10,19000030
165,679206000,717706000,100000,100000,7000000,9000000,634506000,634506000,9000000,74000000,28600000,100000,37600000,74100000,44700000,83200000,100000,100000,7000000,9000000,0,0,9000000,74000000,28600000,100000,37600000,74100000,100010,81100040,100000,100000,10,81000040
195,695206000,711706000,100000,100000,20000000,20000000,634506000,634506000,20000000,57000000,20600000,100000,40600000,57100000,60700000,77200000,100000,100000,20000000,20000000,0,0,20000000,57000000,20600000,100000,40600000,57100000,100010,51100030,100000,100000,10,51000030
225,695606000,696606000,100000,100000,19000000,20000000,634506000,634506000,20000000,20000000,22000000,22000000,42000000,42000000,61100000,62100000,100000,100000,19000000,20000000,0,0,20000000,20000000,22000000,22000000,42000000,42000000,100010,22100010,100000,100000,10,22000010
255,673506000,674506000,100000,100000,8000000,9000000,634506000,634506000,9000000,9000000,21900000,21900000,30900000,30900000,39000000,40000000,100000,100000,8000000,9000000,0,0,9000000,9000000,21900000,21900000,30900000,30900000,100010,16100040,100000,100000,10,16000040
285,669806000,669806000,100000,100000,9000000,9000000,634506000,634506000,9000000,9000000,17200000,17200000,26200000,26200000,35300000,35300000,100000,100000,9000000,9000000,0,0,9000000,9000000,17200000,17200000,26200000,26200000,100010,16100040,100000,100000,10,16000040
315,675606000,682706000,100000,100000,8000000,9000000,634506000,634506000,9000000,39000000,24000000,100000,33000000,39100000,41100000,48200000,100000,100000,8000000,9000000,0,0,9000000,39000000,24000000,100000,33000000,39100000,100010,33100020,100000,100000,10,33000020
345,675606000,682706000,100000,100000,8000000,9000000,634506000,634506000,9000000,39000000,24000000,100000,33000000,39100000,41100000,48200000,100000,100000,8000000,9000000,0,0,9000000,39000000,24000000,100000,33000000,39100000,100010,33100020,100000,100000,10,33000020
375,661306000,667906000,100000,100000,9000000,9000000,634506000,634506000,9000000,20000000,8700000,4300000,17700000,24300000,26800000,33400000,100000,100000,9000000,9000000,0,0,9000000,20000000,8700000,4300000,17700000,24300000,100010,16100030,100000,100000,10,16000030
405,690406000,691406000,100000,100000,12000000,13000000,634506000,634506000,13000000,13000000,30800000,30800000,43800000,43800000,55900000,56900000,100000,100000,12000000,13000000,0,0,13000000,13000000,30800000,30800000,43800000,43800000,100010,2100010,100000,100000,10,2000010
435,674606000,675606000,100000,100000,11000000,12000000,634506000,634506000,12000000,12000000,17000000,17000000,29000000,29000000,40100000,41100000,100000,100000,11000000,12000000,0,0,12000000,12000000,17000000,17000000,29000000,29000000,100010,26100040,100000,100000,10,26000040
465,666006000,682706000,100000,100000,11000000,11000000,634506000,634506000,11000000,37000000,9400000,100000,20400000,37100000,31500000,48200000,100000,100000,11000000,11000000,0,0,11000000,37000000,9400000,100000,20400000,37100000,100010,33100020,100000,100000,10,33000020
495,738706000,739706000,100000,100000,37000000,38000000,634506000,634506000,38000000,38000000,29100000,29100000,67100000,67100000,104200000,105200000,100000,100000,37000000,38000000,0,0,38000000,38000000,29100000,29100000,67100000,67100000,100010,36100040,100000,100000,10,36000040
525,684306000,732706000,100000,100000,18000000,18000000,634506000,634506000,18000000,80000000,13700000,100000,31700000,80100000,49800000,98200000,100000,100000,18000000,18000000,0,0,18000000,80000000,13700000,100000,31700000,80100000,100010,62100010,100000,100000,10,62000010
555,671506000,672506000,100000,100000,7000000,8000000,634506000,634506000,8000000,8000000,21900000,21900000,29900000,29900000,37000000,38000000,100000,100000,7000000,8000000,0,0,8000000,8000000,21900000,21900000,29900000,29900000,100010,22100030,100000,100000,10,22000030
585,751906000,752906000,100000,100000,43000000,44000000,634506000,634506000,44000000,44000000,30300000,30300000,74300000,74300000,117400000,118400000,100000,100000,43000000,44000000,0,0,44000000,44000000,30300000,30300000,74300000,74300000,100010,117100090,100000,100000,10,117000090
615,676806000,724706000,100000,100000,9000000,10000000,634506000,634506000,10000000,80000000,23200000,100000,33200000,80100000,42300000,90200000,100000,100000,9000000,10000000,0,0,10000000,80000000,23200000,100000,33200000,80100000,100010,83100020,100000,100000,10,83000020
645,668906000,724706000,100000,100000,9000000,10000000,634506000,634506000,10000000,80000000,15300000,100000,25300000,80100000,34400000,90200000,100000,100000,9000000,10000000,0,0,10000000,80000000,15300000,100000,25300000,80100000,100010,83100020,100000,100000,10,83000020
675,657406000,657406000,100000,100000,6000000,6000000,634506000,634506000,6000000,6000000,10800000,10800000,16800000,16800000,22900000,22900000,100000,100000,6000000,6000000,0,0,6000000,6000000,10800000,10800000,16800000,16800000,100010,12100020,100000,100000,10,12000020
705,686806000,690706000,100000,100000,17000000,18000000,634506000,634506000,18000000,38000000,17200000,100000,35200000,38100000,52300000,56200000,100000,100000,17000000,18000000,0,0,18000000,38000000,17200000,100000,35200000,38100000,100010,21100010,100000,100000,10,21000010
735,640606000,642606000,100000,100000,6000000,8000000,634506000,634506000,0,0,0,0,0,0,6100000,8100000,100000,100000,6000000,8000000,0,0,0,0,0,0,0,0,100010,100000,100000,100000,10,0
765,639906000,646706000,100000,100000,1000000,1000000,634506000,634506000,1000000,11000000,3300000,100000,4300000,11100000,5400000,12200000,100000,100000,1000000,1000000,0,0,1000000,11000000,3300000,100000,4300000,11100000,100010,11100030,100000,100000,10,11000030
795,649806000,653706000,100000,100000,1000000,1000000,634506000,634506000,1000000,18000000,13200000,100000,14200000,18100000,15300000,19200000,100000,100000,1000000,1000000,0,0,1000000,18000000,13200000,100000,14200000,18100000,100010,18100020,100000,100000,10,18000020
825,656706000,716806000,100000,100000,0,1000000,634506000,634506000,1000000,81000000,21100000,200000,22100000,81200000,22200000,82300000,100000,100000,0,1000000,0,0,1000000,81000000,21100000,200000,22100000,81200000,100010,81100030,100000,100000,10,81000030
855,690906000,691906000,100000,100000,12000000,13000000,634506000,634506000,13000000,13000000,31300000,31300000,44300000,44300000,56400000,57400000,100000,100000,12000000,13000000,0,0,13000000,13000000,31300000,31300000,44300000,44300000,100010,9100010,100000,100000,10,9000010
885,681106000,681106000,100000,100000,16000000,16000000,634506000,634506000,16000000,16000000,14500000,14500000,30500000,30500000,46600000,46600000,100000,100000,16000000,16000000,0,0,16000000,16000000,14500000,14500000,30500000,30500000,100010,25100030,100000,100000,10,25000030
915,690206000,733706000,100000,100000,18000000,19000000,634506000,634506000,18000000,80000000,19600000,100000,37600000,80100000,55700000,99200000,100000,100000,18000000,19000000,0,0,18000000,80000000,19600000,100000,37600000,80100000,100010,62100010,100000,100000,10,62000010
945,664506000,680706000,100000,100000,8000000,8000000,634506000,634506000,8000000,38000000,13900000,100000,21900000,38100000,30000000,46200000,100000,100000,8000000,8000000,0,0,8000000,38000000,13900000,100000,21900000,38100000,100010,44100030,100000,100000,10,44000030
975,681506000,4547042000,100000,100000,8000000,20000000,634506000,4441542000,19000000,85000000,19900000,400000,38900000,85400000,47000000,105500000,100000,100000,8000000,20000000,0,0,19000000,85000000,19900000,400000,38900000,85400000,100010,72100020,100000,100000,10,72000020
1005,686406000,15965950000,100000,100000,7000000,18000000,634506000,15862650000,13000000,85000000,31800000,200000,44800000,85200000,51900000,103300000,100000,100000,7000000,18000000,0,0,13000000,85000000,31800000,200000,44800000,85200000,100010,75100040,100000,100000,10,75000040
1035,761206000,4001736000,100000,100000,17000000,85000000,634506000,3807036000,85000000,85000000,24600000,24600000,109600000,109600000,126700000,194700000,100000,100000,17000000,85000000,0,0,85000000,85000000,24600000,24600000,109600000,109600000,100010,66100030,100000,100000,10,66000030
1065,674006000,3847536000,100000,100000,19000000,20000000,634506000,3807036000,20000000,20000000,400000,400000,20400000,20400000,39500000,40500000,100000,100000,19000000,20000000,0,0,20000000,20000000,400000,400000,20400000,20400000,100010,100000,100000,100000,10,0
1095,676106000,3216130000,100000,100000,11000000,13000000,634506000,3172530000,13000000,13000000,17500000,17500000,30500000,30500000,41600000,43600000,100000,100000,11000000,13000000,0,0,13000000,13000000,17500000,17500000,30500000,30500000,100010,100000,100000,100000,10,0
1125,673406000,12786120000,100000,100000,0,10000000,634506000,12690120000,8000000,80000000,30800000,5900000,38800000,85900000,38900000,96000000,100000,100000,0,10000000,0,0,8000000,80000000,30800000,5900000,38800000,85900000,100010,80100040,100000,100000,10,80000040
1155,656906000,1292412000,100000,100000,10000000,11000000,634506000,1269012000,11000000,11000000,1300000,1300000,12300000,12300000,22400000,23400000,100000,100000,10000000,11000000,0,0,11000000,11000000,1300000,1300000,12300000,12300000,100010,100000,100000,100000,10,0
1185,651706000,3190730000,100000,100000,8000000,9000000,634506000,3172530000,9000000,9000000,100000,100000,9100000,9100000,17200000,18200000,100000,100000,8000000,9000000,0,0,9000000,9000000,100000,100000,9100000,9100000,100010,100000,100000,100000,10,0
1215,668706000,1938718000,100000,100000,17000000,18000000,634506000,1903518000,17000000,17000000,100000,100000,17100000,17100000,34200000,35200000,100000,100000,17000000,18000000,0,0,17000000,17000000,100000,100000,17100000,17100000,100010,100000,100000,100000,10,0
1245,643606000,644606000,100000,100000,9000000,10000000,634506000,634506000,0,0,0,0,0,0,9100000,10100000,100000,100000,9000000,10000000,0,0,0,0,0,0,0,0,100010,100000,100000,100000,10,0
1275,674706000,2580224000,100000,100000,17000000,19000000,634506000,2538024000,19000000,19000000,4100000,4100000,23100000,23100000,40200000,42200000,100000,100000,17000000,19000000,0,0,19000000,19000000,4100000,4100000,23100000,23100000,100010,100000,100000,100000,10,0
16,698506000,699506000,100000,100000,19000000,20000000,634506000,634506000,20000000,20000000,24900000,24900000,44900000,44900000,64000000,65000000,100000,100000,19000000,20000000,0,0,20000000,20000000,24900000,24900000,44900000,44900000,100010,22100010,100000,100000,10,22000010
46,695006000,737906000,100000,100000,17000000,18000000,634506000,634506000,18000000,85000000,25400000,300000,43400000,85300000,60500000,103400000,100000,100000,17000000,18000000,0,0,18000000,85000000,25400000,300000,43400000,85300000,100010,68100020,100000,100000,10,68000020
76,679706000,703706000,100000,100000,10000000,11000000,634506000,634506000,11000000,58000000,24100000,100000,35100000,58100000,45200000,69200000,100000,100000,10000000,11000000,0,0,11000000,58000000,24100000,100000,35100000,58100000,100010,68100040,100000,100000,10,68000040
106,684706000,684706000,100000,100000,18000000,18000000,634506000,634506000,18000000,18000000,14100000,14100000,32100000,32100000,50200000,50200000,100000,100000,18000000,18000000,0,0,18000000,18000000,14100000,14100000,32100000,32100000,100010,25100040,100000,100000,10,25000040
136,652206000,661206000,100000,100000,1000000,9000000,634506000,634506000,9000000,17000000,7600000,600000,16600000,17600000,17700000,26700000,100000,100000,1000000,9000000,0,0,9000000,17000000,7600000,600000,16600000,17600000,100010,11100030,100000,100000,10,11000030
166,690606000,690606000,100000,100000,20000000,20000000,634506000,634506000,20000000,20000000,16000000,16000000,36000000,36000000,56100000,56100000,100000,100000,20000000,20000000,0,0,20000000,20000000,16000000,16000000,36000000,36000000,100010,27100040,100000,100000,10,27000040
196,695206000,711706000,100000,100000,20000000,20000000,634506000,634506000,20000000,57000000,20600000,100000,40600000,57100000,60700000,77200000,100000,100000,20000000,20000000,0,0,20000000,57000000,20600000,100000,40600000,57100000,100010,51100030,100000,100000,10,51000030
226,701206000,702206000,100000,100000,19000000,20000000,634506000,634506000,20000000,20000000,27600000,27600000,47600000,47600000,66700000,67700000,100000,100000,19000000,20000000,0,0,20000000,20000000,27600000,27600000,47600000,47600000,100010,22100010,100000,100000,10,22000010
256,668306000,669306000,100000,100000,8000000,9000000,634506000,634506000,9000000,9000000,16700000,16700000,25700000,25700000,33800000,34800000,100000,100000,8000000,9000000,0,0,9000000,9000000,16700000,16700000,25700000,25700000,100010,16100040,100000,100000,10,16000040
286,656106000,664106000,100000,100000,5000000,9000000,634506000,634506000,5000000,20000000,11500000,500000,16500000,20500000,21600000,29600000,100000,100000,5000000,9000000,0,0,5000000,20000000,11500000,500000,16500000,20500000,100010,17100030,100000,100000,10,17000030
316,675606000,682706000,100000,100000,8000000,9000000,634506000,634506000,9000000,39000000,24000000,100000,33000000,39100000,41100000,48200000,100000,100000,8000000,9000000,0,0,9000000,39000000,24000000,100000,33000000,39100000,100010,33100020,100000,100000,10,33000020
346,651706000,652706000,100000,100000,8000000,9000000,634506000,634506000,9000000,9000000,100000,100000,9100000,9100000,17200000,18200000,100000,100000,8000000,9000000,0,0,9000000,9000000,100000,100000,9100000,9100000,100010,1100010,100000,100000,10,1000010
376,665606000,665606000,100000,100000,9000000,9000000,634506000,634506000,9000000,9000000,13000000,13000000,22000000,22000000,31100000,31100000,100000,100000,9000000,9000000,0,0,9000000,9000000,13000000,13000000,22000000,22000000,100010,16100030,100000,100000,10,16000030
406,690306000,691306000,100000,100000,12000000,13000000,634506000,634506000,13000000,13000000,30700000,30700000,43700000,43700000,55800000,56800000,100000,100000,12000000,13000000,0,0,13000000,13000000,30700000,30700000,43700000,43700000,100010,2100010,100000,100000,10,2000010
436,674606000,675606000,100000,100000,11000000,12000000,634506000,634506000,12000000,12000000,17000000,17000000,29000000,29000000,40100000,41100000,100000,100000,11000000,12000000,0,0,12000000,12000000,17000000,17000000,29000000,29000000,100010,26100040,100000,100000,10,26000040
466,666006000,683706000,100000,100000,11000000,12000000,634506000,634506000,12000000,37000000,8400000,100000,20400000,37100000,31500000,49200000,100000,100000,11000000,12000000,0,0,12000000,37000000,8400000,100000,20400000,37100000,100010,33100020,100000,100000,10,33000020
496,740306000,743306000,100000,100000,37000000,40000000,634506000,634506000,40000000,40000000,28700000,28700000,68700000,68700000,105800000,108800000,100000,100000,37000000,40000000,0,0,40000000,40000000,28700000,28700000,68700000,68700000,100010,30100010,100000,100000,10,30000010
526,692306000,733706000,100000,100000,18000000,19000000,634506000,634506000,19000000,80000000,20700000,100000,39700000,80100000,57800000,99200000,100000,100000,18000000,19000000,0,0,19000000,80000000,20700000,100000,39700000,80100000,100010,62100010,100000,100000,10,62000010
556,671506000,672506000,100000,100000,7000000,8000000,634506000,634506000,8000000,8000000,21900000,21900000,29900000,29900000,37000000,38000000,100000,100000,7000000,8000000,0,0,8000000,8000000,21900000,21900000,29900000,29900000,100010,22100030,100000,100000,10,22000030
586,756006000,759006000,100000,100000,44000000,47000000,634506000,634506000,47000000,47000000,30400000,30400000,77400000,77400000,121500000,124500000,100000,100000,44000000,47000000,0,0,47000000,47000000,30400000,30400000,77400000,77400000,100010,38100050,100000,100000,10,38000050
616,668906000,724706000,100000,100000,9000000,10000000,634506000,634506000,10000000,80000000,15300000,100000,25300000,80100000,34400000,90200000,100000,100000,9000000,10000000,0,0,10000000,80000000,15300000,100000,25300000,80100000,100010,83100020,100000,100000,10,83000020
646,673106000,682706000,100000,100000,10000000,10000000,634506000,634506000,10000000,38000000,18500000,100000,28500000,38100000,38600000,48200000,100000,100000,10000000,10000000,0,0,10000000,38000000,18500000,100000,28500000,38100000,100010,42100020,100000,100000,10,42000020
676,657706000,661706000,100000,100000,6000000,10000000,634506000,634506000,6000000,6000000,11100000,11100000,17100000,17100000,23200000,27200000,100000,100000,6000000,10000000,0,0,6000000,6000000,11100000,11100000,17100000,17100000,100010,6100040,100000,100000,10,6000040
706,664706000,697206000,100000,100000,1000000,17000000,634506000,634506000,17000000,38000000,12100000,7600000,29100000,45600000,30200000,62700000,100000,100000,1000000,17000000,0,0,17000000,38000000,12100000,7600000,29100000,45600000,100010,22100020,100000,100000,10,22000020
736,674606000,680706000,100000,100000,6000000,7000000,634506000,634506000,7000000,39000000,27000000,100000,34000000,39100000,40100000,46200000,100000,100000,6000000,7000000,0,0,7000000,39000000,27000000,100000,34000000,39100000,100010,38100030,100000,100000,10,38000030
766,643906000,655706000,100000,100000,1000000,1000000,634506000,634506000,1000000,20000000,7300000,100000,8300000,20100000,9400000,21200000,100000,100000,1000000,1000000,0,0,1000000,20000000,7300000,100000,8300000,20100000,100010,20100030,100000,100000,10,20000030
796,650106000,653706000,100000,100000,1000000,1000000,634506000,634506000,1000000,18000000,13500000,100000,14500000,18100000,15600000,19200000,100000,100000,1000000,1000000,0,0,1000000,18000000,13500000,100000,14500000,18100000,100010,18100020,100000,100000,10,18000020
826,651706000,716806000,100000,100000,0,1000000,634506000,634506000,1000000,81000000,16100000,200000,17100000,81200000,17200000,82300000,100000,100000,0,1000000,0,0,1000000,81000000,16100000,200000,17100000,81200000,100010,81100030,100000,100000,10,81000030
856,674506000,674506000,100000,100000,12000000,12000000,634506000,634506000,12000000,12000000,15900000,15900000,27900000,27900000,40000000,40000000,100000,100000,12000000,12000000,0,0,12000000,12000000,15900000,15900000,27900000,27900000,100010,9100010,100000,100000,10,9000010
886,646906000,646906000,100000,100000,2000000,2000000,634506000,634506000,2000000,2000000,8300000,8300000,10300000,10300000,12400000,12400000,100000,100000,2000000,2000000,0,0,2000000,2000000,8300000,8300000,10300000,10300000,100010,7100020,100000,100000,10,7000020
916,695106000,733706000,100000,100000,19000000,19000000,634506000,634506000,19000000,80000000,22500000,100000,41500000,80100000,60600000,99200000,100000,100000,19000000,19000000,0,0,19000000,80000000,22500000,100000,41500000,80100000,100010,62100010,100000,100000,10,62000010
946,675606000,682706000,100000,100000,8000000,9000000,634506000,634506000,9000000,39000000,24000000,100000,33000000,39100000,41100000,48200000,100000,100000,8000000,9000000,0,0,9000000,39000000,24000000,100000,33000000,39100000,100010,45100040,100000,100000,10,45000040
976,732906000,7784472000,100000,100000,9000000,81000000,634506000,7614072000,81000000,81000000,8300000,8300000,89300000,89300000,98400000,170400000,100000,100000,9000000,81000000,0,0,81000000,81000000,8300000,8300000,89300000,89300000,100010,52100050,100000,100000,10,52000050
1006,660906000,5103448000,100000,100000,12000000,13000000,634506000,5076048000,13000000,13000000,1300000,1300000,14300000,14300000,26400000,27400000,100000,100000,12000000,13000000,0,0,13000000,13000000,1300000,1300000,14300000,14300000,100010,100000,100000,100000,10,0
1036,754206000,2665724000,100000,100000,43000000,51000000,634506000,2538024000,47000000,47000000,29600000,29600000,76600000,76600000,119700000,127700000,100000,100000,43000000,51000000,0,0,47000000,47000000,29600000,29600000,76600000,76600000,100010,36100050,100000,100000,10,36000050
1066,674006000,3847536000,100000,100000,19000000,20000000,634506000,3807036000,20000000,20000000,400000,400000,20400000,20400000,39500000,40500000,100000,100000,19000000,20000000,0,0,20000000,20000000,400000,400000,20400000,20400000,100010,100000,100000,100000,10,0
1096,638406000,3811936000,100000,100000,0,1000000,634506000,3807036000,1000000,1000000,2800000,2800000,3800000,3800000,3900000,4900000,100000,100000,0,1000000,0,0,1000000,1000000,2800000,2800000,3800000,3800000,100010,100000,100000,100000,10,0
1126,666906000,3845436000,100000,100000,7000000,13000000,634506000,3807036000,13000000,13000000,12300000,12300000,25300000,25300000,32400000,38400000,100000,100000,7000000,13000000,0,0,13000000,13000000,12300000,12300000,25300000,25300000,100010,10100030,100000,100000,10,10000030
1156,643606000,1279112000,100000,100000,9000000,10000000,634506000,1269012000,0,0,0,0,0,0,9100000,10100000,100000,100000,9000000,10000000,0,0,0,0,0,0,0,0,100010,100000,100000,100000,10,0
1186,651706000,3190730000,100000,100000,8000000,9000000,634506000,3172530000,9000000,9000000,100000,100000,9100000,9100000,17200000,18200000,100000,100000,8000000,9000000,0,0,9000000,9000000,100000,100000,9100000,9100000,100010,100000,100000,100000,10,0
1216,674706000,2580224000,100000,100000,17000000,19000000,634506000,2538024000,19000000,19000000,4100000,4100000,23100000,23100000,40200000,42200000,100000,100000,17000000,19000000,0,0,19000000,19000000,4100000,4100000,23100000,23100000,100010,100000,100000,100000,10,0
1246,642606000,1278112000,100000,100000,8000000,9000000,634506000,1269012000,0,0,0,0,0,0,8100000,9100000,100000,100000,8000000,9000000,0,0,0,0,0,0,0,0,100010,100000,100000,100000,10,0
1276,662006000,1298512000,100000,100000,9000000,11000000,634506000,1269012000,11000000,11000000,7400000,7400000,18400000,18400000,27500000,29500000,100000,100000,9000000,11000000,0,0,11000000,11000000,7400000,7400000,18400000,18400000,100010,100000,100000,100000,10,0
17,701606000,720606000,100000,100000,19000000,38000000,634506000,634506000,38000000,38000000,10000000,10000000,48000000,48000000,67100000,86100000,100000,100000,19000000,38000000,0,0,38000000,38000000,10000000,10000000,48000000,48000000,100010,19100030,100000,100000,10,19000030
47,681706000,734506000,100000,100000,15000000,17000000,634506000,634506000,17000000,81000000,15100000,1900000,32100000,82900000,47200000,100000000,100000,100000,15000000,17000000,0,0,17000000,81000000,15100000,1900000,32100000,82900000,100010,64100010,100000,100000,10,64000010
77,678806000,703806000,100000,100000,10000000,11000000,634506000,634506000,11000000,58000000,23200000,200000,34200000,58200000,44300000,69300000,100000,100000,10000000,11000000,0,0,11000000,58000000,23200000,200000,34200000,58200000,100010,68100040,100000,100000,10,68000040
107,677106000,737806000,100000,100000,18000000,18000000,634506000,634506000,18000000,85000000,6500000,200000,24500000,85200000,42600000,103300000,100000,100000,18000000,18000000,0,0,18000000,85000000,6500000,200000,24500000,85200000,100010,68100020,100000,100000,10,68000020
137,652406000,652406000,100000,100000,1000000,1000000,634506000,634506000,1000000,1000000,15800000,15800000,16800000,16800000,17900000,17900000,100000,100000,1000000,1000000,0,0,1000000,1000000,15800000,15800000,16800000,16800000,100010,12100030,100000,100000,10,12000030
167,695206000,711706000,100000,100000,20000000,20000000,634506000,634506000,20000000,57000000,20600000,100000,40600000,57100000,60700000,77200000,100000,100000,20000000,20000000,0,0,20000000,57000000,20600000,100000,40600000,57100000,100010,51100030,100000,100000,10,51000030
197,695206000,711706000,100000,100000,20000000,20000000,634506000,634506000,20000000,57000000,20600000,100000,40600000,57100000,60700000,77200000,100000,100000,20000000,20000000,0,0,20000000,57000000,20600000,100000,40600000,57100000,100010,51100030,100000,100000,10,51000030
227,664806000,692706000,100000,100000,9000000,19000000,634506000,634506000,19000000,39000000,2200000,100000,21200000,39100000,30300000,58200000,100000,100000,9000000,19000000,0,0,19000000,39000000,2200000,100000,21200000,39100000,100010,23100020,100000,100000,10,23000020
257,667706000,668706000,100000,100000,8000000,9000000,634506000,634506000,9000000,9000000,16100000,16100000,25100000,25100000,33200000,34200000,100000,100000,8000000,9000000,0,0,9000000,9000000,16100000,16100000,25100000,25100000,100010,11100010,100000,100000,10,11000010
287,669206000,669206000,100000,100000,9000000,9000000,634506000,634506000,9000000,9000000,16600000,16600000,25600000,25600000,34700000,34700000,100000,100000,9000000,9000000,0,0,9000000,9000000,16600000,16600000,25600000,25600000,100010,16100040,100000,100000,10,16000040
317,664506000,717906000,100000,100000,8000000,9000000,634506000,634506000,9000000,74000000,12900000,300000,21900000,74300000,30000000,83400000,100000,100000,8000000,9000000,0,0,9000000,74000000,12900000,300000,21900000,74300000,100010,73100040,100000,100000,10,73000040
347,651706000,652706000,100000,100000,8000000,9000000,634506000,634506000,9000000,9000000,100000,100000,9100000,9100000,17200000,18200000,100000,100000,8000000,9000000,0,0,9000000,9000000,100000,100000,9100000,9100000,100010,1100010,100000,100000,10,1000010
377,665606000,665606000,100000,100000,9000000,9000000,634506000,634506000,9000000,9000000,13000000,13000000,22000000,22000000,31100000,31100000,100000,100000,9000000,9000000,0,0,9000000,9000000,13000000,13000000,22000000,22000000,100010,16100030,100000,100000,10,16000030
407,690406000,691406000,100000,100000,12000000,13000000,634506000,634506000,13000000,13000000,30800000,30800000,43800000,43800000,55900000,56900000,100000,100000,12000000,13000000,0,0,13000000,13000000,30800000,30800000,43800000,43800000,100010,2100010,100000,100000,10,2000010
437,689306000,732806000,100000,100000,11000000,13000000,634506000,634506000,13000000,85000000,30700000,200000,43700000,85200000,54800000,98300000,100000,100000,11000000,13000000,0,0,13000000,85000000,30700000,200000,43700000,85200000,100010,96100050,100000,100000,10,96000050
467,666006000,682706000,100000,100000,11000000,11000000,634506000,634506000,11000000,37000000,9400000,100000,20400000,37100000,31500000,48200000,100000,100000,11000000,11000000,0,0,11000000,37000000,9400000,100000,20400000,37100000,100010,33100020,100000,100000,10,33000020
497,671606000,675606000,100000,100000,37000000,41000000,634506000,634506000,0,0,0,0,0,0,37100000,41100000,100000,100000,37000000,41000000,0,0,0,0,0,0,0,0,100010,100000,100000,100000,10,0
527,668906000,735606000,100000,100000,9000000,18000000,634506000,634506000,18000000,80000000,7300000,3000000,25300000,83000000,34400000,101100000,100000,100000,9000000,18000000,0,0,18000000,80000000,7300000,3000000,25300000,83000000,100010,62100010,100000,100000,10,62000010
557,671506000,672506000,100000,100000,7000000,8000000,634506000,634506000,8000000,8000000,21900000,21900000,29900000,29900000,37000000,38000000,100000,100000,7000000,8000000,0,0,8000000,8000000,21900000,21900000,29900000,29900000,100010,22100030,100000,100000,10,22000030
587,729906000,729906000,100000,100000,47000000,47000000,634506000,634506000,47000000,47000000,1300000,1300000,48300000,48300000,95400000,95400000,100000,100000,47000000,47000000,0,0,47000000,47000000,1300000,1300000,48300000,48300000,100010,37100030,100000,100000,10,37000030
617,673106000,682706000,100000,100000,10000000,10000000,634506000,634506000,10000000,38000000,18500000,100000,28500000,38100000,38600000,48200000,100000,100000,10000000,10000000,0,0,10000000,38000000,18500000,100000,28500000,38100000,100010,42100020,100000,100000,10,42000020
647,673106000,682706000,100000,100000,10000000,10000000,634506000,634506000,10000000,38000000,18500000,100000,28500000,38100000,38600000,48200000,100000,100000,10000000,10000000,0,0,10000000,38000000,18500000,100000,28500000,38100000,100010,42100020,100000,100000,10,42000020
677,657306000,657306000,100000,100000,6000000,6000000,634506000,634506000,6000000,6000000,10700000,10700000,16700000,16700000,22800000,22800000,100000,100000,6000000,6000000,0,0,6000000,6000000,10700000,10700000,16700000,16700000,100010,10100010,100000,100000,10,10000010
707,695606000,696606000,100000,100000,17000000,18000000,634506000,634506000,18000000,18000000,26000000,26000000,44000000,44000000,61100000,62100000,100000,100000,17000000,18000000,0,0,18000000,18000000,26000000,26000000,44000000,44000000,100010,21100010,100000,100000,10,21000010
737,640606000,642606000,100000,100000,6000000,8000000,634506000,634506000,0,0,0,0,0,0,6100000,8100000,100000,100000,6000000,8000000,0,0,0,0,0,0,0,0,100010,100000,100000,100000,10,0
767,643906000,655706000,100000,100000,1000000,1000000,634506000,634506000,1000000,20000000,7300000,100000,8300000,20100000,9400000,21200000,100000,100000,1000000,1000000,0,0,1000000,20000000,7300000,100000,8300000,20100000,100010,20100030,100000,100000,10,20000030
797,670306000,693706000,100000,100000,1000000,2000000,634506000,634506000,2000000,57000000,32700000,100000,34700000,57100000,35800000,59200000,100000,100000,1000000,2000000,0,0,2000000,57000000,32700000,100000,34700000,57100000,100010,58100030,100000,100000,10,58000030
827,657006000,716806000,100000,100000,0,1000000,634506000,634506000,1000000,81000000,21400000,200000,22400000,81200000,22500000,82300000,100000,100000,0,1000000,0,0,1000000,81000000,21400000,200000,22400000,81200000,100010,81100030,100000,100000,10,81000030
857,683106000,684106000,100000,100000,12000000,13000000,634506000,634506000,13000000,13000000,23500000,23500000,36500000,36500000,48600000,49600000,100000,100000,12000000,13000000,0,0,13000000,13000000,23500000,23500000,36500000,36500000,100010,9100010,100000,100000,10,9000010
887,660106000,661706000,100000,100000,9000000,9000000,634506000,634506000,9000000,18000000,7500000,100000,16500000,18100000,25600000,27200000,100000,100000,9000000,9000000,0,0,9000000,18000000,7500000,100000,16500000,18100000,100010,26100030,100000,100000,10,26000030
917,690206000,733706000,100000,100000,18000000,19000000,634506000,634506000,18000000,80000000,19600000,100000,37600000,80100000,55700000,99200000,100000,100000,18000000,19000000,0,0,18000000,80000000,19600000,100000,37600000,80100000,100010,62100010,100000,100000,10,62000010
947,664306000,680706000,100000,100000,8000000,8000000,634506000,634506000,8000000,38000000,13700000,100000,21700000,38100000,29800000,46200000,100000,100000,8000000,8000000,0,0,8000000,38000000,13700000,100000,21700000,38100000,100010,44100030,100000,100000,10,44000030
977,683206000,17228962000,100000,100000,7000000,17000000,634506000,17131662000,11000000,80000000,30600000,200000,41600000,80200000,48700000,97300000,100000,100000,7000000,17000000,0,0,11000000,80000000,30600000,200000,41600000,80200000,100010,65100030,100000,100000,10,65000030
1007,684506000,15935950000,100000,100000,8000000,15000000,634506000,15862650000,13000000,58000000,28900000,200000,41900000,58200000,50000000,73300000,100000,100000,8000000,15000000,0,0,13000000,58000000,28900000,200000,41900000,58200000,100010,66100040,100000,100000,10,66000040
1037,724906000,1363312000,100000,100000,43000000,46000000,634506000,1269012000,46000000,48000000,1300000,200000,47300000,48200000,90400000,94300000,100000,100000,43000000,46000000,0,0,46000000,48000000,1300000,200000,47300000,48200000,100010,36100050,100000,100000,10,36000050
1067,674006000,3847536000,100000,100000,19000000,20000000,634506000,3807036000,20000000,20000000,400000,400000,20400000,20400000,39500000,40500000,100000,100000,19000000,20000000,0,0,20000000,20000000,400000,400000,20400000,20400000,100010,100000,100000,100000,10,0
1097,653406000,13406826000,100000,100000,0,9000000,634506000,13324626000,8000000,73000000,10800000,100000,18800000,73100000,18900000,82200000,100000,100000,0,9000000,0,0,8000000,73000000,10800000,100000,18800000,73100000,100010,73100040,100000,100000,10,73000040
1127,659106000,1372412000,100000,100000,4000000,18000000,634506000,1269012000,17000000,85000000,3500000,300000,20500000,85300000,24600000,103400000,100000,100000,4000000,18000000,0,0,17000000,85000000,3500000,300000,20500000,85300000,100010,68100020,100000,100000,10,68000020
1157,644606000,646606000,100000,100000,10000000,12000000,634506000,634506000,0,0,0,0,0,0,10100000,12100000,100000,100000,10000000,12000000,0,0,0,0,0,0,0,0,100010,100000,100000,100000,10,0
1187,651706000,3190730000,100000,100000,8000000,9000000,634506000,3172530000,9000000,9000000,100000,100000,9100000,9100000,17200000,18200000,100000,100000,8000000,9000000,0,0,9000000,9000000,100000,100000,9100000,9100000,100010,100000,100000,100000,10,0
1217,652606000,653606000,100000,100000,18000000,19000000,634506000,634506000,0,0,0,0,0,0,18100000,19100000,100000,100000,18000000,19000000,0,0,0,0,0,0,0,0,100010,100000,100000,100000,10,0
1247,654606000,655606000,100000,100000,20000000,21000000,634506000,634506000,0,0,0,0,0,0,20100000,21100000,100000,100000,20000000,21000000,0,0,0,0,0,0,0,0,100010,100000,100000,100000,10,0
1277,643606000,1279112000,100000,100000,9000000,10000000,634506000,1269012000,0,0,0,0,0,0,9100000,10100000,100000,100000,9000000,10000000,0,0,0,0,0,0,0,0,100010,100000,100000,100000,10,0
18,684606000,693006000,100000,100000,19000000,20000000,634506000,634506000,20000000,38000000,11000000,400000,31000000,38400000,50100000,58500000,100000,100000,19000000,20000000,0,0,20000000,38000000,11000000,400000,31000000,38400000,100010,23100020,100000,100000,10,23000020
48,741106000,805106000,100000,100000,17000000,81000000,634506000,634506000,81000000,81000000,8500000,8500000,89500000,89500000,106600000,170600000,100000,100000,17000000,81000000,0,0,81000000,81000000,8500000,8500000,89500000,89500000,100010,68100020,100000,100000,10,68000020
78,679706000,704706000,100000,100000,10000000,12000000,634506000,634506000,12000000,58000000,23100000,100000,35100000,58100000,45200000,70200000,100000,100000,10000000,12000000,0,0,12000000,58000000,23100000,100000,35100000,58100000,100010,68100040,100000,100000,10,68000040
108,687706000,709706000,100000,100000,18000000,18000000,634506000,634506000,18000000,57000000,17100000,100000,35100000,57100000,53200000,75200000,100000,100000,18000000,18000000,0,0,18000000,57000000,17100000,100000,35100000,57100000,100010,47100020,100000,100000,10,47000020
138,652706000,652706000,100000,100000,1000000,1000000,634506000,634506000,1000000,1000000,16100000,16100000,17100000,17100000,18200000,18200000,100000,100000,1000000,1000000,0,0,1000000,1000000,16100000,16100000,17100000,17100000,100010,12100030,100000,100000,10,12000030
168,678906000,678906000,100000,100000,20000000,20000000,634506000,634506000,20000000,20000000,4300000,4300000,24300000,24300000,44400000,44400000,100000,100000,20000000,20000000,0,0,20000000,20000000,4300000,4300000,24300000,24300000,100010,1100010,100000,100000,10,1000010
198,682606000,711706000,100000,100000,19000000,20000000,634506000,634506000,19000000,57000000,10000000,100000,29000000,57100000,48100000,77200000,100000,100000,19000000,20000000,0,0,19000000,57000000,10000000,100000,29000000,57100000,100010,51100030,100000,100000,10,51000030
228,701206000,702206000,100000,100000,19000000,20000000,634506000,634506000,20000000,20000000,27600000,27600000,47600000,47600000,66700000,67700000,100000,100000,19000000,20000000,0,0,20000000,20000000,27600000,27600000,47600000,47600000,100010,22100010,100000,100000,10,22000010
258,678806000,728706000,100000,100000,8000000,9000000,634506000,634506000,9000000,85000000,27200000,100000,36200000,85100000,44300000,94200000,100000,100000,8000000,9000000,0,0,9000000,85000000,27200000,100000,36200000,85100000,100010,85100050,100000,100000,10,85000050
288,670706000,670706000,100000,100000,9000000,9000000,634506000,634506000,9000000,9000000,18100000,18100000,27100000,27100000,36200000,36200000,100000,100000,9000000,9000000,0,0,9000000,9000000,18100000,18100000,27100000,27100000,100010,16100040,100000,100000,10,16000040
318,648706000,665006000,100000,100000,0,8000000,634506000,634506000,8000000,20000000,6100000,2400000,14100000,22400000,14200000,30500000,100000,100000,0,8000000,0,0,8000000,20000000,6100000,2400000,14100000,22400000,100010,12100020,100000,100000,10,12000020
348,651706000,652706000,100000,100000,8000000,9000000,634506000,634506000,9000000,9000000,100000,100000,9100000,9100000,17200000,18200000,100000,100000,8000000,9000000,0,0,9000000,9000000,100000,100000,9100000,9100000,100010,1100010,100000,100000,10,1000010
378,659606000,665906000,100000,100000,9000000,10000000,634506000,634506000,10000000,20000000,6000000,1300000,16000000,21300000,25100000,31400000,100000,100000,9000000,10000000,0,0,10000000,20000000,6000000,1300000,16000000,21300000,100010,12100020,100000,100000,10,12000020
408,690406000,691406000,100000,100000,12000000,13000000,634506000,634506000,13000000,13000000,30800000,30800000,43800000,43800000,55900000,56900000,100000,100000,12000000,13000000,0,0,13000000,13000000,30800000,30800000,43800000,43800000,100010,2100010,100000,100000,10,2000010
438,674606000,675606000,100000,100000,11000000,12000000,634506000,634506000,12000000,12000000,17000000,17000000,29000000,29000000,40100000,41100000,100000,100000,11000000,12000000,0,0,12000000,12000000,17000000,17000000,29000000,29000000,100010,26100040,100000,100000,10,26000040
468,666006000,682706000,100000,100000,11000000,11000000,634506000,634506000,11000000,37000000,9400000,100000,20400000,37100000,31500000,48200000,100000,100000,11000000,11000000,0,0,11000000,37000000,9400000,100000,20400000,37100000,100010,33100020,100000,100000,10,33000020
498,708206000,737206000,100000,100000,8000000,37000000,634506000,634506000,37000000,37000000,28600000,28600000,65600000,65600000,73700000,102700000,100000,100000,8000000,37000000,0,0,37000000,37000000,28600000,28600000,65600000,65600000,100010,28100050,100000,100000,10,28000050
528,693606000,693606000,100000,100000,18000000,18000000,634506000,634506000,18000000,18000000,23000000,23000000,41000000,41000000,59100000,59100000,100000,100000,18000000,18000000,0,0,18000000,18000000,23000000,23000000,41000000,41000000,100010,26100040,100000,100000,10,26000040
558,666206000,667206000,100000,100000,7000000,8000000,634506000,634506000,8000000,8000000,16600000,16600000,24600000,24600000,31700000,32700000,100000,100000,7000000,8000000,0,0,8000000,8000000,16600000,16600000,24600000,24600000,100010,15100020,100000,100000,10,15000020
588,659906000,659906000,100000,100000,8000000,8000000,634506000,634506000,8000000,8000000,9300000,9300000,17300000,17300000,25400000,25400000,100000,100000,8000000,8000000,0,0,8000000,8000000,9300000,9300000,17300000,17300000,100010,8100020,100000,100000,10,8000020
618,676806000,724706000,100000,100000,9000000,10000000,634506000,634506000,10000000,80000000,23200000,100000,33200000,80100000,42300000,90200000,100000,100000,9000000,10000000,0,0,10000000,80000000,23200000,100000,33200000,80100000,100010,83100020,100000,100000,10,83000020
648,669206000,730806000,100000,100000,10000000,11000000,634506000,634506000,11000000,85000000,13600000,200000,24600000,85200000,34700000,96300000,100000,100000,10000000,11000000,0,0,11000000,85000000,13600000,200000,24600000,85200000,100010,94100040,100000,100000,10,94000040
678,657306000,657306000,100000,100000,6000000,6000000,634506000,634506000,6000000,6000000,10700000,10700000,16700000,16700000,22800000,22800000,100000,100000,6000000,6000000,0,0,6000000,6000000,10700000,10700000,16700000,16700000,100010,10100010,100000,100000,10,10000010
708,686806000,690706000,100000,100000,17000000,18000000,634506000,634506000,18000000,38000000,17200000,100000,35200000,38100000,52300000,56200000,100000,100000,17000000,18000000,0,0,18000000,38000000,17200000,100000,35200000,38100000,100010,21100010,100000,100000,10,21000010
738,649206000,683806000,100000,100000,0,5000000,634506000,634506000,5000000,44000000,9600000,200000,14600000,44200000,14700000,49300000,100000,100000,0,5000000,0,0,5000000,44000000,9600000,200000,14600000,44200000,100010,44100050,100000,100000,10,44000050
768,643906000,655706000,100000,100000,1000000,1000000,634506000,634506000,1000000,20000000,7300000,100000,8300000,20100000,9400000,21200000,100000,100000,1000000,1000000,0,0,1000000,20000000,7300000,100000,8300000,20100000,100010,20100030,100000,100000,10,20000030
798,660406000,693706000,100000,100000,1000000,2000000,634506000,634506000,2000000,57000000,22800000,100000,24800000,57100000,25900000,59200000,100000,100000,1000000,2000000,0,0,2000000,57000000,22800000,100000,24800000,57100000,100010,58100030,100000,100000,10,58000030
828,656706000,716806000,100000,100000,0,1000000,634506000,634506000,1000000,81000000,21100000,200000,22100000,81200000,22200000,82300000,100000,100000,0,1000000,0,0,1000000,81000000,21100000,200000,22100000,81200000,100010,81100030,100000,100000,10,81000030
858,670406000,671406000,100000,100000,12000000,13000000,634506000,634506000,13000000,13000000,10800000,10800000,23800000,23800000,35900000,36900000,100000,100000,12000000,13000000,0,0,13000000,13000000,10800000,10800000,23800000,23800000,100010,9100010,100000,100000,10,9000010
888,685906000,702706000,100000,100000,9000000,11000000,634506000,634506000,11000000,57000000,31300000,100000,42300000,57100000,51400000,68200000,100000,100000,9000000,11000000,0,0,11000000,57000000,31300000,100000,42300000,57100000,100010,66100040,100000,100000,10,66000040
918,690206000,733706000,100000,100000,18000000,19000000,634506000,634506000,18000000,80000000,19600000,100000,37600000,80100000,55700000,99200000,100000,100000,18000000,19000000,0,0,18000000,80000000,19600000,100000,37600000,80100000,100010,62100010,100000,100000,10,62000010
948,668006000,683706000,100000,100000,12000000,12000000,634506000,634506000,12000000,37000000,9400000,100000,21400000,37100000,33500000,49200000,100000,100000,12000000,12000000,0,0,12000000,37000000,9400000,100000,21400000,37100000,100010,34100030,100000,100000,10,34000030
978,693406000,14683538000,100000,100000,8000000,39000000,634506000,14593638000,20000000,20000000,30800000,30800000,50800000,50800000,58900000,89900000,100000,100000,8000000,39000000,0,0,20000000,20000000,30800000,30800000,50800000,50800000,100010,8100020,100000,100000,10,8000020
1008,651606000,652606000,100000,100000,17000000,18000000,634506000,634506000,0,0,0,0,0,0,17100000,18100000,100000,100000,17000000,18000000,0,0,0,0,0,0,0,0,100010,100000,100000,100000,10,0
1038,726806000,1998818000,100000,100000,44000000,47000000,634506000,1903518000,47000000,47000000,1200000,1200000,48200000,48200000,92300000,95300000,100000,100000,44000000,47000000,0,0,47000000,47000000,1200000,1200000,48200000,48200000,100010,34100020,100000,100000,10,34000020
1068,674006000,3847536000,100000,100000,19000000,20000000,634506000,3807036000,20000000,20000000,400000,400000,20400000,20400000,39500000,40500000,100000,100000,19000000,20000000,0,0,20000000,20000000,400000,400000,20400000,20400000,100010,100000,100000,100000,10,0
1098,660406000,7704372000,100000,100000,0,9000000,634506000,7614072000,9000000,81000000,16800000,200000,25800000,81200000,25900000,90300000,100000,100000,0,9000000,0,0,9000000,81000000,16800000,200000,25800000,81200000,100010,81100030,100000,100000,10,81000030
1128,680106000,3272530000,100000,100000,0,17000000,634506000,3172530000,16000000,81000000,29500000,1900000,45500000,82900000,45600000,100000000,100000,100000,0,17000000,0,0,16000000,81000000,29500000,1900000,45500000,82900000,100010,64100010,100000,100000,10,64000010
1158,643606000,1279112000,100000,100000,9000000,10000000,634506000,1269012000,0,0,0,0,0,0,9100000,10100000,100000,100000,9000000,10000000,0,0,0,0,0,0,0,0,100010,100000,100000,100000,10,0
1188,645806000,3184830000,100000,100000,5000000,6000000,634506000,3172530000,6000000,6000000,200000,200000,6200000,6200000,11300000,12300000,100000,100000,5000000,6000000,0,0,6000000,6000000,200000,200000,6200000,6200000,100010,100000,100000,100000,10,0
1218,639606000,1275112000,100000,100000,5000000,6000000,634506000,1269012000,0,0,0,0,0,0,5100000,6100000,100000,100000,5000000,6000000,0,0,0,0,0,0,0,0,100010,100000,100000,100000,10,0
1248,641606000,1911618000,100000,100000,7000000,8000000,634506000,1903518000,0,0,0,0,0,0,7100000,8100000,100000,100000,7000000,8000000,0,0,0,0,0,0,0,0,100010,100000,100000,100000,10,0
1278,662206000,3860536000,100000,100000,7000000,9000000,634506000,3807036000,9000000,44000000,11600000,400000,20600000,44400000,27700000,53500000,100000,100000,7000000,9000000,0,0,9000000,44000000,11600000,400000,20600000,44400000,100010,37100040,100000,100000,10,37000040
19,698506000,699506000,100000,100000,19000000,20000000,634506000,634506000,20000000,20000000,24900000,24900000,44900000,44900000,64000000,65000000,100000,100000,19000000,20000000,0,0,20000000,20000000,24900000,24900000,44900000,44900000,100010,22100010,100000,100000,10,22000010
49,665306000,690806000,100000,100000,9000000,17000000,634506000,634506000,17000000,39000000,4700000,200000,21700000,39200000,30800000,56300000,100000,100000,9000000,17000000,0,0,17000000,39000000,4700000,200000,21700000,39200000,100010,32100040,100000,100000,10,32000040
79,704506000,705506000,100000,100000,19000000,20000000,634506000,634506000,20000000,20000000,30900000,30900000,50900000,50900000,70000000,71000000,100000,100000,19000000,20000000,0,0,20000000,20000000,30900000,30900000,50900000,50900000,100010,23100020,100000,100000,10,23000020
109,683406000,693406000,100000,100000,17000000,18000000,634506000,634506000,17000000,38000000,14800000,2800000,31800000,40800000,48900000,58900000,100000,100000,17000000,18000000,0,0,17000000,38000000,14800000,2800000,31800000,40800000,100010,22100040,100000,100000,10,22000040
139,647406000,648706000,100000,100000,1000000,1000000,634506000,634506000,1000000,13000000,10800000,100000,11800000,13100000,12900000,14200000,100000,100000,1000000,1000000,0,0,1000000,13000000,10800000,100000,11800000,13100000,100010,12100030,100000,100000,10,12000030
169,695606000,696606000,100000,100000,19000000,20000000,634506000,634506000,20000000,20000000,22000000,22000000,42000000,42000000,61100000,62100000,100000,100000,19000000,20000000,0,0,20000000,20000000,22000000,22000000,42000000,42000000,100010,22100010,100000,100000,10,22000010
199,692206000,711806000,100000,100000,20000000,20000000,634506000,634506000,20000000,57000000,17600000,200000,37600000,57200000,57700000,77300000,100000,100000,20000000,20000000,0,0,20000000,57000000,17600000,200000,37600000,57200000,100010,50100040,100000,100000,10,50000040
229,669406000,679406000,100000,100000,9000000,19000000,634506000,634506000,19000000,19000000,6800000,6800000,25800000,25800000,34900000,44900000,100000,100000,9000000,19000000,0,0,19000000,19000000,6800000,6800000,25800000,25800000,100010,6100030,100000,100000,10,6000030
259,673506000,674506000,100000,100000,8000000,9000000,634506000,634506000,9000000,9000000,21900000,21900000,30900000,30900000,39000000,40000000,100000,100000,8000000,9000000,0,0,9000000,9000000,21900000,21900000,30900000,30900000,100010,16100040,100000,100000,10,16000040
289,669806000,669806000,100000,100000,9000000,9000000,634506000,634506000,9000000,9000000,17200000,17200000,26200000,26200000,35300000,35300000,100000,100000,9000000,9000000,0,0,9000000,9000000,17200000,17200000,26200000,26200000,100010,16100040,100000,100000,10,16000040
319,677806000,678806000,100000,100000,8000000,9000000,634506000,634506000,9000000,9000000,26200000,26200000,35200000,35200000,43300000,44300000,100000,100000,8000000,9000000,0,0,9000000,9000000,26200000,26200000,35200000,35200000,100010,17100030,100000,100000,10,17000030
349,651706000,652706000,100000,100000,8000000,9000000,634506000,634506000,9000000,9000000,100000,100000,9100000,9100000,17200000,18200000,100000,100000,8000000,9000000,0,0,9000000,9000000,100000,100000,9100000,9100000,100010,1100010,100000,100000,10,1000010
379,665606000,665606000,100000,100000,9000000,9000000,634506000,634506000,9000000,9000000,13000000,13000000,22000000,22000000,31100000,31100000,100000,100000,9000000,9000000,0,0,9000000,9000000,13000000,13000000,22000000,22000000,100010,16100030,100000,100000,10,16000030
409,678106000,678106000,100000,100000,13000000,13000000,634506000,634506000,13000000,13000000,17500000,17500000,30500000,30500000,43600000,43600000,100000,100000,13000000,13000000,0,0,13000000,13000000,17500000,17500000,30500000,30500000,100010,2100010,100000,100000,10,2000010
439,674706000,674706000,100000,100000,11000000,11000000,634506000,634506000,11000000,11000000,18100000,18100000,29100000,29100000,40200000,40200000,100000,100000,11000000,11000000,0,0,11000000,11000000,18100000,18100000,29100000,29100000,100010,26100040,100000,100000,10,26000040
469,666006000,683706000,100000,100000,11000000,12000000,634506000,634506000,12000000,37000000,8400000,100000,20400000,37100000,31500000,49200000,100000,100000,11000000,12000000,0,0,12000000,37000000,8400000,100000,20400000,37100000,100010,33100020,100000,100000,10,33000020
499,714006000,721806000,100000,100000,38000000,40000000,634506000,634506000,40000000,47000000,1400000,200000,41400000,47200000,79500000,87300000,100000,100000,38000000,40000000,0,0,40000000,47000000,1400000,200000,41400000,47200000,100010,11100030,100000,100000,10,11000030
529,684306000,732706000,100000,100000,18000000,18000000,634506000,634506000,18000000,80000000,13700000,100000,31700000,80100000,49800000,98200000,100000,100000,18000000,18000000,0,0,18000000,80000000,13700000,100000,31700000,80100000,100010,62100010,100000,100000,10,62000010
559,671506000,672506000,100000,100000,7000000,8000000,634506000,634506000,8000000,8000000,21900000,21900000,29900000,29900000,37000000,38000000,100000,100000,7000000,8000000,0,0,8000000,8000000,21900000,21900000,29900000,29900000,100010,22100030,100000,100000,10,22000030
589,680806000,681806000,100000,100000,7000000,8000000,634506000,634506000,8000000,8000000,31200000,31200000,39200000,39200000,46300000,47300000,100000,100000,7000000,8000000,0,0,8000000,8000000,31200000,31200000,39200000,39200000,100010,26100040,100000,100000,10,26000040
619,665506000,665506000,100000,100000,9000000,9000000,634506000,634506000,9000000,9000000,12900000,12900000,21900000,21900000,31000000,31000000,100000,100000,9000000,9000000,0,0,9000000,9000000,12900000,12900000,21900000,21900000,100010,25100040,100000,100000,10,25000040
649,667706000,682706000,100000,100000,10000000,10000000,634506000,634506000,10000000,38000000,13100000,100000,23100000,38100000,33200000,48200000,100000,100000,10000000,10000000,0,0,10000000,38000000,13100000,100000,23100000,38100000,100010,42100020,100000,100000,10,42000020
679,657306000,657306000,100000,100000,6000000,6000000,634506000,634506000,6000000,6000000,10700000,10700000,16700000,16700000,22800000,22800000,100000,100000,6000000,6000000,0,0,6000000,6000000,10700000,10700000,16700000,16700000,100010,10100010,100000,100000,10,10000010
709,695606000,696606000,100000,100000,17000000,18000000,634506000,634506000,18000000,18000000,26000000,26000000,44000000,44000000,61100000,62100000,100000,100000,17000000,18000000,0,0,18000000,18000000,26000000,26000000,44000000,44000000,100010,21100010,100000,100000,10,21000010
739,664206000,720706000,100000,100000,5000000,6000000,634506000,634506000,6000000,80000000,18600000,100000,24600000,80100000,29700000,86200000,100000,100000,5000000,6000000,0,0,6000000,80000000,18600000,100000,24600000,80100000,100010,82100040,100000,100000,10,82000040
769,643606000,655706000,100000,100000,1000000,1000000,634506000,634506000,1000000,20000000,7000000,100000,8000000,20100000,9100000,21200000,100000,100000,1000000,1000000,0,0,1000000,20000000,7000000,100000,8000000,20100000,100010,20100030,100000,100000,10,20000030
799,650406000,653206000,100000,100000,0,1000000,634506000,634506000,1000000,17000000,14800000,600000,15800000,17600000,15900000,18700000,100000,100000,0,1000000,0,0,1000000,17000000,14800000,600000,15800000,17600000,100010,17100020,100000,100000,10,17000020
829,657006000,716806000,100000,100000,0,1000000,634506000,634506000,1000000,81000000,21400000,200000,22400000,81200000,22500000,82300000,100000,100000,0,1000000,0,0,1000000,81000000,21400000,200000,22400000,81200000,100010,81100030,100000,100000,10,81000030
859,683006000,684006000,100000,100000,12000000,13000000,634506000,634506000,13000000,13000000,23400000,23400000,36400000,36400000,48500000,49500000,100000,100000,12000000,13000000,0,0,13000000,13000000,23400000,23400000,36400000,36400000,100010,9100010,100000,100000,10,9000010
889,671606000,671606000,100000,100000,9000000,9000000,634506000,634506000,9000000,9000000,19000000,19000000,28000000,28000000,37100000,37100000,100000,100000,9000000,9000000,0,0,9000000,9000000,19000000,19000000,28000000,28000000,100010,28100040,100000,100000,10,28000040
919,690206000,733706000,100000,100000,18000000,19000000,634506000,634506000,18000000,80000000,19600000,100000,37600000,80100000,55700000,99200000,100000,100000,18000000,19000000,0,0,18000000,80000000,19600000,100000,37600000,80100000,100010,62100010,100000,100000,10,62000010
949,672606000,684806000,100000,100000,11000000,12000000,634506000,634506000,12000000,38000000,15000000,200000,27000000,38200000,38100000,50300000,100000,100000,11000000,12000000,0,0,12000000,38000000,15000000,200000,27000000,38200000,100010,44100030,100000,100000,10,44000030
979,673006000,4547042000,100000,100000,11000000,20000000,634506000,4441542000,18000000,85000000,9400000,400000,27400000,85400000,38500000,105500000,100000,100000,11000000,20000000,0,0,18000000,85000000,9400000,400000,27400000,85400000,100010,73100030,100000,100000,10,73000030
1009,651706000,3190730000,100000,100000,8000000,9000000,634506000,3172530000,9000000,9000000,100000,100000,9100000,9100000,17200000,18200000,100000,100000,8000000,9000000,0,0,9000000,9000000,100000,100000,9100000,9100000,100010,100000,100000,100000,10,0
1039,680606000,685606000,100000,100000,46000000,51000000,634506000,634506000,0,0,0,0,0,0,46100000,51100000,100000,100000,46000000,51000000,0,0,0,0,0,0,0,0,100010,100000,100000,100000,10,0
1069,653606000,1923618000,100000,100000,19000000,20000000,634506000,1903518000,0,0,0,0,0,0,19100000,20100000,100000,100000,19000000,20000000,0,0,0,0,0,0,0,0,100010,100000,100000,100000,10,0
1099,661006000,15328544000,100000,100000,0,17000000,634506000,15228144000,17000000,81000000,9400000,2300000,26400000,83300000,26500000,100400000,100000,100000,0,17000000,0,0,17000000,81000000,9400000,2300000,26400000,83300000,100010,65100040,100000,100000,10,65000040
1129,738206000,1436712000,100000,100000,17000000,81000000,634506000,1269012000,81000000,81000000,5600000,5600000,86600000,86600000,103700000,167700000,100000,100000,17000000,81000000,0,0,81000000,81000000,5600000,5600000,86600000,86600000,100010,68100020,100000,100000,10,68000020
1159,643606000,1279112000,100000,100000,9000000,10000000,634506000,1269012000,0,0,0,0,0,0,9100000,10100000,100000,100000,9000000,10000000,0,0,0,0,0,0,0,0,100010,100000,100000,100000,10,0
1189,650106000,3192130000,100000,100000,5000000,9000000,634506000,3172530000,9000000,9000000,1500000,1500000,10500000,10500000,15600000,19600000,100000,100000,5000000,9000000,0,0,9000000,9000000,1500000,1500000,10500000,10500000,100010,100000,100000,100000,10,0
1219,639606000,641606000,100000,100000,5000000,7000000,634506000,634506000,0,0,0,0,0,0,5100000,7100000,100000,100000,5000000,7000000,0,0,0,0,0,0,0,0,100010,100000,100000,100000,10,0
1249,641606000,1911618000,100000,100000,7000000,8000000,634506000,1903518000,0,0,0,0,0,0,7100000,8100000,100000,100000,7000000,8000000,0,0,0,0,0,0,0,0,100010,100000,100000,100000,10,0
1279,658106000,1294612000,100000,100000,9000000,11000000,634506000,1269012000,11000000,11000000,3500000,3500000,14500000,14500000,23600000,25600000,100000,100000,9000000,11000000,0,0,11000000,11000000,3500000,3500000,14500000,14500000,100010,100000,100000,100000,10,0
20,698506000,699506000,100000,100000,19000000,20000000,634506000,634506000,20000000,20000000,24900000,24900000,44900000,44900000,64000000,65000000,100000,100000,19000000,20000000,0,0,20000000,20000000,24900000,24900000,44900000,44900000,100010,22100010,100000,100000,10,22000010
50,698406000,709706000,100000,100000,17000000,18000000,634506000,634506000,18000000,57000000,28800000,100000,46800000,57100000,63900000,75200000,100000,100000,17000000,18000000,0,0,18000000,57000000,28800000,100000,46800000,57100000,100010,61100050,100000,100000,10,61000050
80,698406000,699406000,100000,100000,19000000,20000000,634506000,634506000,20000000,20000000,24800000,24800000,44800000,44800000,63900000,64900000,100000,100000,19000000,20000000,0,0,20000000,20000000,24800000,24800000,44800000,44800000,100010,22100010,100000,100000,10,22000010
110,652606000,653606000,100000,100000,18000000,19000000,634506000,634506000,0,0,0,0,0,0,18100000,19100000,100000,100000,18000000,19000000,0,0,0,0,0,0,0,0,100010,100000,100000,100000,10,0
140,652406000,652406000,100000,100000,1000000,1000000,634506000,634506000,1000000,1000000,15800000,15800000,16800000,16800000,17900000,17900000,100000,100000,1000000,1000000,0,0,1000000,1000000,15800000,15800000,16800000,16800000,100010,12100030,100000,100000,10,12000030
170,681706000,694006000,100000,100000,19000000,20000000,634506000,634506000,20000000,39000000,8100000,400000,28100000,39400000,47200000,59500000,100000,100000,19000000,20000000,0,0,20000000,39000000,8100000,400000,28100000,39400000,100010,23100020,100000,100000,10,23000020
200,695206000,711706000,100000,100000,20000000,20000000,634506000,634506000,20000000,57000000,20600000,100000,40600000,57100000,60700000,77200000,100000,100000,20000000,20000000,0,0,20000000,57000000,20600000,100000,40600000,57100000,100010,51100030,100000,100000,10,51000030
230,695706000,696706000,100000,100000,19000000,20000000,634506000,634506000,20000000,20000000,22100000,22100000,42100000,42100000,61200000,62200000,100000,100000,19000000,20000000,0,0,20000000,20000000,22100000,22100000,42100000,42100000,100010,23100020,100000,100000,10,23000020
260,668306000,669306000,100000,100000,8000000,9000000,634506000,634506000,9000000,9000000,16700000,16700000,25700000,25700000,33800000,34800000,100000,100000,8000000,9000000,0,0,9000000,9000000,16700000,16700000,25700000,25700000,100010,16100040,100000,100000,10,16000040
290,669806000,669806000,100000,100000,9000000,9000000,634506000,634506000,9000000,9000000,17200000,17200000,26200000,26200000,35300000,35300000,100000,100000,9000000,9000000,0,0,9000000,9000000,17200000,17200000,26200000,26200000,100010,16100040,100000,100000,10,16000040
320,673306000,717706000,100000,100000,8000000,9000000,634506000,634506000,9000000,74000000,21700000,100000,30700000,74100000,38800000,83200000,100000,100000,8000000,9000000,0,0,9000000,74000000,21700000,100000,30700000,74100000,100010,73100040,100000,100000,10,73000040
350,651706000,652706000,100000,100000,8000000,9000000,634506000,634506000,9000000,9000000,100000,100000,9100000,9100000,17200000,18200000,100000,100000,8000000,9000000,0,0,9000000,9000000,100000,100000,9100000,9100000,100010,1100010,100000,100000,10,1000010
380,657106000,664406000,100000,100000,6000000,9000000,634506000,634506000,6000000,20000000,10500000,800000,16500000,20800000,22600000,29900000,100000,100000,6000000,9000000,0,0,6000000,20000000,10500000,800000,16500000,20800000,100010,17100030,100000,100000,10,17000030
410,690406000,691406000,100000,100000,12000000,13000000,634506000,634506000,13000000,13000000,30800000,30800000,43800000,43800000,55900000,56900000,100000,100000,12000000,13000000,0,0,13000000,13000000,30800000,30800000,43800000,43800000,100010,2100010,100000,100000,10,2000010
440,674606000,675606000,100000,100000,11000000,12000000,634506000,634506000,12000000,12000000,17000000,17000000,29000000,29000000,40100000,41100000,100000,100000,11000000,12000000,0,0,12000000,12000000,17000000,17000000,29000000,29000000,100010,26100040,100000,100000,10,26000040
470,666006000,683706000,100000,100000,11000000,12000000,634506000,634506000,12000000,37000000,8400000,100000,20400000,37100000,31500000,49200000,100000,100000,11000000,12000000,0,0,12000000,37000000,8400000,100000,20400000,37100000,100010,33100020,100000,100000,10,33000020
500,774806000,777806000,100000,100000,38000000,41000000,634506000,634506000,41000000,41000000,61200000,61200000,102200000,102200000,140300000,143300000,100000,100000,38000000,41000000,0,0,41000000,41000000,61200000,61200000,102200000,102200000,100010,112100070,100000,100000,10,112000070
530,693606000,693606000,100000,100000,18000000,18000000,634506000,634506000,18000000,18000000,23000000,23000000,41000000,41000000,59100000,59100000,100000,100000,18000000,18000000,0,0,18000000,18000000,23000000,23000000,41000000,41000000,100010,26100040,100000,100000,10,26000040
560,671506000,672506000,100000,100000,7000000,8000000,634506000,634506000,8000000,8000000,21900000,21900000,29900000,29900000,37000000,38000000,100000,100000,7000000,8000000,0,0,8000000,8000000,21900000,21900000,29900000,29900000,100010,22100030,100000,100000,10,22000030
590,663506000,682706000,100000,100000,8000000,9000000,634506000,634506000,8000000,39000000,12900000,100000,20900000,39100000,29000000,48200000,100000,100000,8000000,9000000,0,0,8000000,39000000,12900000,100000,20900000,39100000,100010,34100030,100000,100000,10,34000030
620,671806000,683706000,100000,100000,9000000,10000000,634506000,634506000,10000000,39000000,18200000,100000,28200000,39100000,37300000,49200000,100000,100000,9000000,10000000,0,0,10000000,39000000,18200000,100000,28200000,39100000,100010,43100030,100000,100000,10,43000030
650,684806000,726806000,100000,100000,10000000,11000000,634506000,634506000,11000000,81000000,29200000,200000,40200000,81200000,50300000,92300000,100000,100000,10000000,11000000,0,0,11000000,81000000,29200000,200000,40200000,81200000,100010,86100050,100000,100000,10,86000050
680,657406000,657406000,100000,100000,6000000,6000000,634506000,634506000,6000000,6000000,10800000,10800000,16800000,16800000,22900000,22900000,100000,100000,6000000,6000000,0,0,6000000,6000000,10800000,10800000,16800000,16800000,100010,10100010,100000,100000,10,10000010
710,686806000,690706000,100000,100000,17000000,18000000,634506000,634506000,18000000,38000000,17200000,100000,35200000,38100000,52300000,56200000,100000,100000,17000000,18000000,0,0,18000000,38000000,17200000,100000,35200000,38100000,100010,21100010,100000,100000,10,21000010
740,664106000,720706000,100000,100000,5000000,6000000,634506000,634506000,6000000,80000000,18500000,100000,24500000,80100000,29600000,86200000,100000,100000,5000000,6000000,0,0,6000000,80000000,18500000,100000,24500000,80100000,100010,82100040,100000,100000,10,82000040
770,643606000,655706000,100000,100000,1000000,1000000,634506000,634506000,1000000,20000000,7000000,100000,8000000,20100000,9100000,21200000,100000,100000,1000000,1000000,0,0,1000000,20000000,7000000,100000,8000000,20100000,100010,20100030,100000,100000,10,20000030
800,660406000,693706000,100000,100000,1000000,2000000,634506000,634506000,2000000,57000000,22800000,100000,24800000,57100000,25900000,59200000,100000,100000,1000000,2000000,0,0,2000000,57000000,22800000,100000,24800000,57100000,100010,58100030,100000,100000,10,58000030
830,656706000,716806000,100000,100000,0,1000000,634506000,634506000,1000000,81000000,21100000,200000,22100000,81200000,22200000,82300000,100000,100000,0,1000000,0,0,1000000,81000000,21100000,200000,22100000,81200000,100010,81100030,100000,100000,10,81000030
860,670106000,675106000,100000,100000,8000000,13000000,634506000,634506000,13000000,13000000,14500000,14500000,27500000,27500000,35600000,40600000,100000,100000,8000000,13000000,0,0,13000000,13000000,14500000,14500000,27500000,27500000,100010,2100020,100000,100000,10,2000020
890,677506000,701706000,100000,100000,9000000,10000000,634506000,634506000,10000000,57000000,23900000,100000,33900000,57100000,43000000,67200000,100000,100000,9000000,10000000,0,0,10000000,57000000,23900000,100000,33900000,57100000,100010,66100040,100000,100000,10,66000040
920,690206000,733706000,100000,100000,18000000,19000000,634506000,634506000,18000000,80000000,19600000,100000,37600000,80100000,55700000,99200000,100000,100000,18000000,19000000,0,0,18000000,80000000,19600000,100000,37600000,80100000,100010,62100010,100000,100000,10,62000010
950,671006000,672006000,100000,100000,11000000,12000000,634506000,634506000,12000000,12000000,13400000,13400000,25400000,25400000,36500000,37500000,100000,100000,11000000,12000000,0,0,12000000,12000000,13400000,13400000,25400000,25400000,100010,25100040,100000,100000,10,25000040
980,651606000,1287112000,100000,100000,17000000,18000000,634506000,1269012000,0,0,0,0,0,0,17100000,18100000,100000,100000,17000000,18000000,0,0,0,0,0,0,0,0,100010,100000,100000,100000,10,0
1010,637606000,1273112000,100000,100000,3000000,4000000,634506000,1269012000,0,0,0,0,0,0,3100000,4100000,100000,100000,3000000,4000000,0,0,0,0,0,0,0,0,100010,100000,100000,100000,10,0
1040,641606000,1277112000,100000,100000,7000000,8000000,634506000,1269012000,0,0,0,0,0,0,7100000,8100000,100000,100000,7000000,8000000,0,0,0,0,0,0,0,0,100010,100000,100000,100000,10,0
1070,663706000,1943718000,100000,100000,8000000,19000000,634506000,1903518000,19000000,19000000,2100000,2100000,21100000,21100000,29200000,40200000,100000,100000,8000000,19000000,0,0,19000000,19000000,2100000,2100000,21100000,21100000,100010,100000,100000,100000,10,0
1100,669206000,18470574000,100000,100000,0,10000000,634506000,18400674000,2000000,57000000,32600000,2800000,34600000,59800000,34700000,69900000,100000,100000,0,10000000,0,0,2000000,57000000,32600000,2800000,34600000,59800000,100010,49100020,100000,100000,10,49000020
1130,670006000,3274030000,100000,100000,5000000,17000000,634506000,3172530000,16000000,81000000,14400000,3400000,30400000,84400000,35500000,101500000,100000,100000,5000000,17000000,0,0,16000000,81000000,14400000,3400000,30400000,84400000,100010,66100030,100000,100000,10,66000030
1160,643606000,1279112000,100000,100000,9000000,10000000,634506000,1269012000,0,0,0,0,0,0,9100000,10100000,100000,100000,9000000,10000000,0,0,0,0,0,0,0,0,100010,100000,100000,100000,10,0
1190,645806000,2550324000,100000,100000,5000000,6000000,634506000,2538024000,6000000,6000000,200000,200000,6200000,6200000,11300000,12300000,100000,100000,5000000,6000000,0,0,6000000,6000000,200000,200000,6200000,6200000,100010,100000,100000,100000,10,0
1220,782006000,2068018000,100000,100000,57000000,74000000,634506000,1903518000,74000000,74000000,16400000,16400000,90400000,90400000,147500000,164500000,100000,100000,57000000,74000000,0,0,74000000,74000000,16400000,16400000,90400000,90400000,100010,104100020,100000,100000,10,104000020
1250,651206000,2555724000,100000,100000,7000000,8000000,634506000,2538024000,7000000,7000000,2600000,2600000,9600000,9600000,16700000,17700000,100000,100000,7000000,8000000,0,0,7000000,7000000,2600000,2600000,9600000,9600000,100010,100000,100000,100000,10,0
1280,727306000,1365812000,100000,100000,44000000,48000000,634506000,1269012000,47000000,47000000,1700000,1700000,48700000,48700000,92800000,96800000,100000,100000,44000000,48000000,0,0,47000000,47000000,1700000,1700000,48700000,48700000,100010,100000,100000,100000,10,0
21,698506000,699506000,100000,100000,19000000,20000000,634506000,634506000,20000000,20000000,24900000,24900000,44900000,44900000,64000000,65000000,100000,100000,19000000,20000000,0,0,20000000,20000000,24900000,24900000,44900000,44900000,100010,22100010,100000,100000,10,22000010
51,679706000,732706000,100000,100000,16000000,17000000,634506000,634506000,16000000,80000000,13100000,1100000,29100000,81100000,45200000,98200000,100000,100000,16000000,17000000,0,0,16000000,80000000,13100000,1100000,29100000,81100000,100010,66100030,100000,100000,10,66000030
81,703406000,723406000,100000,100000,19000000,39000000,634506000,634506000,39000000,39000000,10800000,10800000,49800000,49800000,68900000,88900000,100000,100000,19000000,39000000,0,0,39000000,39000000,10800000,10800000,49800000,49800000,100010,19100030,100000,100000,10,19000030
111,683406000,684406000,100000,100000,17000000,18000000,634506000,634506000,17000000,17000000,14800000,14800000,31800000,31800000,48900000,49900000,100000,100000,17000000,18000000,0,0,17000000,17000000,14800000,14800000,31800000,31800000,100010,22100040,100000,100000,10,22000040
141,652706000,652706000,100000,100000,1000000,1000000,634506000,634506000,1000000,1000000,16100000,16100000,17100000,17100000,18200000,18200000,100000,100000,1000000,1000000,0,0,1000000,1000000,16100000,16100000,17100000,17100000,100010,12100030,100000,100000,10,12000030
171,697906000,697906000,100000,100000,20000000,20000000,634506000,634506000,20000000,20000000,23300000,23300000,43300000,43300000,63400000,63400000,100000,100000,20000000,20000000,0,0,20000000,20000000,23300000,23300000,43300000,43300000,100010,27100040,100000,100000,10,27000040
201,654606000,655606000,100000,100000,20000000,21000000,634506000,634506000,0,0,0,0,0,0,20100000,21100000,100000,100000,20000000,21000000,0,0,0,0,0,0,0,0,100010,100000,100000,100000,10,0
231,684706000,697906000,100000,100000,8000000,19000000,634506000,634506000,19000000,39000000,23100000,5300000,42100000,44300000,50200000,63400000,100000,100000,8000000,19000000,0,0,19000000,39000000,23100000,5300000,42100000,44300000,100010,22100010,100000,100000,10,22000010
261,668306000,669306000,100000,100000,8000000,9000000,634506000,634506000,9000000,9000000,16700000,16700000,25700000,25700000,33800000,34800000,100000,100000,8000000,9000000,0,0,9000000,9000000,16700000,16700000,25700000,25700000,100010,16100040,100000,100000,10,16000040
291,662906000,718206000,100000,100000,7000000,9000000,634506000,634506000,7000000,74000000,14300000,600000,21300000,74600000,28400000,83700000,100000,100000,7000000,9000000,0,0,7000000,74000000,14300000,600000,21300000,74600000,100010,74100030,100000,100000,10,74000030
321,646506000,662806000,100000,100000,1000000,8000000,634506000,634506000,8000000,20000000,2900000,200000,10900000,20200000,12000000,28300000,100000,100000,1000000,8000000,0,0,8000000,20000000,2900000,200000,10900000,20200000,100010,12100020,100000,100000,10,12000020
351,651706000,652706000,100000,100000,8000000,9000000,634506000,634506000,9000000,9000000,100000,100000,9100000,9100000,17200000,18200000,100000,100000,8000000,9000000,0,0,9000000,9000000,100000,100000,9100000,9100000,100010,1100010,100000,100000,10,1000010
381,665606000,665606000,100000,100000,9000000,9000000,634506000,634506000,9000000,9000000,13000000,13000000,22000000,22000000,31100000,31100000,100000,100000,9000000,9000000,0,0,9000000,9000000,13000000,13000000,22000000,22000000,100010,16100030,100000,100000,10,16000030
411,690506000,691506000,100000,100000,12000000,13000000,634506000,634506000,13000000,13000000,30900000,30900000,43900000,43900000,56000000,57000000,100000,100000,12000000,13000000,0,0,13000000,13000000,30900000,30900000,43900000,43900000,100010,2100010,100000,100000,10,2000010
441,688906000,732806000,100000,100000,11000000,13000000,634506000,634506000,13000000,85000000,30300000,200000,43300000,85200000,54400000,98300000,100000,100000,11000000,13000000,0,0,13000000,85000000,30300000,200000,43300000,85200000,100010,96100050,100000,100000,10,96000050
471,666006000,682706000,100000,100000,11000000,11000000,634506000,634506000,11000000,37000000,9400000,100000,20400000,37100000,31500000,48200000,100000,100000,11000000,11000000,0,0,11000000,37000000,9400000,100000,20400000,37100000,100010,33100020,100000,100000,10,33000020
501,726906000,732906000,100000,100000,38000000,44000000,634506000,634506000,44000000,44000000,10300000,10300000,54300000,54300000,92400000,98400000,100000,100000,38000000,44000000,0,0,44000000,44000000,10300000,10300000,54300000,54300000,100010,32100040,100000,100000,10,32000040
531,684306000,732706000,100000,100000,18000000,18000000,634506000,634506000,18000000,80000000,13700000,100000,31700000,80100000,49800000,98200000,100000,100000,18000000,18000000,0,0,18000000,80000000,13700000,100000,31700000,80100000,100010,62100010,100000,100000,10,62000010
561,671306000,672306000,100000,100000,7000000,8000000,634506000,634506000,8000000,8000000,21700000,21700000,29700000,29700000,36800000,37800000,100000,100000,7000000,8000000,0,0,8000000,8000000,21700000,21700000,29700000,29700000,100010,22100030,100000,100000,10,22000030
591,671706000,672706000,100000,100000,7000000,8000000,634506000,634506000,8000000,8000000,22100000,22100000,30100000,30100000,37200000,38200000,100000,100000,7000000,8000000,0,0,8000000,8000000,22100000,22100000,30100000,30100000,100010,23100030,100000,100000,10,23000030
621,665206000,723706000,100000,100000,8000000,9000000,634506000,634506000,8000000,80000000,14600000,100000,22600000,80100000,30700000,89200000,100000,100000,8000000,9000000,0,0,8000000,80000000,14600000,100000,22600000,80100000,100010,83100020,100000,100000,10,83000020
651,666406000,682706000,100000,100000,10000000,10000000,634506000,634506000,10000000,38000000,11800000,100000,21800000,38100000,31900000,48200000,100000,100000,10000000,10000000,0,0,10000000,38000000,11800000,100000,21800000,38100000,100010,42100020,100000,100000,10,42000020
681,667306000,668306000,100000,100000,6000000,7000000,634506000,634506000,7000000,7000000,19700000,19700000,26700000,26700000,32800000,33800000,100000,100000,6000000,7000000,0,0,7000000,7000000,19700000,19700000,26700000,26700000,100010,10100010,100000,100000,10,10000010
711,686806000,690706000,100000,100000,17000000,18000000,634506000,634506000,18000000,38000000,17200000,100000,35200000,38100000,52300000,56200000,100000,100000,17000000,18000000,0,0,18000000,38000000,17200000,100000,35200000,38100000,100010,21100010,100000,100000,10,21000010
741,668406000,720706000,100000,100000,5000000,6000000,634506000,634506000,6000000,80000000,22800000,100000,28800000,80100000,33900000,86200000,100000,100000,5000000,6000000,0,0,6000000,80000000,22800000,100000,28800000,80100000,100010,82100040,100000,100000,10,82000040
771,637306000,637306000,100000,100000,1000000,1000000,634506000,634506000,1000000,1000000,700000,700000,1700000,1700000,2800000,2800000,100000,100000,1000000,1000000,0,0,1000000,1000000,700000,700000,1700000,1700000,100010,1100010,100000,100000,10,1000010
801,650106000,653706000,100000,100000,1000000,1000000,634506000,634506000,1000000,18000000,13500000,100000,14500000,18100000,15600000,19200000,100000,100000,1000000,1000000,0,0,1000000,18000000,13500000,100000,14500000,18100000,100010,18100020,100000,100000,10,18000020
831,658106000,658106000,100000,100000,10000000,10000000,634506000,634506000,10000000,10000000,3500000,3500000,13500000,13500000,23600000,23600000,100000,100000,10000000,10000000,0,0,10000000,10000000,3500000,3500000,13500000,13500000,100010,11100020,100000,100000,10,11000020
861,667606000,668606000,100000,100000,11000000,12000000,634506000,634506000,12000000,12000000,10000000,10000000,22000000,22000000,33100000,34100000,100000,100000,11000000,12000000,0,0,12000000,12000000,10000000,10000000,22000000,22000000,100010,12100030,100000,100000,10,12000030
891,666306000,666306000,100000,100000,8000000,8000000,634506000,634506000,8000000,8000000,15700000,15700000,23700000,23700000,31800000,31800000,100000,100000,8000000,8000000,0,0,8000000,8000000,15700000,15700000,23700000,23700000,100010,6100030,100000,100000,10,6000030
921,690206000,733706000,100000,100000,18000000,19000000,634506000,634506000,18000000,80000000,19600000,100000,37600000,80100000,55700000,99200000,100000,100000,18000000,19000000,0,0,18000000,80000000,19600000,100000,37600000,80100000,100010,62100010,100000,100000,10,62000010
951,677606000,678606000,100000,100000,12000000,13000000,634506000,634506000,13000000,13000000,18000000,18000000,31000000,31000000,43100000,44100000,100000,100000,12000000,13000000,0,0,13000000,13000000,18000000,18000000,31000000,31000000,100010,25100040,100000,100000,10,25000040
981,686506000,5789454000,100000,100000,17000000,20000000,634506000,5710554000,18000000,57000000,16900000,1800000,34900000,58800000,52000000,78900000,100000,100000,17000000,20000000,0,0,18000000,57000000,16900000,1800000,34900000,58800000,100010,40100010,100000,100000,10,40000010
1011,665506000,7071566000,100000,100000,0,10000000,634506000,6979566000,4000000,81000000,26900000,900000,30900000,81900000,31000000,92000000,100000,100000,0,10000000,0,0,4000000,81000000,26900000,900000,30900000,81900000,100010,80100040,100000,100000,10,80000040
1041,658806000,2564324000,100000,100000,7000000,9000000,634506000,2538024000,8000000,8000000,9200000,9200000,17200000,17200000,24300000,26300000,100000,100000,7000000,9000000,0,0,8000000,8000000,9200000,9200000,17200000,17200000,100010,1100010,100000,100000,10,1000010
1071,653606000,1923618000,100000,100000,19000000,20000000,634506000,1903518000,0,0,0,0,0,0,19100000,20100000,100000,100000,19000000,20000000,0,0,0,0,0,0,0,0,100010,100000,100000,100000,10,0
1101,670106000,18498874000,100000,100000,0,15000000,634506000,18400674000,15000000,81000000,20500000,2100000,35500000,83100000,35600000,98200000,100000,100000,0,15000000,0,0,15000000,81000000,20500000,2100000,35500000,83100000,100010,66100020,100000,100000,10,66000020
1131,638406000,3177430000,100000,100000,0,1000000,634506000,3172530000,1000000,1000000,2800000,2800000,3800000,3800000,3900000,4900000,100000,100000,0,1000000,0,0,1000000,1000000,2800000,2800000,3800000,3800000,100010,100000,100000,100000,10,0
1161,643606000,1279112000,100000,100000,9000000,10000000,634506000,1269012000,0,0,0,0,0,0,9100000,10100000,100000,100000,9000000,10000000,0,0,0,0,0,0,0,0,100010,100000,100000,100000,10,0
1191,646806000,1916818000,100000,100000,6000000,7000000,634506000,1903518000,6000000,6000000,200000,200000,6200000,6200000,12300000,13300000,100000,100000,6000000,7000000,0,0,6000000,6000000,200000,200000,6200000,6200000,100010,100000,100000,100000,10,0
1221,737406000,1427912000,100000,100000,18000000,74000000,634506000,1269012000,73000000,73000000,11800000,11800000,84800000,84800000,102900000,158900000,100000,100000,18000000,74000000,0,0,73000000,73000000,11800000,11800000,84800000,84800000,100010,63100020,100000,100000,10,63000020
1251,662106000,3204130000,100000,100000,7000000,11000000,634506000,3172530000,11000000,11000000,9500000,9500000,20500000,20500000,27600000,31600000,100000,100000,7000000,11000000,0,0,11000000,11000000,9500000,9500000,20500000,20500000,100010,25100030,100000,100000,10,25000030
1281,672306000,1321212000,100000,100000,11000000,13000000,634506000,1269012000,13000000,39000000,13700000,100000,26700000,39100000,37800000,52200000,100000,100000,11000000,13000000,0,0,13000000,39000000,13700000,100000,26700000,39100000,100010,45100040,100000,100000,10,45000040
22,704106000,705106000,100000,100000,19000000,20000000,634506000,634506000,20000000,20000000,30500000,30500000,50500000,50500000,69600000,70600000,100000,100000,19000000,20000000,0,0,20000000,20000000,30500000,30500000,50500000,50500000,100010,22100010,100000,100000,10,22000010
52,735606000,777706000,100000,100000,17000000,57000000,634506000,634506000,57000000,85000000,27000000,1100000,84000000,86100000,101100000,143200000,100000,100000,17000000,57000000,0,0,57000000,85000000,27000000,1100000,84000000,86100000,100010,66100030,100000,100000,10,66000030
82,676306000,691706000,100000,100000,19000000,19000000,634506000,634506000,19000000,38000000,3700000,100000,22700000,38100000,41800000,57200000,100000,100000,19000000,19000000,0,0,19000000,38000000,3700000,100000,22700000,38100000,100010,22100010,100000,100000,10,22000010
112,676406000,713206000,100000,100000,18000000,20000000,634506000,634506000,20000000,57000000,3800000,1600000,23800000,58600000,41900000,78700000,100000,100000,18000000,20000000,0,0,20000000,57000000,3800000,1600000,23800000,58600000,100010,47100020,100000,100000,10,47000020
142,652406000,652406000,100000,100000,1000000,1000000,634506000,634506000,1000000,1000000,15800000,15800000,16800000,16800000,17900000,17900000,100000,100000,1000000,1000000,0,0,1000000,1000000,15800000,15800000,16800000,16800000,100010,12100030,100000,100000,10,12000030
172,690706000,690706000,100000,100000,20000000,20000000,634506000,634506000,20000000,20000000,16100000,16100000,36100000,36100000,56200000,56200000,100000,100000,20000000,20000000,0,0,20000000,20000000,16100000,16100000,36100000,36100000,100010,27100040,100000,100000,10,27000040
202,695206000,711706000,100000,100000,20000000,20000000,634506000,634506000,20000000,57000000,20600000,100000,40600000,57100000,60700000,77200000,100000,100000,20000000,20000000,0,0,20000000,57000000,20600000,100000,40600000,57100000,100010,51100030,100000,100000,10,51000030
232,678206000,692706000,100000,100000,19000000,19000000,634506000,634506000,19000000,39000000,5600000,100000,24600000,39100000,43700000,58200000,100000,100000,19000000,19000000,0,0,19000000,39000000,5600000,100000,24600000,39100000,100010,22100010,100000,100000,10,22000010
262,660106000,716706000,100000,100000,8000000,8000000,634506000,634506000,8000000,74000000,9500000,100000,17500000,74100000,25600000,82200000,100000,100000,8000000,8000000,0,0,8000000,74000000,9500000,100000,17500000,74100000,100010,73100040,100000,100000,10,73000040
292,663606000,718006000,100000,100000,8000000,9000000,634506000,634506000,9000000,74000000,12000000,400000,21000000,74400000,29100000,83500000,100000,100000,8000000,9000000,0,0,9000000,74000000,12000000,400000,21000000,74400000,100010,73100040,100000,100000,10,73000040
322,680806000,682706000,100000,100000,8000000,9000000,634506000,634506000,9000000,39000000,29200000,100000,38200000,39100000,46300000,48200000,100000,100000,8000000,9000000,0,0,9000000,39000000,29200000,100000,38200000,39100000,100010,33100020,100000,100000,10,33000020
352,650606000,652606000,100000,100000,6000000,8000000,634506000,634506000,8000000,8000000,2000000,2000000,10000000,10000000,16100000,18100000,100000,100000,6000000,8000000,0,0,8000000,8000000,2000000,2000000,10000000,10000000,100010,2100020,100000,100000,10,2000020
382,672006000,676006000,100000,100000,9000000,13000000,634506000,634506000,13000000,13000000,15400000,15400000,28400000,28400000,37500000,41500000,100000,100000,9000000,13000000,0,0,13000000,13000000,15400000,15400000,28400000,28400000,100010,20100040,100000,100000,10,20000040
412,690506000,691506000,100000,100000,12000000,13000000,634506000,634506000,13000000,13000000,30900000,30900000,43900000,43900000,56000000,57000000,100000,100000,12000000,13000000,0,0,13000000,13000000,30900000,30900000,43900000,43900000,100010,2100010,100000,100000,10,2000010
442,674706000,674706000,100000,100000,11000000,11000000,634506000,634506000,11000000,11000000,18100000,18100000,29100000,29100000,40200000,40200000,100000,100000,11000000,11000000,0,0,11000000,11000000,18100000,18100000,29100000,29100000,100010,26100040,100000,100000,10,26000040
472,664506000,682806000,100000,100000,11000000,11000000,634506000,634506000,11000000,37000000,7900000,200000,18900000,37200000,30000000,48300000,100000,100000,11000000,11000000,0,0,11000000,37000000,7900000,200000,18900000,37200000,100010,33100020,100000,100000,10,33000020
502,738206000,739206000,100000,100000,37000000,38000000,634506000,634506000,38000000,38000000,28600000,28600000,66600000,66600000,103700000,104700000,100000,100000,37000000,38000000,0,0,38000000,38000000,28600000,28600000,66600000,66600000,100010,38100040,100000,100000,10,38000040
532,684306000,732706000,100000,100000,18000000,18000000,634506000,634506000,18000000,80000000,13700000,100000,31700000,80100000,49800000,98200000,100000,100000,18000000,18000000,0,0,18000000,80000000,13700000,100000,31700000,80100000,100010,62100010,100000,100000,10,62000010
562,667306000,672306000,100000,100000,7000000,12000000,634506000,634506000,12000000,12000000,13700000,13700000,25700000,25700000,32800000,37800000,100000,100000,7000000,12000000,0,0,12000000,12000000,13700000,13700000,25700000,25700000,100010,23100030,100000,100000,10,23000030
592,675106000,676106000,100000,100000,7000000,8000000,634506000,634506000,8000000,8000000,25500000,25500000,33500000,33500000,40600000,41600000,100000,100000,7000000,8000000,0,0,8000000,8000000,25500000,25500000,33500000,33500000,100010,26100040,100000,100000,10,26000040
622,665406000,683806000,100000,100000,9000000,10000000,634506000,634506000,10000000,39000000,11800000,200000,21800000,39200000,30900000,49300000,100000,100000,9000000,10000000,0,0,10000000,39000000,11800000,200000,21800000,39200000,100010,43100030,100000,100000,10,43000030
652,665306000,682806000,100000,100000,10000000,10000000,634506000,634506000,10000000,38000000,10700000,200000,20700000,38200000,30800000,48300000,100000,100000,10000000,10000000,0,0,10000000,38000000,10700000,200000,20700000,38200000,100010,42100020,100000,100000,10,42000020
682,659706000,720706000,100000,100000,5000000,6000000,634506000,634506000,6000000,80000000,14100000,100000,20100000,80100000,25200000,86200000,100000,100000,5000000,6000000,0,0,6000000,80000000,14100000,100000,20100000,80100000,100010,82100040,100000,100000,10,82000040
712,686806000,690706000,100000,100000,17000000,18000000,634506000,634506000,18000000,38000000,17200000,100000,35200000,38100000,52300000,56200000,100000,100000,17000000,18000000,0,0,18000000,38000000,17200000,100000,35200000,38100000,100010,21100010,100000,100000,10,21000010
742,664306000,720706000,100000,100000,5000000,6000000,634506000,634506000,6000000,80000000,18700000,100000,24700000,80100000,29800000,86200000,100000,100000,5000000,6000000,0,0,6000000,80000000,18700000,100000,24700000,80100000,100010,82100040,100000,100000,10,82000040
772,649406000,653806000,100000,100000,1000000,1000000,634506000,634506000,1000000,18000000,12800000,200000,13800000,18200000,14900000,19300000,100000,100000,1000000,1000000,0,0,1000000,18000000,12800000,200000,13800000,18200000,100010,18100020,100000,100000,10,18000020
802,660406000,693706000,100000,100000,1000000,2000000,634506000,634506000,2000000,57000000,22800000,100000,24800000,57100000,25900000,59200000,100000,100000,1000000,2000000,0,0,2000000,57000000,22800000,100000,24800000,57100000,100010,58100030,100000,100000,10,58000030
832,668506000,668506000,100000,100000,10000000,10000000,634506000,634506000,10000000,10000000,13900000,13900000,23900000,23900000,34000000,34000000,100000,100000,10000000,10000000,0,0,10000000,10000000,13900000,13900000,23900000,23900000,100010,25100030,100000,100000,10,25000030
862,665706000,665706000,100000,100000,11000000,11000000,634506000,634506000,11000000,11000000,9100000,9100000,20100000,20100000,31200000,31200000,100000,100000,11000000,11000000,0,0,11000000,11000000,9100000,9100000,20100000,20100000,100010,11100020,100000,100000,10,11000020
892,673006000,674006000,100000,100000,7000000,8000000,634506000,634506000,8000000,8000000,23400000,23400000,31400000,31400000,38500000,39500000,100000,100000,7000000,8000000,0,0,8000000,8000000,23400000,23400000,31400000,31400000,100010,7100010,100000,100000,10,7000010
922,690206000,733706000,100000,100000,18000000,19000000,634506000,634506000,18000000,80000000,19600000,100000,37600000,80100000,55700000,99200000,100000,100000,18000000,19000000,0,0,18000000,80000000,19600000,100000,37600000,80100000,100010,62100010,100000,100000,10,62000010
952,798106000,799106000,100000,100000,73000000,74000000,634506000,634506000,74000000,74000000,16500000,16500000,90500000,90500000,163600000,164600000,100000,100000,73000000,74000000,0,0,74000000,74000000,16500000,16500000,90500000,90500000,100010,120100030,100000,100000,10,120000030
982,651606000,1287112000,100000,100000,17000000,18000000,634506000,1269012000,0,0,0,0,0,0,17100000,18100000,100000,100000,17000000,18000000,0,0,0,0,0,0,0,0,100010,100000,100000,100000,10,0
1012,666406000,7063866000,100000,100000,1000000,11000000,634506000,6979566000,4000000,73000000,26800000,200000,30800000,73200000,31900000,84300000,100000,100000,1000000,11000000,0,0,4000000,73000000,26800000,200000,30800000,73200000,100010,73100040,100000,100000,10,73000040
1042,677906000,12110014000,100000,100000,1000000,12000000,634506000,12055614000,8000000,8000000,34300000,34300000,42300000,42300000,43400000,54400000,100000,100000,1000000,12000000,0,0,8000000,8000000,34300000,34300000,42300000,42300000,100010,19100040,100000,100000,10,19000040
1072,668306000,3851836000,100000,100000,8000000,19000000,634506000,3807036000,19000000,19000000,6700000,6700000,25700000,25700000,33800000,44800000,100000,100000,8000000,19000000,0,0,19000000,19000000,6700000,6700000,25700000,25700000,100010,100000,100000,100000,10,0
1102,638406000,3811936000,100000,100000,0,1000000,634506000,3807036000,1000000,1000000,2800000,2800000,3800000,3800000,3900000,4900000,100000,100000,0,1000000,0,0,1000000,1000000,2800000,2800000,3800000,3800000,100010,100000,100000,100000,10,0
1132,647106000,1923118000,100000,100000,1000000,8000000,634506000,1903518000,8000000,8000000,3500000,3500000,11500000,11500000,12600000,19600000,100000,100000,1000000,8000000,0,0,8000000,8000000,3500000,3500000,11500000,11500000,100010,1100010,100000,100000,10,1000010
1162,643606000,1924618000,100000,100000,9000000,21000000,634506000,1903518000,0,0,0,0,0,0,9100000,21100000,100000,100000,9000000,21000000,0,0,0,0,0,0,0,0,100010,100000,100000,100000,10,0
1192,650706000,3827236000,100000,100000,5000000,9000000,634506000,3807036000,6000000,6000000,5100000,5100000,11100000,11100000,16200000,20200000,100000,100000,5000000,9000000,0,0,6000000,6000000,5100000,5100000,11100000,11100000,100010,100000,100000,100000,10,0
1222,717206000,2040218000,100000,100000,19000000,73000000,634506000,1903518000,57000000,57000000,6600000,6600000,63600000,63600000,82700000,136700000,100000,100000,19000000,73000000,0,0,57000000,57000000,6600000,6600000,63600000,63600000,100010,100000,100000,100000,10,0
1252,645606000,647606000,100000,100000,11000000,13000000,634506000,634506000,0,0,0,0,0,0,11100000,13100000,100000,100000,11000000,13000000,0,0,0,0,0,0,0,0,100010,100000,100000,100000,10,0
1282,746606000,2081618000,100000,100000,19000000,85000000,634506000,1903518000,85000000,85000000,8000000,8000000,93000000,93000000,112100000,178100000,100000,100000,19000000,85000000,0,0,85000000,85000000,8000000,8000000,93000000,93000000,100010,62100010,100000,100000,10,62000010
23,704106000,705106000,100000,100000,19000000,20000000,634506000,634506000,20000000,20000000,30500000,30500000,50500000,50500000,69600000,70600000,100000,100000,19000000,20000000,0,0,20000000,20000000,30500000,30500000,50500000,50500000,100010,22100010,100000,100000,10,22000010
53,668006000,668006000,100000,100000,10000000,10000000,634506000,634506000,10000000,10000000,13400000,13400000,23400000,23400000,33500000,33500000,100000,100000,10000000,10000000,0,0,10000000,10000000,13400000,13400000,23400000,23400000,100010,25100040,100000,100000,10,25000040
83,684706000,694006000,100000,100000,19000000,20000000,634506000,634506000,20000000,39000000,11100000,400000,31100000,39400000,50200000,59500000,100000,100000,19000000,20000000,0,0,20000000,39000000,11100000,400000,31100000,39400000,100010,23100020,100000,100000,10,23000020
113,681406000,681406000,100000,100000,18000000,18000000,634506000,634506000,18000000,18000000,10800000,10800000,28800000,28800000,46900000,46900000,100000,100000,18000000,18000000,0,0,18000000,18000000,10800000,10800000,28800000,28800000,100010,24100030,100000,100000,10,24000030
143,670006000,725406000,100000,100000,8000000,10000000,634506000,634506000,10000000,80000000,17400000,800000,27400000,80800000,35500000,90900000,100000,100000,8000000,10000000,0,0,10000000,80000000,17400000,800000,27400000,80800000,100010,86100040,100000,100000,10,86000040
173,690606000,690606000,100000,100000,20000000,20000000,634506000,634506000,20000000,20000000,16000000,16000000,36000000,36000000,56100000,56100000,100000,100000,20000000,20000000,0,0,20000000,20000000,16000000,16000000,36000000,36000000,100010,27100040,100000,100000,10,27000040
203,695206000,711706000,100000,100000,20000000,20000000,634506000,634506000,20000000,57000000,20600000,100000,40600000,57100000,60700000,77200000,100000,100000,20000000,20000000,0,0,20000000,57000000,20600000,100000,40600000,57100000,100010,51100030,100000,100000,10,51000030
233,695606000,696606000,100000,100000,19000000,20000000,634506000,634506000,20000000,20000000,22000000,22000000,42000000,42000000,61100000,62100000,100000,100000,19000000,20000000,0,0,20000000,20000000,22000000,22000000,42000000,42000000,100010,22100010,100000,100000,10,22000010
263,668306000,669306000,100000,100000,8000000,9000000,634506000,634506000,9000000,9000000,16700000,16700000,25700000,25700000,33800000,34800000,100000,100000,8000000,9000000,0,0,9000000,9000000,16700000,16700000,25700000,25700000,100010,16100040,100000,100000,10,16000040
293,659506000,662706000,100000,100000,6000000,9000000,634506000,634506000,6000000,19000000,12900000,100000,18900000,19100000,25000000,28200000,100000,100000,6000000,9000000,0,0,6000000,19000000,12900000,100000,18900000,19100000,100010,17100030,100000,100000,10,17000030
323,675606000,682706000,100000,100000,8000000,9000000,634506000,634506000,9000000,39000000,24000000,100000,33000000,39100000,41100000,48200000,100000,100000,8000000,9000000,0,0,9000000,39000000,24000000,100000,33000000,39100000,100010,33100020,100000,100000,10,33000020
353,651706000,652706000,100000,100000,8000000,9000000,634506000,634506000,9000000,9000000,100000,100000,9100000,9100000,17200000,18200000,100000,100000,8000000,9000000,0,0,9000000,9000000,100000,100000,9100000,9100000,100010,1100010,100000,100000,10,1000010
383,664006000,664006000,100000,100000,9000000,9000000,634506000,634506000,9000000,9000000,11400000,11400000,20400000,20400000,29500000,29500000,100000,100000,9000000,9000000,0,0,9000000,9000000,11400000,11400000,20400000,20400000,100010,16100030,100000,100000,10,16000030
413,690506000,691506000,100000,100000,12000000,13000000,634506000,634506000,13000000,13000000,30900000,30900000,43900000,43900000,56000000,57000000,100000,100000,12000000,13000000,0,0,13000000,13000000,30900000,30900000,43900000,43900000,100010,2100010,100000,100000,10,2000010
443,674706000,674706000,100000,100000,11000000,11000000,634506000,634506000,11000000,11000000,18100000,18100000,29100000,29100000,40200000,40200000,100000,100000,11000000,11000000,0,0,11000000,11000000,18100000,18100000,29100000,29100000,100010,26100040,100000,100000,10,26000040
473,666006000,682706000,100000,100000,11000000,11000000,634506000,634506000,11000000,37000000,9400000,100000,20400000,37100000,31500000,48200000,100000,100000,11000000,11000000,0,0,11000000,37000000,9400000,100000,20400000,37100000,100010,33100020,100000,100000,10,33000020
503,672606000,676606000,100000,100000,38000000,42000000,634506000,634506000,0,0,0,0,0,0,38100000,42100000,100000,100000,38000000,42000000,0,0,0,0,0,0,0,0,100010,100000,100000,100000,10,0
533,684306000,732706000,100000,100000,18000000,18000000,634506000,634506000,18000000,80000000,13700000,100000,31700000,80100000,49800000,98200000,100000,100000,18000000,18000000,0,0,18000000,80000000,13700000,100000,31700000,80100000,100010,62100010,100000,100000,10,62000010
563,685206000,709706000,100000,100000,18000000,18000000,634506000,634506000,18000000,57000000,14600000,100000,32600000,57100000,50700000,75200000,100000,100000,18000000,18000000,0,0,18000000,57000000,14600000,100000,32600000,57100000,100010,40100010,100000,100000,10,40000010
593,677106000,678106000,100000,100000,7000000,8000000,634506000,634506000,8000000,8000000,27500000,27500000,35500000,35500000,42600000,43600000,100000,100000,7000000,8000000,0,0,8000000,8000000,27500000,27500000,35500000,35500000,100010,26100040,100000,100000,10,26000040
623,661706000,723706000,100000,100000,7000000,9000000,634506000,634506000,7000000,80000000,13100000,100000,20100000,80100000,27200000,89200000,100000,100000,7000000,9000000,0,0,7000000,80000000,13100000,100000,20100000,80100000,100010,83100020,100000,100000,10,83000020
653,673106000,682706000,100000,100000,10000000,10000000,634506000,634506000,10000000,38000000,18500000,100000,28500000,38100000,38600000,48200000,100000,100000,10000000,10000000,0,0,10000000,38000000,18500000,100000,28500000,38100000,100010,42100020,100000,100000,10,42000020
683,653706000,653706000,100000,100000,6000000,6000000,634506000,634506000,6000000,6000000,7100000,7100000,13100000,13100000,19200000,19200000,100000,100000,6000000,6000000,0,0,6000000,6000000,7100000,7100000,13100000,13100000,100010,10100010,100000,100000,10,10000010
713,686806000,690706000,100000,100000,17000000,18000000,634506000,634506000,18000000,38000000,17200000,100000,35200000,38100000,52300000,56200000,100000,100000,17000000,18000000,0,0,18000000,38000000,17200000,100000,35200000,38100000,100010,21100010,100000,100000,10,21000010
743,639606000,641606000,100000,100000,5000000,7000000,634506000,634506000,0,0,0,0,0,0,5100000,7100000,100000,100000,5000000,7000000,0,0,0,0,0,0,0,0,100010,100000,100000,100000,10,0
773,656306000,717106000,100000,100000,0,1000000,634506000,634506000,1000000,81000000,20700000,500000,21700000,81500000,21800000,82600000,100000,100000,0,1000000,0,0,1000000,81000000,20700000,500000,21700000,81500000,100010,81100030,100000,100000,10,81000030
803,650106000,653706000,100000,100000,1000000,1000000,634506000,634506000,1000000,18000000,13500000,100000,14500000,18100000,15600000,19200000,100000,100000,1000000,1000000,0,0,1000000,18000000,13500000,100000,14500000,18100000,100010,18100020,100000,100000,10,18000020
833,663406000,737906000,100000,100000,4000000,18000000,634506000,634506000,18000000,85000000,6800000,300000,24800000,85300000,28900000,103400000,100000,100000,4000000,18000000,0,0,18000000,85000000,6800000,300000,24800000,85300000,100010,69100030,100000,100000,10,69000030
863,663206000,666206000,100000,100000,8000000,11000000,634506000,634506000,11000000,11000000,9600000,9600000,20600000,20600000,28700000,31700000,100000,100000,8000000,11000000,0,0,11000000,11000000,9600000,9600000,20600000,20600000,100010,26100040,100000,100000,10,26000040
893,650806000,650806000,100000,100000,8000000,8000000,634506000,634506000,8000000,8000000,200000,200000,8200000,8200000,16300000,16300000,100000,100000,8000000,8000000,0,0,8000000,8000000,200000,200000,8200000,8200000,100010,1100010,100000,100000,10,1000010
923,690206000,733706000,100000,100000,18000000,19000000,634506000,634506000,18000000,80000000,19600000,100000,37600000,80100000,55700000,99200000,100000,100000,18000000,19000000,0,0,18000000,80000000,19600000,100000,37600000,80100000,100010,62100010,100000,100000,10,62000010
953,765706000,780706000,100000,100000,58000000,73000000,634506000,634506000,73000000,73000000,100000,100000,73100000,73100000,131200000,146200000,100000,100000,58000000,73000000,0,0,73000000,73000000,100000,100000,73100000,73100000,100010,100000,100000,100000,10,0
983,683606000,3222630000,100000,100000,17000000,18000000,634506000,3172530000,18000000,18000000,14000000,14000000,32000000,32000000,49100000,50100000,100000,100000,17000000,18000000,0,0,18000000,18000000,14000000,14000000,32000000,32000000,100010,23100030,100000,100000,10,23000030
1013,711106000,3282130000,100000,100000,8000000,41000000,634506000,3172530000,40000000,40000000,28500000,28500000,68500000,68500000,76600000,109600000,100000,100000,8000000,41000000,0,0,40000000,40000000,28500000,28500000,68500000,68500000,100010,11100030,100000,100000,10,11000030
1043,658706000,1928718000,100000,100000,10000000,11000000,634506000,1903518000,11000000,11000000,3100000,3100000,14100000,14100000,24200000,25200000,100000,100000,10000000,11000000,0,0,11000000,11000000,3100000,3100000,14100000,14100000,100010,100000,100000,100000,10,0
1073,674006000,3213030000,100000,100000,19000000,20000000,634506000,3172530000,20000000,20000000,400000,400000,20400000,20400000,39500000,40500000,100000,100000,19000000,20000000,0,0,20000000,20000000,400000,400000,20400000,20400000,100010,100000,100000,100000,10,0
1103,651806000,4468742000,100000,100000,3000000,10000000,634506000,4441542000,6000000,17000000,8200000,100000,14200000,17100000,17300000,27200000,100000,100000,3000000,10000000,0,0,6000000,17000000,8200000,100000,14200000,17100000,100010,17100030,100000,100000,10,17000030
1133,635606000,1271112000,100000,100000,1000000,2000000,634506000,1269012000,0,0,0,0,0,0,1100000,2100000,100000,100000,1000000,2000000,0,0,0,0,0,0,0,0,100010,100000,100000,100000,10,0
1163,643606000,1279112000,100000,100000,9000000,10000000,634506000,1269012000,0,0,0,0,0,0,9100000,10100000,100000,100000,9000000,10000000,0,0,0,0,0,0,0,0,100010,100000,100000,100000,10,0
1193,634606000,635606000,100000,100000,0,1000000,634506000,634506000,0,0,0,0,0,0,100000,1100000,100000,100000,0,1000000,0,0,0,0,0,0,0,0,100010,100000,100000,100000,10,0
1223,679906000,3878236000,100000,100000,10000000,13000000,634506000,3807036000,13000000,58000000,22300000,100000,35300000,58100000,45400000,71200000,100000,100000,10000000,13000000,0,0,13000000,58000000,22300000,100000,35300000,58100000,100010,68100040,100000,100000,10,68000040
1253,751706000,1392112000,100000,100000,41000000,46000000,634506000,1269012000,46000000,47000000,30100000,30000000,76100000,77000000,117200000,123100000,100000,100000,41000000,46000000,0,0,46000000,47000000,30100000,30000000,76100000,77000000,100010,115100080,100000,100000,10,115000080
1283,691606000,1354112000,100000,100000,57000000,85000000,634506000,1269012000,0,0,0,0,0,0,57100000,85100000,100000,100000,57000000,85000000,0,0,0,0,0,0,0,0,100010,100000,100000,100000,10,0
24,698606000,711706000,100000,100000,19000000,20000000,634506000,634506000,20000000,57000000,25000000,100000,45000000,57100000,64100000,77200000,100000,100000,19000000,20000000,0,0,20000000,57000000,25000000,100000,45000000,57100000,100010,51100030,100000,100000,10,51000030
54,679706000,704706000,100000,100000,10000000,12000000,634506000,634506000,12000000,58000000,23100000,100000,35100000,58100000,45200000,70200000,100000,100000,10000000,12000000,0,0,12000000,58000000,23100000,100000,35100000,58100000,100010,68100040,100000,100000,10,68000040
84,703906000,704906000,100000,100000,19000000,20000000,634506000,634506000,20000000,20000000,30300000,30300000,50300000,50300000,69400000,70400000,100000,100000,19000000,20000000,0,0,20000000,20000000,30300000,30300000,50300000,50300000,100010,22100010,100000,100000,10,22000010
114,652406000,652406000,100000,100000,1000000,1000000,634506000,634506000,1000000,1000000,15800000,15800000,16800000,16800000,17900000,17900000,100000,100000,1000000,1000000,0,0,1000000,1000000,15800000,15800000,16800000,16800000,100010,12100030,100000,100000,10,12000030
144,716906000,758506000,100000,100000,10000000,43000000,634506000,634506000,43000000,80000000,29300000,900000,72300000,80900000,82400000,124000000,100000,100000,10000000,43000000,0,0,43000000,80000000,29300000,900000,72300000,80900000,100010,88100050,100000,100000,10,88000050
174,690606000,690606000,100000,100000,20000000,20000000,634506000,634506000,20000000,20000000,16000000,16000000,36000000,36000000,56100000,56100000,100000,100000,20000000,20000000,0,0,20000000,20000000,16000000,16000000,36000000,36000000,100010,27100040,100000,100000,10,27000040
204,695206000,711706000,100000,100000,20000000,20000000,634506000,634506000,20000000,57000000,20600000,100000,40600000,57100000,60700000,77200000,100000,100000,20000000,20000000,0,0,20000000,57000000,20600000,100000,40600000,57100000,100010,51100030,100000,100000,10,51000030
234,692606000,693706000,100000,100000,19000000,20000000,634506000,634506000,20000000,39000000,19000000,100000,39000000,39100000,58100000,59200000,100000,100000,19000000,20000000,0,0,20000000,39000000,19000000,100000,39000000,39100000,100010,22100010,100000,100000,10,22000010
264,668306000,669306000,100000,100000,8000000,9000000,634506000,634506000,9000000,9000000,16700000,16700000,25700000,25700000,33800000,34800000,100000,100000,8000000,9000000,0,0,9000000,9000000,16700000,16700000,25700000,25700000,100010,16100040,100000,100000,10,16000040
294,669806000,669806000,100000,100000,9000000,9000000,634506000,634506000,9000000,9000000,17200000,17200000,26200000,26200000,35300000,35300000,100000,100000,9000000,9000000,0,0,9000000,9000000,17200000,17200000,26200000,26200000,100010,16100040,100000,100000,10,16000040
324,675106000,682806000,100000,100000,8000000,9000000,634506000,634506000,9000000,39000000,23500000,200000,32500000,39200000,40600000,48300000,100000,100000,8000000,9000000,0,0,9000000,39000000,23500000,200000,32500000,39200000,100010,33100020,100000,100000,10,33000020
354,651706000,652706000,100000,100000,8000000,9000000,634506000,634506000,9000000,9000000,100000,100000,9100000,9100000,17200000,18200000,100000,100000,8000000,9000000,0,0,9000000,9000000,100000,100000,9100000,9100000,100010,1100010,100000,100000,10,1000010
384,666506000,666506000,100000,100000,9000000,9000000,634506000,634506000,9000000,9000000,13900000,13900000,22900000,22900000,32000000,32000000,100000,100000,9000000,9000000,0,0,9000000,9000000,13900000,13900000,22900000,22900000,100010,16100030,100000,100000,10,16000030
414,678206000,678206000,100000,100000,13000000,13000000,634506000,634506000,13000000,13000000,17600000,17600000,30600000,30600000,43700000,43700000,100000,100000,13000000,13000000,0,0,13000000,13000000,17600000,17600000,30600000,30600000,100010,2100010,100000,100000,10,2000010
444,674706000,674706000,100000,100000,11000000,11000000,634506000,634506000,11000000,11000000,18100000,18100000,29100000,29100000,40200000,40200000,100000,100000,11000000,11000000,0,0,11000000,11000000,18100000,18100000,29100000,29100000,100010,26100040,100000,100000,10,26000040
474,670006000,683706000,100000,100000,11000000,12000000,634506000,634506000,12000000,37000000,12400000,100000,24400000,37100000,35500000,49200000,100000,100000,11000000,12000000,0,0,12000000,37000000,12400000,100000,24400000,37100000,100010,33100020,100000,100000,10,33000020
504,740806000,743806000,100000,100000,37000000,40000000,634506000,634506000,40000000,40000000,29200000,29200000,69200000,69200000,106300000,109300000,100000,100000,37000000,40000000,0,0,40000000,40000000,29200000,29200000,69200000,69200000,100010,38100040,100000,100000,10,38000040
534,684306000,732706000,100000,100000,18000000,18000000,634506000,634506000,18000000,80000000,13700000,100000,31700000,80100000,49800000,98200000,100000,100000,18000000,18000000,0,0,18000000,80000000,13700000,100000,31700000,80100000,100010,62100010,100000,100000,10,62000010
564,675606000,718306000,100000,100000,10000000,18000000,634506000,634506000,18000000,57000000,13000000,8700000,31000000,65700000,41100000,83800000,100000,100000,10000000,18000000,0,0,18000000,57000000,13000000,8700000,31000000,65700000,100010,40100010,100000,100000,10,40000010
594,655806000,657906000,100000,100000,7000000,7000000,634506000,634506000,7000000,13000000,7200000,3300000,14200000,16300000,21300000,23400000,100000,100000,7000000,7000000,0,0,7000000,13000000,7200000,3300000,14200000,16300000,100010,8100020,100000,100000,10,8000020
624,662006000,665206000,100000,100000,9000000,10000000,634506000,634506000,10000000,20000000,8400000,600000,18400000,20600000,27500000,30700000,100000,100000,9000000,10000000,0,0,10000000,20000000,8400000,600000,18400000,20600000,100010,24100030,100000,100000,10,24000030
654,672606000,679606000,100000,100000,10000000,17000000,634506000,634506000,17000000,17000000,11000000,11000000,28000000,28000000,38100000,45100000,100000,100000,10000000,17000000,0,0,17000000,17000000,11000000,11000000,28000000,28000000,100010,5100030,100000,100000,10,5000030
684,640606000,646606000,100000,100000,6000000,12000000,634506000,634506000,0,0,0,0,0,0,6100000,12100000,100000,100000,6000000,12000000,0,0,0,0,0,0,0,0,100010,100000,100000,100000,10,0
714,686806000,690706000,100000,100000,17000000,18000000,634506000,634506000,18000000,38000000,17200000,100000,35200000,38100000,52300000,56200000,100000,100000,17000000,18000000,0,0,18000000,38000000,17200000,100000,35200000,38100000,100010,21100010,100000,100000,10,21000010
744,659106000,720706000,100000,100000,5000000,6000000,634506000,634506000,6000000,80000000,13500000,100000,19500000,80100000,24600000,86200000,100000,100000,5000000,6000000,0,0,6000000,80000000,13500000,100000,19500000,80100000,100010,82100040,100000,100000,10,82000040
774,647106000,716806000,100000,100000,1000000,1000000,634506000,634506000,1000000,81000000,10500000,200000,11500000,81200000,12600000,82300000,100000,100000,1000000,1000000,0,0,1000000,81000000,10500000,200000,11500000,81200000,100010,81100040,100000,100000,10,81000040
804,650106000,653706000,100000,100000,1000000,1000000,634506000,634506000,1000000,18000000,13500000,100000,14500000,18100000,15600000,19200000,100000,100000,1000000,1000000,0,0,1000000,18000000,13500000,100000,14500000,18100000,100010,18100020,100000,100000,10,18000020
834,661106000,665106000,100000,100000,8000000,12000000,634506000,634506000,12000000,12000000,6500000,6500000,18500000,18500000,26600000,30600000,100000,100000,8000000,12000000,0,0,12000000,12000000,6500000,6500000,18500000,18500000,100010,10100030,100000,100000,10,10000030
864,645606000,647606000,100000,100000,11000000,13000000,634506000,634506000,0,0,0,0,0,0,11100000,13100000,100000,100000,11000000,13000000,0,0,0,0,0,0,0,0,100010,100000,100000,100000,10,0
894,666306000,666306000,100000,100000,8000000,8000000,634506000,634506000,8000000,8000000,15700000,15700000,23700000,23700000,31800000,31800000,100000,100000,8000000,8000000,0,0,8000000,8000000,15700000,15700000,23700000,23700000,100010,6100030,100000,100000,10,6000030
924,690206000,733706000,100000,100000,18000000,19000000,634506000,634506000,18000000,80000000,19600000,100000,37600000,80100000,55700000,99200000,100000,100000,18000000,19000000,0,0,18000000,80000000,19600000,100000,37600000,80100000,100010,62100010,100000,100000,10,62000010
954,681006000,705706000,100000,100000,11000000,13000000,634506000,634506000,13000000,58000000,22400000,100000,35400000,58100000,46500000,71200000,100000,100000,11000000,13000000,0,0,13000000,58000000,22400000,100000,35400000,58100000,100010,69100050,100000,100000,10,69000050
984,667906000,19133680000,100000,100000,0,17000000,634506000,19035180000,2000000,81000000,31300000,400000,33300000,81400000,33400000,98500000,100000,100000,0,17000000,0,0,2000000,81000000,31300000,400000,33300000,81400000,100010,67100020,100000,100000,10,67000020
1014,773406000,3952936000,100000,100000,37000000,44000000,634506000,3807036000,41000000,41000000,60800000,60800000,101800000,101800000,138900000,145900000,100000,100000,37000000,44000000,0,0,41000000,41000000,60800000,60800000,101800000,101800000,100010,111100060,100000,100000,10,111000060
1044,643606000,645606000,100000,100000,9000000,11000000,634506000,634506000,0,0,0,0,0,0,9100000,11100000,100000,100000,9000000,11000000,0,0,0,0,0,0,0,0,100010,100000,100000,100000,10,0
1074,679106000,4498142000,100000,100000,8000000,20000000,634506000,4441542000,20000000,20000000,16500000,16500000,36500000,36500000,44600000,56600000,100000,100000,8000000,20000000,0,0,20000000,20000000,16500000,16500000,36500000,36500000,100010,100000,100000,100000,10,0
1104,637606000,1273112000,100000,100000,3000000,4000000,634506000,1269012000,0,0,0,0,0,0,3100000,4100000,100000,100000,3000000,4000000,0,0,0,0,0,0,0,0,100010,100000,100000,100000,10,0
1134,635606000,1271112000,100000,100000,1000000,2000000,634506000,1269012000,0,0,0,0,0,0,1100000,2100000,100000,100000,1000000,2000000,0,0,0,0,0,0,0,0,100010,100000,100000,100000,10,0
1164,651706000,3190730000,100000,100000,8000000,9000000,634506000,3172530000,9000000,9000000,100000,100000,9100000,9100000,17200000,18200000,100000,100000,8000000,9000000,0,0,9000000,9000000,100000,100000,9100000,9100000,100010,100000,100000,100000,10,0
1194,642606000,1278112000,100000,100000,8000000,9000000,634506000,1269012000,0,0,0,0,0,0,8100000,9100000,100000,100000,8000000,9000000,0,0,0,0,0,0,0,0,100010,100000,100000,100000,10,0
1224,658706000,1928718000,100000,100000,10000000,11000000,634506000,1903518000,11000000,11000000,3100000,3100000,14100000,14100000,24200000,25200000,100000,100000,10000000,11000000,0,0,11000000,11000000,3100000,3100000,14100000,14100000,100010,100000,100000,100000,10,0
1254,753706000,1393212000,100000,100000,42000000,47000000,634506000,1269012000,47000000,47000000,30100000,30100000,77100000,77100000,119200000,124200000,100000,100000,42000000,47000000,0,0,47000000,47000000,30100000,30100000,77100000,77100000,100010,116100090,100000,100000,10,116000090
1284,641606000,1277112000,100000,100000,7000000,8000000,634506000,1269012000,0,0,0,0,0,0,7100000,8100000,100000,100000,7000000,8000000,0,0,0,0,0,0,0,0,100010,100000,100000,100000,10,0
25,682706000,693706000,100000,100000,8000000,19000000,634506000,634506000,19000000,19000000,21100000,21100000,40100000,40100000,48200000,59200000,100000,100000,8000000,19000000,0,0,19000000,19000000,21100000,21100000,40100000,40100000,100010,22100010,100000,100000,10,22000010
55,679706000,703706000,100000,100000,10000000,11000000,634506000,634506000,11000000,58000000,24100000,100000,35100000,58100000,45200000,69200000,100000,100000,10000000,11000000,0,0,11000000,58000000,24100000,100000,35100000,58100000,100010,68100040,100000,100000,10,68000040
85,703906000,704906000,100000,100000,19000000,20000000,634506000,634506000,20000000,20000000,30300000,30300000,50300000,50300000,69400000,70400000,100000,100000,19000000,20000000,0,0,20000000,20000000,30300000,30300000,50300000,50300000,100010,22100010,100000,100000,10,22000010
115,652406000,652406000,100000,100000,1000000,1000000,634506000,634506000,1000000,1000000,15800000,15800000,16800000,16800000,17900000,17900000,100000,100000,1000000,1000000,0,0,1000000,1000000,15800000,15800000,16800000,16800000,100010,12100030,100000,100000,10,12000030
145,664906000,692706000,100000,100000,9000000,10000000,634506000,634506000,10000000,48000000,11300000,100000,21300000,48100000,30400000,58200000,100000,100000,9000000,10000000,0,0,10000000,48000000,11300000,100000,21300000,48100000,100010,40100050,100000,100000,10,40000050
175,690606000,690606000,100000,100000,20000000,20000000,634506000,634506000,20000000,20000000,16000000,16000000,36000000,36000000,56100000,56100000,100000,100000,20000000,20000000,0,0,20000000,20000000,16000000,16000000,36000000,36000000,100010,27100040,100000,100000,10,27000040
205,691506000,693706000,100000,100000,19000000,20000000,634506000,634506000,20000000,39000000,17900000,100000,37900000,39100000,57000000,59200000,100000,100000,19000000,20000000,0,0,20000000,39000000,17900000,100000,37900000,39100000,100010,23100020,100000,100000,10,23000020
235,695606000,696606000,100000,100000,19000000,20000000,634506000,634506000,20000000,20000000,22000000,22000000,42000000,42000000,61100000,62100000,100000,100000,19000000,20000000,0,0,20000000,20000000,22000000,22000000,42000000,42000000,100010,22100010,100000,100000,10,22000010
265,668306000,669306000,100000,100000,8000000,9000000,634506000,634506000,9000000,9000000,16700000,16700000,25700000,25700000,33800000,34800000,100000,100000,8000000,9000000,0,0,9000000,9000000,16700000,16700000,25700000,25700000,100010,16100040,100000,100000,10,16000040
295,670506000,673506000,100000,100000,9000000,12000000,634506000,634506000,12000000,12000000,14900000,14900000,26900000,26900000,36000000,39000000,100000,100000,9000000,12000000,0,0,12000000,12000000,14900000,14900000,26900000,26900000,100010,19100020,100000,100000,10,19000020
325,676506000,677506000,100000,100000,8000000,9000000,634506000,634506000,9000000,9000000,24900000,24900000,33900000,33900000,42000000,43000000,100000,100000,8000000,9000000,0,0,9000000,9000000,24900000,24900000,33900000,33900000,100010,16100030,100000,100000,10,16000030
355,651706000,652706000,100000,100000,8000000,9000000,634506000,634506000,9000000,9000000,100000,100000,9100000,9100000,17200000,18200000,100000,100000,8000000,9000000,0,0,9000000,9000000,100000,100000,9100000,9100000,100010,1100010,100000,100000,10,1000010
385,643606000,651606000,100000,100000,9000000,17000000,634506000,634506000,0,0,0,0,0,0,9100000,17100000,100000,100000,9000000,17000000,0,0,0,0,0,0,0,0,100010,100000,100000,100000,10,0
415,690506000,691506000,100000,100000,12000000,13000000,634506000,634506000,13000000,13000000,30900000,30900000,43900000,43900000,56000000,57000000,100000,100000,12000000,13000000,0,0,13000000,13000000,30900000,30900000,43900000,43900000,100010,2100010,100000,100000,10,2000010
445,690306000,691306000,100000,100000,12000000,13000000,634506000,634506000,13000000,13000000,30700000,30700000,43700000,43700000,55800000,56800000,100000,100000,12000000,13000000,0,0,13000000,13000000,30700000,30700000,43700000,43700000,100010,2100010,100000,100000,10,2000010
475,668706000,719706000,100000,100000,3000000,4000000,634506000,634506000,4000000,81000000,27100000,100000,31100000,81100000,34200000,85200000,100000,100000,3000000,4000000,0,0,4000000,81000000,27100000,100000,31100000,81100000,100010,83100050,100000,100000,10,83000050
505,746206000,749906000,100000,100000,40000000,41000000,634506000,634506000,41000000,74000000,30600000,300000,71600000,74300000,111700000,115400000,100000,100000,40000000,41000000,0,0,41000000,74000000,30600000,300000,71600000,74300000,100010,114100070,100000,100000,10,114000070
535,684306000,732706000,100000,100000,18000000,18000000,634506000,634506000,18000000,80000000,13700000,100000,31700000,80100000,49800000,98200000,100000,100000,18000000,18000000,0,0,18000000,80000000,13700000,100000,31700000,80100000,100010,62100010,100000,100000,10,62000010
565,685206000,709706000,100000,100000,18000000,18000000,634506000,634506000,18000000,57000000,14600000,100000,32600000,57100000,50700000,75200000,100000,100000,18000000,18000000,0,0,18000000,57000000,14600000,100000,32600000,57100000,100010,40100010,100000,100000,10,40000010
595,677106000,678106000,100000,100000,7000000,8000000,634506000,634506000,8000000,8000000,27500000,27500000,35500000,35500000,42600000,43600000,100000,100000,7000000,8000000,0,0,8000000,8000000,27500000,27500000,35500000,35500000,100010,26100040,100000,100000,10,26000040
625,676806000,724706000,100000,100000,9000000,10000000,634506000,634506000,10000000,80000000,23200000,100000,33200000,80100000,42300000,90200000,100000,100000,9000000,10000000,0,0,10000000,80000000,23200000,100000,33200000,80100000,100010,83100020,100000,100000,10,83000020
655,672506000,673506000,100000,100000,9000000,10000000,634506000,634506000,9000000,9000000,19900000,19900000,28900000,28900000,38000000,39000000,100000,100000,9000000,10000000,0,0,9000000,9000000,19900000,19900000,28900000,28900000,100010,25100040,100000,100000,10,25000040
685,664206000,720806000,100000,100000,5000000,6000000,634506000,634506000,6000000,80000000,18600000,200000,24600000,80200000,29700000,86300000,100000,100000,5000000,6000000,0,0,6000000,80000000,18600000,200000,24600000,80200000,100010,82100040,100000,100000,10,82000040
715,686806000,690706000,100000,100000,17000000,18000000,634506000,634506000,18000000,38000000,17200000,100000,35200000,38100000,52300000,56200000,100000,100000,17000000,18000000,0,0,18000000,38000000,17200000,100000,35200000,38100000,100010,21100010,100000,100000,10,21000010
745,660006000,735006000,100000,100000,5000000,16000000,634506000,634506000,16000000,81000000,4400000,3400000,20400000,84400000,25500000,100500000,100000,100000,5000000,16000000,0,0,16000000,81000000,4400000,3400000,20400000,84400000,100010,68100040,100000,100000,10,68000040
775,635606000,636606000,100000,100000,1000000,2000000,634506000,634506000,0,0,0,0,0,0,1100000,2100000,100000,100000,1000000,2000000,0,0,0,0,0,0,0,0,100010,100000,100000,100000,10,0
805,650106000,653706000,100000,100000,1000000,1000000,634506000,634506000,1000000,18000000,13500000,100000,14500000,18100000,15600000,19200000,100000,100000,1000000,1000000,0,0,1000000,18000000,13500000,100000,14500000,18100000,100010,18100020,100000,100000,10,18000020
835,656906000,656906000,100000,100000,8000000,8000000,634506000,634506000,8000000,8000000,6300000,6300000,14300000,14300000,22400000,22400000,100000,100000,8000000,8000000,0,0,8000000,8000000,6300000,6300000,14300000,14300000,100010,12100020,100000,100000,10,12000020
865,672106000,722706000,100000,100000,7000000,8000000,634506000,634506000,8000000,80000000,22500000,100000,30500000,80100000,37600000,88200000,100000,100000,7000000,8000000,0,0,8000000,80000000,22500000,100000,30500000,80100000,100010,85100030,100000,100000,10,85000030
895,666406000,666406000,100000,100000,8000000,8000000,634506000,634506000,8000000,8000000,15800000,15800000,23800000,23800000,31900000,31900000,100000,100000,8000000,8000000,0,0,8000000,8000000,15800000,15800000,23800000,23800000,100010,6100030,100000,100000,10,6000030
925,723006000,772706000,100000,100000,19000000,58000000,634506000,634506000,58000000,80000000,11400000,100000,69400000,80100000,88500000,138200000,100000,100000,19000000,58000000,0,0,58000000,80000000,11400000,100000,69400000,80100000,100010,62100010,100000,100000,10,62000010
955,645606000,647606000,100000,100000,11000000,13000000,634506000,634506000,0,0,0,0,0,0,11100000,13100000,100000,100000,11000000,13000000,0,0,0,0,0,0,0,0,100010,100000,100000,100000,10,0
985,653606000,1289112000,100000,100000,19000000,20000000,634506000,1269012000,0,0,0,0,0,0,19100000,20100000,100000,100000,19000000,20000000,0,0,0,0,0,0,0,0,100010,100000,100000,100000,10,0
1015,743106000,2653424000,100000,100000,37000000,41000000,634506000,2538024000,41000000,74000000,30500000,300000,71500000,74300000,108600000,115400000,100000,100000,37000000,41000000,0,0,41000000,74000000,30500000,300000,71500000,74300000,100010,111100060,100000,100000,10,111000060
1045,664606000,8295678000,100000,100000,0,17000000,634506000,8248578000,10000000,10000000,20000000,20000000,30000000,30000000,30100000,47100000,100000,100000,0,17000000,0,0,10000000,10000000,20000000,20000000,30000000,30000000,100010,12100030,100000,100000,10,12000030
1075,674006000,3847536000,100000,100000,19000000,20000000,634506000,3807036000,20000000,20000000,400000,400000,20400000,20400000,39500000,40500000,100000,100000,19000000,20000000,0,0,20000000,20000000,400000,400000,20400000,20400000,100010,100000,100000,100000,10,0
1105,637606000,638606000,100000,100000,3000000,4000000,634506000,634506000,0,0,0,0,0,0,3100000,4100000,100000,100000,3000000,4000000,0,0,0,0,0,0,0,0,100010,100000,100000,100000,10,0
1135,638406000,3177430000,100000,100000,0,1000000,634506000,3172530000,1000000,1000000,2800000,2800000,3800000,3800000,3900000,4900000,100000,100000,0,1000000,0,0,1000000,1000000,2800000,2800000,3800000,3800000,100010,100000,100000,100000,10,0
1165,651706000,3190730000,100000,100000,8000000,9000000,634506000,3172530000,9000000,9000000,100000,100000,9100000,9100000,17200000,18200000,100000,100000,8000000,9000000,0,0,9000000,9000000,100000,100000,9100000,9100000,100010,100000,100000,100000,10,0
1195,677806000,5131848000,100000,100000,1000000,11000000,634506000,5076048000,11000000,44000000,31200000,700000,42200000,44700000,43300000,55800000,100000,100000,1000000,11000000,0,0,11000000,44000000,31200000,700000,42200000,44700000,100010,38100050,100000,100000,10,38000050
1225,658706000,1928718000,100000,100000,10000000,11000000,634506000,1903518000,11000000,11000000,3100000,3100000,14100000,14100000,24200000,25200000,100000,100000,10000000,11000000,0,0,11000000,11000000,3100000,3100000,14100000,14100000,100010,100000,100000,100000,10,0
1255,645606000,647606000,100000,100000,11000000,13000000,634506000,634506000,0,0,0,0,0,0,11100000,13100000,100000,100000,11000000,13000000,0,0,0,0,0,0,0,0,100010,100000,100000,100000,10,0
1285,641606000,1277112000,100000,100000,7000000,8000000,634506000,1269012000,0,0,0,0,0,0,7100000,8100000,100000,100000,7000000,8000000,0,0,0,0,0,0,0,0,100010,100000,100000,100000,10,0
26,682706000,692806000,100000,100000,19000000,20000000,634506000,634506000,20000000,38000000,9100000,200000,29100000,38200000,48200000,58300000,100000,100000,19000000,20000000,0,0,20000000,38000000,9100000,200000,29100000,38200000,100010,22100010,100000,100000,10,22000010
56,644606000,645606000,100000,100000,10000000,11000000,634506000,634506000,0,0,0,0,0,0,10100000,11100000,100000,100000,10000000,11000000,0,0,0,0,0,0,0,0,100010,100000,100000,100000,10,0
86,698406000,699406000,100000,100000,19000000,20000000,634506000,634506000,20000000,20000000,24800000,24800000,44800000,44800000,63900000,64900000,100000,100000,19000000,20000000,0,0,20000000,20000000,24800000,24800000,44800000,44800000,100010,22100010,100000,100000,10,22000010
116,653906000,662906000,100000,100000,1000000,7000000,634506000,634506000,7000000,20000000,11300000,1300000,18300000,21300000,19400000,28400000,100000,100000,1000000,7000000,0,0,7000000,20000000,11300000,1300000,18300000,21300000,100010,20100040,100000,100000,10,20000040
146,658606000,700606000,100000,100000,1000000,8000000,634506000,634506000,8000000,57000000,15000000,1000000,23000000,58000000,24100000,66100000,100000,100000,1000000,8000000,0,0,8000000,57000000,15000000,1000000,23000000,58000000,100010,58100030,100000,100000,10,58000030
176,669306000,693706000,100000,100000,8000000,20000000,634506000,634506000,20000000,39000000,6700000,100000,26700000,39100000,34800000,59200000,100000,100000,8000000,20000000,0,0,20000000,39000000,6700000,100000,26700000,39100000,100010,23100020,100000,100000,10,23000020
206,678906000,678906000,100000,100000,20000000,20000000,634506000,634506000,20000000,20000000,4300000,4300000,24300000,24300000,44400000,44400000,100000,100000,20000000,20000000,0,0,20000000,20000000,4300000,4300000,24300000,24300000,100010,1100010,100000,100000,10,1000010
236,695606000,696606000,100000,100000,19000000,20000000,634506000,634506000,20000000,20000000,22000000,22000000,42000000,42000000,61100000,62100000,100000,100000,19000000,20000000,0,0,20000000,20000000,22000000,22000000,42000000,42000000,100010,22100010,100000,100000,10,22000010
266,656406000,664306000,100000,100000,8000000,9000000,634506000,634506000,9000000,19000000,4800000,1700000,13800000,20700000,21900000,29800000,100000,100000,8000000,9000000,0,0,9000000,19000000,4800000,1700000,13800000,20700000,100010,15100030,100000,100000,10,15000030
296,670506000,673506000,100000,100000,9000000,12000000,634506000,634506000,12000000,12000000,14900000,14900000,26900000,26900000,36000000,39000000,100000,100000,9000000,12000000,0,0,12000000,12000000,14900000,14900000,26900000,26900000,100010,19100020,100000,100000,10,19000020
326,643806000,662706000,100000,100000,1000000,8000000,634506000,634506000,8000000,20000000,200000,100000,8200000,20100000,9300000,28200000,100000,100000,1000000,8000000,0,0,8000000,20000000,200000,100000,8200000,20100000,100010,12100020,100000,100000,10,12000020
356,651706000,652706000,100000,100000,8000000,9000000,634506000,634506000,9000000,9000000,100000,100000,9100000,9100000,17200000,18200000,100000,100000,8000000,9000000,0,0,9000000,9000000,100000,100000,9100000,9100000,100010,1100010,100000,100000,10,1000010
386,665206000,665206000,100000,100000,9000000,9000000,634506000,634506000,9000000,9000000,12600000,12600000,21600000,21600000,30700000,30700000,100000,100000,9000000,9000000,0,0,9000000,9000000,12600000,12600000,21600000,21600000,100010,16100030,100000,100000,10,16000030
416,690106000,691106000,100000,100000,12000000,13000000,634506000,634506000,13000000,13000000,30500000,30500000,43500000,43500000,55600000,56600000,100000,100000,12000000,13000000,0,0,13000000,13000000,30500000,30500000,43500000,43500000,100010,2100010,100000,100000,10,2000010
446,690206000,691206000,100000,100000,12000000,13000000,634506000,634506000,13000000,13000000,30600000,30600000,43600000,43600000,55700000,56700000,100000,100000,12000000,13000000,0,0,13000000,13000000,30600000,30600000,43600000,43600000,100010,2100010,100000,100000,10,2000010
476,669606000,669606000,100000,100000,4000000,4000000,634506000,634506000,4000000,4000000,27000000,27000000,31000000,31000000,35100000,35100000,100000,100000,4000000,4000000,0,0,4000000,4000000,27000000,27000000,31000000,31000000,100010,15100040,100000,100000,10,15000040
506,707606000,736606000,100000,100000,8000000,37000000,634506000,634506000,37000000,37000000,28000000,28000000,65000000,65000000,73100000,102100000,100000,100000,8000000,37000000,0,0,37000000,37000000,28000000,28000000,65000000,65000000,100010,3100010,100000,100000,10,3000010
536,677906000,678906000,100000,100000,17000000,18000000,634506000,634506000,18000000,18000000,8300000,8300000,26300000,26300000,43400000,44400000,100000,100000,17000000,18000000,0,0,18000000,18000000,8300000,8300000,26300000,26300000,100010,21100010,100000,100000,10,21000010
566,720406000,776806000,100000,100000,18000000,57000000,634506000,634506000,57000000,85000000,10800000,200000,67800000,85200000,85900000,142300000,100000,100000,18000000,57000000,0,0,57000000,85000000,10800000,200000,67800000,85200000,100010,28100010,100000,100000,10,28000010
596,677106000,678106000,100000,100000,7000000,8000000,634506000,634506000,8000000,8000000,27500000,27500000,35500000,35500000,42600000,43600000,100000,100000,7000000,8000000,0,0,8000000,8000000,27500000,27500000,35500000,35500000,100010,26100040,100000,100000,10,26000040
626,676806000,724706000,100000,100000,9000000,10000000,634506000,634506000,10000000,80000000,23200000,100000,33200000,80100000,42300000,90200000,100000,100000,9000000,10000000,0,0,10000000,80000000,23200000,100000,33200000,80100000,100010,83100020,100000,100000,10,83000020
656,663206000,724706000,100000,100000,8000000,10000000,634506000,634506000,8000000,80000000,12600000,100000,20600000,80100000,28700000,90200000,100000,100000,8000000,10000000,0,0,8000000,80000000,12600000,100000,20600000,80100000,100010,84100030,100000,100000,10,84000030
686,664606000,721206000,100000,100000,6000000,6000000,634506000,634506000,6000000,80000000,18000000,600000,24000000,80600000,30100000,86700000,100000,100000,6000000,6000000,0,0,6000000,80000000,18000000,600000,24000000,80600000,100010,82100030,100000,100000,10,82000030
716,686806000,690706000,100000,100000,17000000,18000000,634506000,634506000,18000000,38000000,17200000,100000,35200000,38100000,52300000,56200000,100000,100000,17000000,18000000,0,0,18000000,38000000,17200000,100000,35200000,38100000,100010,21100010,100000,100000,10,21000010
746,661406000,661406000,100000,100000,9000000,9000000,634506000,634506000,9000000,9000000,8800000,8800000,17800000,17800000,26900000,26900000,100000,100000,9000000,9000000,0,0,9000000,9000000,8800000,8800000,17800000,17800000,100010,16100040,100000,100000,10,16000040
776,661606000,724806000,100000,100000,1000000,9000000,634506000,634506000,9000000,81000000,17000000,200000,26000000,81200000,27100000,90300000,100000,100000,1000000,9000000,0,0,9000000,81000000,17000000,200000,26000000,81200000,100010,82100040,100000,100000,10,82000040
806,650106000,653706000,100000,100000,1000000,1000000,634506000,634506000,1000000,18000000,13500000,100000,14500000,18100000,15600000,19200000,100000,100000,1000000,1000000,0,0,1000000,18000000,13500000,100000,14500000,18100000,100010,18100020,100000,100000,10,18000020
836,653606000,655706000,100000,100000,8000000,8000000,634506000,634506000,8000000,13000000,3000000,100000,11000000,13100000,19100000,21200000,100000,100000,8000000,8000000,0,0,8000000,13000000,3000000,100000,11000000,13100000,100010,10100030,100000,100000,10,10000030
866,672106000,722706000,100000,100000,7000000,8000000,634506000,634506000,8000000,80000000,22500000,100000,30500000,80100000,37600000,88200000,100000,100000,7000000,8000000,0,0,8000000,80000000,22500000,100000,30500000,80100000,100010,85100030,100000,100000,10,85000030
896,665606000,665606000,100000,100000,8000000,8000000,634506000,634506000,8000000,8000000,15000000,15000000,23000000,23000000,31100000,31100000,100000,100000,8000000,8000000,0,0,8000000,8000000,15000000,15000000,23000000,23000000,100010,3100010,100000,100000,10,3000010
926,684206000,734706000,100000,100000,18000000,19000000,634506000,634506000,18000000,80000000,13600000,1100000,31600000,81100000,49700000,100200000,100000,100000,18000000,19000000,0,0,18000000,80000000,13600000,1100000,31600000,81100000,100010,62100010,100000,100000,10,62000010
956,822106000,823106000,100000,100000,80000000,81000000,634506000,634506000,81000000,81000000,26500000,26500000,107500000,107500000,187600000,188600000,100000,100000,80000000,81000000,0,0,81000000,81000000,26500000,26500000,107500000,107500000,100010,133100040,100000,100000,10,133000040
986,714806000,2661824000,100000,100000,8000000,43000000,634506000,2538024000,43000000,80000000,29200000,700000,72200000,80700000,80300000,123800000,100000,100000,8000000,43000000,0,0,43000000,80000000,29200000,700000,72200000,80700000,100010,86100040,100000,100000,10,86000040
1016,671606000,675606000,100000,100000,37000000,41000000,634506000,634506000,0,0,0,0,0,0,37100000,41100000,100000,100000,37000000,41000000,0,0,0,0,0,0,0,0,100010,100000,100000,100000,10,0
1046,643606000,1913618000,100000,100000,9000000,10000000,634506000,1903518000,0,0,0,0,0,0,9100000,10100000,100000,100000,9000000,10000000,0,0,0,0,0,0,0,0,100010,100000,100000,100000,10,0
1076,680606000,4541942000,100000,100000,18000000,20000000,634506000,4441542000,18000000,80000000,10000000,300000,28000000,80300000,46100000,100400000,100000,100000,18000000,20000000,0,0,18000000,80000000,10000000,300000,28000000,80300000,100010,63100020,100000,100000,10,63000020
1106,662306000,2006918000,100000,100000,3000000,18000000,634506000,1903518000,18000000,85000000,6700000,300000,24700000,85300000,27800000,103400000,100000,100000,3000000,18000000,0,0,18000000,85000000,6700000,300000,24700000,85300000,100010,69100030,100000,100000,10,69000030
1136,635606000,1271112000,100000,100000,1000000,2000000,634506000,1269012000,0,0,0,0,0,0,1100000,2100000,100000,100000,1000000,2000000,0,0,0,0,0,0,0,0,100010,100000,100000,100000,10,0
1166,747806000,1386312000,100000,100000,40000000,43000000,634506000,1269012000,43000000,74000000,30200000,200000,73200000,74200000,113300000,117300000,100000,100000,40000000,43000000,0,0,43000000,74000000,30200000,200000,73200000,74200000,100010,114100070,100000,100000,10,114000070
1196,668706000,5760154000,100000,100000,1000000,10000000,634506000,5710554000,9000000,38000000,24100000,1500000,33100000,39500000,34200000,49600000,100000,100000,1000000,10000000,0,0,9000000,38000000,24100000,1500000,33100000,39500000,100010,39100030,100000,100000,10,39000030
1226,658706000,2565224000,100000,100000,10000000,13000000,634506000,2538024000,11000000,11000000,3100000,3100000,14100000,14100000,24200000,27200000,100000,100000,10000000,13000000,0,0,11000000,11000000,3100000,3100000,14100000,14100000,100010,100000,100000,100000,10,0
1256,674706000,2580224000,100000,100000,17000000,19000000,634506000,2538024000,19000000,19000000,4100000,4100000,23100000,23100000,40200000,42200000,100000,100000,17000000,19000000,0,0,19000000,19000000,4100000,4100000,23100000,23100000,100010,100000,100000,100000,10,0
1286,652606000,654606000,100000,100000,18000000,20000000,634506000,634506000,0,0,0,0,0,0,18100000,20100000,100000,100000,18000000,20000000,0,0,0,0,0,0,0,0,100010,100000,100000,100000,10,0
27,680706000,694306000,100000,100000,8000000,19000000,634506000,634506000,19000000,39000000,19100000,1700000,38100000,40700000,46200000,59800000,100000,100000,8000000,19000000,0,0,19000000,39000000,19100000,1700000,38100000,40700000,100010,23100020,100000,100000,10,23000020
57,679706000,704706000,100000,100000,10000000,12000000,634506000,634506000,12000000,58000000,23100000,100000,35100000,58100000,45200000,70200000,100000,100000,10000000,12000000,0,0,12000000,58000000,23100000,100000,35100000,58100000,100010,68100040,100000,100000,10,68000040
87,662706000,692706000,100000,100000,9000000,19000000,634506000,634506000,19000000,39000000,100000,100000,19100000,39100000,28200000,58200000,100000,100000,9000000,19000000,0,0,19000000,39000000,100000,100000,19100000,39100000,100010,22100010,100000,100000,10,22000010
117,645206000,654806000,100000,100000,1000000,1000000,634506000,634506000,1000000,19000000,8600000,200000,9600000,19200000,10700000,20300000,100000,100000,1000000,1000000,0,0,1000000,19000000,8600000,200000,9600000,19200000,100010,19100030,100000,100000,10,19000030
147,660806000,660806000,100000,100000,8000000,8000000,634506000,634506000,8000000,8000000,10200000,10200000,18200000,18200000,26300000,26300000,100000,100000,8000000,8000000,0,0,8000000,8000000,10200000,10200000,18200000,18200000,100010,25100030,100000,100000,10,25000030
177,687506000,698506000,100000,100000,9000000,20000000,634506000,634506000,20000000,20000000,23900000,23900000,43900000,43900000,53000000,64000000,100000,100000,9000000,20000000,0,0,20000000,20000000,23900000,23900000,43900000,43900000,100010,17100030,100000,100000,10,17000030
207,678906000,678906000,100000,100000,20000000,20000000,634506000,634506000,20000000,20000000,4300000,4300000,24300000,24300000,44400000,44400000,100000,100000,20000000,20000000,0,0,20000000,20000000,4300000,4300000,24300000,24300000,100010,1100010,100000,100000,10,1000010
237,695606000,696606000,100000,100000,19000000,20000000,634506000,634506000,20000000,20000000,22000000,22000000,42000000,42000000,61100000,62100000,100000,100000,19000000,20000000,0,0,20000000,20000000,22000000,22000000,42000000,42000000,100010,22100010,100000,100000,10,22000010
267,668306000,669306000,100000,100000,8000000,9000000,634506000,634506000,9000000,9000000,16700000,16700000,25700000,25700000,33800000,34800000,100000,100000,8000000,9000000,0,0,9000000,9000000,16700000,16700000,25700000,25700000,100010,16100040,100000,100000,10,16000040
297,651706000,653706000,100000,100000,8000000,9000000,634506000,634506000,9000000,10000000,100000,100000,9100000,10100000,17200000,19200000,100000,100000,8000000,9000000,0,0,9000000,10000000,100000,100000,9100000,10100000,100010,2100010,100000,100000,10,2000010
327,680806000,682706000,100000,100000,8000000,9000000,634506000,634506000,9000000,39000000,29200000,100000,38200000,39100000,46300000,48200000,100000,100000,8000000,9000000,0,0,9000000,39000000,29200000,100000,38200000,39100000,100010,33100020,100000,100000,10,33000020
357,651706000,652706000,100000,100000,8000000,9000000,634506000,634506000,9000000,9000000,100000,100000,9100000,9100000,17200000,18200000,100000,100000,8000000,9000000,0,0,9000000,9000000,100000,100000,9100000,9100000,100010,1100010,100000,100000,10,1000010
387,665606000,665606000,100000,100000,9000000,9000000,634506000,634506000,9000000,9000000,13000000,13000000,22000000,22000000,31100000,31100000,100000,100000,9000000,9000000,0,0,9000000,9000000,13000000,13000000,22000000,22000000,100010,16100030,100000,100000,10,16000030
417,690206000,691206000,100000,100000,12000000,13000000,634506000,634506000,13000000,13000000,30600000,30600000,43600000,43600000,55700000,56700000,100000,100000,12000000,13000000,0,0,13000000,13000000,30600000,30600000,43600000,43600000,100010,2100010,100000,100000,10,2000010
447,690106000,691106000,100000,100000,12000000,13000000,634506000,634506000,13000000,13000000,30500000,30500000,43500000,43500000,55600000,56600000,100000,100000,12000000,13000000,0,0,13000000,13000000,30500000,30500000,43500000,43500000,100010,2100010,100000,100000,10,2000010
477,653506000,661706000,100000,100000,3000000,10000000,634506000,634506000,10000000,17000000,5900000,100000,15900000,17100000,19000000,27200000,100000,100000,3000000,10000000,0,0,10000000,17000000,5900000,100000,15900000,17100000,100010,18100030,100000,100000,10,18000030
507,679006000,708106000,100000,100000,7000000,8000000,634506000,634506000,8000000,37000000,29400000,28500000,37400000,65500000,44500000,73600000,100000,100000,7000000,8000000,0,0,8000000,37000000,29400000,28500000,37400000,65500000,100010,36100030,100000,100000,10,36000030
537,684306000,732706000,100000,100000,18000000,18000000,634506000,634506000,18000000,80000000,13700000,100000,31700000,80100000,49800000,98200000,100000,100000,18000000,18000000,0,0,18000000,80000000,13700000,100000,31700000,80100000,100010,62100010,100000,100000,10,62000010
567,670706000,670706000,100000,100000,18000000,18000000,634506000,634506000,18000000,18000000,100000,100000,18100000,18100000,36200000,36200000,100000,100000,18000000,18000000,0,0,18000000,18000000,100000,100000,18100000,18100000,100010,100000,100000,100000,10,0
597,677106000,678106000,100000,100000,7000000,8000000,634506000,634506000,8000000,8000000,27500000,27500000,35500000,35500000,42600000,43600000,100000,100000,7000000,8000000,0,0,8000000,8000000,27500000,27500000,35500000,35500000,100010,26100040,100000,100000,10,26000040
627,676806000,724706000,100000,100000,9000000,10000000,634506000,634506000,10000000,80000000,23200000,100000,33200000,80100000,42300000,90200000,100000,100000,9000000,10000000,0,0,10000000,80000000,23200000,100000,33200000,80100000,100010,83100020,100000,100000,10,83000020
657,673106000,682706000,100000,100000,10000000,10000000,634506000,634506000,10000000,38000000,18500000,100000,28500000,38100000,38600000,48200000,100000,100000,10000000,10000000,0,0,10000000,38000000,18500000,100000,28500000,38100000,100010,42100020,100000,100000,10,42000020
687,682006000,683006000,100000,100000,19000000,20000000,634506000,634506000,20000000,20000000,8400000,8400000,28400000,28400000,47500000,48500000,100000,100000,19000000,20000000,0,0,20000000,20000000,8400000,8400000,28400000,28400000,100010,2100010,100000,100000,10,2000010
717,682806000,690706000,100000,100000,17000000,18000000,634506000,634506000,18000000,38000000,13200000,100000,31200000,38100000,48300000,56200000,100000,100000,17000000,18000000,0,0,18000000,38000000,13200000,100000,31200000,38100000,100010,21100010,100000,100000,10,21000010
747,665106000,702706000,100000,100000,9000000,11000000,634506000,634506000,9000000,57000000,12500000,100000,21500000,57100000,30600000,68200000,100000,100000,9000000,11000000,0,0,9000000,57000000,12500000,100000,21500000,57100000,100010,57100040,100000,100000,10,57000040
777,637306000,637306000,100000,100000,1000000,1000000,634506000,634506000,1000000,1000000,700000,700000,1700000,1700000,2800000,2800000,100000,100000,1000000,1000000,0,0,1000000,1000000,700000,700000,1700000,1700000,100010,1100010,100000,100000,10,1000010
807,658706000,700906000,100000,100000,1000000,9000000,634506000,634506000,9000000,57000000,14100000,300000,23100000,57300000,24200000,66400000,100000,100000,1000000,9000000,0,0,9000000,57000000,14100000,300000,23100000,57300000,100010,58100030,100000,100000,10,58000030
837,653606000,655706000,100000,100000,8000000,8000000,634506000,634506000,8000000,13000000,3000000,100000,11000000,13100000,19100000,21200000,100000,100000,8000000,8000000,0,0,8000000,13000000,3000000,100000,11000000,13100000,100010,10100030,100000,100000,10,10000030
867,672206000,722706000,100000,100000,7000000,8000000,634506000,634506000,8000000,80000000,22600000,100000,30600000,80100000,37700000,88200000,100000,100000,7000000,8000000,0,0,8000000,80000000,22600000,100000,30600000,80100000,100010,85100030,100000,100000,10,85000030
897,666406000,666406000,100000,100000,8000000,8000000,634506000,634506000,8000000,8000000,15800000,15800000,23800000,23800000,31900000,31900000,100000,100000,8000000,8000000,0,0,8000000,8000000,15800000,15800000,23800000,23800000,100010,6100030,100000,100000,10,6000030
927,723006000,785606000,100000,100000,19000000,58000000,634506000,634506000,58000000,85000000,11400000,8000000,69400000,93000000,88500000,151100000,100000,100000,19000000,58000000,0,0,58000000,85000000,11400000,8000000,69400000,93000000,100010,62100010,100000,100000,10,62000010
957,757806000,758806000,100000,100000,46000000,47000000,634506000,634506000,47000000,47000000,30200000,30200000,77200000,77200000,123300000,124300000,100000,100000,46000000,47000000,0,0,47000000,47000000,30200000,30200000,77200000,77200000,100010,120100100,100000,100000,10,120000100
987,672006000,8973984000,100000,100000,1000000,10000000,634506000,8883084000,9000000,80000000,27400000,800000,36400000,80800000,37500000,90900000,100000,100000,1000000,10000000,0,0,9000000,80000000,27400000,800000,36400000,80800000,100010,81100040,100000,100000,10,81000040
1017,707106000,2030618000,100000,100000,7000000,37000000,634506000,1903518000,37000000,40000000,28500000,50000000,65500000,90000000,72600000,127100000,100000,100000,7000000,37000000,0,0,37000000,40000000,28500000,50000000,65500000,90000000,100010,27100040,100000,100000,10,27000040
1047,680206000,10887502000,100000,100000,7000000,18000000,634506000,10786602000,10000000,80000000,28600000,2800000,38600000,82800000,45700000,100900000,100000,100000,7000000,18000000,0,0,10000000,80000000,28600000,2800000,38600000,82800000,100010,64100030,100000,100000,10,64000030
1077,674006000,3847536000,100000,100000,19000000,20000000,634506000,3807036000,20000000,20000000,400000,400000,20400000,20400000,39500000,40500000,100000,100000,19000000,20000000,0,0,20000000,20000000,400000,400000,20400000,20400000,100010,100000,100000,100000,10,0
1107,637606000,1273112000,100000,100000,3000000,4000000,634506000,1269012000,0,0,0,0,0,0,3100000,4100000,100000,100000,3000000,4000000,0,0,0,0,0,0,0,0,100010,100000,100000,100000,10,0
1137,638406000,3177430000,100000,100000,0,1000000,634506000,3172530000,1000000,1000000,2800000,2800000,3800000,3800000,3900000,4900000,100000,100000,0,1000000,0,0,1000000,1000000,2800000,2800000,3800000,3800000,100010,100000,100000,100000,10,0
1167,645806000,1281312000,100000,100000,1000000,2000000,634506000,1269012000,2000000,2000000,8200000,8200000,10200000,10200000,11300000,12300000,100000,100000,1000000,2000000,0,0,2000000,2000000,8200000,8200000,10200000,10200000,100010,100000,100000,100000,10,0
1197,650406000,1926418000,100000,100000,4000000,11000000,634506000,1903518000,10000000,10000000,1800000,1800000,11800000,11800000,15900000,22900000,100000,100000,4000000,11000000,0,0,10000000,10000000,1800000,1800000,11800000,11800000,100010,100000,100000,100000,10,0
1227,658706000,1928718000,100000,100000,10000000,11000000,634506000,1903518000,11000000,11000000,3100000,3100000,14100000,14100000,24200000,25200000,100000,100000,10000000,11000000,0,0,11000000,11000000,3100000,3100000,14100000,14100000,100010,100000,100000,100000,10,0
1257,642606000,1279112000,100000,100000,8000000,10000000,634506000,1269012000,0,0,0,0,0,0,8100000,10100000,100000,100000,8000000,10000000,0,0,0,0,0,0,0,0,100010,100000,100000,100000,10,0
1287,672606000,676606000,100000,100000,38000000,42000000,634506000,634506000,0,0,0,0,0,0,38100000,42100000,100000,100000,38000000,42000000,0,0,0,0,0,0,0,0,100010,100000,100000,100000,10,0
28,681106000,691706000,100000,100000,19000000,19000000,634506000,634506000,19000000,38000000,8500000,100000,27500000,38100000,46600000,57200000,100000,100000,19000000,19000000,0,0,19000000,38000000,8500000,100000,27500000,38100000,100010,22100010,100000,100000,10,22000010
58,686206000,687206000,100000,100000,10000000,11000000,634506000,634506000,11000000,11000000,30600000,30600000,41600000,41600000,51700000,52700000,100000,100000,10000000,11000000,0,0,11000000,11000000,30600000,30600000,41600000,41600000,100010,46100040,100000,100000,10,46000040
88,682806000,693806000,100000,100000,19000000,20000000,634506000,634506000,20000000,39000000,9200000,200000,29200000,39200000,48300000,59300000,100000,100000,19000000,20000000,0,0,20000000,39000000,9200000,200000,29200000,39200000,100010,22100010,100000,100000,10,22000010
118,668806000,717706000,100000,100000,1000000,2000000,634506000,634506000,2000000,81000000,31200000,100000,33200000,81100000,34300000,83200000,100000,100000,1000000,2000000,0,0,2000000,81000000,31200000,100000,33200000,81100000,100010,82100030,100000,100000,10,82000030
148,660806000,660806000,100000,100000,8000000,8000000,634506000,634506000,8000000,8000000,10200000,10200000,18200000,18200000,26300000,26300000,100000,100000,8000000,8000000,0,0,8000000,8000000,10200000,10200000,18200000,18200000,100010,25100030,100000,100000,10,25000030
178,690606000,690606000,100000,100000,20000000,20000000,634506000,634506000,20000000,20000000,16000000,16000000,36000000,36000000,56100000,56100000,100000,100000,20000000,20000000,0,0,20000000,20000000,16000000,16000000,36000000,36000000,100010,27100040,100000,100000,10,27000040
208,678906000,678906000,100000,100000,20000000,20000000,634506000,634506000,20000000,20000000,4300000,4300000,24300000,24300000,44400000,44400000,100000,100000,20000000,20000000,0,0,20000000,20000000,4300000,4300000,24300000,24300000,100010,1100010,100000,100000,10,1000010
238,668306000,669306000,100000,100000,8000000,9000000,634506000,634506000,9000000,9000000,16700000,16700000,25700000,25700000,33800000,34800000,100000,100000,8000000,9000000,0,0,9000000,9000000,16700000,16700000,25700000,25700000,100010,16100040,100000,100000,10,16000040
268,651206000,651706000,100000,100000,8000000,8000000,634506000,634506000,8000000,9000000,600000,100000,8600000,9100000,16700000,17200000,100000,100000,8000000,8000000,0,0,8000000,9000000,600000,100000,8600000,9100000,100010,1100010,100000,100000,10,1000010
298,669806000,669806000,100000,100000,9000000,9000000,634506000,634506000,9000000,9000000,17200000,17200000,26200000,26200000,35300000,35300000,100000,100000,9000000,9000000,0,0,9000000,9000000,17200000,17200000,26200000,26200000,100010,16100040,100000,100000,10,16000040
328,675606000,682706000,100000,100000,8000000,9000000,634506000,634506000,9000000,39000000,24000000,100000,33000000,39100000,41100000,48200000,100000,100000,8000000,9000000,0,0,9000000,39000000,24000000,100000,33000000,39100000,100010,33100020,100000,100000,10,33000020
358,651706000,652706000,100000,100000,8000000,9000000,634506000,634506000,9000000,9000000,100000,100000,9100000,9100000,17200000,18200000,100000,100000,8000000,9000000,0,0,9000000,9000000,100000,100000,9100000,9100000,100010,1100010,100000,100000,10,1000010
388,665606000,665606000,100000,100000,9000000,9000000,634506000,634506000,9000000,9000000,13000000,13000000,22000000,22000000,31100000,31100000,100000,100000,9000000,9000000,0,0,9000000,9000000,13000000,13000000,22000000,22000000,100010,16100030,100000,100000,10,16000030
418,690306000,691306000,100000,100000,12000000,13000000,634506000,634506000,13000000,13000000,30700000,30700000,43700000,43700000,55800000,56800000,100000,100000,12000000,13000000,0,0,13000000,13000000,30700000,30700000,43700000,43700000,100010,2100010,100000,100000,10,2000010
448,690306000,691306000,100000,100000,12000000,13000000,634506000,634506000,13000000,13000000,30700000,30700000,43700000,43700000,55800000,56800000,100000,100000,12000000,13000000,0,0,13000000,13000000,30700000,30700000,43700000,43700000,100010,2100010,100000,100000,10,2000010
478,668706000,719706000,100000,100000,3000000,4000000,634506000,634506000,4000000,81000000,27100000,100000,31100000,81100000,34200000,85200000,100000,100000,3000000,4000000,0,0,4000000,81000000,27100000,100000,31100000,81100000,100010,83100050,100000,100000,10,83000050
508,708106000,737106000,100000,100000,8000000,37000000,634506000,634506000,37000000,37000000,28500000,28500000,65500000,65500000,73600000,102600000,100000,100000,8000000,37000000,0,0,37000000,37000000,28500000,28500000,65500000,65500000,100010,10100040,100000,100000,10,10000040
538,684306000,732706000,100000,100000,18000000,18000000,634506000,634506000,18000000,80000000,13700000,100000,31700000,80100000,49800000,98200000,100000,100000,18000000,18000000,0,0,18000000,80000000,13700000,100000,31700000,80100000,100010,62100010,100000,100000,10,62000010
568,661306000,703406000,100000,100000,1000000,10000000,634506000,634506000,10000000,57000000,15700000,1800000,25700000,58800000,26800000,68900000,100000,100000,1000000,10000000,0,0,10000000,57000000,15700000,1800000,25700000,58800000,100010,49100020,100000,100000,10,49000020
598,670906000,671906000,100000,100000,7000000,8000000,634506000,634506000,8000000,8000000,21300000,21300000,29300000,29300000,36400000,37400000,100000,100000,7000000,8000000,0,0,8000000,8000000,21300000,21300000,29300000,29300000,100010,23100030,100000,100000,10,23000030
628,680006000,724706000,100000,100000,9000000,10000000,634506000,634506000,10000000,80000000,26400000,100000,36400000,80100000,45500000,90200000,100000,100000,9000000,10000000,0,0,10000000,80000000,26400000,100000,36400000,80100000,100010,83100020,100000,100000,10,83000020
658,673106000,682706000,100000,100000,10000000,10000000,634506000,634506000,10000000,38000000,18500000,100000,28500000,38100000,38600000,48200000,100000,100000,10000000,10000000,0,0,10000000,38000000,18500000,100000,28500000,38100000,100010,42100020,100000,100000,10,42000020
688,701506000,703506000,100000,100000,17000000,19000000,634506000,634506000,19000000,19000000,30900000,30900000,49900000,49900000,67000000,69000000,100000,100000,17000000,19000000,0,0,19000000,19000000,30900000,30900000,49900000,49900000,100010,21100010,100000,100000,10,21000010
718,686806000,690706000,100000,100000,17000000,18000000,634506000,634506000,18000000,38000000,17200000,100000,35200000,38100000,52300000,56200000,100000,100000,17000000,18000000,0,0,18000000,38000000,17200000,100000,35200000,38100000,100010,21100010,100000,100000,10,21000010
748,664206000,684706000,100000,100000,11000000,11000000,634506000,634506000,11000000,39000000,7600000,100000,18600000,39100000,29700000,50200000,100000,100000,11000000,11000000,0,0,11000000,39000000,7600000,100000,18600000,39100000,100010,45100040,100000,100000,10,45000040
778,637306000,637306000,100000,100000,1000000,1000000,634506000,634506000,1000000,1000000,700000,700000,1700000,1700000,2800000,2800000,100000,100000,1000000,1000000,0,0,1000000,1000000,700000,700000,1700000,1700000,100010,1100010,100000,100000,10,1000010
808,649806000,653706000,100000,100000,1000000,1000000,634506000,634506000,1000000,18000000,13200000,100000,14200000,18100000,15300000,19200000,100000,100000,1000000,1000000,0,0,1000000,18000000,13200000,100000,14200000,18100000,100010,18100020,100000,100000,10,18000020
838,653606000,655706000,100000,100000,8000000,8000000,634506000,634506000,8000000,13000000,3000000,100000,11000000,13100000,19100000,21200000,100000,100000,8000000,8000000,0,0,8000000,13000000,3000000,100000,11000000,13100000,100010,10100030,100000,100000,10,10000030
868,671106000,722706000,100000,100000,7000000,8000000,634506000,634506000,8000000,80000000,21500000,100000,29500000,80100000,36600000,88200000,100000,100000,7000000,8000000,0,0,8000000,80000000,21500000,100000,29500000,80100000,100010,85100030,100000,100000,10,85000030
898,666206000,666206000,100000,100000,8000000,8000000,634506000,634506000,8000000,8000000,15600000,15600000,23600000,23600000,31700000,31700000,100000,100000,8000000,8000000,0,0,8000000,8000000,15600000,15600000,23600000,23600000,100010,6100030,100000,100000,10,6000030
928,690206000,733706000,100000,100000,18000000,19000000,634506000,634506000,18000000,80000000,19600000,100000,37600000,80100000,55700000,99200000,100000,100000,18000000,19000000,0,0,18000000,80000000,19600000,100000,37600000,80100000,100010,62100010,100000,100000,10,62000010
958,757906000,761906000,100000,100000,44000000,48000000,634506000,634506000,48000000,48000000,31300000,31300000,79300000,79300000,123400000,127400000,100000,100000,44000000,48000000,0,0,48000000,48000000,31300000,31300000,79300000,79300000,100010,38100050,100000,100000,10,38000050
988,722806000,2665724000,100000,100000,10000000,47000000,634506000,2538024000,47000000,80000000,31200000,600000,78200000,80600000,88300000,127700000,100000,100000,10000000,47000000,0,0,47000000,80000000,31200000,600000,78200000,80600000,100010,88100050,100000,100000,10,88000050
1018,711706000,2647224000,100000,100000,8000000,40000000,634506000,2538024000,40000000,40000000,29100000,29100000,69100000,69100000,77200000,109200000,100000,100000,8000000,40000000,0,0,40000000,40000000,29100000,29100000,69100000,69100000,100010,9100030,100000,100000,10,9000030
1048,668906000,10257596000,100000,100000,6000000,19000000,634506000,10152096000,10000000,80000000,18300000,6400000,28300000,86400000,34400000,105500000,100000,100000,6000000,19000000,0,0,10000000,80000000,18300000,6400000,28300000,86400000,100010,72100020,100000,100000,10,72000020
1078,674006000,3847536000,100000,100000,19000000,20000000,634506000,3807036000,20000000,20000000,400000,400000,20400000,20400000,39500000,40500000,100000,100000,19000000,20000000,0,0,20000000,20000000,400000,400000,20400000,20400000,100010,100000,100000,100000,10,0
1108,637606000,1273112000,100000,100000,3000000,4000000,634506000,1269012000,0,0,0,0,0,0,3100000,4100000,100000,100000,3000000,4000000,0,0,0,0,0,0,0,0,100010,100000,100000,100000,10,0
1138,638406000,3177430000,100000,100000,0,1000000,634506000,3172530000,1000000,1000000,2800000,2800000,3800000,3800000,3900000,4900000,100000,100000,0,1000000,0,0,1000000,1000000,2800000,2800000,3800000,3800000,100010,100000,100000,100000,10,0
1168,674706000,2580224000,100000,100000,17000000,19000000,634506000,2538024000,19000000,19000000,4100000,4100000,23100000,23100000,40200000,42200000,100000,100000,17000000,19000000,0,0,19000000,19000000,4100000,4100000,23100000,23100000,100010,100000,100000,100000,10,0
1198,660706000,3897536000,100000,100000,4000000,10000000,634506000,3807036000,9000000,80000000,13100000,400000,22100000,80400000,26200000,90500000,100000,100000,4000000,10000000,0,0,9000000,80000000,13100000,400000,22100000,80400000,100010,83100020,100000,100000,10,83000020
1228,658706000,1928718000,100000,100000,10000000,11000000,634506000,1903518000,11000000,11000000,3100000,3100000,14100000,14100000,24200000,25200000,100000,100000,10000000,11000000,0,0,11000000,11000000,3100000,3100000,14100000,14100000,100010,100000,100000,100000,10,0
1258,674706000,2580224000,100000,100000,17000000,19000000,634506000,2538024000,19000000,19000000,4100000,4100000,23100000,23100000,40200000,42200000,100000,100000,17000000,19000000,0,0,19000000,19000000,4100000,4100000,23100000,23100000,100010,100000,100000,100000,10,0
29,698506000,699506000,100000,100000,19000000,20000000,634506000,634506000,20000000,20000000,24900000,24900000,44900000,44900000,64000000,65000000,100000,100000,19000000,20000000,0,0,20000000,20000000,24900000,24900000,44900000,44900000,100010,22100010,100000,100000,10,22000010
59,661206000,685506000,100000,100000,7000000,10000000,634506000,634506000,10000000,38000000,9600000,2900000,19600000,40900000,26700000,51000000,100000,100000,7000000,10000000,0,0,10000000,38000000,9600000,2900000,19600000,40900000,100010,31100030,100000,100000,10,31000030
89,682706000,694506000,100000,100000,8000000,19000000,634506000,634506000,19000000,39000000,21100000,1900000,40100000,40900000,48200000,60000000,100000,100000,8000000,19000000,0,0,19000000,39000000,21100000,1900000,40100000,40900000,100010,22100010,100000,100000,10,22000010
119,665606000,717706000,100000,100000,1000000,2000000,634506000,634506000,2000000,81000000,28000000,100000,30000000,81100000,31100000,83200000,100000,100000,1000000,2000000,0,0,2000000,81000000,28000000,100000,30000000,81100000,100010,82100030,100000,100000,10,82000030
149,679106000,700706000,100000,100000,8000000,9000000,634506000,634506000,9000000,57000000,27500000,100000,36500000,57100000,44600000,66200000,100000,100000,8000000,9000000,0,0,9000000,57000000,27500000,100000,36500000,57100000,100010,65100040,100000,100000,10,65000040
179,654606000,656606000,100000,100000,20000000,22000000,634506000,634506000,0,0,0,0,0,0,20100000,22100000,100000,100000,20000000,22000000,0,0,0,0,0,0,0,0,100010,100000,100000,100000,10,0
209,678906000,678906000,100000,100000,20000000,20000000,634506000,634506000,20000000,20000000,4300000,4300000,24300000,24300000,44400000,44400000,100000,100000,20000000,20000000,0,0,20000000,20000000,4300000,4300000,24300000,24300000,100010,1100010,100000,100000,10,1000010
239,669806000,669806000,100000,100000,9000000,9000000,634506000,634506000,9000000,9000000,17200000,17200000,26200000,26200000,35300000,35300000,100000,100000,9000000,9000000,0,0,9000000,9000000,17200000,17200000,26200000,26200000,100010,16100040,100000,100000,10,16000040
269,668306000,669306000,100000,100000,8000000,9000000,634506000,634506000,9000000,9000000,16700000,16700000,25700000,25700000,33800000,34800000,100000,100000,8000000,9000000,0,0,9000000,9000000,16700000,16700000,25700000,25700000,100010,16100040,100000,100000,10,16000040
299,669806000,669806000,100000,100000,9000000,9000000,634506000,634506000,9000000,9000000,17200000,17200000,26200000,26200000,35300000,35300000,100000,100000,9000000,9000000,0,0,9000000,9000000,17200000,17200000,26200000,26200000,100010,16100040,100000,100000,10,16000040
329,675606000,682706000,100000,100000,8000000,9000000,634506000,634506000,9000000,39000000,24000000,100000,33000000,39100000,41100000,48200000,100000,100000,8000000,9000000,0,0,9000000,39000000,24000000,100000,33000000,39100000,100010,33100020,100000,100000,10,33000020
359,678006000,680006000,100000,100000,8000000,10000000,634506000,634506000,8000000,8000000,27400000,27400000,35400000,35400000,43500000,45500000,100000,100000,8000000,10000000,0,0,8000000,8000000,27400000,27400000,35400000,35400000,100010,24100030,100000,100000,10,24000030
389,650606000,665206000,100000,100000,1000000,9000000,634506000,634506000,9000000,20000000,6000000,1600000,15000000,21600000,16100000,30700000,100000,100000,1000000,9000000,0,0,9000000,20000000,6000000,1600000,15000000,21600000,100010,12100020,100000,100000,10,12000020
419,690306000,691306000,100000,100000,12000000,13000000,634506000,634506000,13000000,13000000,30700000,30700000,43700000,43700000,55800000,56800000,100000,100000,12000000,13000000,0,0,13000000,13000000,30700000,30700000,43700000,43700000,100010,2100010,100000,100000,10,2000010
449,690306000,691306000,100000,100000,12000000,13000000,634506000,634506000,13000000,13000000,30700000,30700000,43700000,43700000,55800000,56800000,100000,100000,12000000,13000000,0,0,13000000,13000000,30700000,30700000,43700000,43700000,100010,2100010,100000,100000,10,2000010
479,637606000,638606000,100000,100000,3000000,4000000,634506000,634506000,0,0,0,0,0,0,3100000,4100000,100000,100000,3000000,4000000,0,0,0,0,0,0,0,0,100010,100000,100000,100000,10,0
509,679706000,716706000,100000,100000,7000000,8000000,634506000,634506000,8000000,74000000,30100000,100000,38100000,74100000,45200000,82200000,100000,100000,7000000,8000000,0,0,8000000,74000000,30100000,100000,38100000,74100000,100010,81100040,100000,100000,10,81000040
539,752006000,808006000,100000,100000,18000000,74000000,634506000,634506000,74000000,74000000,25400000,25400000,99400000,99400000,117500000,173500000,100000,100000,18000000,74000000,0,0,74000000,74000000,25400000,25400000,99400000,99400000,100010,64100030,100000,100000,10,64000030
569,676906000,701706000,100000,100000,10000000,10000000,634506000,634506000,10000000,57000000,22300000,100000,32300000,57100000,42400000,67200000,100000,100000,10000000,10000000,0,0,10000000,57000000,22300000,100000,32300000,57100000,100010,49100020,100000,100000,10,49000020
599,677106000,678106000,100000,100000,7000000,8000000,634506000,634506000,8000000,8000000,27500000,27500000,35500000,35500000,42600000,43600000,100000,100000,7000000,8000000,0,0,8000000,8000000,27500000,27500000,35500000,35500000,100010,26100040,100000,100000,10,26000040
629,676806000,724706000,100000,100000,9000000,10000000,634506000,634506000,10000000,80000000,23200000,100000,33200000,80100000,42300000,90200000,100000,100000,9000000,10000000,0,0,10000000,80000000,23200000,100000,33200000,80100000,100010,83100020,100000,100000,10,83000020
659,673106000,682706000,100000,100000,10000000,10000000,634506000,634506000,10000000,38000000,18500000,100000,28500000,38100000,38600000,48200000,100000,100000,10000000,10000000,0,0,10000000,38000000,18500000,100000,28500000,38100000,100010,42100020,100000,100000,10,42000020
689,701806000,703806000,100000,100000,17000000,19000000,634506000,634506000,19000000,19000000,31200000,31200000,50200000,50200000,67300000,69300000,100000,100000,17000000,19000000,0,0,19000000,19000000,31200000,31200000,50200000,50200000,100010,22100020,100000,100000,10,22000020
719,686806000,690706000,100000,100000,17000000,18000000,634506000,634506000,18000000,38000000,17200000,100000,35200000,38100000,52300000,56200000,100000,100000,17000000,18000000,0,0,18000000,38000000,17200000,100000,35200000,38100000,100010,21100010,100000,100000,10,21000010
749,643606000,655706000,100000,100000,1000000,1000000,634506000,634506000,1000000,20000000,7000000,100000,8000000,20100000,9100000,21200000,100000,100000,1000000,1000000,0,0,1000000,20000000,7000000,100000,8000000,20100000,100010,20100030,100000,100000,10,20000030
779,637306000,637306000,100000,100000,1000000,1000000,634506000,634506000,1000000,1000000,700000,700000,1700000,1700000,2800000,2800000,100000,100000,1000000,1000000,0,0,1000000,1000000,700000,700000,1700000,1700000,100010,1100010,100000,100000,10,1000010
809,644806000,653706000,100000,100000,1000000,1000000,634506000,634506000,1000000,18000000,8200000,100000,9200000,18100000,10300000,19200000,100000,100000,1000000,1000000,0,0,1000000,18000000,8200000,100000,9200000,18100000,100010,18100020,100000,100000,10,18000020
839,653606000,655706000,100000,100000,8000000,8000000,634506000,634506000,8000000,13000000,3000000,100000,11000000,13100000,19100000,21200000,100000,100000,8000000,8000000,0,0,8000000,13000000,3000000,100000,11000000,13100000,100010,10100030,100000,100000,10,10000030
869,678906000,716806000,100000,100000,7000000,8000000,634506000,634506000,8000000,74000000,29300000,200000,37300000,74200000,44400000,82300000,100000,100000,7000000,8000000,0,0,8000000,74000000,29300000,200000,37300000,74200000,100010,81100040,100000,100000,10,81000040
899,657906000,658906000,100000,100000,7000000,8000000,634506000,634506000,8000000,8000000,8300000,8300000,16300000,16300000,23400000,24400000,100000,100000,7000000,8000000,0,0,8000000,8000000,8300000,8300000,16300000,16300000,100010,7100010,100000,100000,10,7000010
929,690206000,733706000,100000,100000,18000000,19000000,634506000,634506000,18000000,80000000,19600000,100000,37600000,80100000,55700000,99200000,100000,100000,18000000,19000000,0,0,18000000,80000000,19600000,100000,37600000,80100000,100010,62100010,100000,100000,10,62000010
959,666706000,666706000,100000,100000,9000000,9000000,634506000,634506000,9000000,9000000,14100000,14100000,23100000,23100000,32200000,32200000,100000,100000,9000000,9000000,0,0,9000000,9000000,14100000,14100000,23100000,23100000,100010,7100040,100000,100000,10,7000040
989,682206000,3256730000,100000,100000,7000000,37000000,634506000,3172530000,37000000,47000000,3600000,100000,40600000,47100000,47700000,84200000,100000,100000,7000000,37000000,0,0,37000000,47000000,3600000,100000,40600000,47100000,100010,10100040,100000,100000,10,10000040
1019,707006000,2006018000,100000,100000,7000000,37000000,634506000,1903518000,37000000,37000000,28400000,28400000,65400000,65400000,72500000,102500000,100000,100000,7000000,37000000,0,0,37000000,37000000,28400000,28400000,65400000,65400000,100010,10100040,100000,100000,10,10000040
1049,682706000,12157914000,100000,100000,8000000,17000000,634506000,12055614000,11000000,85000000,29100000,200000,40100000,85200000,48200000,102300000,100000,100000,8000000,17000000,0,0,11000000,85000000,29100000,200000,40100000,85200000,100010,74100040,100000,100000,10,74000040
1079,674006000,3847536000,100000,100000,19000000,20000000,634506000,3807036000,20000000,20000000,400000,400000,20400000,20400000,39500000,40500000,100000,100000,19000000,20000000,0,0,20000000,20000000,400000,400000,20400000,20400000,100010,100000,100000,100000,10,0
1109,637606000,1273112000,100000,100000,3000000,4000000,634506000,1269012000,0,0,0,0,0,0,3100000,4100000,100000,100000,3000000,4000000,0,0,0,0,0,0,0,0,100010,100000,100000,100000,10,0
1139,638406000,3177430000,100000,100000,0,1000000,634506000,3172530000,1000000,1000000,2800000,2800000,3800000,3800000,3900000,4900000,100000,100000,0,1000000,0,0,1000000,1000000,2800000,2800000,3800000,3800000,100010,100000,100000,100000,10,0
1169,743106000,12869720000,100000,100000,9000000,80000000,634506000,12690120000,80000000,80000000,19500000,19500000,99500000,99500000,108600000,179600000,100000,100000,9000000,80000000,0,0,80000000,80000000,19500000,19500000,99500000,99500000,100010,39100050,100000,100000,10,39000050
1199,638606000,639606000,100000,100000,4000000,5000000,634506000,634506000,0,0,0,0,0,0,4100000,5100000,100000,100000,4000000,5000000,0,0,0,0,0,0,0,0,100010,100000,100000,100000,10,0
1229,658706000,1928718000,100000,100000,10000000,11000000,634506000,1903518000,11000000,11000000,3100000,3100000,14100000,14100000,24200000,25200000,100000,100000,10000000,11000000,0,0,11000000,11000000,3100000,3100000,14100000,14100000,100010,100000,100000,100000,10,0
1259,658706000,2563224000,100000,100000,12000000,13000000,634506000,2538024000,12000000,12000000,100000,100000,12100000,12100000,24200000,25200000,100000,100000,12000000,13000000,0,0,12000000,12000000,100000,100000,12100000,12100000,100010,100000,100000,100000,10,0
30,695506000,711706000,100000,100000,19000000,20000000,634506000,634506000,20000000,57000000,21900000,100000,41900000,57100000,61000000,77200000,100000,100000,19000000,20000000,0,0,20000000,57000000,21900000,100000,41900000,57100000,100010,50100040,100000,100000,10,50000040
60,679706000,704706000,100000,100000,10000000,12000000,634506000,634506000,12000000,58000000,23100000,100000,35100000,58100000,45200000,70200000,100000,100000,10000000,12000000,0,0,12000000,58000000,23100000,100000,35100000,58100000,100010,68100040,100000,100000,10,68000040
90,680606000,694306000,100000,100000,8000000,19000000,634506000,634506000,19000000,39000000,19000000,1700000,38000000,40700000,46100000,59800000,100000,100000,8000000,19000000,0,0,19000000,39000000,19000000,1700000,38000000,40700000,100010,23100020,100000,100000,10,23000020
120,645006000,675806000,100000,100000,0,1000000,634506000,634506000,1000000,40000000,9400000,200000,10400000,40200000,10500000,41300000,100000,100000,0,1000000,0,0,1000000,40000000,9400000,200000,10400000,40200000,100010,40100040,100000,100000,10,40000040
150,660906000,660906000,100000,100000,8000000,8000000,634506000,634506000,8000000,8000000,10300000,10300000,18300000,18300000,26400000,26400000,100000,100000,8000000,8000000,0,0,8000000,8000000,10300000,10300000,18300000,18300000,100010,25100030,100000,100000,10,25000030
180,654606000,655606000,100000,100000,20000000,21000000,634506000,634506000,0,0,0,0,0,0,20100000,21100000,100000,100000,20000000,21000000,0,0,0,0,0,0,0,0,100010,100000,100000,100000,10,0
210,678906000,678906000,100000,100000,20000000,20000000,634506000,634506000,20000000,20000000,4300000,4300000,24300000,24300000,44400000,44400000,100000,100000,20000000,20000000,0,0,20000000,20000000,4300000,4300000,24300000,24300000,100010,1100010,100000,100000,10,1000010
240,675606000,682706000,100000,100000,8000000,9000000,634506000,634506000,9000000,39000000,24000000,100000,33000000,39100000,41100000,48200000,100000,100000,8000000,9000000,0,0,9000000,39000000,24000000,100000,33000000,39100000,100010,33100020,100000,100000,10,33000020
270,668306000,669306000,100000,100000,8000000,9000000,634506000,634506000,9000000,9000000,16700000,16700000,25700000,25700000,33800000,34800000,100000,100000,8000000,9000000,0,0,9000000,9000000,16700000,16700000,25700000,25700000,100010,16100040,100000,100000,10,16000040
300,669806000,669806000,100000,100000,9000000,9000000,634506000,634506000,9000000,9000000,17200000,17200000,26200000,26200000,35300000,35300000,100000,100000,9000000,9000000,0,0,9000000,9000000,17200000,17200000,26200000,26200000,100010,16100040,100000,100000,10,16000040
330,678806000,680806000,100000,100000,8000000,10000000,634506000,634506000,10000000,10000000,26200000,26200000,36200000,36200000,44300000,46300000,100000,100000,8000000,10000000,0,0,10000000,10000000,26200000,26200000,36200000,36200000,100010,17100030,100000,100000,10,17000030
360,651706000,652706000,100000,100000,8000000,9000000,634506000,634506000,9000000,9000000,100000,100000,9100000,9100000,17200000,18200000,100000,100000,8000000,9000000,0,0,9000000,9000000,100000,100000,9100000,9100000,100010,1100010,100000,100000,10,1000010
390,665606000,665606000,100000,100000,9000000,9000000,634506000,634506000,9000000,9000000,13000000,13000000,22000000,22000000,31100000,31100000,100000,100000,9000000,9000000,0,0,9000000,9000000,13000000,13000000,22000000,22000000,100010,16100030,100000,100000,10,16000030
420,690306000,691306000,100000,100000,12000000,13000000,634506000,634506000,13000000,13000000,30700000,30700000,43700000,43700000,55800000,56800000,100000,100000,12000000,13000000,0,0,13000000,13000000,30700000,30700000,43700000,43700000,100010,2100010,100000,100000,10,2000010
450,690306000,691306000,100000,100000,12000000,13000000,634506000,634506000,13000000,13000000,30700000,30700000,43700000,43700000,55800000,56800000,100000,100000,12000000,13000000,0,0,13000000,13000000,30700000,30700000,43700000,43700000,100010,2100010,100000,100000,10,2000010
480,646006000,648806000,100000,100000,3000000,4000000,634506000,634506000,4000000,10000000,4400000,200000,8400000,10200000,11500000,14300000,100000,100000,3000000,4000000,0,0,4000000,10000000,4400000,200000,8400000,10200000,100010,10100020,100000,100000,10,10000020
510,661506000,688706000,100000,100000,8000000,8000000,634506000,634506000,8000000,46000000,10900000,100000,18900000,46100000,27000000,54200000,100000,100000,8000000,8000000,0,0,8000000,46000000,10900000,100000,18900000,46100000,100010,39100050,100000,100000,10,39000050
540,681606000,733406000,100000,100000,18000000,18000000,634506000,634506000,18000000,80000000,11000000,800000,29000000,80800000,47100000,98900000,100000,100000,18000000,18000000,0,0,18000000,80000000,11000000,800000,29000000,80800000,100010,62100010,100000,100000,10,62000010
570,644606000,646606000,100000,100000,10000000,12000000,634506000,634506000,0,0,0,0,0,0,10100000,12100000,100000,100000,10000000,12000000,0,0,0,0,0,0,0,0,100010,100000,100000,100000,10,0
600,677106000,678106000,100000,100000,7000000,8000000,634506000,634506000,8000000,8000000,27500000,27500000,35500000,35500000,42600000,43600000,100000,100000,7000000,8000000,0,0,8000000,8000000,27500000,27500000,35500000,35500000,100010,26100040,100000,100000,10,26000040
630,676806000,724706000,100000,100000,9000000,10000000,634506000,634506000,10000000,80000000,23200000,100000,33200000,80100000,42300000,90200000,100000,100000,9000000,10000000,0,0,10000000,80000000,23200000,100000,33200000,80100000,100010,83100020,100000,100000,10,83000020
660,672606000,693006000,100000,100000,10000000,17000000,634506000,634506000,17000000,38000000,11000000,3400000,28000000,41400000,38100000,58500000,100000,100000,10000000,17000000,0,0,17000000,38000000,11000000,3400000,28000000,41400000,100010,22100020,100000,100000,10,22000020
690,686506000,687506000,100000,100000,17000000,18000000,634506000,634506000,18000000,18000000,16900000,16900000,34900000,34900000,52000000,53000000,100000,100000,17000000,18000000,0,0,18000000,18000000,16900000,16900000,34900000,34900000,100010,21100010,100000,100000,10,21000010
720,651606000,659606000,100000,100000,1000000,9000000,634506000,634506000,9000000,9000000,7000000,7000000,16000000,16000000,17100000,25100000,100000,100000,1000000,9000000,0,0,9000000,9000000,7000000,7000000,16000000,16000000,100010,1100010,100000,100000,10,1000010
750,637306000,637306000,100000,100000,1000000,1000000,634506000,634506000,1000000,1000000,700000,700000,1700000,1700000,2800000,2800000,100000,100000,1000000,1000000,0,0,1000000,1000000,700000,700000,1700000,1700000,100010,1100010,100000,100000,10,1000010
780,647506000,716706000,100000,100000,1000000,1000000,634506000,634506000,1000000,81000000,10900000,100000,11900000,81100000,13000000,82200000,100000,100000,1000000,1000000,0,0,1000000,81000000,10900000,100000,11900000,81100000,100010,81100040,100000,100000,10,81000040
810,650106000,653706000,100000,100000,1000000,1000000,634506000,634506000,1000000,18000000,13500000,100000,14500000,18100000,15600000,19200000,100000,100000,1000000,1000000,0,0,1000000,18000000,13500000,100000,14500000,18100000,100010,18100020,100000,100000,10,18000020
840,653606000,655706000,100000,100000,8000000,8000000,634506000,634506000,8000000,13000000,3000000,100000,11000000,13100000,19100000,21200000,100000,100000,8000000,8000000,0,0,8000000,13000000,3000000,100000,11000000,13100000,100010,10100030,100000,100000,10,10000030
870,672206000,722706000,100000,100000,7000000,8000000,634506000,634506000,8000000,80000000,22600000,100000,30600000,80100000,37700000,88200000,100000,100000,7000000,8000000,0,0,8000000,80000000,22600000,100000,30600000,80100000,100010,85100030,100000,100000,10,85000030
900,667206000,722706000,100000,100000,8000000,8000000,634506000,634506000,8000000,80000000,16600000,100000,24600000,80100000,32700000,88200000,100000,100000,8000000,8000000,0,0,8000000,80000000,16600000,100000,24600000,80100000,100010,85100030,100000,100000,10,85000030
930,753206000,814206000,100000,100000,19000000,80000000,634506000,634506000,80000000,80000000,19600000,19600000,99600000,99600000,118700000,179700000,100000,100000,19000000,80000000,0,0,80000000,80000000,19600000,19600000,99600000,99600000,100010,72100020,100000,100000,10,72000020
960,663306000,664306000,100000,100000,8000000,9000000,634506000,634506000,9000000,9000000,11700000,11700000,20700000,20700000,28800000,29800000,100000,100000,8000000,9000000,0,0,9000000,9000000,11700000,11700000,20700000,20700000,100010,6100030,100000,100000,10,6000030
990,674006000,3847536000,100000,100000,19000000,20000000,634506000,3807036000,20000000,20000000,400000,400000,20400000,20400000,39500000,40500000,100000,100000,19000000,20000000,0,0,20000000,20000000,400000,400000,20400000,20400000,100010,100000,100000,100000,10,0
1020,645606000,649606000,100000,100000,11000000,15000000,634506000,634506000,0,0,0,0,0,0,11100000,15100000,100000,100000,11000000,15000000,0,0,0,0,0,0,0,0,100010,100000,100000,100000,10,0
1050,640606000,1277112000,100000,100000,6000000,8000000,634506000,1269012000,0,0,0,0,0,0,6100000,8100000,100000,100000,6000000,8000000,0,0,0,0,0,0,0,0,100010,100000,100000,100000,10,0
1080,645806000,2550324000,100000,100000,5000000,6000000,634506000,2538024000,6000000,6000000,200000,200000,6200000,6200000,11300000,12300000,100000,100000,5000000,6000000,0,0,6000000,6000000,200000,200000,6200000,6200000,100010,100000,100000,100000,10,0
1110,660306000,10182896000,100000,100000,7000000,12000000,634506000,10152096000,12000000,12000000,6700000,6700000,18700000,18700000,25800000,30800000,100000,100000,7000000,12000000,0,0,12000000,12000000,6700000,6700000,18700000,18700000,100010,7100010,100000,100000,10,7000010
1140,638406000,3177430000,100000,100000,0,1000000,634506000,3172530000,1000000,1000000,2800000,2800000,3800000,3800000,3900000,4900000,100000,100000,0,1000000,0,0,1000000,1000000,2800000,2800000,3800000,3800000,100010,100000,100000,100000,10,0
1170,677606000,5122148000,100000,100000,8000000,11000000,634506000,5076048000,8000000,8000000,27000000,27000000,35000000,35000000,43100000,46100000,100000,100000,8000000,11000000,0,0,8000000,8000000,27000000,27000000,35000000,35000000,100010,18100040,100000,100000,10,18000040
1200,645606000,1281112000,100000,100000,11000000,12000000,634506000,1269012000,0,0,0,0,0,0,11100000,12100000,100000,100000,11000000,12000000,0,0,0,0,0,0,0,0,100010,100000,100000,100000,10,0
1230,671506000,3264830000,100000,100000,10000000,12000000,634506000,3172530000,12000000,80000000,14900000,200000,26900000,80200000,37000000,92300000,100000,100000,10000000,12000000,0,0,12000000,80000000,14900000,200000,26900000,80200000,100010,84100030,100000,100000,10,84000030
1260,655706000,3198730000,100000,100000,8000000,13000000,634506000,3172530000,13000000,13000000,100000,100000,13100000,13100000,21200000,26200000,100000,100000,8000000,13000000,0,0,13000000,13000000,100000,100000,13100000,13100000,100010,1100010,100000,100000,10,1000010
