,ssdn_lo,ssdn_hi,ssdn_detection_lo,ssdn_detection_hi,ssdn_notification_lo,ssdn_notification_hi,ssdn_computation_lo,ssdn_computation_hi,ssdn_transference_lo,ssdn_transference_hi,ssdn_installation_lo,ssdn_installation_hi,ssdn_update_lo,ssdn_update_hi,pcsdn_lo,pcsdn_hi,pcsdn_detection_lo,pcsdn_detection_hi,pcsdn_notification_lo,pcsdn_notification_hi,pcsdn_computation_lo,pcsdn_computation_hi,pcsdn_transference_lo,pcsdn_transference_hi,pcsdn_installation_lo,pcsdn_installation_hi,pcsdn_update_lo,pcsdn_update_hi,felix_lo,felix_hi,felix_detection_lo,felix_detection_hi,felix_coordination_lo,felix_coordination_hi
1,288558000,289383000,100000,100000,2919000,3744000,263395000,263395000,3744000,3744000,18400000,18400000,22144000,22144000,25163000,25988000,100000,100000,2919000,3744000,0,0,3744000,3744000,18400000,18400000,22144000,22144000,100010,1750020,100000,100000,10,1650020
31,308455000,329075000,100000,100000,13135000,14625000,263395000,263395000,14625000,17055000,17200000,33900000,31825000,50955000,45060000,65680000,100000,100000,13135000,14625000,0,0,14625000,17055000,17200000,33900000,31825000,50955000,100010,4378060,100000,100000,10,4278060
61,294196000,294509000,100000,100000,10944000,11257000,263395000,263395000,11257000,11257000,8500000,8500000,19757000,19757000,30801000,31114000,100000,100000,10944000,11257000,0,0,11257000,11257000,8500000,8500000,19757000,19757000,100010,12163070,100000,100000,10,12063070
91,289870000,290023000,100000,100000,3711000,3864000,263395000,263395000,3864000,3864000,18800000,18800000,22664000,22664000,26475000,26628000,100000,100000,3711000,3864000,0,0,3864000,3864000,18800000,18800000,22664000,22664000,100010,4782130,100000,100000,10,4682130
121,285548000,285903000,100000,100000,1299000,1654000,263395000,263395000,1654000,1654000,19100000,19100000,20754000,20754000,22153000,22508000,100000,100000,1299000,1654000,0,0,1654000,1654000,19100000,19100000,20754000,20754000,100010,3328120,100000,100000,10,3228120
151,281704000,282322000,100000,100000,18209000,18827000,263395000,263395000,0,0,0,0,0,0,18309000,18927000,100000,100000,18209000,18827000,0,0,0,0,0,0,0,0,100010,100000,100000,100000,10,0
181,310714000,327070000,100000,100000,15549000,16170000,263395000,263395000,16170000,17905000,15500000,29500000,31670000,47405000,47319000,63675000,100000,100000,15549000,16170000,0,0,16170000,17905000,15500000,29500000,31670000,47405000,100010,5546070,100000,100000,10,5446070
211,274213000,274270000,100000,100000,10718000,10775000,263395000,263395000,0,0,0,0,0,0,10818000,10875000,100000,100000,10718000,10775000,0,0,0,0,0,0,0,0,100010,100000,100000,100000,10,0
241,266352000,266774000,100000,100000,2857000,3279000,263395000,263395000,0,0,0,0,0,0,2957000,3379000,100000,100000,2857000,3279000,0,0,0,0,0,0,0,0,100010,100000,100000,100000,10,0
271,265270000,529098000,100000,100000,1775000,2208000,263395000,526790000,0,0,0,0,0,0,1875000,2308000,100000,100000,1775000,2208000,0,0,0,0,0,0,0,0,100010,100000,100000,100000,10,0
301,287042000,551074000,100000,100000,3155000,3792000,263395000,526790000,3792000,3792000,16600000,16600000,20392000,20392000,23647000,24284000,100000,100000,3155000,3792000,0,0,3792000,3792000,16600000,16600000,20392000,20392000,100010,4455140,100000,100000,10,4355140
331,308883000,836565000,100000,100000,13748000,14640000,263395000,790185000,14640000,14640000,17000000,17000000,31640000,31640000,45488000,46380000,100000,100000,13748000,14640000,0,0,14640000,14640000,17000000,17000000,31640000,31640000,100010,15325120,100000,100000,10,15225120
361,291405000,555170000,100000,100000,4120000,4490000,263395000,526790000,4490000,4490000,19300000,19300000,23790000,23790000,28010000,28380000,100000,100000,4120000,4490000,0,0,4490000,4490000,19300000,19300000,23790000,23790000,100010,925010,100000,100000,10,825010
391,265987000,793602000,100000,100000,978000,1803000,263395000,790185000,1314000,1314000,200000,200000,1514000,1514000,2592000,3417000,100000,100000,978000,1803000,0,0,1314000,1314000,200000,200000,1514000,1514000,100010,100000,100000,100000,10,0
421,264033000,792088000,100000,100000,538000,1803000,263395000,790185000,0,0,0,0,0,0,638000,1903000,100000,100000,538000,1803000,0,0,0,0,0,0,0,0,100010,100000,100000,100000,10,0
2,287402000,288458000,100000,100000,2488000,2919000,263395000,263395000,2919000,3744000,18500000,18300000,21419000,22044000,24007000,25063000,100000,100000,2488000,2919000,0,0,2919000,3744000,18500000,18300000,21419000,22044000,100010,2050020,100000,100000,10,1950020
32,304216000,324039000,100000,100000,12486000,13135000,263395000,263395000,13135000,18209000,15100000,29200000,28235000,47409000,40821000,60644000,100000,100000,12486000,13135000,0,0,13135000,18209000,15100000,29200000,28235000,47409000,100010,5174070,100000,100000,10,5074070
62,293114000,299814000,100000,100000,10475000,10944000,263395000,263395000,10944000,11175000,8200000,14200000,19144000,25375000,29719000,36419000,100000,100000,10475000,10944000,0,0,10944000,11175000,8200000,14200000,19144000,25375000,100010,12315100,100000,100000,10,12215100
92,311737000,311939000,100000,100000,15370000,15572000,263395000,263395000,15572000,15572000,17300000,17300000,32872000,32872000,48342000,48544000,100000,100000,15370000,15572000,0,0,15572000,15572000,17300000,17300000,32872000,32872000,100010,5212070,100000,100000,10,5112070
122,282944000,301316000,100000,100000,950000,1299000,263395000,263395000,1299000,2322000,17200000,34200000,18499000,36522000,19549000,37921000,100000,100000,950000,1299000,0,0,1299000,2322000,17200000,34200000,18499000,36522000,100010,2979110,100000,100000,10,2879110
152,303639000,303713000,100000,100000,18135000,18209000,263395000,263395000,18209000,18209000,3800000,3800000,22009000,22009000,40244000,40318000,100000,100000,18135000,18209000,0,0,18209000,18209000,3800000,3800000,22009000,22009000,100010,8729120,100000,100000,10,8629120
182,310843000,326349000,100000,100000,14799000,15549000,263395000,263395000,15549000,17905000,17000000,29400000,32549000,47305000,47448000,62954000,100000,100000,14799000,15549000,0,0,15549000,17905000,17000000,29400000,32549000,47305000,100010,5799080,100000,100000,10,5699080
212,302621000,311127000,100000,100000,9310000,17816000,263395000,263395000,17816000,17816000,12000000,12000000,29816000,29816000,39226000,47732000,100000,100000,9310000,17816000,0,0,17816000,17816000,12000000,12000000,29816000,29816000,100010,8872010,100000,100000,10,8772010
242,265918000,266352000,100000,100000,2423000,2857000,263395000,263395000,0,0,0,0,0,0,2523000,2957000,100000,100000,2423000,2857000,0,0,0,0,0,0,0,0,100010,100000,100000,100000,10,0
272,286727000,821653000,100000,100000,1775000,2857000,263395000,790185000,2857000,3711000,18600000,24800000,21457000,28511000,23332000,31468000,100000,100000,1775000,2857000,0,0,2857000,3711000,18600000,24800000,21457000,28511000,100010,3804140,100000,100000,10,3704140
302,289372000,553318000,100000,100000,3313000,3864000,263395000,526790000,3864000,3864000,18700000,18700000,22564000,22564000,25977000,26528000,100000,100000,3313000,3864000,0,0,3864000,3864000,18700000,18700000,22564000,22564000,100010,4384120,100000,100000,10,4284120
332,307662000,572518000,100000,100000,12979000,14088000,263395000,526790000,14088000,14640000,17100000,16900000,31188000,31540000,44267000,45728000,100000,100000,12979000,14088000,0,0,14088000,14640000,17100000,16900000,31188000,31540000,100010,14556110,100000,100000,10,14456110
362,291030000,554850000,100000,100000,4065000,4270000,263395000,526790000,4270000,4490000,19200000,19200000,23470000,23690000,27635000,28060000,100000,100000,4065000,4270000,0,0,4270000,4490000,19200000,19200000,23470000,23690000,100010,1145020,100000,100000,10,1045020
392,300181000,828621000,100000,100000,10718000,12368000,263395000,790185000,12368000,12368000,13600000,13600000,25968000,25968000,36786000,38436000,100000,100000,10718000,12368000,0,0,12368000,12368000,13600000,13600000,25968000,25968000,100010,12295080,100000,100000,10,12195080
422,280845000,281238000,100000,100000,17350000,17743000,263395000,263395000,0,0,0,0,0,0,17450000,17843000,100000,100000,17350000,17743000,0,0,0,0,0,0,0,0,100010,100000,100000,100000,10,0
3,287570000,289635000,100000,100000,2215000,3560000,263395000,263395000,3560000,4280000,18300000,18300000,21860000,22580000,24175000,26240000,100000,100000,2215000,3560000,0,0,3560000,4280000,18300000,18300000,21860000,22580000,100010,820020,100000,100000,10,720020
33,276109000,276443000,100000,100000,12614000,12948000,263395000,263395000,0,0,0,0,0,0,12714000,13048000,100000,100000,12614000,12948000,0,0,0,0,0,0,0,0,100010,100000,100000,100000,10,0
63,297443000,298145000,100000,100000,9773000,10475000,263395000,263395000,10475000,10475000,13700000,13700000,24175000,24175000,34048000,34750000,100000,100000,9773000,10475000,0,0,10475000,10475000,13700000,13700000,24175000,24175000,100010,11613110,100000,100000,10,11513110
93,311038000,311637000,100000,100000,14973000,15370000,263395000,263395000,15370000,15572000,17200000,17200000,32570000,32772000,47643000,48242000,100000,100000,14973000,15370000,0,0,15370000,15572000,17200000,17200000,32570000,32772000,100010,4853070,100000,100000,10,4753070
123,278135000,278249000,100000,100000,14640000,14754000,263395000,263395000,0,0,0,0,0,0,14740000,14854000,100000,100000,14640000,14754000,0,0,0,0,0,0,0,0,100010,100000,100000,100000,10,0
153,318135000,318365000,100000,100000,17905000,18135000,263395000,263395000,18135000,18135000,18600000,18600000,36735000,36735000,54740000,54970000,100000,100000,17905000,18135000,0,0,18135000,18135000,18600000,18600000,36735000,36735000,100010,8499110,100000,100000,10,8399110
183,310819000,325499000,100000,100000,14625000,14799000,263395000,263395000,14799000,17905000,17900000,29300000,32699000,47205000,47424000,62104000,100000,100000,14625000,14799000,0,0,14799000,17905000,17900000,29300000,32699000,47205000,100010,5868070,100000,100000,10,5768070
213,293930000,294045000,100000,100000,9310000,9425000,263395000,263395000,9425000,9425000,11700000,11700000,21125000,21125000,30535000,30650000,100000,100000,9310000,9425000,0,0,9425000,9425000,11700000,11700000,21125000,21125000,100010,12938060,100000,100000,10,12838060
243,298684000,306727000,100000,100000,9773000,17816000,263395000,263395000,17816000,17816000,7600000,7600000,25416000,25416000,35289000,43332000,100000,100000,9773000,17816000,0,0,17816000,17816000,7600000,7600000,25416000,25416000,100010,100000,100000,100000,10,0
273,284169000,549339000,100000,100000,1299000,1775000,263395000,526790000,1775000,3474000,17600000,17200000,19375000,20674000,20774000,22549000,100000,100000,1299000,1775000,0,0,1775000,3474000,17600000,17200000,19375000,20674000,100010,3328120,100000,100000,10,3228120
303,273798000,537346000,100000,100000,3711000,3864000,263395000,526790000,3792000,3792000,2800000,2800000,6592000,6592000,10403000,10556000,100000,100000,3711000,3864000,0,0,3792000,3792000,2800000,2800000,6592000,6592000,100010,3669080,100000,100000,10,3569080
333,296420000,561134000,100000,100000,12453000,13772000,263395000,526790000,13772000,13772000,6700000,6700000,20472000,20472000,33025000,34344000,100000,100000,12453000,13772000,0,0,13772000,13772000,6700000,6700000,20472000,20472000,100010,12553060,100000,100000,10,12453060
363,271824000,536044000,100000,100000,3744000,4569000,263395000,526790000,4385000,4385000,200000,200000,4585000,4585000,8429000,9254000,100000,100000,3744000,4569000,0,0,4385000,4385000,200000,200000,4585000,4585000,100010,100000,100000,100000,10,0
393,293183000,822642000,100000,100000,13516000,14780000,263395000,790185000,13772000,17377000,2400000,200000,16172000,17577000,29788000,32457000,100000,100000,13516000,14780000,0,0,13772000,17377000,2400000,200000,16172000,17577000,100010,5888080,100000,100000,10,5788080
423,297139000,825250000,100000,100000,16422000,17743000,263395000,790185000,16422000,16422000,800000,800000,17222000,17222000,33744000,35065000,100000,100000,16422000,17743000,0,0,16422000,16422000,800000,800000,17222000,17222000,100010,100000,100000,100000,10,0
4,271899000,272408000,100000,100000,3560000,3744000,263395000,263395000,3744000,4569000,1100000,600000,4844000,5169000,8504000,9013000,100000,100000,3560000,3744000,0,0,3744000,4569000,1100000,600000,4844000,5169000,100010,1561020,100000,100000,10,1461020
34,302781000,305128000,100000,100000,12033000,12453000,263395000,263395000,12453000,14780000,14800000,14400000,27253000,29180000,39386000,41733000,100000,100000,12033000,12453000,0,0,12453000,14780000,14800000,14400000,27253000,29180000,100010,13873120,100000,100000,10,13773120
64,295609000,296945000,100000,100000,9239000,10575000,263395000,263395000,10575000,10575000,12300000,12300000,22875000,22875000,32214000,33550000,100000,100000,9239000,10575000,0,0,10575000,10575000,12300000,12300000,22875000,22875000,100010,700010,100000,100000,10,600010
94,298437000,301274000,100000,100000,15572000,16170000,263395000,263395000,16170000,18209000,3200000,3400000,19370000,21609000,35042000,37879000,100000,100000,15572000,16170000,0,0,16170000,18209000,3200000,3400000,19370000,21609000,100010,5414080,100000,100000,10,5314080
124,294835000,295912000,100000,100000,14300000,14640000,263395000,263395000,14640000,17377000,2400000,400000,17040000,17777000,31440000,32517000,100000,100000,14300000,14640000,0,0,14640000,17377000,2400000,400000,17040000,17777000,100010,7871110,100000,100000,10,7771110
154,315241000,315349000,100000,100000,17269000,17377000,263395000,263395000,17377000,17377000,17100000,17100000,34477000,34477000,51846000,51954000,100000,100000,17269000,17377000,0,0,17377000,17377000,17100000,17100000,34477000,34477000,100010,8269110,100000,100000,10,8169110
184,279473000,279965000,100000,100000,1649000,1929000,263395000,263395000,1929000,14341000,12400000,200000,14329000,14541000,16078000,16570000,100000,100000,1649000,1929000,0,0,1929000,14341000,12400000,200000,14329000,14541000,100010,15901140,100000,100000,10,15801140
214,278443000,290830000,100000,100000,538000,9310000,263395000,263395000,9310000,9425000,5100000,8600000,14410000,18025000,15048000,27435000,100000,100000,538000,9310000,0,0,9310000,9425000,5100000,8600000,14410000,18025000,100010,8606010,100000,100000,10,8506010
244,288027000,552678000,100000,100000,2488000,3744000,263395000,526790000,3744000,3744000,18300000,18300000,22044000,22044000,24632000,25888000,100000,100000,2488000,3744000,0,0,3744000,3744000,18300000,18300000,22044000,22044000,100010,373010,100000,100000,10,273010
274,302615000,831298000,100000,100000,11287000,12033000,263395000,790185000,12033000,14780000,15800000,14200000,27833000,28980000,39220000,41113000,100000,100000,11287000,12033000,0,0,12033000,14780000,15800000,14200000,27833000,28980000,100010,13127100,100000,100000,10,13027100
304,311240000,575234000,100000,100000,14973000,15572000,263395000,526790000,15572000,15572000,17200000,17200000,32772000,32772000,47845000,48444000,100000,100000,14973000,15572000,0,0,15572000,15572000,17200000,17200000,32772000,32772000,100010,4815060,100000,100000,10,4715060
334,266367000,267192000,100000,100000,2872000,3697000,263395000,263395000,0,0,0,0,0,0,2972000,3797000,100000,100000,2872000,3697000,0,0,0,0,0,0,0,0,100010,100000,100000,100000,10,0
364,272450000,536065000,100000,100000,4270000,4490000,263395000,526790000,4385000,4385000,300000,300000,4685000,4685000,9055000,9275000,100000,100000,4270000,4490000,0,0,4385000,4385000,300000,300000,4685000,4685000,100010,305020,100000,100000,10,205020
394,300583000,828767000,100000,100000,12947000,14341000,263395000,790185000,14341000,14341000,9800000,9800000,24141000,24141000,37188000,38582000,100000,100000,12947000,14341000,0,0,14341000,14341000,9800000,9800000,24141000,24141000,100010,13878080,100000,100000,10,13778080
424,281704000,282322000,100000,100000,18209000,18827000,263395000,263395000,0,0,0,0,0,0,18309000,18927000,100000,100000,18209000,18827000,0,0,0,0,0,0,0,0,100010,100000,100000,100000,10,0
5,290236000,290956000,100000,100000,3560000,3881000,263395000,263395000,3881000,4280000,19300000,19300000,23181000,23580000,26841000,27561000,100000,100000,3560000,3881000,0,0,3881000,4280000,19300000,19300000,23181000,23580000,100010,1750020,100000,100000,10,1650020
35,303170000,304608000,100000,100000,11742000,12033000,263395000,263395000,12033000,14780000,15900000,14300000,27933000,29080000,39775000,41213000,100000,100000,11742000,12033000,0,0,12033000,14780000,15900000,14300000,27933000,29080000,100010,13582110,100000,100000,10,13482110
65,268823000,268925000,100000,100000,2514000,2616000,263395000,263395000,2514000,2514000,300000,300000,2814000,2814000,5428000,5530000,100000,100000,2514000,2616000,0,0,2514000,2514000,300000,300000,2814000,2814000,100010,100000,100000,100000,10,0
95,279067000,279463000,100000,100000,15572000,15968000,263395000,263395000,0,0,0,0,0,0,15672000,16068000,100000,100000,15572000,15968000,0,0,0,0,0,0,0,0,100010,100000,100000,100000,10,0
125,309323000,309875000,100000,100000,14088000,14640000,263395000,263395000,14640000,14640000,17100000,17100000,31740000,31740000,45928000,46480000,100000,100000,14088000,14640000,0,0,14640000,14640000,17100000,17100000,31740000,31740000,100010,7960110,100000,100000,10,7860110
155,315506000,315533000,100000,100000,17242000,17269000,263395000,263395000,17269000,17269000,17500000,17500000,34769000,34769000,52111000,52138000,100000,100000,17242000,17269000,0,0,17269000,17269000,17500000,17500000,34769000,34769000,100010,8485100,100000,100000,10,8385100
185,281280000,281409000,100000,100000,1478000,1607000,263395000,263395000,1607000,1607000,14700000,14700000,16307000,16307000,17885000,18014000,100000,100000,1478000,1607000,0,0,1607000,1607000,14700000,14700000,16307000,16307000,100010,12226070,100000,100000,10,12126070
215,290245000,291368000,100000,100000,9425000,9757000,263395000,263395000,9425000,17816000,7900000,300000,17325000,18116000,26850000,27973000,100000,100000,9425000,9757000,0,0,9425000,17816000,7900000,300000,17325000,18116000,100010,13053060,100000,100000,10,12953060
245,289095000,1344940000,100000,100000,2215000,4385000,263395000,1316975000,4385000,4280000,19000000,19200000,23385000,23480000,25700000,27965000,100000,100000,2215000,4385000,0,0,4385000,4280000,19000000,19200000,23385000,23480000,100010,1240020,100000,100000,10,1140020
275,274439000,275026000,100000,100000,10944000,11531000,263395000,263395000,0,0,0,0,0,0,11044000,11631000,100000,100000,10944000,11531000,0,0,0,0,0,0,0,0,100010,100000,100000,100000,10,0
305,297535000,827364000,100000,100000,15370000,16170000,263395000,790185000,16170000,18209000,2500000,2700000,18670000,20909000,34140000,37179000,100000,100000,15370000,16170000,0,0,16170000,18209000,2500000,2700000,18670000,20909000,100010,5212070,100000,100000,10,5112070
335,278868000,542628000,100000,100000,1104000,1469000,263395000,526790000,1469000,1469000,12800000,12800000,14269000,14269000,15473000,15838000,100000,100000,1104000,1469000,0,0,1469000,1469000,12800000,12800000,14269000,14269000,100010,11920050,100000,100000,10,11820050
365,279463000,543549000,100000,100000,15968000,16659000,263395000,526790000,0,0,0,0,0,0,16068000,16759000,100000,100000,15968000,16659000,0,0,0,0,0,0,0,0,100010,100000,100000,100000,10,0
395,274558000,274764000,100000,100000,11063000,11269000,263395000,263395000,0,0,0,0,0,0,11163000,11369000,100000,100000,11063000,11269000,0,0,0,0,0,0,0,0,100010,100000,100000,100000,10,0
425,286808000,1087030000,100000,100000,538000,10575000,263395000,1053580000,10575000,10575000,12200000,12200000,22775000,22775000,23413000,33450000,100000,100000,538000,10575000,0,0,10575000,10575000,12200000,12200000,22775000,22775000,100010,5107090,100000,100000,10,5007090
6,290160000,290890000,100000,100000,3560000,3905000,263395000,263395000,3905000,4490000,19200000,19000000,23105000,23490000,26765000,27495000,100000,100000,3560000,3905000,0,0,3905000,4490000,19200000,19000000,23105000,23490000,100010,1750020,100000,100000,10,1650020
36,308195000,308689000,100000,100000,12453000,12947000,263395000,263395000,12947000,12947000,19300000,19300000,32247000,32247000,44800000,45294000,100000,100000,12453000,12947000,0,0,12947000,12947000,19300000,19300000,32247000,32247000,100010,14293120,100000,100000,10,14193120
66,287014000,287823000,100000,100000,1705000,2514000,263395000,263395000,2514000,2514000,19300000,19300000,21814000,21814000,23619000,24428000,100000,100000,1705000,2514000,0,0,2514000,2514000,19300000,19300000,21814000,21814000,100010,152010,100000,100000,10,52010
96,307530000,308355000,100000,100000,13955000,14780000,263395000,263395000,14780000,14780000,15300000,15300000,30080000,30080000,44135000,44960000,100000,100000,13955000,14780000,0,0,14780000,14780000,15300000,15300000,30080000,30080000,100010,15487120,100000,100000,10,15387120
126,307622000,308783000,100000,100000,12979000,13748000,263395000,263395000,13748000,14640000,17400000,16900000,31148000,31540000,44227000,45388000,100000,100000,12979000,13748000,0,0,13748000,14640000,17400000,16900000,31148000,31540000,100010,14556110,100000,100000,10,14456110
156,315392000,315579000,100000,100000,17055000,17242000,263395000,263395000,17242000,17242000,17600000,17600000,34842000,34842000,51997000,52184000,100000,100000,17055000,17242000,0,0,17242000,17242000,17600000,17600000,34842000,34842000,100010,8298090,100000,100000,10,8198090
186,272512000,272779000,100000,100000,1225000,1492000,263395000,263395000,1492000,1492000,6300000,6300000,7792000,7792000,9117000,9384000,100000,100000,1225000,1492000,0,0,1492000,1492000,6300000,6300000,7792000,7792000,100010,925010,100000,100000,10,825010
216,295009000,295071000,100000,100000,9757000,9819000,263395000,263395000,9757000,9757000,12000000,12000000,21757000,21757000,31614000,31676000,100000,100000,9757000,9819000,0,0,9757000,9757000,12000000,12000000,21757000,21757000,100010,11191060,100000,100000,10,11091060
246,284953000,548676000,100000,100000,915000,1243000,263395000,526790000,1243000,1243000,19300000,19300000,20543000,20543000,21558000,21886000,100000,100000,915000,1243000,0,0,1243000,1243000,19300000,19300000,20543000,20543000,100010,11663040,100000,100000,10,11563040
276,299924000,829193000,100000,100000,10944000,11585000,263395000,790185000,11585000,13723000,13900000,13600000,25485000,27323000,36529000,39008000,100000,100000,10944000,11585000,0,0,11585000,13723000,13900000,13600000,25485000,27323000,100010,2238040,100000,100000,10,2138040
306,306991000,835045000,100000,100000,13516000,14780000,263395000,790185000,14780000,14780000,15200000,15200000,29980000,29980000,43596000,44860000,100000,100000,13516000,14780000,0,0,14780000,14780000,15200000,15200000,29980000,29980000,100010,15048110,100000,100000,10,14948110
336,288708000,1080016000,100000,100000,445000,1568000,263395000,1053580000,1568000,1568000,23200000,23200000,24768000,24768000,25313000,26436000,100000,100000,445000,1568000,0,0,1568000,1568000,23200000,23200000,24768000,24768000,100010,11261040,100000,100000,10,11161040
366,279067000,543183000,100000,100000,15572000,16293000,263395000,526790000,0,0,0,0,0,0,15672000,16393000,100000,100000,15572000,16293000,0,0,0,0,0,0,0,0,100010,100000,100000,100000,10,0
396,281389000,1087490000,100000,100000,915000,11269000,263395000,1053580000,10979000,14341000,6000000,8200000,16979000,22541000,17994000,33910000,100000,100000,915000,11269000,0,0,10979000,14341000,6000000,8200000,16979000,22541000,100010,4111060,100000,100000,10,4011060
426,266775000,266916000,100000,100000,3280000,3421000,263395000,263395000,0,0,0,0,0,0,3380000,3521000,100000,100000,3280000,3421000,0,0,0,0,0,0,0,0,100010,100000,100000,100000,10,0
7,290540000,291365000,100000,100000,3560000,4385000,263395000,263395000,4385000,4385000,19100000,19100000,23485000,23485000,27145000,27970000,100000,100000,3560000,4385000,0,0,4385000,4385000,19100000,19100000,23485000,23485000,100010,1718020,100000,100000,10,1618020
37,304831000,305758000,100000,100000,12453000,12983000,263395000,263395000,12983000,14780000,15900000,14500000,28883000,29280000,41436000,42363000,100000,100000,12453000,12983000,0,0,12983000,14780000,15900000,14500000,28883000,29280000,100010,14293120,100000,100000,10,14193120
67,287168000,288027000,100000,100000,1757000,2616000,263395000,263395000,2616000,2616000,19300000,19300000,21916000,21916000,23773000,24632000,100000,100000,1757000,2616000,0,0,2616000,2616000,19300000,19300000,21916000,21916000,100010,152010,100000,100000,10,52010
97,295350000,295695000,100000,100000,13955000,14300000,263395000,263395000,14300000,14300000,3600000,3600000,17900000,17900000,31955000,32300000,100000,100000,13955000,14300000,0,0,14300000,14300000,3600000,3600000,17900000,17900000,100010,6686090,100000,100000,10,6586090
127,298842000,300215000,100000,100000,12368000,12979000,263395000,263395000,12979000,14341000,10000000,9400000,22979000,23741000,35447000,36820000,100000,100000,12368000,12979000,0,0,12979000,14341000,10000000,9400000,22979000,23741000,100010,13945100,100000,100000,10,13845100
157,314774000,316205000,100000,100000,15624000,17055000,263395000,263395000,17055000,17055000,18600000,18600000,35655000,35655000,51379000,52810000,100000,100000,15624000,17055000,0,0,17055000,17055000,18600000,18600000,35655000,35655000,100010,6867080,100000,100000,10,6767080
187,286486000,286689000,100000,100000,1844000,2047000,263395000,263395000,2047000,2047000,19100000,19100000,21147000,21147000,23091000,23294000,100000,100000,1844000,2047000,0,0,2047000,2047000,19100000,19100000,21147000,21147000,100010,12592080,100000,100000,10,12492080
217,274552000,283833000,100000,100000,538000,9819000,263395000,263395000,9819000,9819000,700000,700000,10519000,10519000,11157000,20438000,100000,100000,538000,9819000,0,0,9819000,9819000,700000,700000,10519000,10519000,100010,100000,100000,100000,10,0
247,279710000,547409000,100000,100000,915000,1200000,263395000,526790000,1200000,2119000,14100000,17200000,15300000,19319000,16315000,20619000,100000,100000,915000,1200000,0,0,1200000,2119000,14100000,17200000,15300000,19319000,100010,14906080,100000,100000,10,14806080
277,274703000,274850000,100000,100000,11208000,11355000,263395000,263395000,0,0,0,0,0,0,11308000,11455000,100000,100000,11208000,11355000,0,0,0,0,0,0,0,0,100010,100000,100000,100000,10,0
307,307333000,839306000,100000,100000,12983000,14341000,263395000,790185000,13955000,14780000,16900000,19900000,30855000,34680000,43938000,49121000,100000,100000,12983000,14341000,0,0,13955000,14780000,16900000,19900000,30855000,34680000,100010,14823130,100000,100000,10,14723130
337,264599000,264894000,100000,100000,1104000,1399000,263395000,263395000,0,0,0,0,0,0,1204000,1499000,100000,100000,1104000,1399000,0,0,0,0,0,0,0,0,100010,100000,100000,100000,10,0
367,280154000,808403000,100000,100000,16659000,18118000,263395000,790185000,0,0,0,0,0,0,16759000,18218000,100000,100000,16659000,18118000,0,0,0,0,0,0,0,0,100010,100000,100000,100000,10,0
397,296470000,823799000,100000,100000,10718000,11257000,263395000,790185000,11257000,11257000,11000000,11000000,22257000,22257000,33075000,33614000,100000,100000,10718000,11257000,0,0,11257000,11257000,11000000,11000000,22257000,22257000,100010,11950060,100000,100000,10,11850060
427,283445000,2416495000,100000,100000,0,10718000,263395000,2370555000,1050000,2322000,18900000,32800000,19950000,35122000,20050000,45940000,100000,100000,0,10718000,0,0,1050000,2322000,18900000,32800000,19950000,35122000,100010,4011050,100000,100000,10,3911050
8,285111000,285381000,100000,100000,973000,1243000,263395000,263395000,1243000,1243000,19400000,19400000,20643000,20643000,21716000,21986000,100000,100000,973000,1243000,0,0,1243000,1243000,19400000,19400000,20643000,20643000,100010,11721050,100000,100000,10,11621050
38,297927000,299014000,100000,100000,12453000,12979000,263395000,263395000,12979000,14640000,9000000,7900000,21979000,22540000,34532000,35619000,100000,100000,12453000,12979000,0,0,12979000,14640000,9000000,7900000,21979000,22540000,100010,13280070,100000,100000,10,13180070
68,266111000,266775000,100000,100000,2616000,3280000,263395000,263395000,0,0,0,0,0,0,2716000,3380000,100000,100000,2616000,3280000,0,0,0,0,0,0,0,0,100010,100000,100000,100000,10,0
98,307966000,308405000,100000,100000,13516000,13955000,263395000,263395000,13955000,13955000,17000000,17000000,30955000,30955000,44571000,45010000,100000,100000,13516000,13955000,0,0,13955000,13955000,17000000,17000000,30955000,30955000,100010,15356140,100000,100000,10,15256140
128,300546000,301339000,100000,100000,12979000,13772000,263395000,263395000,13772000,13772000,10300000,10300000,24072000,24072000,37151000,37944000,100000,100000,12979000,13772000,0,0,13772000,13772000,10300000,10300000,24072000,24072000,100010,14556110,100000,100000,10,14456110
158,298800000,299095000,100000,100000,17055000,17350000,263395000,263395000,17350000,17350000,900000,900000,18250000,18250000,35405000,35700000,100000,100000,17055000,17350000,0,0,17350000,17350000,900000,900000,18250000,18250000,100010,2371060,100000,100000,10,2271060
188,295095000,296569000,100000,100000,1844000,2256000,263395000,263395000,2256000,2618000,27500000,28200000,29756000,30818000,31700000,33174000,100000,100000,1844000,2256000,0,0,2256000,2618000,27500000,28200000,29756000,30818000,100010,5289130,100000,100000,10,5189130
218,299187000,299233000,100000,100000,9773000,9819000,263395000,263395000,9819000,9819000,16100000,16100000,25919000,25919000,35792000,35838000,100000,100000,9773000,9819000,0,0,9819000,9819000,16100000,16100000,25919000,25919000,100010,1828020,100000,100000,10,1728020
248,282756000,826226000,100000,100000,1039000,1522000,263395000,790185000,1522000,2119000,16700000,32300000,18222000,34419000,19361000,36041000,100000,100000,1039000,1522000,0,0,1522000,2119000,16700000,32300000,18222000,34419000,100010,15030090,100000,100000,10,14930090
278,274439000,274920000,100000,100000,10944000,11425000,263395000,263395000,0,0,0,0,0,0,11044000,11525000,100000,100000,10944000,11425000,0,0,0,0,0,0,0,0,100010,100000,100000,100000,10,0
308,308167000,1099733000,100000,100000,12983000,14364000,263395000,1053580000,13989000,13989000,17700000,17700000,31689000,31689000,44772000,46153000,100000,100000,12983000,14364000,0,0,13989000,13989000,17700000,17700000,31689000,31689000,100010,4705080,100000,100000,10,4605080
338,280173000,544748000,100000,100000,1299000,2479000,263395000,526790000,2479000,2479000,12900000,12900000,15379000,15379000,16778000,17958000,100000,100000,1299000,2479000,0,0,2479000,2479000,12900000,12900000,15379000,15379000,100010,2006070,100000,100000,10,1906070
368,279788000,544492000,100000,100000,16293000,17602000,263395000,526790000,0,0,0,0,0,0,16393000,17702000,100000,100000,16293000,17602000,0,0,0,0,0,0,0,0,100010,100000,100000,100000,10,0
398,291183000,1355861000,100000,100000,445000,11543000,263395000,1316975000,11543000,11543000,15700000,15700000,27243000,27243000,27788000,38886000,100000,100000,445000,11543000,0,0,11543000,11543000,15700000,15700000,27243000,27243000,100010,4011050,100000,100000,10,3911050
428,270885000,546560000,100000,100000,445000,790000,263395000,526790000,445000,14780000,6500000,4100000,6945000,18880000,7490000,19770000,100000,100000,445000,790000,0,0,445000,14780000,6500000,4100000,6945000,18880000,100010,14342090,100000,100000,10,14242090
9,284783000,285011000,100000,100000,915000,973000,263395000,263395000,973000,1243000,19400000,19300000,20373000,20543000,21388000,21616000,100000,100000,915000,973000,0,0,973000,1243000,19400000,19300000,20373000,20543000,100010,11663040,100000,100000,10,11563040
39,286358000,286692000,100000,100000,1904000,2159000,263395000,263395000,2159000,2338000,18800000,18700000,20959000,21038000,22963000,23297000,100000,100000,1904000,2159000,0,0,2159000,2338000,18800000,18700000,20959000,21038000,100010,2165070,100000,100000,10,2065070
69,286257000,287068000,100000,100000,1705000,1757000,263395000,263395000,1757000,2616000,19300000,19200000,21057000,21816000,22862000,23673000,100000,100000,1705000,1757000,0,0,1757000,2616000,19300000,19200000,21057000,21816000,100010,959010,100000,100000,10,859010
99,307394000,307927000,100000,100000,12983000,13516000,263395000,263395000,13516000,13516000,17400000,17400000,30916000,30916000,43999000,44532000,100000,100000,12983000,13516000,0,0,13516000,13516000,17400000,17400000,30916000,30916000,100010,14823130,100000,100000,10,14723130
129,301306000,302131000,100000,100000,11543000,12368000,263395000,263395000,12368000,12368000,13900000,13900000,26268000,26268000,37911000,38736000,100000,100000,11543000,12368000,0,0,12368000,12368000,13900000,13900000,26268000,26268000,100010,13120090,100000,100000,10,13020090
159,314141000,315767000,100000,100000,15624000,16422000,263395000,263395000,16422000,17350000,18600000,18500000,35022000,35850000,50746000,52372000,100000,100000,15624000,16422000,0,0,16422000,17350000,18600000,18500000,35022000,35850000,100010,4427050,100000,100000,10,4327050
189,285317000,285683000,100000,100000,1478000,1844000,263395000,263395000,1844000,1844000,18500000,18500000,20344000,20344000,21922000,22288000,100000,100000,1478000,1844000,0,0,1844000,1844000,18500000,18500000,20344000,20344000,100010,12226070,100000,100000,10,12126070
219,278259000,287633000,100000,100000,445000,9819000,263395000,263395000,9819000,9819000,4500000,4500000,14319000,14319000,14864000,24238000,100000,100000,445000,9819000,0,0,9819000,9819000,4500000,4500000,14319000,14319000,100010,3653030,100000,100000,10,3553030
249,271846000,542791000,100000,100000,1522000,1929000,263395000,526790000,1929000,13772000,4900000,200000,6829000,13972000,8451000,16001000,100000,100000,1522000,1929000,0,0,1929000,13772000,4900000,200000,6829000,13972000,100010,14688100,100000,100000,10,14588100
279,300081000,564274000,100000,100000,10944000,11742000,263395000,526790000,11742000,11742000,13900000,13900000,25642000,25642000,36686000,37484000,100000,100000,10944000,11742000,0,0,11742000,11742000,13900000,13900000,25642000,25642000,100010,12784090,100000,100000,10,12684090
309,277218000,541339000,100000,100000,13723000,14449000,263395000,526790000,0,0,0,0,0,0,13823000,14549000,100000,100000,13723000,14449000,0,0,0,0,0,0,0,0,100010,100000,100000,100000,10,0
339,272742000,537048000,100000,100000,1568000,2479000,263395000,526790000,2479000,2479000,5200000,5200000,7679000,7679000,9347000,10258000,100000,100000,1568000,2479000,0,0,2479000,2479000,5200000,5200000,7679000,7679000,100010,2972100,100000,100000,10,2872100
369,281097000,281409000,100000,100000,17602000,17914000,263395000,263395000,0,0,0,0,0,0,17702000,18014000,100000,100000,17602000,17914000,0,0,0,0,0,0,0,0,100010,100000,100000,100000,10,0
399,293749000,1101212000,100000,100000,538000,17816000,263395000,1053580000,17816000,17816000,11900000,11900000,29716000,29716000,30354000,47632000,100000,100000,538000,17816000,0,0,17816000,17816000,11900000,11900000,29716000,29716000,100010,4335050,100000,100000,10,4235050
429,281622000,545430000,100000,100000,807000,1220000,263395000,526790000,1220000,1220000,16100000,16100000,17320000,17320000,18227000,18640000,100000,100000,807000,1220000,0,0,1220000,1220000,16100000,16100000,17320000,17320000,100010,15059120,100000,100000,10,14959120
10,279934000,284214000,100000,100000,1039000,1200000,263395000,263395000,1200000,2119000,14200000,17400000,15400000,19519000,16539000,20819000,100000,100000,1039000,1200000,0,0,1200000,2119000,14200000,17400000,15400000,19519000,100010,15030090,100000,100000,10,14930090
40,286792000,286971000,100000,100000,2159000,2338000,263395000,263395000,2338000,2338000,18800000,18800000,21138000,21138000,23397000,23576000,100000,100000,2159000,2338000,0,0,2338000,2338000,18800000,18800000,21138000,21138000,100010,2140060,100000,100000,10,2040060
70,264715000,265200000,100000,100000,1220000,1705000,263395000,263395000,0,0,0,0,0,0,1320000,1805000,100000,100000,1220000,1705000,0,0,0,0,0,0,0,0,100010,100000,100000,100000,10,0
100,298852000,299677000,100000,100000,13516000,14341000,263395000,263395000,14341000,14341000,7500000,7500000,21841000,21841000,35457000,36282000,100000,100000,13516000,14341000,0,0,14341000,14341000,7500000,7500000,21841000,21841000,100010,15356140,100000,100000,10,15256140
130,275038000,275863000,100000,100000,11543000,12368000,263395000,263395000,0,0,0,0,0,0,11643000,12468000,100000,100000,11543000,12368000,0,0,0,0,0,0,0,0,100010,100000,100000,100000,10,0
160,312244000,314869000,100000,100000,14625000,15624000,263395000,263395000,15624000,17350000,18500000,18400000,34124000,35750000,48849000,51474000,100000,100000,14625000,15624000,0,0,15624000,17350000,18500000,18400000,34124000,35750000,100010,5868070,100000,100000,10,5768070
190,267264000,267463000,100000,100000,3769000,3968000,263395000,263395000,0,0,0,0,0,0,3869000,4068000,100000,100000,3769000,3968000,0,0,0,0,0,0,0,0,100010,100000,100000,100000,10,0
220,264102000,264164000,100000,100000,607000,669000,263395000,263395000,0,0,0,0,0,0,707000,769000,100000,100000,607000,669000,0,0,0,0,0,0,0,0,100010,100000,100000,100000,10,0
250,288314000,816023000,100000,100000,1200000,2119000,263395000,790185000,2119000,2119000,21500000,21500000,23619000,23619000,24919000,25838000,100000,100000,1200000,2119000,0,0,2119000,2119000,21500000,21500000,23619000,23619000,100010,15191100,100000,100000,10,15091100
280,291745000,555840000,100000,100000,10475000,11175000,263395000,526790000,10575000,10575000,7200000,7200000,17775000,17775000,28350000,29050000,100000,100000,10475000,11175000,0,0,10575000,10575000,7200000,7200000,17775000,17775000,100010,100000,100000,100000,10,0
310,293173000,557028000,100000,100000,13989000,14449000,263395000,526790000,13989000,13989000,1700000,1700000,15689000,15689000,29778000,30238000,100000,100000,13989000,14449000,0,0,13989000,13989000,1700000,1700000,15689000,15689000,100010,100000,100000,100000,10,0
340,283483000,812866000,100000,100000,1104000,3697000,263395000,790185000,1784000,1784000,17100000,17100000,18884000,18884000,20088000,22681000,100000,100000,1104000,3697000,0,0,1784000,1784000,17100000,17100000,18884000,18884000,100010,10485020,100000,100000,10,10385020
370,281097000,281613000,100000,100000,17602000,18118000,263395000,263395000,0,0,0,0,0,0,17702000,18218000,100000,100000,17602000,18118000,0,0,0,0,0,0,0,0,100010,100000,100000,100000,10,0
400,290415000,554763000,100000,100000,9310000,9757000,263395000,526790000,9310000,17816000,8300000,300000,17610000,18116000,27020000,27973000,100000,100000,9310000,9757000,0,0,9310000,17816000,8300000,300000,17610000,18116000,100010,12938060,100000,100000,10,12838060
430,276468000,803902000,100000,100000,0,538000,263395000,790185000,73000,12979000,12900000,100000,12973000,13079000,13073000,13717000,100000,100000,0,538000,0,0,73000,12979000,12900000,100000,12973000,13079000,100010,12596060,100000,100000,10,12496060
11,280049000,283853000,100000,100000,915000,1039000,263395000,263395000,1039000,2119000,14600000,17200000,15639000,19319000,16654000,20458000,100000,100000,915000,1039000,0,0,1039000,2119000,14600000,17200000,15639000,19319000,100010,14906080,100000,100000,10,14806080
41,286374000,286503000,100000,100000,1775000,1904000,263395000,263395000,1904000,1904000,19200000,19200000,21104000,21104000,22979000,23108000,100000,100000,1775000,1904000,0,0,1904000,1904000,19200000,19200000,21104000,21104000,100010,2189060,100000,100000,10,2089060
71,285016000,285239000,100000,100000,1199000,1422000,263395000,263395000,1422000,1422000,18900000,18900000,20322000,20322000,21621000,21844000,100000,100000,1199000,1422000,0,0,1422000,1422000,18900000,18900000,20322000,20322000,100010,11273060,100000,100000,10,11173060
101,309007000,309273000,100000,100000,13723000,13989000,263395000,263395000,13989000,13989000,17800000,17800000,31789000,31789000,45612000,45878000,100000,100000,13723000,13989000,0,0,13989000,13989000,17800000,17800000,31789000,31789000,100010,4930070,100000,100000,10,4830070
131,275863000,276049000,100000,100000,12368000,12554000,263395000,263395000,0,0,0,0,0,0,12468000,12654000,100000,100000,12368000,12554000,0,0,0,0,0,0,0,0,100010,100000,100000,100000,10,0
161,315867000,316795000,100000,100000,16422000,17350000,263395000,263395000,17350000,17350000,18600000,18600000,35950000,35950000,52472000,53400000,100000,100000,16422000,17350000,0,0,17350000,17350000,18600000,18600000,35950000,35950000,100010,5225060,100000,100000,10,5125060
191,287814000,288639000,100000,100000,2047000,2872000,263395000,263395000,2872000,2872000,19400000,19400000,22272000,22272000,24419000,25244000,100000,100000,2047000,2872000,0,0,2872000,2872000,19400000,19400000,22272000,22272000,100010,12795090,100000,100000,10,12695090
221,276301000,284677000,100000,100000,299000,607000,263395000,263395000,607000,10475000,11900000,10100000,12507000,20575000,12906000,21282000,100000,100000,299000,607000,0,0,607000,10475000,11900000,10100000,12507000,20575000,100010,14551090,100000,100000,10,14451090
251,283832000,812044000,100000,100000,1522000,2944000,263395000,790185000,2215000,2215000,16600000,16600000,18815000,18815000,20437000,21859000,100000,100000,1522000,2944000,0,0,2215000,2215000,16600000,16600000,18815000,18815000,100010,15513110,100000,100000,10,15413110
281,299057000,1636810000,100000,100000,10475000,11531000,263395000,1580370000,11287000,18209000,13800000,26600000,25087000,44809000,35662000,56440000,100000,100000,10475000,11531000,0,0,11287000,18209000,13800000,26600000,25087000,44809000,100010,12315100,100000,100000,10,12215100
311,311067000,839107000,100000,100000,13723000,14973000,263395000,790185000,14449000,14449000,19400000,19400000,33849000,33849000,47672000,48922000,100000,100000,13723000,14973000,0,0,14449000,14449000,19400000,19400000,33849000,33849000,100010,4928080,100000,100000,10,4828080
341,265063000,530587000,100000,100000,1568000,3697000,263395000,526790000,0,0,0,0,0,0,1668000,3797000,100000,100000,1568000,3697000,0,0,0,0,0,0,0,0,100010,100000,100000,100000,10,0
371,309864000,590365000,100000,100000,14799000,16170000,263395000,526790000,16170000,17905000,15400000,29400000,31570000,47305000,46469000,63575000,100000,100000,14799000,16170000,0,0,16170000,17905000,15400000,29400000,31570000,47305000,100010,3673060,100000,100000,10,3573060
401,290045000,818020000,100000,100000,9425000,9819000,263395000,790185000,9425000,17816000,7700000,100000,17125000,17916000,26650000,27835000,100000,100000,9425000,9819000,0,0,9425000,17816000,7700000,100000,17125000,17916000,100010,10834090,100000,100000,10,10734090
431,269895000,538268000,100000,100000,0,299000,263395000,526790000,0,10979000,6400000,100000,6400000,11079000,6500000,11478000,100000,100000,0,299000,0,0,0,10979000,6400000,100000,6400000,11079000,100010,11079030,100000,100000,10,10979030
12,283517000,301836000,100000,100000,1200000,1522000,263395000,263395000,1522000,2119000,17300000,34700000,18822000,36819000,20122000,38441000,100000,100000,1200000,1522000,0,0,1522000,2119000,17300000,34700000,18822000,36819000,100010,15191100,100000,100000,10,15091100
42,287457000,287663000,100000,100000,2778000,2984000,263395000,263395000,2984000,2984000,18200000,18200000,21184000,21184000,24062000,24268000,100000,100000,2778000,2984000,0,0,2984000,2984000,18200000,18200000,21184000,21184000,100010,1637060,100000,100000,10,1537060
72,281306000,281473000,100000,100000,1422000,1589000,263395000,263395000,1589000,1589000,14800000,14800000,16389000,16389000,17911000,18078000,100000,100000,1422000,1589000,0,0,1589000,1589000,14800000,14800000,16389000,16389000,100010,11496070,100000,100000,10,11396070
102,308882000,309523000,100000,100000,13723000,14364000,263395000,263395000,14364000,14364000,17300000,17300000,31664000,31664000,45487000,46128000,100000,100000,13723000,14364000,0,0,14364000,14364000,17300000,17300000,31664000,31664000,100010,4822060,100000,100000,10,4722060
132,307683000,307895000,100000,100000,14088000,14300000,263395000,263395000,14300000,14300000,15800000,15800000,30100000,30100000,44288000,44500000,100000,100000,14088000,14300000,0,0,14300000,14300000,15800000,15800000,30100000,30100000,100010,5613070,100000,100000,10,5513070
162,317000000,318035000,100000,100000,17100000,17905000,263395000,263395000,17905000,18135000,18500000,18500000,36405000,36635000,53605000,54640000,100000,100000,17100000,17905000,0,0,17905000,18135000,18500000,18500000,36405000,36635000,100010,7694100,100000,100000,10,7594100
192,274195000,274883000,100000,100000,2256000,2944000,263395000,263395000,2944000,2944000,5500000,5500000,8444000,8444000,10800000,11488000,100000,100000,2256000,2944000,0,0,2944000,2944000,5500000,5500000,8444000,8444000,100010,5701140,100000,100000,10,5601140
222,282764000,282964000,100000,100000,607000,662000,263395000,263395000,662000,807000,18000000,18000000,18662000,18807000,19369000,19569000,100000,100000,607000,662000,0,0,662000,807000,18000000,18000000,18662000,18807000,100010,14859090,100000,100000,10,14759090
252,284337000,1339690000,100000,100000,2119000,3892000,263395000,1316975000,2423000,2423000,16300000,16300000,18723000,18723000,20942000,22715000,100000,100000,2119000,3892000,0,0,2423000,2423000,16300000,16300000,18723000,18723000,100010,16110120,100000,100000,10,16010120
282,292312000,826376000,100000,100000,9773000,11175000,263395000,790185000,10944000,17816000,8100000,7100000,19044000,24916000,28917000,36191000,100000,100000,9773000,11175000,0,0,10944000,17816000,8100000,7100000,19044000,24916000,100010,11613110,100000,100000,10,11513110
312,306764000,834824000,100000,100000,12453000,13723000,263395000,790185000,13516000,13516000,17300000,17300000,30816000,30816000,43369000,44639000,100000,100000,12453000,13723000,0,0,13516000,13516000,17300000,17300000,30816000,30816000,100010,14293120,100000,100000,10,14193120
342,269653000,534270000,100000,100000,1929000,2423000,263395000,526790000,1929000,1057000,2300000,3900000,4229000,4957000,6258000,7480000,100000,100000,1929000,2423000,0,0,1929000,1057000,2300000,3900000,4229000,4957000,100010,1367060,100000,100000,10,1267060
372,314644000,843820000,100000,100000,15549000,17100000,263395000,790185000,17100000,18135000,18500000,18300000,35600000,36435000,51249000,53635000,100000,100000,15549000,17100000,0,0,17100000,18135000,18500000,18300000,35600000,36435000,100010,5414080,100000,100000,10,5314080
402,285597000,1085156000,100000,100000,445000,9819000,263395000,1053580000,9757000,9757000,11900000,11900000,21657000,21657000,22202000,31576000,100000,100000,445000,9819000,0,0,9757000,9757000,11900000,11900000,21657000,21657000,100010,1828020,100000,100000,10,1728020
432,270251000,534138000,100000,100000,2778000,2984000,263395000,526790000,2778000,3864000,1200000,400000,3978000,4264000,6856000,7348000,100000,100000,2778000,2984000,0,0,2778000,3864000,1200000,400000,3978000,4264000,100010,1454050,100000,100000,10,1354050
13,280173000,280451000,100000,100000,1200000,1478000,263395000,263395000,1478000,1478000,14000000,14000000,15478000,15478000,16778000,17056000,100000,100000,1200000,1478000,0,0,1478000,1478000,14000000,14000000,15478000,15478000,100010,11948060,100000,100000,10,11848060
43,286911000,287357000,100000,100000,2338000,2778000,263395000,263395000,2778000,2984000,18300000,18100000,21078000,21084000,23516000,23962000,100000,100000,2338000,2778000,0,0,2778000,2984000,18300000,18100000,21078000,21084000,100010,2319070,100000,100000,10,2219070
73,277470000,280990000,100000,100000,1199000,1376000,263395000,263395000,1376000,9819000,11400000,6300000,12776000,16119000,14075000,17595000,100000,100000,1199000,1376000,0,0,1376000,9819000,11400000,6300000,12776000,16119000,100010,13474100,100000,100000,10,13374100
103,292661000,295573000,100000,100000,12983000,13723000,263395000,263395000,12983000,17055000,3200000,1300000,16183000,18355000,29266000,32178000,100000,100000,12983000,13723000,0,0,12983000,17055000,3200000,1300000,16183000,18355000,100010,5346080,100000,100000,10,5246080
133,308531000,309223000,100000,100000,13748000,14088000,263395000,263395000,14088000,14640000,17200000,17000000,31288000,31640000,45136000,45828000,100000,100000,13748000,14088000,0,0,14088000,14640000,17200000,17000000,31288000,31640000,100010,15325120,100000,100000,10,15225120
163,315365000,317130000,100000,100000,16170000,17100000,263395000,263395000,17100000,18135000,18600000,18400000,35700000,36535000,51970000,53735000,100000,100000,16170000,17100000,0,0,17100000,18135000,18600000,18400000,35700000,36535000,100010,6764090,100000,100000,10,6664090
193,287529000,287891000,100000,100000,2256000,2478000,263395000,263395000,2478000,2618000,19300000,19300000,21778000,21918000,24134000,24496000,100000,100000,2256000,2478000,0,0,2478000,2618000,19300000,19300000,21778000,21918000,100010,2369050,100000,100000,10,2269050
223,270241000,274873000,100000,100000,73000,299000,263395000,263395000,73000,10979000,6600000,100000,6673000,11079000,6846000,11478000,100000,100000,73000,299000,0,0,73000,10979000,6600000,100000,6673000,11079000,100010,11152040,100000,100000,10,11052040
253,287029000,551753000,100000,100000,2215000,2919000,263395000,526790000,2919000,3744000,18400000,18200000,21319000,21944000,23634000,24963000,100000,100000,2215000,2919000,0,0,2919000,3744000,18400000,18200000,21319000,21944000,100010,1777010,100000,100000,10,1677010
283,295509000,560840000,100000,100000,9239000,11175000,263395000,526790000,11175000,11175000,11600000,11600000,22775000,22775000,32114000,34050000,100000,100000,9239000,11175000,0,0,11175000,11175000,11600000,11600000,22775000,22775000,100010,100000,100000,100000,10,0
313,310329000,838327000,100000,100000,14364000,15370000,263395000,790185000,15370000,15572000,17100000,17100000,32470000,32672000,46934000,48142000,100000,100000,14364000,15370000,0,0,15370000,15572000,17100000,17100000,32470000,32672000,100010,4853070,100000,100000,10,4753070
343,273449000,539397000,100000,100000,1265000,1689000,263395000,526790000,1689000,10718000,7000000,100000,8689000,10818000,10054000,12607000,100000,100000,1265000,1689000,0,0,1689000,10718000,7000000,100000,8689000,10818000,100010,11193030,100000,100000,10,11093030
373,310654000,841559000,100000,100000,13135000,15624000,263395000,790185000,15624000,17350000,18400000,18300000,34024000,35650000,47259000,51374000,100000,100000,13135000,15624000,0,0,15624000,17350000,18400000,18300000,34024000,35650000,100010,4378060,100000,100000,10,4278060
403,274213000,274270000,100000,100000,10718000,10775000,263395000,263395000,0,0,0,0,0,0,10818000,10875000,100000,100000,10718000,10775000,0,0,0,0,0,0,0,0,100010,100000,100000,100000,10,0
433,266111000,530311000,100000,100000,2616000,3421000,263395000,526790000,0,0,0,0,0,0,2716000,3521000,100000,100000,2616000,3421000,0,0,0,0,0,0,0,0,100010,100000,100000,100000,10,0
14,272201000,279396000,100000,100000,1777000,1929000,263395000,263395000,1929000,13772000,5000000,200000,6929000,13972000,8806000,16001000,100000,100000,1777000,1929000,0,0,1929000,13772000,5000000,200000,6929000,13972000,100010,14943110,100000,100000,10,14843110
44,265435000,265703000,100000,100000,1940000,2208000,263395000,263395000,0,0,0,0,0,0,2040000,2308000,100000,100000,1940000,2208000,0,0,0,0,0,0,0,0,100010,100000,100000,100000,10,0
74,276039000,280413000,100000,100000,845000,1199000,263395000,263395000,1199000,9819000,10500000,5900000,11699000,15719000,12644000,17018000,100000,100000,845000,1199000,0,0,1199000,9819000,10500000,5900000,11699000,15719000,100010,13651110,100000,100000,10,13551110
104,293273000,293733000,100000,100000,13989000,14449000,263395000,263395000,13989000,13989000,1800000,1800000,15789000,15789000,29878000,30338000,100000,100000,13989000,14449000,0,0,13989000,13989000,1800000,1800000,15789000,15789000,100010,185010,100000,100000,10,85010
134,297014000,297839000,100000,100000,12947000,13772000,263395000,263395000,13772000,13772000,6800000,6800000,20572000,20572000,33619000,34444000,100000,100000,12947000,13772000,0,0,13772000,13772000,6800000,6800000,20572000,20572000,100010,13047070,100000,100000,10,12947070
164,271633000,271638000,100000,100000,2719000,2724000,263395000,263395000,2719000,2719000,2700000,2700000,5419000,5419000,8238000,8243000,100000,100000,2719000,2724000,0,0,2719000,2719000,2700000,2700000,5419000,5419000,100010,2218050,100000,100000,10,2118050
194,266439000,267264000,100000,100000,2944000,3769000,263395000,263395000,0,0,0,0,0,0,3044000,3869000,100000,100000,2944000,3769000,0,0,0,0,0,0,0,0,100010,100000,100000,100000,10,0
224,275239000,279959000,100000,100000,299000,845000,263395000,263395000,845000,9819000,10600000,5800000,11445000,15619000,11844000,16564000,100000,100000,299000,845000,0,0,845000,9819000,10600000,5800000,11445000,15619000,100010,14005100,100000,100000,10,13905100
254,307395000,571820000,100000,100000,11785000,12815000,263395000,526790000,12815000,12815000,19300000,19300000,32115000,32115000,44000000,45030000,100000,100000,11785000,12815000,0,0,12815000,12815000,19300000,19300000,32115000,32115000,100010,100000,100000,100000,10,0
284,265200000,529506000,100000,100000,1705000,2616000,263395000,526790000,0,0,0,0,0,0,1805000,2716000,100000,100000,1705000,2616000,0,0,0,0,0,0,0,0,100010,100000,100000,100000,10,0
314,281690000,545761000,100000,100000,445000,950000,263395000,526790000,950000,1221000,16800000,16700000,17750000,17921000,18295000,18971000,100000,100000,445000,950000,0,0,950000,1221000,16800000,16700000,17750000,17921000,100010,2942080,100000,100000,10,2842080
344,273033000,539742000,100000,100000,1469000,1689000,263395000,526790000,1469000,11063000,6600000,100000,8069000,11163000,9638000,12952000,100000,100000,1469000,1689000,0,0,1469000,11063000,6600000,100000,8069000,11163000,100010,11342050,100000,100000,10,11242050
374,310569000,589644000,100000,100000,14625000,15549000,263395000,526790000,15549000,17905000,16900000,29300000,32449000,47205000,47174000,62854000,100000,100000,14625000,15549000,0,0,15549000,17905000,16900000,29300000,32449000,47205000,100010,5625070,100000,100000,10,5525070
404,292718000,557556000,100000,100000,10944000,11257000,263395000,526790000,10979000,18209000,7300000,1200000,18279000,19409000,29323000,30766000,100000,100000,10944000,11257000,0,0,10979000,18209000,7300000,1200000,18279000,19409000,100010,11718060,100000,100000,10,11618060
434,267387000,268075000,100000,100000,3892000,4580000,263395000,263395000,0,0,0,0,0,0,3992000,4680000,100000,100000,3892000,4580000,0,0,0,0,0,0,0,0,100010,100000,100000,100000,10,0
15,284994000,285249000,100000,100000,1522000,1777000,263395000,263395000,1777000,1777000,18200000,18200000,19977000,19977000,21599000,21854000,100000,100000,1522000,1777000,0,0,1777000,1777000,18200000,18200000,19977000,19977000,100010,15513110,100000,100000,10,15413110
45,286878000,287703000,100000,100000,2479000,3304000,263395000,263395000,3304000,3304000,17600000,17600000,20904000,20904000,23483000,24308000,100000,100000,2479000,3304000,0,0,3304000,3304000,17600000,17600000,20904000,20904000,100010,4013120,100000,100000,10,3913120
75,270747000,271258000,100000,100000,978000,1474000,263395000,263395000,1474000,1589000,4800000,4700000,6274000,6289000,7352000,7863000,100000,100000,978000,1474000,0,0,1474000,1589000,4800000,4700000,6274000,6289000,100010,2342050,100000,100000,10,2242050
105,311808000,311893000,100000,100000,14364000,14449000,263395000,263395000,14449000,14449000,19500000,19500000,33949000,33949000,48413000,48498000,100000,100000,14364000,14449000,0,0,14449000,14449000,19500000,19500000,33949000,33949000,100010,5537080,100000,100000,10,5437080
135,266367000,267192000,100000,100000,2872000,3697000,263395000,263395000,0,0,0,0,0,0,2972000,3797000,100000,100000,2872000,3697000,0,0,0,0,0,0,0,0,100010,100000,100000,100000,10,0
165,287937000,288043000,100000,100000,2618000,2724000,263395000,263395000,2724000,2724000,19100000,19100000,21824000,21824000,24542000,24648000,100000,100000,2618000,2724000,0,0,2724000,2724000,19100000,19100000,21824000,21824000,100010,2731070,100000,100000,10,2631070
195,287991000,288131000,100000,100000,2478000,2618000,263395000,263395000,2618000,2618000,19400000,19400000,22018000,22018000,24596000,24736000,100000,100000,2478000,2618000,0,0,2618000,2618000,19400000,19400000,22018000,22018000,100010,2591060,100000,100000,10,2491060
225,283947000,284723000,100000,100000,538000,1314000,263395000,263395000,1314000,1314000,18600000,18600000,19914000,19914000,20552000,21328000,100000,100000,538000,1314000,0,0,1314000,1314000,18600000,18600000,19914000,19914000,100010,100000,100000,100000,10,0
255,275507000,539705000,100000,100000,12012000,12815000,263395000,526790000,0,0,0,0,0,0,12112000,12915000,100000,100000,12012000,12815000,0,0,0,0,0,0,0,0,100010,100000,100000,100000,10,0
285,265252000,793565000,100000,100000,1757000,3280000,263395000,790185000,0,0,0,0,0,0,1857000,3380000,100000,100000,1757000,3280000,0,0,0,0,0,0,0,0,100010,100000,100000,100000,10,0
315,268133000,531799000,100000,100000,950000,1221000,263395000,526790000,1088000,1088000,2600000,2600000,3688000,3688000,4738000,5009000,100000,100000,950000,1221000,0,0,1088000,1088000,2600000,2600000,3688000,3688000,100010,365010,100000,100000,10,265010
345,300549000,828789000,100000,100000,17377000,18827000,263395000,790185000,17377000,17377000,2300000,2300000,19677000,19677000,37154000,38604000,100000,100000,17377000,18827000,0,0,17377000,17377000,2300000,2300000,19677000,19677000,100010,7511100,100000,100000,10,7411100
375,284073000,811343000,100000,100000,1649000,2129000,263395000,790185000,2129000,2129000,16800000,16800000,18929000,18929000,20678000,21158000,100000,100000,1649000,2129000,0,0,2129000,2129000,16800000,16800000,18929000,18929000,100010,15768120,100000,100000,10,15668120
405,264102000,264164000,100000,100000,607000,669000,263395000,263395000,0,0,0,0,0,0,707000,769000,100000,100000,607000,669000,0,0,0,0,0,0,0,0,100010,100000,100000,100000,10,0
435,265710000,794865000,100000,100000,2215000,4580000,263395000,790185000,0,0,0,0,0,0,2315000,4680000,100000,100000,2215000,4580000,0,0,0,0,0,0,0,0,100010,100000,100000,100000,10,0
16,287436000,288033000,100000,100000,1522000,2119000,263395000,263395000,2119000,2119000,20300000,20300000,22419000,22419000,24041000,24638000,100000,100000,1522000,2119000,0,0,2119000,2119000,20300000,20300000,22419000,22419000,100010,15513110,100000,100000,10,15413110
46,274157000,274480000,100000,100000,2981000,3304000,263395000,263395000,2981000,2981000,4700000,4700000,7681000,7681000,10762000,11085000,100000,100000,2981000,3304000,0,0,2981000,2981000,4700000,4700000,7681000,7681000,100010,3543090,100000,100000,10,3443090
76,281243000,281358000,100000,100000,1474000,1589000,263395000,263395000,1474000,1474000,14800000,14800000,16274000,16274000,17848000,17963000,100000,100000,1474000,1589000,0,0,1474000,1474000,14800000,14800000,16274000,16274000,100010,11746060,100000,100000,10,11646060
106,309432000,310041000,100000,100000,14364000,14973000,263395000,263395000,14973000,14973000,16600000,16600000,31573000,31573000,46037000,46646000,100000,100000,14364000,14973000,0,0,14973000,14973000,16600000,16600000,31573000,31573000,100010,4928080,100000,100000,10,4828080
136,279129000,279333000,100000,100000,1265000,1469000,263395000,263395000,1469000,1469000,12900000,12900000,14369000,14369000,15734000,15938000,100000,100000,1265000,1469000,0,0,1469000,1469000,12900000,12900000,14369000,14369000,100010,12081060,100000,100000,10,11981060
166,285161000,285833000,100000,100000,2047000,2719000,263395000,263395000,2719000,2719000,16900000,16900000,19619000,19619000,21766000,22438000,100000,100000,2047000,2719000,0,0,2719000,2719000,16900000,16900000,19619000,19619000,100010,2162070,100000,100000,10,2062070
196,280964000,281393000,100000,100000,1220000,1649000,263395000,263395000,1649000,1649000,14600000,14600000,16249000,16249000,17569000,17998000,100000,100000,1220000,1649000,0,0,1649000,1649000,14600000,14600000,16249000,16249000,100010,15472140,100000,100000,10,15372140
226,278172000,291614000,100000,100000,538000,9239000,263395000,263395000,9239000,14780000,4900000,4100000,14139000,18880000,14777000,28219000,100000,100000,538000,9239000,0,0,9239000,14780000,4900000,4100000,14139000,18880000,100010,5641100,100000,100000,10,5541100
256,302388000,848079000,100000,100000,11208000,11785000,263395000,790185000,11785000,18209000,15900000,27800000,27685000,46009000,38993000,57894000,100000,100000,11208000,11785000,0,0,11785000,18209000,15900000,27800000,27685000,46009000,100010,6524090,100000,100000,10,6424090
286,267329000,795413000,100000,100000,1220000,2514000,263395000,790185000,2514000,2514000,100000,100000,2614000,2614000,3934000,5228000,100000,100000,1220000,2514000,0,0,2514000,2514000,100000,100000,2614000,2614000,100010,100000,100000,100000,10,0
316,267741000,531534000,100000,100000,823000,1221000,263395000,526790000,823000,823000,2600000,2600000,3423000,3423000,4346000,4744000,100000,100000,823000,1221000,0,0,823000,823000,2600000,2600000,3423000,3423000,100010,371010,100000,100000,10,271010
346,303309000,567008000,100000,100000,17905000,18209000,263395000,526790000,18209000,18209000,3700000,3700000,21909000,21909000,39914000,40218000,100000,100000,17905000,18209000,0,0,18209000,18209000,3700000,3700000,21909000,21909000,100010,8499110,100000,100000,10,8399110
376,279062000,542668000,100000,100000,1478000,1689000,263395000,526790000,1689000,1689000,12400000,12400000,14089000,14089000,15667000,15878000,100000,100000,1478000,1689000,0,0,1689000,1689000,12400000,12400000,14089000,14089000,100010,12226070,100000,100000,10,12126070
406,282256000,1076970000,100000,100000,299000,915000,263395000,1053580000,662000,10475000,17800000,11900000,18462000,22375000,18861000,23390000,100000,100000,299000,915000,0,0,662000,10475000,17800000,11900000,18462000,22375000,100010,14551090,100000,100000,10,14451090
436,266352000,266774000,100000,100000,2857000,3279000,263395000,263395000,0,0,0,0,0,0,2957000,3379000,100000,100000,2857000,3279000,0,0,0,0,0,0,0,0,100010,100000,100000,100000,10,0
17,284529000,284625000,100000,100000,2119000,2215000,263395000,263395000,2215000,2215000,16700000,16700000,18915000,18915000,21134000,21230000,100000,100000,2119000,2215000,0,0,2215000,2215000,16700000,16700000,18915000,18915000,100010,16110120,100000,100000,10,16010120
47,265270000,265435000,100000,100000,1775000,1940000,263395000,263395000,0,0,0,0,0,0,1875000,2040000,100000,100000,1775000,1940000,0,0,0,0,0,0,0,0,100010,100000,100000,100000,10,0
77,280981000,291121000,100000,100000,1376000,9310000,263395000,263395000,9310000,17816000,6800000,500000,16110000,18316000,17586000,27726000,100000,100000,1376000,9310000,0,0,9310000,17816000,6800000,500000,16110000,18316000,100010,8606010,100000,100000,10,8506010
107,296255000,296545000,100000,100000,14780000,14973000,263395000,263395000,14780000,17377000,3200000,700000,17980000,18077000,32860000,33150000,100000,100000,14780000,14973000,0,0,14780000,17377000,3200000,700000,17980000,18077000,100010,5250060,100000,100000,10,5150060
137,279364000,279525000,100000,100000,1104000,1265000,263395000,263395000,1265000,1265000,13500000,13500000,14765000,14765000,15969000,16130000,100000,100000,1104000,1265000,0,0,1265000,1265000,13500000,13500000,14765000,14765000,100010,11920050,100000,100000,10,11820050
167,291056000,291455000,100000,100000,3881000,4280000,263395000,263395000,4280000,4280000,19400000,19400000,23680000,23680000,27661000,28060000,100000,100000,3881000,4280000,0,0,4280000,4280000,19400000,19400000,23680000,23680000,100010,2071030,100000,100000,10,1971030
197,281972000,282135000,100000,100000,1057000,1220000,263395000,263395000,1220000,1220000,16200000,16200000,17420000,17420000,18577000,18740000,100000,100000,1057000,1220000,0,0,1220000,1220000,16200000,16200000,17420000,17420000,100010,15309130,100000,100000,10,15209130
227,272323000,283265000,100000,100000,538000,790000,263395000,263395000,790000,14780000,7500000,4200000,8290000,18980000,8928000,19870000,100000,100000,538000,790000,0,0,790000,14780000,7500000,4200000,8290000,18980000,100010,14342090,100000,100000,10,14242090
257,303066000,1112503000,100000,100000,11585000,12614000,263395000,1053580000,12486000,18209000,15500000,28000000,27986000,46209000,39671000,58923000,100000,100000,11585000,12614000,0,0,12486000,18209000,15500000,28000000,27986000,46209000,100010,5823080,100000,100000,10,5723080
287,287016000,551322000,100000,100000,1705000,2616000,263395000,526790000,2616000,2616000,19200000,19200000,21816000,21816000,23621000,24532000,100000,100000,1705000,2616000,0,0,2616000,2616000,19200000,19200000,21816000,21816000,100010,100000,100000,100000,10,0
317,282019000,545866000,100000,100000,636000,1088000,263395000,526790000,1088000,1088000,16800000,16800000,17888000,17888000,18624000,19076000,100000,100000,636000,1088000,0,0,1088000,1088000,16800000,16800000,17888000,17888000,100010,291010,100000,100000,10,191010
347,315114000,578644000,100000,100000,17242000,17377000,263395000,526790000,17377000,17377000,17000000,17000000,34377000,34377000,51719000,51854000,100000,100000,17242000,17377000,0,0,17377000,17377000,17000000,17000000,34377000,34377000,100010,8242100,100000,100000,10,8142100
377,272102000,536074000,100000,100000,915000,1492000,263395000,526790000,1492000,1492000,6200000,6200000,7692000,7692000,8707000,9284000,100000,100000,915000,1492000,0,0,1492000,1492000,6200000,6200000,7692000,7692000,100010,100000,100000,100000,10,0
407,275975000,811705000,100000,100000,73000,845000,263395000,790185000,607000,10475000,11800000,10100000,12407000,20575000,12580000,21520000,100000,100000,73000,845000,0,0,607000,10475000,11800000,10100000,12407000,20575000,100010,14005100,100000,100000,10,13905100
437,265918000,530169000,100000,100000,2423000,3279000,263395000,526790000,0,0,0,0,0,0,2523000,3379000,100000,100000,2423000,3279000,0,0,0,0,0,0,0,0,100010,100000,100000,100000,10,0
18,282458000,283283000,100000,100000,2119000,2944000,263395000,263395000,2944000,2944000,13900000,13900000,16844000,16844000,19063000,19888000,100000,100000,2119000,2944000,0,0,2944000,2944000,13900000,13900000,16844000,16844000,100010,1791060,100000,100000,10,1691060
48,288192000,294328000,100000,100000,1775000,2322000,263395000,263395000,2322000,3711000,20600000,24800000,22922000,28511000,24797000,30933000,100000,100000,1775000,2322000,0,0,2322000,3711000,20600000,24800000,22922000,28511000,100010,3804140,100000,100000,10,3704140
78,280910000,288773000,100000,100000,1376000,9239000,263395000,263395000,9239000,9239000,6800000,6800000,16039000,16039000,17515000,25378000,100000,100000,1376000,9239000,0,0,9239000,9239000,6800000,6800000,16039000,16039000,100010,5202090,100000,100000,10,5102090
108,281631000,282207000,100000,100000,445000,791000,263395000,263395000,791000,1221000,16900000,16700000,17691000,17921000,18236000,18812000,100000,100000,445000,791000,0,0,791000,1221000,16900000,16700000,17691000,17921000,100010,3101090,100000,100000,10,3001090
138,290267000,290731000,100000,100000,1104000,1568000,263395000,263395000,1568000,1568000,24100000,24100000,25668000,25668000,26872000,27336000,100000,100000,1104000,1568000,0,0,1568000,1568000,24100000,24100000,25668000,25668000,100010,10485020,100000,100000,10,10385020
168,272379000,272767000,100000,100000,3892000,4280000,263395000,263395000,3892000,3892000,1100000,1100000,4992000,4992000,8984000,9372000,100000,100000,3892000,4280000,0,0,3892000,3892000,1100000,1100000,4992000,4992000,100010,2470040,100000,100000,10,2370040
198,294377000,296052000,100000,100000,14341000,14780000,263395000,263395000,14341000,17377000,2200000,400000,16541000,17777000,30982000,32657000,100000,100000,14341000,14780000,0,0,14341000,17377000,2200000,400000,16541000,17777000,100010,5888080,100000,100000,10,5788080
228,276995000,278474000,100000,100000,0,538000,263395000,263395000,0,14341000,13500000,100000,13500000,14441000,13600000,15079000,100000,100000,0,538000,0,0,0,14341000,13500000,100000,13500000,14441000,100010,13903080,100000,100000,10,13803080
258,307706000,855665000,100000,100000,12486000,14625000,263395000,790185000,14625000,17055000,17100000,33700000,31725000,50755000,44311000,65480000,100000,100000,12486000,14625000,0,0,14625000,17055000,17100000,33700000,31725000,50755000,100010,3790050,100000,100000,10,3690050
288,280983000,544768000,100000,100000,1199000,1589000,263395000,526790000,1589000,1589000,14700000,14700000,16289000,16289000,17588000,17978000,100000,100000,1199000,1589000,0,0,1589000,1589000,14700000,14700000,16289000,16289000,100010,11273060,100000,100000,10,11173060
318,281563000,545501000,100000,100000,445000,823000,263395000,526790000,823000,1088000,16800000,16700000,17623000,17788000,18168000,18711000,100000,100000,445000,823000,0,0,823000,1088000,16800000,16700000,17623000,17788000,100010,446010,100000,100000,10,346010
348,314573000,578908000,100000,100000,17269000,18209000,263395000,526790000,18209000,18209000,15600000,15600000,33809000,33809000,51178000,52118000,100000,100000,17269000,18209000,0,0,18209000,18209000,15600000,15600000,33809000,33809000,100010,6571100,100000,100000,10,6471100
378,286220000,813788000,100000,100000,1478000,2256000,263395000,790185000,2047000,2047000,19200000,19200000,21247000,21247000,22825000,23603000,100000,100000,1478000,2256000,0,0,2047000,2047000,19200000,19200000,21247000,21247000,100010,12226070,100000,100000,10,12126070
408,275393000,543708000,100000,100000,299000,1199000,263395000,526790000,1199000,9819000,10400000,5800000,11599000,15619000,11998000,16918000,100000,100000,299000,1199000,0,0,1199000,9819000,10400000,5800000,11599000,15619000,100010,13651110,100000,100000,10,13551110
438,270153000,797799000,100000,100000,2129000,2857000,263395000,790185000,2129000,1057000,2400000,3600000,4529000,4657000,6758000,7614000,100000,100000,2129000,2857000,0,0,2129000,1057000,2400000,3600000,4529000,4657000,100010,1846030,100000,100000,10,1746030
19,286033000,286241000,100000,100000,2215000,2423000,263395000,263395000,2423000,2423000,17900000,17900000,20323000,20323000,22638000,22846000,100000,100000,2215000,2423000,0,0,2423000,2423000,17900000,17900000,20323000,20323000,100010,16206130,100000,100000,10,16106130
49,284612000,286044000,100000,100000,1642000,1775000,263395000,263395000,1775000,3474000,17700000,17300000,19475000,20774000,21217000,22649000,100000,100000,1642000,1775000,0,0,1775000,3474000,17700000,17300000,19475000,20774000,100010,3671130,100000,100000,10,3571130
79,266487000,266823000,100000,100000,978000,1314000,263395000,263395000,1314000,1314000,700000,700000,2014000,2014000,3092000,3428000,100000,100000,978000,1314000,0,0,1314000,1314000,700000,700000,2014000,2014000,100010,1538050,100000,100000,10,1438050
109,282136000,282466000,100000,100000,791000,950000,263395000,263395000,950000,1221000,16900000,16800000,17850000,18021000,18741000,19071000,100000,100000,791000,950000,0,0,950000,1221000,16900000,16800000,17850000,18021000,100010,2942080,100000,100000,10,2842080
139,264599000,264894000,100000,100000,1104000,1399000,263395000,263395000,0,0,0,0,0,0,1204000,1499000,100000,100000,1104000,1399000,0,0,0,0,0,0,0,0,100010,100000,100000,100000,10,0
169,290565000,291150000,100000,100000,3905000,4065000,263395000,263395000,4065000,4490000,19100000,19100000,23165000,23590000,27170000,27755000,100000,100000,3905000,4065000,0,0,4065000,4490000,19100000,19100000,23165000,23590000,100010,525030,100000,100000,10,425030
199,273252000,273288000,100000,100000,9757000,9793000,263395000,263395000,0,0,0,0,0,0,9857000,9893000,100000,100000,9757000,9793000,0,0,0,0,0,0,0,0,100010,100000,100000,100000,10,0
229,264545000,265136000,100000,100000,1050000,1641000,263395000,263395000,0,0,0,0,0,0,1150000,1741000,100000,100000,1050000,1641000,0,0,0,0,0,0,0,0,100010,100000,100000,100000,10,0
259,303415000,587234000,100000,100000,11785000,13135000,263395000,526790000,13135000,18209000,15000000,29000000,28135000,47209000,40020000,60444000,100000,100000,11785000,13135000,0,0,13135000,18209000,15000000,29000000,28135000,47209000,100010,5174070,100000,100000,10,5074070
289,284562000,811929000,100000,100000,845000,1422000,263395000,790185000,1422000,1422000,18800000,18800000,20222000,20222000,21167000,21744000,100000,100000,845000,1422000,0,0,1422000,1422000,18800000,18800000,20222000,20222000,100010,13474100,100000,100000,10,13374100
319,278432000,542874000,100000,100000,445000,1492000,263395000,526790000,1492000,1492000,13000000,13000000,14492000,14492000,15037000,16084000,100000,100000,445000,1492000,0,0,1492000,1492000,13000000,13000000,14492000,14492000,100010,11261040,100000,100000,10,11161040
349,313861000,842377000,100000,100000,15624000,17350000,263395000,790185000,17242000,17242000,17500000,17500000,34742000,34742000,50466000,52192000,100000,100000,15624000,17350000,0,0,17242000,17242000,17500000,17500000,34742000,34742000,100010,6867080,100000,100000,10,6767080
379,284939000,812373000,100000,100000,1200000,1844000,263395000,790185000,1844000,1844000,18400000,18400000,20244000,20244000,21544000,22188000,100000,100000,1200000,1844000,0,0,1844000,1844000,18400000,18400000,20244000,20244000,100010,11948060,100000,100000,10,11848060
409,289209000,1879398000,100000,100000,0,9819000,263395000,1843765000,1314000,1314000,24400000,24400000,25714000,25714000,25814000,35633000,100000,100000,0,9819000,0,0,1314000,1314000,24400000,24400000,25714000,25714000,100010,5472080,100000,100000,10,5372080
439,272805000,544706000,100000,100000,9310000,17816000,263395000,526790000,0,0,0,0,0,0,9410000,17916000,100000,100000,9310000,17816000,0,0,0,0,0,0,0,0,100010,100000,100000,100000,10,0
20,288002000,289679000,100000,100000,2215000,3892000,263395000,263395000,3892000,3892000,18400000,18400000,22292000,22292000,24607000,26284000,100000,100000,2215000,3892000,0,0,3892000,3892000,18400000,18400000,22292000,22292000,100010,804020,100000,100000,10,704020
50,287374000,287909000,100000,100000,2322000,2857000,263395000,263395000,2857000,2857000,18700000,18700000,21557000,21557000,23979000,24514000,100000,100000,2322000,2857000,0,0,2857000,2857000,18700000,18700000,21557000,21557000,100010,3622120,100000,100000,10,3522120
80,279076000,279901000,100000,100000,978000,1803000,263395000,263395000,1803000,1803000,12800000,12800000,14603000,14603000,15681000,16506000,100000,100000,978000,1803000,0,0,1803000,1803000,12800000,12800000,14603000,14603000,100010,13774080,100000,100000,10,13674080
110,268371000,268504000,100000,100000,1088000,1221000,263395000,263395000,1088000,1088000,2700000,2700000,3788000,3788000,4976000,5109000,100000,100000,1088000,1221000,0,0,1088000,1088000,2700000,2700000,3788000,3788000,100010,552020,100000,100000,10,452020
140,277544000,278203000,100000,100000,445000,1104000,263395000,263395000,1104000,1104000,12500000,12500000,13604000,13604000,14149000,14808000,100000,100000,445000,1104000,0,0,1104000,1104000,12500000,12500000,13604000,13604000,100010,11261040,100000,100000,10,11161040
170,290880000,291305000,100000,100000,4065000,4120000,263395000,263395000,4120000,4490000,19200000,19200000,23320000,23690000,27485000,27910000,100000,100000,4065000,4120000,0,0,4120000,4490000,19200000,19200000,23320000,23690000,100010,1295030,100000,100000,10,1195030
200,291576000,293199000,100000,100000,10818000,11063000,263395000,263395000,11063000,14341000,6200000,4300000,17263000,18641000,28181000,29804000,100000,100000,10818000,11063000,0,0,11063000,14341000,6200000,4300000,17263000,18641000,100010,13432060,100000,100000,10,13332060
230,283990000,284595000,100000,100000,445000,1050000,263395000,263395000,1050000,1050000,19000000,19000000,20050000,20050000,20595000,21200000,100000,100000,445000,1050000,0,0,1050000,1050000,19000000,19000000,20050000,20050000,100010,14284060,100000,100000,10,14184060
260,275280000,803233000,100000,100000,11785000,12948000,263395000,790185000,0,0,0,0,0,0,11885000,13048000,100000,100000,11785000,12948000,0,0,0,0,0,0,0,0,100010,100000,100000,100000,10,0
290,270762000,534768000,100000,100000,978000,1589000,263395000,526790000,1589000,1589000,4700000,4700000,6289000,6289000,7367000,7978000,100000,100000,978000,1589000,0,0,1589000,1589000,4700000,4700000,6289000,6289000,100010,2342050,100000,100000,10,2242050
320,266060000,529974000,100000,100000,973000,1492000,263395000,526790000,1492000,1492000,100000,100000,1592000,1592000,2665000,3184000,100000,100000,973000,1492000,0,0,1492000,1492000,100000,100000,1592000,1592000,100010,100000,100000,100000,10,0
350,315219000,578828000,100000,100000,17055000,17269000,263395000,526790000,17269000,17269000,17400000,17400000,34669000,34669000,51824000,52038000,100000,100000,17055000,17269000,0,0,17269000,17269000,17400000,17400000,34669000,34669000,100010,8298090,100000,100000,10,8198090
380,267264000,267463000,100000,100000,3769000,3968000,263395000,263395000,0,0,0,0,0,0,3869000,4068000,100000,100000,3769000,3968000,0,0,0,0,0,0,0,0,100010,100000,100000,100000,10,0
410,272243000,803167000,100000,100000,445000,1803000,263395000,790185000,1803000,10979000,6500000,100000,8303000,11079000,8848000,12982000,100000,100000,445000,1803000,0,0,1803000,10979000,6500000,100000,8303000,11079000,100010,10634020,100000,100000,10,10534020
440,298050000,1096812000,100000,100000,9239000,17816000,263395000,1053580000,17816000,17816000,7500000,7500000,25316000,25316000,34655000,43232000,100000,100000,9239000,17816000,0,0,17816000,17816000,7500000,7500000,25316000,25316000,100010,11079110,100000,100000,10,10979110
21,287498000,287927000,100000,100000,2215000,2488000,263395000,263395000,2488000,3744000,19300000,18200000,21788000,21944000,24103000,24532000,100000,100000,2215000,2488000,0,0,2488000,3744000,19300000,18200000,21788000,21944000,100010,1777010,100000,100000,10,1677010
51,286890000,294779000,100000,100000,2322000,2473000,263395000,263395000,2473000,3711000,18600000,25100000,21073000,28811000,23495000,31384000,100000,100000,2322000,2473000,0,0,2473000,3711000,18600000,25100000,21073000,28811000,100010,4351150,100000,100000,10,4251150
81,289611000,290051000,100000,100000,538000,978000,263395000,263395000,978000,978000,24600000,24600000,25578000,25578000,26216000,26656000,100000,100000,538000,978000,0,0,978000,978000,24600000,24600000,25578000,25578000,100010,13334070,100000,100000,10,13234070
111,284966000,285237000,100000,100000,950000,1221000,263395000,263395000,1221000,1221000,19300000,19300000,20521000,20521000,21571000,21842000,100000,100000,950000,1221000,0,0,1221000,1221000,19300000,19300000,20521000,20521000,100010,605020,100000,100000,10,505020
141,280628000,281453000,100000,100000,1654000,2479000,263395000,263395000,2479000,2479000,13000000,13000000,15479000,15479000,17233000,18058000,100000,100000,1654000,2479000,0,0,2479000,2479000,13000000,13000000,15479000,15479000,100010,2361080,100000,100000,10,2261080
171,291655000,291875000,100000,100000,4270000,4490000,263395000,263395000,4490000,4490000,19400000,19400000,23890000,23890000,28260000,28480000,100000,100000,4270000,4490000,0,0,4490000,4490000,19400000,19400000,23890000,23890000,100010,925010,100000,100000,10,825010
201,298431000,298531000,100000,100000,10718000,10818000,263395000,263395000,10818000,10818000,13400000,13400000,24218000,24218000,35036000,35136000,100000,100000,10718000,10818000,0,0,10818000,10818000,13400000,13400000,24218000,24218000,100010,13677050,100000,100000,10,13577050
231,282975000,283120000,100000,100000,662000,718000,263395000,263395000,718000,807000,18100000,18100000,18818000,18907000,19580000,19725000,100000,100000,662000,718000,0,0,718000,807000,18100000,18100000,18818000,18907000,100010,14914100,100000,100000,10,14814100
261,276109000,276443000,100000,100000,12614000,12948000,263395000,263395000,0,0,0,0,0,0,12714000,13048000,100000,100000,12614000,12948000,0,0,0,0,0,0,0,0,100010,100000,100000,100000,10,0
291,281091000,544653000,100000,100000,1422000,1589000,263395000,526790000,1474000,1474000,14700000,14700000,16174000,16174000,17696000,17863000,100000,100000,1422000,1589000,0,0,1474000,1474000,14700000,14700000,16174000,16174000,100010,11496070,100000,100000,10,11396070
321,284627000,1348663000,100000,100000,607000,11063000,263395000,1316975000,1225000,1225000,19300000,19300000,20525000,20525000,21232000,31688000,100000,100000,607000,11063000,0,0,1225000,1225000,19300000,19300000,20525000,20525000,100010,4499140,100000,100000,10,4399140
351,313042000,843090000,100000,100000,14625000,17055000,263395000,790185000,16422000,17350000,18500000,18400000,34922000,35750000,49647000,52905000,100000,100000,14625000,17055000,0,0,16422000,17350000,18500000,18400000,34922000,35750000,100010,5868070,100000,100000,10,5768070
381,287511000,815329000,100000,100000,1844000,2872000,263395000,790185000,2872000,2872000,19300000,19300000,22172000,22172000,24116000,25144000,100000,100000,1844000,2872000,0,0,2872000,2872000,19300000,19300000,22172000,22172000,100010,12592080,100000,100000,10,12492080
411,282820000,546415000,100000,100000,607000,718000,263395000,526790000,718000,807000,18000000,18000000,18718000,18807000,19425000,19625000,100000,100000,607000,718000,0,0,718000,807000,18000000,18000000,18718000,18807000,100010,14859090,100000,100000,10,14759090
22,307722000,308525000,100000,100000,12012000,12815000,263395000,263395000,12815000,12815000,19400000,19400000,32215000,32215000,44327000,45130000,100000,100000,12012000,12815000,0,0,12815000,12815000,19400000,19400000,32215000,32215000,100010,327010,100000,100000,10,227010
52,284036000,285811000,100000,100000,1299000,1642000,263395000,263395000,1642000,3474000,17600000,17200000,19242000,20674000,20641000,22416000,100000,100000,1299000,1642000,0,0,1642000,3474000,17600000,17200000,19242000,20674000,100010,3328120,100000,100000,10,3228120
82,288624000,288943000,100000,100000,3155000,3474000,263395000,263395000,3474000,3474000,18500000,18500000,21974000,21974000,25229000,25548000,100000,100000,3155000,3474000,0,0,3474000,3474000,18500000,18500000,21974000,21974000,100010,4455140,100000,100000,10,4355140
112,282306000,282571000,100000,100000,823000,1088000,263395000,263395000,1088000,1088000,16900000,16900000,17988000,17988000,18911000,19176000,100000,100000,823000,1088000,0,0,1088000,1088000,16900000,16900000,17988000,17988000,100010,537020,100000,100000,10,437020
142,284047000,284263000,100000,100000,1568000,1784000,263395000,263395000,1784000,1784000,17200000,17200000,18984000,18984000,20652000,20868000,100000,100000,1568000,1784000,0,0,1784000,1784000,17200000,17200000,18984000,18984000,100010,3726080,100000,100000,10,3626080
172,291185000,291555000,100000,100000,4120000,4270000,263395000,263395000,4270000,4490000,19300000,19300000,23570000,23790000,27790000,28160000,100000,100000,4120000,4270000,0,0,4270000,4490000,19300000,19300000,23570000,23790000,100010,1145020,100000,100000,10,1045020
202,273048000,276377000,100000,100000,1050000,1803000,263395000,263395000,1803000,10979000,6700000,100000,8503000,11079000,9653000,12982000,100000,100000,1050000,1803000,0,0,1803000,10979000,6700000,100000,8503000,11079000,100010,11239030,100000,100000,10,11139030
232,283220000,283309000,100000,100000,718000,807000,263395000,263395000,807000,807000,18200000,18200000,19007000,19007000,19825000,19914000,100000,100000,718000,807000,0,0,807000,807000,18200000,18200000,19007000,19007000,100010,14970110,100000,100000,10,14870110
262,302390000,568423000,100000,100000,11742000,12453000,263395000,526790000,12453000,14780000,14700000,14300000,27153000,29080000,38995000,41633000,100000,100000,11742000,12453000,0,0,12453000,14780000,14700000,14300000,27153000,29080000,100010,13582110,100000,100000,10,13482110
292,280504000,815714000,100000,100000,1199000,9310000,263395000,790185000,9310000,9819000,6500000,6300000,15810000,16119000,17109000,25529000,100000,100000,1199000,9310000,0,0,9310000,9819000,6500000,6300000,15810000,16119000,100010,5202090,100000,100000,10,5102090
322,285099000,812593000,100000,100000,950000,1654000,263395000,790185000,1654000,1654000,19000000,19000000,20654000,20654000,21704000,22408000,100000,100000,950000,1654000,0,0,1654000,1654000,19000000,19000000,20654000,20654000,100010,2979110,100000,100000,10,2879110
352,314969000,580090000,100000,100000,15624000,17350000,263395000,526790000,17350000,17350000,18500000,18500000,35850000,35850000,51574000,53300000,100000,100000,15624000,17350000,0,0,17350000,17350000,18500000,18500000,35850000,35850000,100010,4427050,100000,100000,10,4327050
382,287017000,815047000,100000,100000,1844000,2944000,263395000,790185000,2478000,2618000,19200000,19200000,21678000,21818000,23622000,24862000,100000,100000,1844000,2944000,0,0,2478000,2618000,19200000,19200000,21678000,21818000,100010,5289130,100000,100000,10,5189130
412,283064000,546604000,100000,100000,662000,807000,263395000,526790000,807000,807000,18100000,18100000,18907000,18907000,19669000,19814000,100000,100000,662000,807000,0,0,807000,807000,18100000,18100000,18907000,18907000,100010,14914100,100000,100000,10,14814100
23,306792000,307622000,100000,100000,11785000,12012000,263395000,263395000,12012000,12815000,19500000,19300000,31512000,32115000,43397000,44227000,100000,100000,11785000,12012000,0,0,12012000,12815000,19500000,19300000,31512000,32115000,100010,929010,100000,100000,10,829010
53,300524000,300979000,100000,100000,11287000,11742000,263395000,263395000,11742000,11742000,14000000,14000000,25742000,25742000,37129000,37584000,100000,100000,11287000,11742000,0,0,11742000,11742000,14000000,14000000,25742000,25742000,100010,13127100,100000,100000,10,13027100
83,288507000,288805000,100000,100000,2857000,3155000,263395000,263395000,3155000,3155000,19000000,19000000,22155000,22155000,25112000,25410000,100000,100000,2857000,3155000,0,0,3155000,3155000,19000000,19000000,22155000,22155000,100010,4157130,100000,100000,10,4057130
113,281854000,282206000,100000,100000,636000,823000,263395000,263395000,823000,1088000,16900000,16800000,17723000,17888000,18459000,18811000,100000,100000,636000,823000,0,0,823000,1088000,16900000,16800000,17723000,17888000,100010,637020,100000,100000,10,537020
143,273058000,273753000,100000,100000,1784000,2479000,263395000,263395000,2479000,2479000,5300000,5300000,7779000,7779000,9663000,10358000,100000,100000,1784000,2479000,0,0,2479000,2479000,5300000,5300000,7779000,7779000,100010,3188110,100000,100000,10,3088110
173,290908000,291733000,100000,100000,3744000,4569000,263395000,263395000,4569000,4569000,19100000,19100000,23669000,23669000,27513000,28338000,100000,100000,3744000,4569000,0,0,4569000,4569000,19100000,19100000,23669000,23669000,100010,1629020,100000,100000,10,1529020
203,266712000,267201000,100000,100000,1314000,1803000,263395000,263395000,1803000,1803000,100000,100000,1903000,1903000,3317000,3806000,100000,100000,1314000,1803000,0,0,1803000,1803000,100000,100000,1903000,1903000,100010,100000,100000,100000,10,0
233,281559000,281872000,100000,100000,807000,1057000,263395000,263395000,1057000,1220000,16200000,16100000,17257000,17320000,18164000,18477000,100000,100000,807000,1057000,0,0,1057000,1220000,16200000,16100000,17257000,17320000,100010,15059120,100000,100000,10,14959120
263,307675000,1098810000,100000,100000,12033000,12983000,263395000,1053580000,12947000,12947000,19200000,19200000,32147000,32147000,44280000,45230000,100000,100000,12033000,12983000,0,0,12947000,12947000,19200000,19200000,32147000,32147000,100010,13873120,100000,100000,10,13773120
293,278536000,1069986000,100000,100000,538000,1803000,263395000,1053580000,1803000,1803000,12700000,12700000,14503000,14503000,15141000,16406000,100000,100000,538000,1803000,0,0,1803000,1803000,12700000,12700000,14503000,14503000,100010,13334070,100000,100000,10,13234070
323,284707000,827906000,100000,100000,791000,1299000,263395000,790185000,1221000,2322000,19200000,34000000,20421000,36322000,21312000,37721000,100000,100000,791000,1299000,0,0,1221000,2322000,19200000,34000000,20421000,36322000,100010,2820100,100000,100000,10,2720100
353,317230000,581660000,100000,100000,17100000,18135000,263395000,526790000,18135000,18135000,18500000,18500000,36635000,36635000,53835000,54870000,100000,100000,17100000,18135000,0,0,18135000,18135000,18500000,18500000,36635000,36635000,100010,7694100,100000,100000,10,7594100
383,266439000,530858000,100000,100000,2944000,3968000,263395000,526790000,0,0,0,0,0,0,3044000,4068000,100000,100000,2944000,3968000,0,0,0,0,0,0,0,0,100010,100000,100000,100000,10,0
413,281370000,545167000,100000,100000,718000,1057000,263395000,526790000,1057000,1220000,16100000,16000000,17157000,17220000,17975000,18377000,100000,100000,718000,1057000,0,0,1057000,1220000,16100000,16000000,17157000,17220000,100010,14970110,100000,100000,10,14870110
24,289124000,289325000,100000,100000,12614000,12815000,263395000,263395000,12815000,12815000,200000,200000,13015000,13015000,25729000,25930000,100000,100000,12614000,12815000,0,0,12815000,12815000,200000,200000,13015000,13015000,100010,100000,100000,100000,10,0
54,274439000,275026000,100000,100000,10944000,11531000,263395000,263395000,0,0,0,0,0,0,11044000,11631000,100000,100000,10944000,11531000,0,0,0,0,0,0,0,0,100010,100000,100000,100000,10,0
84,270736000,270863000,100000,100000,2857000,2984000,263395000,263395000,2984000,2984000,1400000,1400000,4384000,4384000,7341000,7468000,100000,100000,2857000,2984000,0,0,2984000,2984000,1400000,1400000,4384000,4384000,100010,2628050,100000,100000,10,2528050
114,283876000,284067000,100000,100000,445000,636000,263395000,263395000,636000,636000,19300000,19300000,19936000,19936000,20481000,20672000,100000,100000,445000,636000,0,0,636000,636000,19300000,19300000,19936000,19936000,100010,605020,100000,100000,10,505020
144,272860000,277211000,100000,100000,1568000,3697000,263395000,263395000,3697000,9819000,4100000,200000,7797000,10019000,9465000,13816000,100000,100000,1568000,3697000,0,0,3697000,9819000,4100000,200000,7797000,10019000,100010,10949030,100000,100000,10,10849030
174,273549000,273733000,100000,100000,4385000,4569000,263395000,263395000,4569000,4569000,1100000,1100000,5669000,5669000,10154000,10338000,100000,100000,4385000,4569000,0,0,4569000,4569000,1100000,1100000,5669000,5669000,100010,1350030,100000,100000,10,1250030
204,301656000,302481000,100000,100000,10718000,11543000,263395000,263395000,11543000,11543000,15900000,15900000,27443000,27443000,38261000,39086000,100000,100000,10718000,11543000,0,0,11543000,11543000,15900000,15900000,27443000,27443000,100010,12295080,100000,100000,10,12195080
234,280845000,281238000,100000,100000,17350000,17743000,263395000,263395000,0,0,0,0,0,0,17450000,17843000,100000,100000,17350000,17743000,0,0,0,0,0,0,0,0,100010,100000,100000,100000,10,0
264,286437000,550266000,100000,100000,1904000,2338000,263395000,526790000,2338000,2338000,18700000,18700000,21038000,21038000,23042000,23476000,100000,100000,1904000,2338000,0,0,2338000,2338000,18700000,18700000,21038000,21038000,100010,1885050,100000,100000,10,1785050
294,288226000,552238000,100000,100000,2857000,3474000,263395000,526790000,3474000,3474000,18400000,18400000,21874000,21874000,24831000,25448000,100000,100000,2857000,3474000,0,0,3474000,3474000,18400000,18400000,21874000,21874000,100010,4157130,100000,100000,10,4057130
324,277583000,805039000,100000,100000,14088000,14754000,263395000,790185000,0,0,0,0,0,0,14188000,14854000,100000,100000,14088000,14754000,0,0,0,0,0,0,0,0,100010,100000,100000,100000,10,0
354,315970000,581330000,100000,100000,16170000,17905000,263395000,526790000,17905000,18135000,18400000,18400000,36305000,36535000,52575000,54540000,100000,100000,16170000,17905000,0,0,17905000,18135000,18400000,18400000,36305000,36535000,100010,6764090,100000,100000,10,6664090
384,287697000,551338000,100000,100000,2478000,2724000,263395000,526790000,2724000,2724000,19000000,19000000,21724000,21724000,24302000,24548000,100000,100000,2478000,2724000,0,0,2724000,2724000,19000000,19000000,21724000,21724000,100010,2591060,100000,100000,10,2491060
414,264545000,265136000,100000,100000,1050000,1641000,263395000,263395000,0,0,0,0,0,0,1150000,1741000,100000,100000,1050000,1641000,0,0,0,0,0,0,0,0,100010,100000,100000,100000,10,0
25,300388000,302603000,100000,100000,11208000,11585000,263395000,263395000,11585000,13723000,14100000,13800000,25685000,27523000,36993000,39208000,100000,100000,11208000,11585000,0,0,11585000,13723000,14100000,13800000,25685000,27523000,100010,2362050,100000,100000,10,2262050
55,274703000,274850000,100000,100000,11208000,11355000,263395000,263395000,0,0,0,0,0,0,11308000,11455000,100000,100000,11208000,11355000,0,0,0,0,0,0,0,0,100010,100000,100000,100000,10,0
85,289102000,289272000,100000,100000,3194000,3313000,263395000,263395000,3313000,3864000,19100000,18600000,22413000,22464000,25707000,25877000,100000,100000,3194000,3313000,0,0,3313000,3864000,19100000,18600000,22413000,22464000,100010,4265110,100000,100000,10,4165110
115,278754000,279579000,100000,100000,667000,1492000,263395000,263395000,1492000,1492000,13100000,13100000,14592000,14592000,15359000,16184000,100000,100000,667000,1492000,0,0,1492000,1492000,13100000,13100000,14592000,14592000,100010,11483050,100000,100000,10,11383050
145,285564000,286389000,100000,100000,2872000,3697000,263395000,263395000,3697000,3697000,15500000,15500000,19197000,19197000,22169000,22994000,100000,100000,2872000,3697000,0,0,3697000,3697000,15500000,15500000,19197000,19197000,100010,13620080,100000,100000,10,13520080
175,272665000,272770000,100000,100000,4385000,4490000,263395000,263395000,4385000,4385000,400000,400000,4785000,4785000,9270000,9375000,100000,100000,4385000,4490000,0,0,4385000,4385000,400000,400000,4785000,4785000,100010,525030,100000,100000,10,425030
205,301508000,302077000,100000,100000,13772000,14341000,263395000,263395000,14341000,14341000,9900000,9900000,24241000,24241000,38113000,38682000,100000,100000,13772000,14341000,0,0,14341000,14341000,9900000,9900000,24241000,24241000,100010,14703090,100000,100000,10,14603090
235,294807000,295341000,100000,100000,9239000,9773000,263395000,263395000,9773000,9773000,12300000,12300000,22073000,22073000,31412000,31946000,100000,100000,9239000,9773000,0,0,9773000,9773000,12300000,12300000,22073000,22073000,100010,12847060,100000,100000,10,12747060
265,286129000,549987000,100000,100000,1775000,2159000,263395000,526790000,2159000,2338000,18700000,18600000,20859000,20938000,22734000,23197000,100000,100000,1775000,2159000,0,0,2159000,2338000,18700000,18600000,20859000,20938000,100010,2036060,100000,100000,10,1936060
295,287872000,815495000,100000,100000,2322000,3155000,263395000,790185000,3155000,3155000,18900000,18900000,22055000,22055000,24477000,25310000,100000,100000,2322000,3155000,0,0,3155000,3155000,18900000,18900000,22055000,22055000,100010,3622120,100000,100000,10,3522120
325,278135000,278249000,100000,100000,14640000,14754000,263395000,263395000,0,0,0,0,0,0,14740000,14854000,100000,100000,14640000,14754000,0,0,0,0,0,0,0,0,100010,100000,100000,100000,10,0
355,271432000,534933000,100000,100000,2618000,2724000,263395000,526790000,2719000,2719000,2600000,2600000,5319000,5319000,8037000,8143000,100000,100000,2618000,2724000,0,0,2719000,2719000,2600000,2600000,5319000,5319000,100010,2112040,100000,100000,10,2012040
385,287669000,551426000,100000,100000,2256000,2618000,263395000,526790000,2618000,2618000,19300000,19300000,21918000,21918000,24274000,24636000,100000,100000,2256000,2618000,0,0,2618000,2618000,19300000,19300000,21918000,21918000,100010,2369050,100000,100000,10,2269050
415,285953000,814393000,100000,100000,1654000,3304000,263395000,790185000,3304000,3304000,17500000,17500000,20804000,20804000,22558000,24208000,100000,100000,1654000,3304000,0,0,3304000,3304000,17500000,17500000,20804000,20804000,100010,3188110,100000,100000,10,3088110
26,302865000,321489000,100000,100000,11585000,11785000,263395000,263395000,11785000,18209000,16000000,28000000,27785000,46209000,39470000,58094000,100000,100000,11585000,11785000,0,0,11785000,18209000,16000000,28000000,27785000,46209000,100010,6524090,100000,100000,10,6424090
56,299647000,302026000,100000,100000,10944000,11208000,263395000,263395000,11208000,13723000,14000000,13600000,25208000,27323000,36252000,38631000,100000,100000,10944000,11208000,0,0,11208000,13723000,14000000,13600000,25208000,27323000,100010,2615050,100000,100000,10,2515050
86,288670000,289053000,100000,100000,2981000,3194000,263395000,263395000,3194000,3864000,19000000,18500000,22194000,22364000,25275000,25658000,100000,100000,2981000,3194000,0,0,3194000,3864000,19000000,18500000,22194000,22364000,100010,4052100,100000,100000,10,3952100
116,283907000,284129000,100000,100000,445000,667000,263395000,263395000,667000,667000,19300000,19300000,19967000,19967000,20512000,20734000,100000,100000,445000,667000,0,0,667000,667000,19300000,19300000,19967000,19967000,100010,11261040,100000,100000,10,11161040
146,270453000,270875000,100000,100000,2129000,2423000,263395000,263395000,2129000,1057000,2700000,3900000,4829000,4957000,7058000,7480000,100000,100000,2129000,2423000,0,0,2129000,1057000,2700000,3900000,4829000,4957000,100010,2054040,100000,100000,10,1954040
176,279463000,279788000,100000,100000,15968000,16293000,263395000,263395000,0,0,0,0,0,0,16068000,16393000,100000,100000,15968000,16293000,0,0,0,0,0,0,0,0,100010,100000,100000,100000,10,0
206,274558000,274764000,100000,100000,11063000,11269000,263395000,263395000,0,0,0,0,0,0,11163000,11369000,100000,100000,11063000,11269000,0,0,0,0,0,0,0,0,100010,100000,100000,100000,10,0
236,266775000,266916000,100000,100000,3280000,3421000,263395000,263395000,0,0,0,0,0,0,3380000,3521000,100000,100000,3280000,3421000,0,0,0,0,0,0,0,0,100010,100000,100000,100000,10,0
266,286917000,550958000,100000,100000,2338000,2984000,263395000,526790000,2984000,2984000,18100000,18100000,21084000,21084000,23522000,24168000,100000,100000,2338000,2984000,0,0,2984000,2984000,18100000,18100000,21084000,21084000,100010,1637060,100000,100000,10,1537060
296,288789000,552567000,100000,100000,2981000,3313000,263395000,526790000,3313000,3864000,19000000,18500000,22313000,22364000,25394000,25777000,100000,100000,2981000,3313000,0,0,3313000,3864000,19000000,18500000,22313000,22364000,100010,4052100,100000,100000,10,3952100
326,306911000,1098892000,100000,100000,12368000,13772000,263395000,1053580000,13748000,14640000,17300000,16800000,31048000,31440000,43516000,45312000,100000,100000,12368000,13772000,0,0,13748000,14640000,17300000,16800000,31048000,31440000,100010,13945100,100000,100000,10,13845100
356,268666000,532738000,100000,100000,2047000,2724000,263395000,526790000,2724000,2724000,400000,400000,3124000,3124000,5271000,5948000,100000,100000,2047000,2724000,0,0,2724000,2724000,400000,400000,3124000,3124000,100010,100000,100000,100000,10,0
386,278944000,543360000,100000,100000,1220000,1929000,263395000,526790000,1929000,14341000,12300000,200000,14229000,14541000,15549000,16570000,100000,100000,1220000,1929000,0,0,1929000,14341000,12300000,200000,14229000,14541000,100010,15472140,100000,100000,10,15372140
416,284539000,812979000,100000,100000,2047000,3697000,263395000,790185000,3697000,3697000,15300000,15300000,18997000,18997000,21144000,22794000,100000,100000,2047000,3697000,0,0,3697000,3697000,15300000,15300000,18997000,18997000,100010,12795090,100000,100000,10,12695090
27,289522000,293546000,100000,100000,11585000,11742000,263395000,263395000,11742000,18209000,2700000,100000,14442000,18309000,26127000,30151000,100000,100000,11585000,11742000,0,0,11742000,18209000,2700000,100000,14442000,18309000,100010,6724100,100000,100000,10,6624100
57,274439000,274920000,100000,100000,10944000,11425000,263395000,263395000,0,0,0,0,0,0,11044000,11525000,100000,100000,10944000,11425000,0,0,0,0,0,0,0,0,100010,100000,100000,100000,10,0
87,289319000,289770000,100000,100000,3313000,3711000,263395000,263395000,3711000,3864000,18800000,18700000,22511000,22564000,25924000,26375000,100000,100000,3313000,3711000,0,0,3711000,3864000,18800000,18700000,22511000,22564000,100010,4384120,100000,100000,10,4284120
117,266430000,266679000,100000,100000,1243000,1492000,263395000,263395000,1492000,1492000,200000,200000,1692000,1692000,3035000,3284000,100000,100000,1243000,1492000,0,0,1492000,1492000,200000,200000,1692000,1692000,100010,925010,100000,100000,10,825010
147,284453000,284653000,100000,100000,1929000,2129000,263395000,263395000,2129000,2129000,16900000,16900000,19029000,19029000,21058000,21258000,100000,100000,1929000,2129000,0,0,2129000,2129000,16900000,16900000,19029000,19029000,100010,16181130,100000,100000,10,16081130
177,279788000,280154000,100000,100000,16293000,16659000,263395000,263395000,0,0,0,0,0,0,16393000,16759000,100000,100000,16293000,16659000,0,0,0,0,0,0,0,0,100010,100000,100000,100000,10,0
207,293137000,293221000,100000,100000,10979000,11063000,263395000,263395000,11063000,11063000,7600000,7600000,18663000,18663000,29742000,29826000,100000,100000,10979000,11063000,0,0,11063000,11063000,7600000,7600000,18663000,18663000,100010,11463060,100000,100000,10,11363060
237,276830000,283165000,100000,100000,445000,790000,263395000,263395000,790000,14780000,12100000,4100000,12890000,18880000,13435000,19770000,100000,100000,445000,790000,0,0,790000,14780000,12100000,4100000,12890000,18880000,100010,14752080,100000,100000,10,14652080
267,286632000,550652000,100000,100000,2159000,2778000,263395000,526790000,2778000,2984000,18200000,18000000,20978000,20984000,23237000,23862000,100000,100000,2159000,2778000,0,0,2778000,2984000,18200000,18000000,20978000,20984000,100010,2140060,100000,100000,10,2040060
297,289100000,553065000,100000,100000,3194000,3711000,263395000,526790000,3711000,3864000,18700000,18600000,22411000,22464000,25705000,26275000,100000,100000,3194000,3711000,0,0,3711000,3864000,18700000,18600000,22411000,22464000,100010,4265110,100000,100000,10,4165110
327,297917000,563510000,100000,100000,11543000,12979000,263395000,526790000,12979000,14341000,9900000,9300000,22879000,23641000,34522000,36720000,100000,100000,11543000,12979000,0,0,12979000,14341000,9900000,9300000,22879000,23641000,100010,13120090,100000,100000,10,13020090
357,272268000,536062000,100000,100000,3881000,4280000,263395000,526790000,3892000,3892000,1000000,1000000,4892000,4892000,8873000,9272000,100000,100000,3881000,4280000,0,0,3892000,3892000,1000000,1000000,4892000,4892000,100010,2071030,100000,100000,10,1971030
387,280101000,807539000,100000,100000,1057000,1705000,263395000,790185000,1649000,1649000,13900000,13900000,15549000,15549000,16706000,17354000,100000,100000,1057000,1705000,0,0,1649000,1649000,13900000,13900000,15549000,15549000,100010,15309130,100000,100000,10,15209130
417,265505000,793120000,100000,100000,667000,1492000,263395000,790185000,1243000,1243000,100000,100000,1343000,1343000,2110000,2935000,100000,100000,667000,1492000,0,0,1243000,1243000,100000,100000,1343000,1343000,100010,100000,100000,100000,10,0
28,307294000,308123000,100000,100000,11785000,12614000,263395000,263395000,12614000,12614000,19400000,19400000,32014000,32014000,43899000,44728000,100000,100000,11785000,12614000,0,0,12614000,12614000,19400000,19400000,32014000,32014000,100010,327010,100000,100000,10,227010
58,299826000,300424000,100000,100000,10944000,11287000,263395000,263395000,11287000,11742000,14100000,13900000,25387000,25642000,36431000,37029000,100000,100000,10944000,11287000,0,0,11287000,11742000,14100000,13900000,25387000,25642000,100010,12784090,100000,100000,10,12684090
88,283349000,295387000,100000,100000,2473000,2981000,263395000,263395000,2981000,3711000,14400000,25200000,17381000,28911000,19954000,31992000,100000,100000,2473000,2981000,0,0,2981000,3711000,14400000,25200000,17381000,28911000,100010,4502140,100000,100000,10,4402140
118,281673000,297099000,100000,100000,915000,11063000,263395000,263395000,11063000,14341000,6200000,8200000,17263000,22541000,18278000,33704000,100000,100000,915000,11063000,0,0,11063000,14341000,6200000,8200000,17263000,22541000,100010,4356070,100000,100000,10,4256070
148,273753000,276347000,100000,100000,1469000,1689000,263395000,263395000,1689000,11063000,7100000,100000,8789000,11163000,10358000,12952000,100000,100000,1469000,1689000,0,0,1689000,11063000,7100000,100000,8789000,11163000,100010,11463060,100000,100000,10,11363060
178,280154000,281097000,100000,100000,16659000,17602000,263395000,263395000,0,0,0,0,0,0,16759000,17702000,100000,100000,16659000,17602000,0,0,0,0,0,0,0,0,100010,100000,100000,100000,10,0
208,296831000,297109000,100000,100000,10979000,11257000,263395000,263395000,11257000,11257000,11100000,11100000,22357000,22357000,33436000,33714000,100000,100000,10979000,11257000,0,0,11257000,11257000,11100000,11100000,22357000,22357000,100010,12205070,100000,100000,10,12105070
238,269795000,277119000,100000,100000,0,445000,263395000,263395000,0,12979000,6300000,200000,6300000,13179000,6400000,13724000,100000,100000,0,445000,0,0,0,12979000,6300000,200000,6300000,13179000,100010,12634040,100000,100000,10,12534040
268,265435000,265703000,100000,100000,1940000,2208000,263395000,263395000,0,0,0,0,0,0,2040000,2308000,100000,100000,1940000,2208000,0,0,0,0,0,0,0,0,100010,100000,100000,100000,10,0
298,283098000,558682000,100000,100000,2322000,2981000,263395000,526790000,2981000,3711000,14300000,25100000,17281000,28811000,19703000,31892000,100000,100000,2322000,2981000,0,0,2981000,3711000,14300000,25100000,17281000,28811000,100010,4351150,100000,100000,10,4251150
328,275038000,539444000,100000,100000,11543000,12554000,263395000,526790000,0,0,0,0,0,0,11643000,12654000,100000,100000,11543000,12554000,0,0,0,0,0,0,0,0,100010,100000,100000,100000,10,0
358,290635000,554750000,100000,100000,3560000,4280000,263395000,526790000,4280000,4280000,19300000,19300000,23580000,23580000,27240000,27960000,100000,100000,3560000,4280000,0,0,4280000,4280000,19300000,19300000,23580000,23580000,100010,1750020,100000,100000,10,1650020
388,293891000,823235000,100000,100000,13955000,14973000,263395000,790185000,14341000,17377000,2100000,600000,16441000,17977000,30496000,33050000,100000,100000,13955000,14973000,0,0,14341000,17377000,2100000,600000,16441000,17977000,100010,5063070,100000,100000,10,4963070
418,269970000,798773000,100000,100000,2119000,3769000,263395000,790185000,2256000,2719000,2100000,2000000,4356000,4719000,6575000,8588000,100000,100000,2119000,3769000,0,0,2256000,2719000,2100000,2000000,4356000,4719000,100010,874030,100000,100000,10,774030
29,303766000,323190000,100000,100000,11785000,12486000,263395000,263395000,12486000,18209000,16000000,29000000,28486000,47209000,40371000,59795000,100000,100000,11785000,12486000,0,0,12486000,18209000,16000000,29000000,28486000,47209000,100010,5823080,100000,100000,10,5723080
59,293045000,293745000,100000,100000,10475000,11175000,263395000,263395000,11175000,11175000,7900000,7900000,19075000,19075000,29650000,30350000,100000,100000,10475000,11175000,0,0,11175000,11175000,7900000,7900000,19075000,19075000,100010,802010,100000,100000,10,702010
89,287461000,287779000,100000,100000,3474000,3792000,263395000,263395000,3792000,3792000,16700000,16700000,20492000,20492000,24066000,24384000,100000,100000,3474000,3792000,0,0,3792000,3792000,16700000,16700000,20492000,20492000,100010,4774150,100000,100000,10,4674150
119,277917000,278225000,100000,100000,607000,915000,263395000,263395000,915000,915000,12900000,12900000,13815000,13815000,14522000,14830000,100000,100000,607000,915000,0,0,915000,915000,12900000,12900000,13815000,13815000,100010,11693070,100000,100000,10,11593070
149,279291000,279373000,100000,100000,1607000,1689000,263395000,263395000,1689000,1689000,12500000,12500000,14189000,14189000,15896000,15978000,100000,100000,1607000,1689000,0,0,1689000,1689000,12500000,12500000,14189000,14189000,100010,12355080,100000,100000,10,12255080
179,281097000,281409000,100000,100000,17602000,17914000,263395000,263395000,0,0,0,0,0,0,17702000,18014000,100000,100000,17602000,17914000,0,0,0,0,0,0,0,0,100010,100000,100000,100000,10,0
209,295431000,295692000,100000,100000,10718000,10979000,263395000,263395000,10718000,10718000,10500000,10500000,21218000,21218000,32036000,32297000,100000,100000,10718000,10979000,0,0,10718000,10718000,10500000,10500000,21218000,21218000,100010,11600060,100000,100000,10,11500060
239,276568000,276647000,100000,100000,0,73000,263395000,263395000,73000,12979000,13000000,100000,13073000,13079000,13173000,13252000,100000,100000,0,73000,0,0,73000,12979000,13000000,100000,13073000,13079000,100010,13079050,100000,100000,10,12979050
269,273555000,537775000,100000,100000,2479000,3304000,263395000,526790000,2981000,2981000,4600000,4600000,7581000,7581000,10160000,10985000,100000,100000,2479000,3304000,0,0,2981000,2981000,4600000,4600000,7581000,7581000,100010,2718080,100000,100000,10,2618080
299,288062000,815853000,100000,100000,2473000,3304000,263395000,790185000,3194000,3864000,18900000,18400000,22094000,22264000,24667000,25668000,100000,100000,2473000,3304000,0,0,3194000,3864000,18900000,18400000,22094000,22264000,100010,3543090,100000,100000,10,3443090
329,275863000,276049000,100000,100000,12368000,12554000,263395000,263395000,0,0,0,0,0,0,12468000,12654000,100000,100000,12368000,12554000,0,0,0,0,0,0,0,0,100010,100000,100000,100000,10,0
359,290620000,554600000,100000,100000,3905000,4120000,263395000,526790000,4120000,4490000,19100000,19100000,23220000,23590000,27225000,27810000,100000,100000,3905000,4120000,0,0,4120000,4490000,19100000,19100000,23220000,23590000,100010,470020,100000,100000,10,370020
389,273252000,273288000,100000,100000,9757000,9793000,263395000,263395000,0,0,0,0,0,0,9857000,9893000,100000,100000,9757000,9793000,0,0,0,0,0,0,0,0,100010,100000,100000,100000,10,0
419,272624000,800423000,100000,100000,3560000,4569000,263395000,790185000,4569000,4569000,1000000,1000000,5569000,5569000,9229000,10238000,100000,100000,3560000,4569000,0,0,4569000,4569000,1000000,1000000,5569000,5569000,100010,525030,100000,100000,10,425030
30,306053000,306641000,100000,100000,13135000,13723000,263395000,263395000,13723000,13723000,15700000,15700000,29423000,29423000,42658000,43246000,100000,100000,13135000,13723000,0,0,13723000,13723000,15700000,15700000,29423000,29423000,100010,4342060,100000,100000,10,4242060
60,296945000,297545000,100000,100000,10575000,11175000,263395000,263395000,11175000,11175000,11700000,11700000,22875000,22875000,33550000,34150000,100000,100000,10575000,11175000,0,0,11175000,11175000,11700000,11700000,22875000,22875000,100010,1436010,100000,100000,10,1336010
90,273979000,274051000,100000,100000,3792000,3864000,263395000,263395000,3792000,3792000,2900000,2900000,6692000,6692000,10584000,10656000,100000,100000,3792000,3864000,0,0,3792000,3792000,2900000,2900000,6692000,6692000,100010,3822090,100000,100000,10,3722090
120,285035000,285345000,100000,100000,915000,1225000,263395000,263395000,1225000,1225000,19400000,19400000,20625000,20625000,21640000,21950000,100000,100000,915000,1225000,0,0,1225000,1225000,19400000,19400000,20625000,20625000,100010,11663040,100000,100000,10,11563040
150,314781000,315613000,100000,100000,17377000,18209000,263395000,263395000,18209000,18209000,15700000,15700000,33909000,33909000,51386000,52218000,100000,100000,17377000,18209000,0,0,18209000,18209000,15700000,15700000,33909000,33909000,100010,7593110,100000,100000,10,7493110
180,281097000,281613000,100000,100000,17602000,18118000,263395000,263395000,0,0,0,0,0,0,17702000,18218000,100000,100000,17602000,18118000,0,0,0,0,0,0,0,0,100010,100000,100000,100000,10,0
210,279758000,292654000,100000,100000,445000,10718000,263395000,263395000,10718000,14341000,5100000,4100000,15818000,18441000,16363000,29259000,100000,100000,445000,10718000,0,0,10718000,14341000,5100000,4100000,15818000,18441000,100010,4011050,100000,100000,10,3911050
240,267387000,268075000,100000,100000,3892000,4580000,263395000,263395000,0,0,0,0,0,0,3992000,4680000,100000,100000,3892000,4580000,0,0,0,0,0,0,0,0,100010,100000,100000,100000,10,0
270,285941000,1076806000,100000,100000,1642000,2322000,263395000,1053580000,1904000,1904000,18900000,18900000,20804000,20804000,22546000,23226000,100000,100000,1642000,2322000,0,0,1904000,1904000,18900000,18900000,20804000,20804000,100010,3671130,100000,100000,10,3571130
300,271533000,535318000,100000,100000,3474000,3864000,263395000,526790000,3864000,3864000,700000,700000,4564000,4564000,8138000,8528000,100000,100000,3474000,3864000,0,0,3864000,3864000,700000,700000,4564000,4564000,100010,3358080,100000,100000,10,3258080
330,294390000,822502000,100000,100000,13955000,14640000,263395000,790185000,14640000,17377000,2300000,200000,16940000,17577000,30995000,32317000,100000,100000,13955000,14640000,0,0,14640000,17377000,2300000,200000,16940000,17577000,100010,6578100,100000,100000,10,6478100
360,290120000,554445000,100000,100000,3560000,4065000,263395000,526790000,4065000,4490000,19000000,19000000,23065000,23490000,26725000,27655000,100000,100000,3560000,4065000,0,0,4065000,4490000,19000000,19000000,23065000,23490000,100010,525030,100000,100000,10,425030
390,291376000,556594000,100000,100000,10718000,11063000,263395000,526790000,11063000,14341000,6100000,4300000,17163000,18641000,27981000,29804000,100000,100000,10718000,11063000,0,0,11063000,14341000,6100000,4300000,17163000,18641000,100010,13432060,100000,100000,10,13332060
420,289983000,818423000,100000,100000,2919000,4569000,263395000,790185000,4569000,4569000,19000000,19000000,23569000,23569000,26588000,28238000,100000,100000,2919000,4569000,0,0,4569000,4569000,19000000,19000000,23569000,23569000,100010,925010,100000,100000,10,825010
